$coord
   -0.00000000000000      0.00000000000000      0.00000000000000  mo
   -0.00000000000000      0.00000000000000     -6.33261968496005  dy
   -0.00000000000000     -0.00000000000000      6.33261968496005  dy
    2.40743696453450      2.40743696453450     -2.48306402699571  s
   -2.40743696453450     -2.40743696453450     -2.48306402699571  s
    2.40743696453450     -2.40743696453450      2.48306402699571  s
   -2.40743696453450      2.40743696453450      2.48306402699571  s
    4.62743796012928     -1.57332952265734     -7.54811786951054  c
    3.55944944216344     -3.55944944216344     -6.11912845820589  c
    1.57332952265734     -4.62743796012928     -7.54811786951054  c
    1.40229328713995     -3.29554170110927     -9.86056166732091  c
    3.29554170110927     -1.40229328713995     -9.86056166732091  c
   -1.57332952265734      4.62743796012928     -7.54811786951054  c
   -3.55944944216344      3.55944944216344     -6.11912845820589  c
   -4.62743796012928      1.57332952265734     -7.54811786951054  c
   -3.29554170110927      1.40229328713995     -9.86056166732091  c
   -1.40229328713995      3.29554170110927     -9.86056166732091  c
    1.57332952265734      4.62743796012928      7.54811786951054  c
    1.40229328713995      3.29554170110927      9.86056166732091  c
    3.29554170110927      1.40229328713995      9.86056166732091  c
    4.62743796012928      1.57332952265734      7.54811786951054  c
    3.55944944216344      3.55944944216344      6.11912845820589  c
   -4.62743796012928     -1.57332952265734      7.54811786951054  c
   -3.29554170110927     -1.40229328713995      9.86056166732091  c
   -1.40229328713995     -3.29554170110927      9.86056166732091  c
   -1.57332952265734     -4.62743796012928      7.54811786951054  c
   -3.55944944216344     -3.55944944216344      6.11912845820589  c
    0.36317573187802     -6.15693774012833     -6.94395387647909  h
    0.07219815578667     -3.66336082487906    -11.36667023952089  h
    4.09382163552716     -4.09382163552716     -4.22293694588444  h
    3.66336082487906     -0.07219815578667    -11.36667023952089  h
    6.15693774012833     -0.36317573187802     -6.94395387647909  h
   -0.07219815578667      3.66336082487906    -11.36667023952089  h
   -0.36317573187802      6.15693774012833     -6.94395387647909  h
   -4.09382163552716      4.09382163552716     -4.22293694588444  h
   -6.15693774012833      0.36317573187802     -6.94395387647909  h
   -3.66336082487906      0.07219815578667    -11.36667023952089  h
   -0.36317573187802     -6.15693774012833      6.94395387647909  h
   -4.09382163552716     -4.09382163552716      4.22293694588444  h
   -6.15693774012833     -0.36317573187802      6.94395387647909  h
   -3.66336082487906     -0.07219815578667     11.36667023952089  h
   -0.07219815578667     -3.66336082487906     11.36667023952089  h
    0.07219815578667      3.66336082487906     11.36667023952089  h
    0.36317573187802      6.15693774012833      6.94395387647909  h
    4.09382163552716      4.09382163552716      4.22293694588444  h
    3.66336082487906      0.07219815578667     11.36667023952089  h
    6.15693774012833      0.36317573187802      6.94395387647909  h
$user-defined bonds
$redundant
     number_of_atoms            47
     degrees_of_freedom         19
     internal_coordinates       29
     frozen_coordinates          0
# definitions of redundant internals
   1 k  1.0000000000000 stre    9   30           val=   2.06193
   2 k  1.0000000000000 stre   11   29           val=   2.06354
   3 k  1.0000000000000 stre    8   32           val=   2.06290
   4 k -0.7071126985844 bend    9   32    8      val=   0.45720
        0.7070981804479 bend   12   32    8
        0.0019480010026 bend    2   32    8
   5 k -0.7071032231073 bend   10   29   11      val=   0.27618
        0.7070972464107 bend   12   29   11
        0.0043030209960 bend    2   29   11
   6 k  0.0258549533354 bend   10   30    9      val= 115.54604
        0.0258549533354 bend    8   30    9
        0.9993312978067 bend    2   30    9
   7 k -0.0052467282992 bend   10   29   11      val= 113.33033
       -0.0113317708622 bend   12   29   11
        0.9999220283659 bend    2   29   11
   8 k  0.0156431890454 bend    9   32    8      val= 116.35463
        0.0128891532589 bend   12   32    8
        0.9997945590794 bend    2   32    8
   9 k  1.0000000000000 tors   10   11    2    4 val=  95.64282
        1.0000000000000 tors   10   11    2    5
        1.0000000000000 tors   10   11    2    8
        1.0000000000000 tors   10   11    2    9
        1.0000000000000 tors   10   11    2   13
        1.0000000000000 tors   10   11    2   14
        1.0000000000000 tors   10   11    2   15
        1.0000000000000 tors   10   11    2   16
        1.0000000000000 tors   10   11    2   17
        1.0000000000000 tors   12   11    2    4
        1.0000000000000 tors   12   11    2    5
        1.0000000000000 tors   12   11    2    8
        1.0000000000000 tors   12   11    2    9
        1.0000000000000 tors   12   11    2   13
        1.0000000000000 tors   12   11    2   14
        1.0000000000000 tors   12   11    2   15
        1.0000000000000 tors   12   11    2   16
        1.0000000000000 tors   12   11    2   17
  10 k  1.0000000000000 tors    9    8    2    4 val=  71.69912
        1.0000000000000 tors    9    8    2    5
        1.0000000000000 tors    9    8    2   10
        1.0000000000000 tors    9    8    2   11
        1.0000000000000 tors    9    8    2   13
        1.0000000000000 tors    9    8    2   14
        1.0000000000000 tors    9    8    2   15
        1.0000000000000 tors    9    8    2   16
        1.0000000000000 tors    9    8    2   17
        1.0000000000000 tors   12    8    2    4
        1.0000000000000 tors   12    8    2    5
        1.0000000000000 tors   12    8    2   10
        1.0000000000000 tors   12    8    2   11
        1.0000000000000 tors   12    8    2   13
        1.0000000000000 tors   12    8    2   14
        1.0000000000000 tors   12    8    2   15
        1.0000000000000 tors   12    8    2   16
        1.0000000000000 tors   12    8    2   17
  11 k  1.0000000000000 stre    1    4           val=   4.24237
  12 k  1.0000000000000 bend    5    4    1      val= 106.85717
  13 k  1.0000000000000 stre    2    4           val=   5.15866
  14 k  1.0000000000000 stre    2   11           val=   5.02582
  15 k  1.0000000000000 stre   11   12           val=   2.68853
  16 k  1.0000000000000 stre    2    8           val=   5.04340
  17 k  1.0000000000000 stre   12    8           val=   2.68438
  18 k  1.0000000000000 stre    2    9           val=   5.04834
  19 k  1.0000000000000 stre    8    9           val=   2.68121
  20 k -0.2841709625992 bend    5    4    2      val=  66.49022
       -0.0370402233603 bend   11    4    2
       -0.0209152442887 bend   12    4    2
        0.2964001375809 bend   16   11    2
        0.3344422281868 bend   17   11    2
       -0.1029263920179 bend    8    4    2
       -0.1944426975815 bend    8    5    2
        0.0888240188683 bend    8   11    2
        0.3859344622400 bend    8   16    2
        0.3016180254910 bend    8   17    2
        0.4395351812412 bend   15    8    2
        0.0372398243134 bend   10    8    2
        0.2081362758597 bend   13    8    2
       -0.1650219648460 bend    9    4    2
        0.0521381208247 bend    9   11    2
        0.3464863893400 bend    9   16    2
        0.1833583905023 bend   14    8    2
  21 k  0.5926180334986 bend    5    4    2      val=   4.30281
       -0.2608701041992 bend   11    4    2
       -0.2976998170561 bend   12    4    2
        0.3758734294726 bend   16   11    2
        0.3519241455319 bend   17   11    2
       -0.1136564401865 bend    8    4    2
        0.1455622045243 bend    8    5    2
       -0.1501219198080 bend    8   11    2
        0.0903271184391 bend    8   16    2
        0.0765996811435 bend    8   17    2
       -0.1524605425097 bend   15    8    2
        0.0846257270089 bend   10    8    2
       -0.1603283684159 bend   13    8    2
        0.0693927586301 bend    9    4    2
       -0.2653591099854 bend    9   11    2
        0.1111396157752 bend    9   16    2
       -0.1123879885242 bend   14    8    2
  22 k -0.2868329206555 bend    5    4    2      val= -17.52725
        0.0617713182188 bend   11    4    2
        0.0481865452474 bend   12    4    2
        0.0387351168786 bend   16   11    2
        0.0839429690472 bend   17   11    2
       -0.1321791034732 bend    8    4    2
        0.1700802527343 bend    8    5    2
        0.2444764841247 bend    8   11    2
        0.0444527928983 bend    8   16    2
       -0.1566337824450 bend    8   17    2
        0.0374502568527 bend   15    8    2
        0.6280590978625 bend   10    8    2
       -0.5468665700693 bend   13    8    2
       -0.0432145651713 bend    9    4    2
        0.0290116383374 bend    9   11    2
        0.0672124186920 bend    9   16    2
       -0.2611788144361 bend   14    8    2
  23 k  0.5360529501000 bend    5    4    2      val=  19.48015
        0.0534194963937 bend   11    4    2
       -0.1742295437314 bend   12    4    2
       -0.3119771304952 bend   16   11    2
       -0.2335438133783 bend   17   11    2
       -0.3382913878875 bend    8    4    2
       -0.0694921073730 bend    8    5    2
        0.3421023912761 bend    8   11    2
        0.1026545022348 bend    8   16    2
       -0.0145723863643 bend    8   17    2
        0.4280741338845 bend   15    8    2
        0.1711297705476 bend   10    8    2
        0.0808586729854 bend   13    8    2
       -0.0435816272966 bend    9    4    2
        0.2187257762960 bend    9   11    2
       -0.0938387926980 bend    9   16    2
        0.0537923975569 bend   14    8    2
  24 k  0.1468987814276 bend    5    4    2      val=   7.41352
       -0.0156842449492 bend   11    4    2
       -0.0495266298263 bend   12    4    2
       -0.0254272721176 bend   16   11    2
       -0.0205435826907 bend   17   11    2
        0.0713564252664 bend    8    4    2
        0.1104632420471 bend    8    5    2
       -0.0868135256778 bend    8   11    2
       -0.1413204551836 bend    8   16    2
       -0.1215482238590 bend    8   17    2
       -0.2640888635463 bend   15    8    2
       -0.0347798525359 bend   10    8    2
       -0.1138478556569 bend   13    8    2
       -0.4368320503913 bend    9    4    2
        0.5616518281498 bend    9   11    2
        0.5310515067317 bend    9   16    2
        0.2070573925861 bend   14    8    2
  25 k -0.0922798413478 bend    5    4    2      val=  -1.14832
        0.3877588396669 bend   11    4    2
       -0.5082851570544 bend   12    4    2
       -0.1661624271076 bend   16   11    2
        0.4580961143642 bend   17   11    2
        0.1475139717353 bend    8    4    2
        0.0068827971136 bend    8    5    2
        0.3169818668102 bend    8   11    2
        0.1848285662048 bend    8   16    2
       -0.3098762153398 bend    8   17    2
       -0.1894936652108 bend   15    8    2
       -0.1859495531300 bend   10    8    2
        0.0637718437111 bend   13    8    2
        0.0216964311345 bend    9    4    2
        0.0433591082822 bend    9   11    2
       -0.1232503660389 bend    9   16    2
        0.0273543430660 bend   14    8    2
  26 k  1.0000000000000 bend    2    1    4      val=  85.23612
  27 k  1.0000000000000 bend   12    9    8      val= 108.13693
  28 k  1.0000000000000 bend    8   10    9      val= 107.95862
  29 k  1.0000000000000 bend   12   10   11      val= 107.88318
        19 non zero eigenvalues  of BmBt
           1           2.348185829    1    0
         1
           2           2.091983020    2    0
         2
           3           2.022393704    3    0
         3
           4           1.501790667    4    0
         4
           5           1.022285746    5    0
         5
           6           0.712533457    6    0
         6
           7           0.574274142    7    0
         7
           8           0.573034750    8    0
         8
           9           5.458467537    0    0
         0.000000000         0.000000000         0.000000000         0.000000000
         0.000000000         0.000000000         0.000000000         0.000000000
        -0.056975000         0.348358732         0.002905132        -0.028539791
        -0.466127779         0.624327219         0.047828231         0.135761261
         0.027526486        -0.120743607        -0.011093998        -0.477995087
         0.013603868        -0.000697461         0.000673092        -0.002709678
        -0.003672377        -0.046732508        -0.000330821         0.017838464
        -0.012274149
          10           1.404376394    0    0
         0.000000000         0.000000000         0.000000000         0.000000000
         0.000000000         0.000000000         0.000000000         0.000000000
         0.325188912        -0.597369874         0.134101201        -0.076514450
        -0.288389178         0.119231880        -0.254390116         0.146046579
         0.049428050         0.117207172         0.482510383        -0.061875248
         0.079028118         0.063194205         0.027752905         0.120678649
        -0.065367997         0.012432596        -0.066784202        -0.131564508
         0.159813782
          11           1.276198802    0    0
         0.000000000         0.000000000         0.000000000         0.000000000
         0.000000000         0.000000000         0.000000000         0.000000000
         0.064031088         0.054045649         0.775760000         0.127602830
         0.405664894         0.127614630         0.141426199         0.035626258
        -0.057522157        -0.014765270         0.054824381        -0.146534481
         0.219502714        -0.053390760         0.177592854         0.060324121
         0.016307187        -0.240785485         0.011093943         0.003336329
        -0.013417592
          12           1.238589035    0    0
         0.000000000         0.000000000         0.000000000         0.000000000
         0.000000000         0.000000000         0.000000000         0.000000000
         0.020305561         0.036177519         0.097133513         0.024267479
         0.075343741        -0.026966037        -0.513594200         0.148687195
         0.635775473        -0.150816834        -0.270249405        -0.002272276
        -0.042338736        -0.044763538         0.090936280        -0.083114492
        -0.116618167        -0.035650392        -0.285730925         0.266743189
         0.096590014
          13           1.028166964    0    0
         0.000000000         0.000000000         0.000000000         0.000000000
         0.000000000         0.000000000         0.000000000         0.000000000
        -0.130302168        -0.083710184        -0.340362482         0.189768427
         0.504123143         0.373214193         0.196186325         0.170635319
         0.398355917         0.213078435         0.294089583        -0.034304518
        -0.190291662         0.068239716        -0.016495274         0.043498521
         0.001959817        -0.065224044         0.114684730        -0.092156730
        -0.049297205
          14           0.963960950    0    0
         0.000000000         0.000000000         0.000000000         0.000000000
         0.000000000         0.000000000         0.000000000         0.000000000
         0.405585603         0.169607274        -0.201300506         0.068366207
         0.172864728        -0.062532674         0.214903753         0.373256911
        -0.241123235        -0.261655307         0.190233574         0.005806896
         0.064207499         0.203230449        -0.080032070        -0.114868781
         0.047614019        -0.008676165        -0.412278544         0.333657380
         0.175345700
          15           0.761885513    0    0
         0.000000000         0.000000000         0.000000000         0.000000000
         0.000000000         0.000000000         0.000000000         0.000000000
         0.126090177        -0.188418908        -0.212834134         0.188145279
         0.342675995         0.273282495        -0.445470248        -0.305505682
        -0.374797174        -0.301500331        -0.191525334        -0.208516552
         0.005788137        -0.031302471        -0.184939629         0.011391484
        -0.067485014        -0.117297678         0.031867507        -0.121760471
         0.054576227
          16           0.450706740    0    0
         0.000000000         0.000000000         0.000000000         0.000000000
         0.000000000         0.000000000         0.000000000         0.000000000
        -0.000467866         0.343663225        -0.043574346         0.088582696
         0.072629410        -0.193982120        -0.388692790         0.221928018
        -0.223904189         0.683221106         0.057025243        -0.238438042
         0.035157661        -0.051419732        -0.091889042        -0.093931743
        -0.027262513        -0.082094355        -0.047440867        -0.090869117
         0.112895546
          17           0.375097778    0    0
         0.000000000         0.000000000         0.000000000         0.000000000
         0.000000000         0.000000000         0.000000000         0.000000000
         0.443148264         0.151525590        -0.005436974        -0.034841995
        -0.018109376         0.230692588         0.094753145        -0.653932408
         0.153038978         0.363043399        -0.004486194         0.124005976
         0.056723518         0.182162708         0.063424653        -0.171973258
        -0.029913359         0.038754020        -0.136755948         0.163997770
         0.025530925
          18           0.238697620    0    0
         0.000000000         0.000000000         0.000000000         0.000000000
         0.000000000         0.000000000         0.000000000         0.000000000
        -0.067580399         0.147082392        -0.032304202         0.056686513
         0.010077932        -0.453170672        -0.000030017        -0.353140887
         0.167774178        -0.229933693         0.372404160        -0.536574637
        -0.202385920         0.217731638         0.138709286         0.102386303
         0.024731085        -0.057824617        -0.018522251        -0.069385180
         0.067461927
          19           0.014901564    0    0
         0.000000000         0.000000000         0.000000000         0.000000000
         0.000000000         0.000000000         0.000000000         0.000000000
         0.050385825        -0.073017481        -0.282891935         0.497444074
        -0.252843646        -0.118644873         0.093602186        -0.020968243
         0.056327759         0.025429601        -0.070534583         0.070181016
         0.338314923        -0.147595317         0.312702405         0.081111445
         0.002062289        -0.565745880         0.018456948         0.031949347
        -0.041066143
$end
