$dipgrad          cartesian dipole gradients
  0.68798951856100D+00  0.72675305278869D-16  -.60503563777804D-17
  -.45426282972851D-16  0.68798951856102D+00  0.23443923807452D-15
  -.12769021712170D-16  0.43608644198279D-16  0.20043955351942D+01
  0.10688246042110D+01  -.71712805699621D+00  0.53473189960164D-16
  -.71712805699622D+00  0.10688246042110D+01  0.67467825963052D-15
  -.65819330441106D-16  0.48206762610610D-18  0.28290321402226D+01
  0.10688246042110D+01  0.71712805699625D+00  -.48502518060778D-15
  0.71712805699624D+00  0.10688246042110D+01  -.46472042443356D-16
  -.37823488636032D-16  -.12722318400729D-15  0.28290321402226D+01
  -.44174393800931D+00  -.29424155989028D+00  0.45325220876602D+00
  -.29424155989028D+00  -.44174393800931D+00  0.45325220876602D+00
  0.19207535414596D+00  0.19207535414596D+00  -.15917765203569D+01
  -.44174393800930D+00  -.29424155989028D+00  -.45325220876602D+00
  -.29424155989028D+00  -.44174393800932D+00  -.45325220876602D+00
  -.19207535414597D+00  -.19207535414597D+00  -.15917765203569D+01
  -.44174393800932D+00  0.29424155989027D+00  -.45325220876602D+00
  0.29424155989028D+00  -.44174393800932D+00  0.45325220876602D+00
  -.19207535414596D+00  0.19207535414596D+00  -.15917765203569D+01
  -.44174393800932D+00  0.29424155989028D+00  0.45325220876602D+00
  0.29424155989028D+00  -.44174393800931D+00  -.45325220876602D+00
  0.19207535414596D+00  -.19207535414596D+00  -.15917765203569D+01
  -.19327613073612D+00  0.85650203028456D-01  0.20820701479843D+00
  0.13339098819286D+00  -.17138432607454D+00  -.15336184603187D+00
  0.98788724676220D-01  -.13735648952706D+00  -.12763505475354D+00
  -.19807239004898D+00  0.20294997526345D+00  0.12071239391280D+00
  0.20294997526345D+00  -.19807239004897D+00  -.12071239391280D+00
  0.61211864790961D-01  -.61211864790962D-01  -.25068907141364D+00
  -.17138432607453D+00  0.13339098819285D+00  0.15336184603187D+00
  0.85650203028456D-01  -.19327613073612D+00  -.20820701479843D+00
  0.13735648952706D+00  -.98788724676218D-01  -.12763505475353D+00
  -.14546763359945D+00  0.14413361793728D+00  0.16095584075549D+00
  0.15653735192832D+00  -.16136084915171D+00  -.25032560648188D+00
  0.67817677089053D-01  -.11742935529261D+00  -.11432834125978D+00
  -.16136084915171D+00  0.15653735192832D+00  0.25032560648188D+00
  0.14413361793728D+00  -.14546763359945D+00  -.16095584075549D+00
  0.11742935529261D+00  -.67817677089056D-01  -.11432834125977D+00
  -.17138432607453D+00  0.13339098819286D+00  -.15336184603187D+00
  0.85650203028457D-01  -.19327613073612D+00  0.20820701479843D+00
  -.13735648952706D+00  0.98788724676219D-01  -.12763505475353D+00
  -.19807239004898D+00  0.20294997526345D+00  -.12071239391280D+00
  0.20294997526346D+00  -.19807239004898D+00  0.12071239391280D+00
  -.61211864790961D-01  0.61211864790961D-01  -.25068907141364D+00
  -.19327613073612D+00  0.85650203028457D-01  -.20820701479843D+00
  0.13339098819286D+00  -.17138432607453D+00  0.15336184603187D+00
  -.98788724676218D-01  0.13735648952706D+00  -.12763505475353D+00
  -.16136084915172D+00  0.15653735192832D+00  -.25032560648188D+00
  0.14413361793728D+00  -.14546763359944D+00  0.16095584075549D+00
  -.11742935529261D+00  0.67817677089052D-01  -.11432834125978D+00
  -.14546763359945D+00  0.14413361793728D+00  -.16095584075550D+00
  0.15653735192832D+00  -.16136084915172D+00  0.25032560648188D+00
  -.67817677089052D-01  0.11742935529261D+00  -.11432834125978D+00
  -.17138432607455D+00  -.13339098819286D+00  -.15336184603187D+00
  -.85650203028456D-01  -.19327613073612D+00  -.20820701479843D+00
  -.13735648952706D+00  -.98788724676220D-01  -.12763505475353D+00
  -.14546763359945D+00  -.14413361793729D+00  -.16095584075549D+00
  -.15653735192832D+00  -.16136084915171D+00  -.25032560648188D+00
  -.67817677089054D-01  -.11742935529261D+00  -.11432834125977D+00
  -.16136084915171D+00  -.15653735192832D+00  -.25032560648189D+00
  -.14413361793728D+00  -.14546763359944D+00  -.16095584075549D+00
  -.11742935529261D+00  -.67817677089053D-01  -.11432834125978D+00
  -.19327613073612D+00  -.85650203028459D-01  -.20820701479843D+00
  -.13339098819286D+00  -.17138432607453D+00  -.15336184603188D+00
  -.98788724676218D-01  -.13735648952706D+00  -.12763505475353D+00
  -.19807239004898D+00  -.20294997526345D+00  -.12071239391280D+00
  -.20294997526345D+00  -.19807239004898D+00  -.12071239391280D+00
  -.61211864790957D-01  -.61211864790960D-01  -.25068907141363D+00
  -.19327613073613D+00  -.85650203028460D-01  0.20820701479843D+00
  -.13339098819286D+00  -.17138432607454D+00  0.15336184603187D+00
  0.98788724676218D-01  0.13735648952706D+00  -.12763505475353D+00
  -.16136084915171D+00  -.15653735192832D+00  0.25032560648188D+00
  -.14413361793728D+00  -.14546763359945D+00  0.16095584075549D+00
  0.11742935529261D+00  0.67817677089052D-01  -.11432834125978D+00
  -.14546763359944D+00  -.14413361793728D+00  0.16095584075549D+00
  -.15653735192832D+00  -.16136084915172D+00  0.25032560648188D+00
  0.67817677089056D-01  0.11742935529261D+00  -.11432834125978D+00
  -.17138432607453D+00  -.13339098819286D+00  0.15336184603187D+00
  -.85650203028457D-01  -.19327613073612D+00  0.20820701479843D+00
  0.13735648952706D+00  0.98788724676220D-01  -.12763505475353D+00
  -.19807239004898D+00  -.20294997526345D+00  0.12071239391280D+00
  -.20294997526345D+00  -.19807239004898D+00  0.12071239391280D+00
  0.61211864790959D-01  0.61211864790957D-01  -.25068907141363D+00
  0.54935693191769D-01  -.11374538177611D+00  -.28365155870358D-01
  -.73414312444319D-01  0.47629457606927D-01  0.92778674390946D-01
  -.15448505179790D-02  0.78492915155335D-01  0.85821759500672D-01
  0.39515289816324D-01  -.72054522592775D-01  -.15382982019838D+00
  -.58807056927733D-01  0.10653241906174D+00  0.33844534473090D-01
  -.88822935971698D-01  0.44003364269975D-03  -.76751001378177D-02
  0.10628273356956D+00  -.58774325578254D-01  -.77242386787186D-01
  -.58774325578253D-01  0.10628273356956D+00  0.77242386787186D-01
  -.67153419790813D-01  0.67153419790815D-01  0.44841185348165D-02
  0.10653241906175D+00  -.58807056927734D-01  -.33844534473091D-01
  -.72054522592775D-01  0.39515289816324D-01  0.15382982019838D+00
  -.44003364269909D-03  0.88822935971697D-01  -.76751001378173D-02
  0.47629457606924D-01  -.73414312444318D-01  -.92778674390946D-01
  -.11374538177611D+00  0.54935693191770D-01  0.28365155870359D-01
  -.78492915155332D-01  0.15448505179790D-02  0.85821759500672D-01
  0.39515289816323D-01  -.72054522592775D-01  0.15382982019838D+00
  -.58807056927733D-01  0.10653241906175D+00  -.33844534473091D-01
  0.88822935971697D-01  -.44003364269836D-03  -.76751001378177D-02
  0.54935693191769D-01  -.11374538177611D+00  0.28365155870358D-01
  -.73414312444319D-01  0.47629457606926D-01  -.92778674390946D-01
  0.15448505179790D-02  -.78492915155332D-01  0.85821759500672D-01
  0.10628273356956D+00  -.58774325578254D-01  0.77242386787186D-01
  -.58774325578255D-01  0.10628273356956D+00  -.77242386787186D-01
  0.67153419790813D-01  -.67153419790816D-01  0.44841185348195D-02
  0.47629457606927D-01  -.73414312444318D-01  0.92778674390946D-01
  -.11374538177611D+00  0.54935693191769D-01  -.28365155870359D-01
  0.78492915155334D-01  -.15448505179790D-02  0.85821759500672D-01
  0.10653241906175D+00  -.58807056927734D-01  0.33844534473091D-01
  -.72054522592775D-01  0.39515289816324D-01  -.15382982019838D+00
  0.44003364269561D-03  -.88822935971696D-01  -.76751001378167D-02
  0.54935693191768D-01  0.11374538177611D+00  -.28365155870359D-01
  0.73414312444318D-01  0.47629457606926D-01  -.92778674390947D-01
  -.15448505179790D-02  -.78492915155334D-01  0.85821759500672D-01
  0.10628273356956D+00  0.58774325578254D-01  -.77242386787186D-01
  0.58774325578254D-01  0.10628273356956D+00  -.77242386787186D-01
  -.67153419790817D-01  -.67153419790819D-01  0.44841185348235D-02
  0.47629457606926D-01  0.73414312444318D-01  -.92778674390947D-01
  0.11374538177611D+00  0.54935693191768D-01  -.28365155870358D-01
  -.78492915155335D-01  -.15448505179790D-02  0.85821759500672D-01
  0.10653241906175D+00  0.58807056927733D-01  -.33844534473090D-01
  0.72054522592774D-01  0.39515289816325D-01  -.15382982019839D+00
  -.44003364269848D-03  -.88822935971697D-01  -.76751001378181D-02
  0.39515289816323D-01  0.72054522592775D-01  -.15382982019838D+00
  0.58807056927737D-01  0.10653241906175D+00  -.33844534473092D-01
  -.88822935971697D-01  -.44003364270362D-03  -.76751001378157D-02
  0.39515289816324D-01  0.72054522592775D-01  0.15382982019839D+00
  0.58807056927733D-01  0.10653241906174D+00  0.33844534473090D-01
  0.88822935971698D-01  0.44003364270040D-03  -.76751001378168D-02
  0.54935693191768D-01  0.11374538177610D+00  0.28365155870355D-01
  0.73414312444320D-01  0.47629457606928D-01  0.92778674390946D-01
  0.15448505179790D-02  0.78492915155334D-01  0.85821759500672D-01
  0.10628273356956D+00  0.58774325578254D-01  0.77242386787186D-01
  0.58774325578254D-01  0.10628273356956D+00  0.77242386787186D-01
  0.67153419790816D-01  0.67153419790817D-01  0.44841185348232D-02
  0.10653241906174D+00  0.58807056927736D-01  0.33844534473091D-01
  0.72054522592774D-01  0.39515289816323D-01  0.15382982019839D+00
  0.44003364269882D-03  0.88822935971697D-01  -.76751001378157D-02
  0.47629457606926D-01  0.73414312444317D-01  0.92778674390946D-01
  0.11374538177611D+00  0.54935693191770D-01  0.28365155870360D-01
  0.78492915155332D-01  0.15448505179790D-02  0.85821759500672D-01
$end
