$coord
   -0.00000000000000      0.00000000000000      0.00000000000000  mo
    0.00000000000000      0.00000000000000     -6.63281814709891  gd
    0.00000000000000     -0.00000000000000      6.63281814709891  gd
    2.36782289130364      2.36782289130364     -2.53453668410304  s
   -2.36782289130364     -2.36782289130364     -2.53453668410304  s
    2.36782289130364     -2.36782289130364      2.53453668410304  s
   -2.36782289130364      2.36782289130364      2.53453668410304  s
    4.69949908342031     -1.63383591388523     -7.86759127567842  c
    3.62893962510267     -3.62893962510267     -6.43287200868071  c
    1.63383591388523     -4.69949908342031     -7.86759127567842  c
    1.46577833899297     -3.36520634818060    -10.19212214453935  c
    3.36520634818060     -1.46577833899297    -10.19212214453935  c
   -1.63383591388523      4.69949908342031     -7.86759127567842  c
   -3.62893962510267      3.62893962510267     -6.43287200868071  c
   -4.69949908342031      1.63383591388523     -7.86759127567842  c
   -3.36520634818060      1.46577833899297    -10.19212214453935  c
   -1.46577833899297      3.36520634818060    -10.19212214453935  c
    1.63383591388523      4.69949908342031      7.86759127567842  c
    1.46577833899297      3.36520634818060     10.19212214453935  c
    3.36520634818060      1.46577833899297     10.19212214453935  c
    4.69949908342031      1.63383591388523      7.86759127567842  c
    3.62893962510267      3.62893962510267      6.43287200868071  c
   -4.69949908342031     -1.63383591388523      7.86759127567842  c
   -3.36520634818060     -1.46577833899297     10.19212214453935  c
   -1.46577833899297     -3.36520634818060     10.19212214453935  c
   -1.63383591388523     -4.69949908342031      7.86759127567842  c
   -3.62893962510267     -3.62893962510267      6.43287200868071  c
    0.42288594333968     -6.25863093055327     -7.26698310400723  h
    0.13103109441248     -3.74515867950930    -11.71987675107438  h
    4.18900086885214     -4.18900086885214     -4.52859535691342  h
    3.74515867950930     -0.13103109441248    -11.71987675107438  h
    6.25863093055327     -0.42288594333968     -7.26698310400723  h
   -0.13103109441248      3.74515867950930    -11.71987675107438  h
   -0.42288594333968      6.25863093055327     -7.26698310400723  h
   -4.18900086885214      4.18900086885214     -4.52859535691342  h
   -6.25863093055327      0.42288594333968     -7.26698310400723  h
   -3.74515867950930      0.13103109441248    -11.71987675107438  h
   -0.42288594333968     -6.25863093055327      7.26698310400723  h
   -4.18900086885214     -4.18900086885214      4.52859535691342  h
   -6.25863093055327     -0.42288594333968      7.26698310400723  h
   -3.74515867950930     -0.13103109441248     11.71987675107438  h
   -0.13103109441248     -3.74515867950930     11.71987675107438  h
    0.13103109441248      3.74515867950930     11.71987675107438  h
    0.42288594333968      6.25863093055327      7.26698310400723  h
    4.18900086885214      4.18900086885214      4.52859535691342  h
    3.74515867950930      0.13103109441248     11.71987675107438  h
    6.25863093055327      0.42288594333968      7.26698310400723  h
$user-defined bonds
$end
