$forceapprox          (8f10.5)
# approximate force constant matrix for project :
#  --->    <---
   0.50000
   0.00000   0.50000
   0.00000   0.00000   0.50000
   0.00000   0.00000   0.00000   0.50000
   0.00000   0.00000   0.00000   0.00000   0.50000
   0.00000   0.00000   0.00000   0.00000   0.00000   0.09744
   0.00000   0.00000   0.00000   0.00000   0.00000  -0.01071   0.23180
   0.00000   0.00000   0.00000   0.00000   0.00000  -0.01071  -0.04816   0.23180
#  coordinates    9 to   16
   0.00000   0.00000   0.00000   0.00000   0.00000  -0.04222  -0.04537  -0.04537
   0.14199
   0.00000   0.00000   0.00000   0.00000   0.00000  -0.00121  -0.02243  -0.02243
   0.01184   0.65352
   0.00000   0.00000   0.00000   0.00000   0.00000  -0.01296  -0.00571  -0.00571
   0.00572   0.29284   0.86570
   0.00000   0.00000   0.00000   0.00000   0.00000   0.00217   0.00932   0.00932
   0.03898   0.15858  -0.32114   0.87686
   0.00000   0.00000   0.00000   0.00000   0.00000   0.00257  -0.00237  -0.00237
   0.00724  -0.04058   0.14991  -0.08824   0.49994
   0.00000   0.00000   0.00000   0.00000   0.00000  -0.00257   0.00237   0.00237
  -0.00724   0.04058  -0.14991   0.08824   0.17832   0.49994
   0.00000   0.00000   0.00000   0.00000   0.00000   0.00107  -0.01807  -0.01807
  -0.02846   0.04866   0.21048  -0.34245   0.14356  -0.14356   0.73092
   0.00000   0.00000   0.00000   0.00000   0.00000   0.02446   0.00930   0.00930
  -0.01436  -0.09451   0.21955  -0.15863  -0.01889   0.01889   0.08984   0.87604
#  coordinates   17 to   24
   0.00000   0.00000   0.00000   0.00000   0.00000  -0.02404  -0.01449  -0.01449
   0.01149   0.16476   0.02608   0.00351   0.02187  -0.02187   0.03031   0.29375
   0.58132
   0.00000   0.00000   0.00000   0.00000   0.00000  -0.01688  -0.00565  -0.00565
  -0.00675  -0.11446  -0.00135  -0.39810   0.00093  -0.00093  -0.08405   0.10234
   0.01633   0.68484
   0.00000   0.00000   0.00000   0.00000   0.00000   0.00246  -0.00317  -0.00317
   0.00567   0.15275   0.19083  -0.02508   0.01156  -0.01156   0.03937   0.01665
   0.01919  -0.00777   0.16215
   0.00000   0.00000   0.00000   0.00000   0.00000   0.00453  -0.00449  -0.00449
   0.01154   0.22961   0.17534   0.03802   0.01481  -0.01481   0.01916  -0.01982
   0.01347   0.00679   0.14980   0.23299
   0.00000   0.00000   0.00000   0.00000   0.00000   0.00374  -0.00293  -0.00293
   0.00004  -0.06789  -0.02318  -0.10368   0.02448  -0.02448  -0.00852  -0.04016
   0.04422   0.03964  -0.03207  -0.07359   0.09234
   0.00000   0.00000   0.00000   0.00000   0.00000  -0.01087  -0.00671  -0.00671
  -0.01173   0.02071  -0.06296  -0.03834   0.02302  -0.02302  -0.02635  -0.29658
   0.01549  -0.05735  -0.00596   0.00588   0.02200   0.26662
   0.00000   0.00000   0.00000   0.00000   0.00000   0.01166  -0.00670  -0.00670
  -0.04256  -0.01366  -0.09629  -0.01748  -0.03071   0.03071   0.09190   0.00260
  -0.05428  -0.06909  -0.00630  -0.01306  -0.03234   0.05724   0.16964
   0.00000   0.00000   0.00000   0.00000   0.00000  -0.00260   0.01364   0.01364
  -0.00066  -0.02375   0.08963  -0.00814  -0.01245   0.01245  -0.00715  -0.02763
  -0.07416  -0.23508   0.01095  -0.00144  -0.01185   0.09806   0.01368   0.26649
#  coordinates   25 to   27
   0.00000   0.00000   0.00000   0.00000   0.00000  -0.00130   0.00206   0.00206
  -0.00388  -0.00023   0.02703  -0.01616  -0.04094   0.04094  -0.05888   0.03796
  -0.00352  -0.00813   0.00145   0.00449  -0.00811  -0.01018   0.01025   0.00483
   0.21458
   0.00000   0.00000   0.00000   0.00000   0.00000   0.00130  -0.00206  -0.00206
   0.00388   0.00023  -0.02703   0.01616   0.04094  -0.04094   0.05888  -0.03796
   0.00352   0.00813  -0.00145  -0.00449   0.00811   0.01018  -0.01025  -0.00483
   0.12089   0.21458
   0.00000   0.00000   0.00000   0.00000   0.00000  -0.01186   0.00287   0.00287
  -0.00852   0.00793   0.05191  -0.04351  -0.06824   0.06824  -0.26472   0.02880
   0.01593   0.02612   0.01720   0.01509  -0.00017   0.01024   0.01574  -0.01096
   0.09147  -0.09147   0.30489
$end
