$energy      SCF               SCFKIN            SCFPOT
     1 -4205.122351488      3939.902618824     -8145.024970312
     2 -4205.118228416      3938.973469357     -8144.091697773
     3 -4205.150483138      3939.110711807     -8144.261194945
     4 -4205.118790982      3923.093126046     -8128.211917028
     5 -4205.150088777      3939.371060303     -8144.521149080
     6 -4205.150399149      3938.990055378     -8144.140454527
     7 -4205.154285704      3933.869292737     -8139.023578441
     8 -4205.179300217      3932.957552058     -8138.136852276
     9 -4205.179339352      3933.030421188     -8138.209760540
    10 -4205.179339045      3933.038521429     -8138.217860474
    11 -4206.638024826      3939.005411011     -8145.643435837
    12 -4206.638356095      3938.865984488     -8145.504340583
    13 -4206.638382028      3938.893812118     -8145.532194146
    14 -4206.639099054      3938.803900459     -8145.442999512
    15 -4206.639634239      3938.776047392     -8145.415681631
    16 -4206.639745584      3938.937938932     -8145.577684516
    17 -4206.639891895      3938.792982514     -8145.432874409
    18 -4206.640323367      3938.817121642     -8145.457445009
    19 -4206.640305142      3938.252110372     -8144.892415513
    20 -4206.640347079      3938.506289427     -8145.146636506
    21 -4206.640376654      3938.935312418     -8145.575689072
    22 -4206.640474961      3938.853143795     -8145.493618756
    23 -4206.640679366      3938.675817293     -8145.316496659
    24 -4206.640836031      3938.860566336     -8145.501402367
    25 -4206.640947585      3938.826834857     -8145.467782442
    26 -4206.641301839      3938.690821942     -8145.332123782
    27 -4206.641623457      3938.595985958     -8145.237609415
    28 -4206.641695384      3938.653137996     -8145.294833380
    29 -4206.641750710      3938.627752972     -8145.269503682
    30 -4206.641787163      3938.708565928     -8145.350353091
    31 -4206.641804394      3938.745450859     -8145.387255254
    32 -4206.641812917      3938.783672028     -8145.425484945
    33 -4206.641824648      3938.757131170     -8145.398955818
    34 -4206.641836180      3938.733576563     -8145.375412743
    35 -4206.641855152      3938.784202872     -8145.426058024
    36 -4206.641869271      3938.738522743     -8145.380392014
    37 -4206.641888465      3938.727608860     -8145.369497325
    38 -4206.641909487      3938.729775082     -8145.371684570
    39 -4206.641946867      3938.720622643     -8145.362569510
    40 -4206.641972608      3938.781997496     -8145.423970104
    41 -4206.641982691      3938.183330164     -8144.825312855
    42 -4206.642000050      3938.801443145     -8145.443443195
    43 -4206.642034911      3938.834858807     -8145.476893717
    44 -4206.642057982      3938.732683923     -8145.374741905
    45 -4206.642067620      3938.735707737     -8145.377775358
    46 -4206.642075239      3938.802246960     -8145.444322199
    47 -4206.642081982      3938.837780662     -8145.479862644
    48 -4206.642090653      3938.884732435     -8145.526823088
    49 -4206.642098755      3938.805231653     -8145.447330408
    50 -4206.642115280      3938.821947284     -8145.464062564
    51 -4206.642122870      3938.805201200     -8145.447324070
    52 -4206.642138410      3938.863530383     -8145.505668793
    53 -4206.642149700      3938.781828988     -8145.423978688
    54 -4206.642174580      3938.742442289     -8145.384616869
    55 -4206.642178196      3938.803037351     -8145.445215547
    56 -4206.642006624      3938.915292425     -8145.557299050
    57 -4206.641160932      3938.479985728     -8145.121146660
    58 -4206.642185372      3938.587277555     -8145.229462927
    59 -4206.642187830      3938.397029665     -8145.039217495
    60 -4206.642191043      3938.848721223     -8145.490912266
    61 -4206.642191474      3938.794794892     -8145.436986365
    62 -4206.642191651      3938.820110364     -8145.462302015
    63 -4206.642192418      3938.786561283     -8145.428753701
    64 -4206.642192632      3938.784336689     -8145.426529320
    65 -4206.642192813      3938.781307215     -8145.423500029
    66 -4206.642192916      3938.793168436     -8145.435361352
    67 -4206.642193136      3938.795478653     -8145.437671790
    68 -4206.642193630      3938.788804399     -8145.430998030
    69 -4206.642193683      3938.793636393     -8145.435830075
    70 -4206.642193713      3938.789996228     -8145.432189942
    71 -4206.696895794      3938.942002976     -8145.638898771
    72 -4206.697001219      3938.944873711     -8145.641874930
    73 -4206.696865625      3938.943714536     -8145.640580161
    74 -4206.696857513      3938.933925720     -8145.630783233
    75 -4206.696859543      3938.928237048     -8145.625096591
    76 -4206.696860836      3938.939741736     -8145.636602573
    77 -4206.696860715      3938.921662488     -8145.618523203
    78 -4206.696860549      3938.922710767     -8145.619571315
    79 -4206.696587833      3938.921436442     -8145.618024276
$end
