$coord
   -0.00000000000000      0.00000000000000      0.00000000000000  mo
   -0.00000000000000      0.00000000000000     -6.36704701282222  tb
   -0.00000000000000     -0.00000000000000      6.36704701282222  tb
    2.40731946337916      2.40731946337916     -2.48834733515597  s
   -2.40731946337916     -2.40731946337916     -2.48834733515597  s
    2.40731946337916     -2.40731946337916      2.48834733515597  s
   -2.40731946337916      2.40731946337916      2.48834733515597  s
    4.64406168489694     -1.59095303041804     -7.62906566097775  c
    3.59014786449161     -3.59014786449161     -6.20898448106094  c
    1.59095303041804     -4.64406168489694     -7.62906566097775  c
    1.40212948049484     -3.29436157998071     -9.92972239089718  c
    3.29436157998071     -1.40212948049484     -9.92972239089718  c
   -1.59095303041804      4.64406168489694     -7.62906566097775  c
   -3.59014786449161      3.59014786449161     -6.20898448106094  c
   -4.64406168489694      1.59095303041804     -7.62906566097775  c
   -3.29436157998071      1.40212948049484     -9.92972239089718  c
   -1.40212948049484      3.29436157998071     -9.92972239089718  c
    1.59095303041804      4.64406168489694      7.62906566097775  c
    1.40212948049484      3.29436157998071      9.92972239089718  c
    3.29436157998071      1.40212948049484      9.92972239089718  c
    4.64406168489694      1.59095303041804      7.62906566097775  c
    3.59014786449161      3.59014786449161      6.20898448106094  c
   -4.64406168489694     -1.59095303041804      7.62906566097775  c
   -3.29436157998071     -1.40212948049484      9.92972239089718  c
   -1.40212948049484     -3.29436157998071      9.92972239089718  c
   -1.59095303041804     -4.64406168489694      7.62906566097775  c
   -3.59014786449161     -3.59014786449161      6.20898448106094  c
    0.38532624586813     -6.17900258506279     -7.02904675800454  h
    0.05933220099180     -3.64948270334957    -11.42747905283470  h
    4.14121215442092     -4.14121215442092     -4.32215666785716  h
    3.64948270334957     -0.05933220099180    -11.42747905283470  h
    6.17900258506279     -0.38532624586813     -7.02904675800454  h
   -0.05933220099180      3.64948270334957    -11.42747905283470  h
   -0.38532624586813      6.17900258506279     -7.02904675800454  h
   -4.14121215442092      4.14121215442092     -4.32215666785716  h
   -6.17900258506279      0.38532624586813     -7.02904675800454  h
   -3.64948270334957      0.05933220099180    -11.42747905283470  h
   -0.38532624586813     -6.17900258506279      7.02904675800454  h
   -4.14121215442092     -4.14121215442092      4.32215666785716  h
   -6.17900258506279     -0.38532624586813      7.02904675800454  h
   -3.64948270334957     -0.05933220099180     11.42747905283470  h
   -0.05933220099180     -3.64948270334957     11.42747905283470  h
    0.05933220099180      3.64948270334957     11.42747905283470  h
    0.38532624586813      6.17900258506279      7.02904675800454  h
    4.14121215442092      4.14121215442092      4.32215666785716  h
    3.64948270334957      0.05933220099180     11.42747905283470  h
    6.17900258506279      0.38532624586813      7.02904675800454  h
$user-defined bonds
$redundant
     number_of_atoms            47
     degrees_of_freedom         19
     internal_coordinates       29
     frozen_coordinates          0
# definitions of redundant internals
   1 k  1.0000000000000 stre    9   30           val=   2.06234
   2 k  1.0000000000000 stre    8   32           val=   2.06363
   3 k  1.0000000000000 stre   11   29           val=   2.06418
   4 k -0.7071075256389 bend    9   32    8      val=   0.51317
        0.7071006177253 bend   12   32    8
        0.0027683203214 bend    2   32    8
   5 k -0.7071041703531 bend   10   29   11      val=   0.25802
        0.7070987373160 bend   12   29   11
        0.0038817464245 bend    2   29   11
   6 k  0.0199482147700 bend    8   30    9      val= 115.69027
        0.0199482147700 bend   10   30    9
        0.9996019895213 bend    2   30    9
   7 k -0.0093160211698 bend   10   29   11      val= 111.53285
       -0.0148049337235 bend   12   29   11
        0.9998470011392 bend    2   29   11
   8 k  0.0094492957016 bend    9   32    8      val= 116.33531
        0.0055345925004 bend   12   32    8
        0.9999400377506 bend    2   32    8
   9 k  1.0000000000000 tors   10   11    2    4 val=  95.32627
        1.0000000000000 tors   10   11    2    5
        1.0000000000000 tors   10   11    2    8
        1.0000000000000 tors   10   11    2    9
        1.0000000000000 tors   10   11    2   13
        1.0000000000000 tors   10   11    2   14
        1.0000000000000 tors   10   11    2   15
        1.0000000000000 tors   10   11    2   16
        1.0000000000000 tors   10   11    2   17
        1.0000000000000 tors   12   11    2    4
        1.0000000000000 tors   12   11    2    5
        1.0000000000000 tors   12   11    2    8
        1.0000000000000 tors   12   11    2    9
        1.0000000000000 tors   12   11    2   13
        1.0000000000000 tors   12   11    2   14
        1.0000000000000 tors   12   11    2   15
        1.0000000000000 tors   12   11    2   16
        1.0000000000000 tors   12   11    2   17
  10 k  1.0000000000000 tors    9    8    2    4 val=  72.58954
        1.0000000000000 tors    9    8    2    5
        1.0000000000000 tors    9    8    2   10
        1.0000000000000 tors    9    8    2   11
        1.0000000000000 tors    9    8    2   13
        1.0000000000000 tors    9    8    2   14
        1.0000000000000 tors    9    8    2   15
        1.0000000000000 tors    9    8    2   16
        1.0000000000000 tors    9    8    2   17
        1.0000000000000 tors   12    8    2    4
        1.0000000000000 tors   12    8    2    5
        1.0000000000000 tors   12    8    2   10
        1.0000000000000 tors   12    8    2   11
        1.0000000000000 tors   12    8    2   13
        1.0000000000000 tors   12    8    2   14
        1.0000000000000 tors   12    8    2   15
        1.0000000000000 tors   12    8    2   16
        1.0000000000000 tors   12    8    2   17
  11 k  1.0000000000000 stre    1    4           val=   4.26193
  12 k  1.0000000000000 bend    5    4    1      val= 106.19894
  13 k  1.0000000000000 stre    2    4           val=   5.20783
  14 k  1.0000000000000 stre    2   11           val=   5.08619
  15 k  1.0000000000000 stre   11   12           val=   2.68756
  16 k  1.0000000000000 stre    2    8           val=   5.10348
  17 k  1.0000000000000 stre   12    8           val=   2.68593
  18 k  1.0000000000000 stre    2    9           val=   5.11241
  19 k  1.0000000000000 stre    8    9           val=   2.68160
  20 k -0.2805915320150 bend    5    4    2      val=  66.54323
       -0.0362654931373 bend   11    4    2
        0.3298214466199 bend   11   17    2
       -0.0206115144883 bend   12    4    2
        0.2930192163793 bend   16   11    2
       -0.1026174471860 bend    8    4    2
       -0.1921449847754 bend    8    5    2
        0.3019051732010 bend    8   17    2
        0.0895618321211 bend    8   11    2
        0.3822822476372 bend    8   16    2
        0.2174602211591 bend   13    8    2
        0.4365789333598 bend   15    8    2
        0.0391234473881 bend   10    8    2
       -0.1638939228994 bend    9    4    2
        0.0541389018688 bend    9   11    2
        0.3462172091461 bend    9   16    2
        0.2074819616250 bend   14    8    2
  21 k  0.5867244295329 bend    5    4    2      val=   3.49857
       -0.2622954207931 bend   11    4    2
        0.3552837783810 bend   11   17    2
       -0.2979461371777 bend   12    4    2
        0.3792732589278 bend   16   11    2
       -0.1115976694847 bend    8    4    2
        0.1407924211726 bend    8    5    2
        0.0801402570276 bend    8   17    2
       -0.1529748898268 bend    8   11    2
        0.0922607100241 bend    8   16    2
       -0.1588328287250 bend   13    8    2
       -0.1532091039698 bend   15    8    2
        0.0788066169212 bend   10    8    2
        0.0664010525802 bend    9    4    2
       -0.2675407640407 bend    9   11    2
        0.1120573678089 bend    9   16    2
       -0.1184952802539 bend   14    8    2
  22 k  0.4781517349379 bend    5    4    2      val=  22.07063
       -0.0376261514664 bend   11    4    2
       -0.1735502025837 bend   11   17    2
       -0.1115313864524 bend   12    4    2
       -0.1607358820637 bend   16   11    2
       -0.0114122884471 bend    8    4    2
       -0.1835764759421 bend    8    5    2
        0.1328845307288 bend    8   17    2
       -0.0941629473371 bend    8   11    2
       -0.0075200388291 bend    8   16    2
        0.5306757590754 bend   13    8    2
        0.1263742284626 bend   15    8    2
       -0.5131811158774 bend   10    8    2
        0.0189872234613 bend    9    4    2
        0.0610247490287 bend    9   11    2
       -0.0996054275247 bend    9   16    2
        0.2572942496926 bend   14    8    2
  23 k  0.3877876403971 bend    5    4    2      val=  11.73280
        0.0696341724758 bend   11    4    2
       -0.1798582539973 bend   11   17    2
       -0.1438023711532 bend   12    4    2
       -0.2680417366595 bend   16   11    2
       -0.3646056382955 bend    8    4    2
        0.0068749602626 bend    8    5    2
       -0.0760414662944 bend    8   17    2
        0.4084797646015 bend    8   11    2
        0.1081585666427 bend    8   16    2
       -0.1376072693629 bend   13    8    2
        0.3994365119447 bend   15    8    2
        0.4132174450550 bend   10    8    2
       -0.0609824660198 bend    9    4    2
        0.2124960256916 bend    9   11    2
       -0.0559053677642 bend    9   16    2
       -0.0366569274934 bend   14    8    2
  24 k  0.1421812815909 bend    5    4    2      val=   6.64950
       -0.0154464180420 bend   11    4    2
       -0.0174042867857 bend   11   17    2
       -0.0494721914296 bend   12    4    2
       -0.0231531341732 bend   16   11    2
        0.0759498637777 bend    8    4    2
        0.1135149697447 bend    8    5    2
       -0.1260452234290 bend    8   17    2
       -0.0902543635031 bend    8   11    2
       -0.1444592988840 bend    8   16    2
       -0.1258219461147 bend   13    8    2
       -0.2733746785198 bend   15    8    2
       -0.0361001647276 bend   10    8    2
       -0.4340420137736 bend    9    4    2
        0.5520503711496 bend    9   11    2
        0.5264674639115 bend    9   16    2
        0.2247564852748 bend   14    8    2
  25 k -0.0911541935299 bend    5    4    2      val=  -1.08202
        0.3903681556103 bend   11    4    2
        0.4558497585809 bend   11   17    2
       -0.5096306514441 bend   12    4    2
       -0.1656509473700 bend   16   11    2
        0.1474493613263 bend    8    4    2
        0.0047503343706 bend    8    5    2
       -0.3042397009971 bend    8   17    2
        0.3215830978329 bend    8   11    2
        0.1834741234394 bend    8   16    2
        0.0634062863240 bend   13    8    2
       -0.1858016408529 bend   15    8    2
       -0.1915357442401 bend   10    8    2
        0.0258926518194 bend    9    4    2
        0.0443572327342 bend    9   11    2
       -0.1213222452356 bend    9   16    2
        0.0187411109806 bend   14    8    2
  26 k  1.0000000000000 bend    2    1    4      val=  86.02384
  27 k  1.0000000000000 bend   12    9    8      val= 108.11952
  28 k  1.0000000000000 bend   10    8    9      val= 107.97176
  29 k  1.0000000000000 bend   12   10   11      val= 107.89447
        19 non zero eigenvalues  of BmBt
           1           2.346166166    1    0
         1
           2           2.089254122    2    0
         2
           3           2.021811882    3    0
         3
           4           1.501239454    4    0
         4
           5           1.021676529    5    0
         5
           6           0.707386464    6    0
         6
           7           0.572648101    7    0
         7
           8           0.570887540    8    0
         8
           9           5.427160809    0    0
         0.000000000         0.000000000         0.000000000         0.000000000
         0.000000000         0.000000000         0.000000000         0.000000000
        -0.049620435         0.324187865         0.004101983        -0.029003899
        -0.473048292         0.632113833         0.046343298         0.148693850
         0.028474682        -0.108459271        -0.007028620        -0.478204308
         0.013352430         0.001136881         0.001157459        -0.001758535
        -0.003873423        -0.045614622        -0.000378850         0.016488210
        -0.011275851
          10           1.409360412    0    0
         0.000000000         0.000000000         0.000000000         0.000000000
         0.000000000         0.000000000         0.000000000         0.000000000
         0.337125087        -0.600240491         0.177572686        -0.065943044
        -0.252804721         0.108271693        -0.260701369         0.142208433
         0.038602813         0.113401618         0.478000916        -0.060118861
         0.090029271        -0.034802408         0.060056622         0.120642165
        -0.065574821        -0.001145551        -0.071464878        -0.128824671
         0.162556444
          11           1.267496669    0    0
         0.000000000         0.000000000         0.000000000         0.000000000
         0.000000000         0.000000000         0.000000000         0.000000000
        -0.044639345        -0.089893820        -0.771538416        -0.129921142
        -0.410182408        -0.117367270        -0.159207748        -0.030631034
         0.052500542         0.021964879        -0.024434645         0.138830918
        -0.213709019        -0.118175683        -0.158790383        -0.050519082
        -0.019943854         0.240083771        -0.010898014        -0.016719903
         0.022707113
          12           1.236943112    0    0
         0.000000000         0.000000000         0.000000000         0.000000000
         0.000000000         0.000000000         0.000000000         0.000000000
         0.028683159         0.048311959         0.088510273         0.023172620
         0.072230839        -0.029511551        -0.509285718         0.145722766
         0.636204527        -0.148617923        -0.272803523         0.001018970
        -0.044937422         0.070679973         0.071468967        -0.088928166
        -0.113013079        -0.033004122        -0.288929755         0.271678247
         0.096585962
          13           1.029510792    0    0
         0.000000000         0.000000000         0.000000000         0.000000000
         0.000000000         0.000000000         0.000000000         0.000000000
        -0.117032482        -0.090627495        -0.342909263         0.193529415
         0.517825777         0.374044847         0.185412079         0.176428594
         0.385943975         0.206902004         0.299454119        -0.038288028
        -0.184444028        -0.064901053         0.007301932         0.043898881
         0.000797587        -0.070078301         0.106836444        -0.090803002
        -0.042531903
          14           0.951382857    0    0
         0.000000000         0.000000000         0.000000000         0.000000000
         0.000000000         0.000000000         0.000000000         0.000000000
         0.409937324         0.165358549        -0.206941488         0.069617624
         0.174384442        -0.059707671         0.206677269         0.362291784
        -0.267696451        -0.271691015         0.177968594        -0.002043956
         0.068938906        -0.202475048        -0.007405214        -0.114554738
         0.045911879        -0.010210146        -0.411519065         0.332122109
         0.176195506
          15           0.767549425    0    0
         0.000000000         0.000000000         0.000000000         0.000000000
         0.000000000         0.000000000         0.000000000         0.000000000
         0.113714819        -0.184918706        -0.188030159         0.183384385
         0.337483502         0.271936339        -0.452231431        -0.311247950
        -0.374080649        -0.292597166        -0.218031232        -0.211294669
         0.013579110        -0.031930616        -0.192510776         0.012800946
        -0.067280453        -0.119667798         0.042348083        -0.125297450
         0.046424553
          16           0.449649308    0    0
         0.000000000         0.000000000         0.000000000         0.000000000
         0.000000000         0.000000000         0.000000000         0.000000000
         0.001972298         0.338369873        -0.035216778         0.086266395
         0.070254045        -0.189307865        -0.379623367         0.229739008
        -0.227332750         0.693946612         0.038870390        -0.229046480
         0.042932065         0.011942415        -0.111284162        -0.096073014
        -0.025559133        -0.081812993        -0.046710894        -0.085156349
         0.107505437
          17           0.376963198    0    0
         0.000000000         0.000000000         0.000000000         0.000000000
         0.000000000         0.000000000         0.000000000         0.000000000
         0.443480977         0.152676604        -0.015500635        -0.033572165
        -0.017021985         0.233147481         0.101854621        -0.659367480
         0.144288264         0.359738250         0.005393678         0.119791910
         0.052757692        -0.130931503         0.129943582        -0.170620461
        -0.027415227         0.039485109        -0.138608820         0.161535487
         0.026645489
          18           0.235480162    0    0
         0.000000000         0.000000000         0.000000000         0.000000000
         0.000000000         0.000000000         0.000000000         0.000000000
        -0.063892574         0.153269933        -0.044529342         0.062741778
         0.011437688        -0.448518082        -0.010185512        -0.343293567
         0.152389426        -0.219682960         0.371536578        -0.556354057
        -0.204927600        -0.127998739         0.213207382         0.096844623
         0.024240274        -0.062252326        -0.021449764        -0.070566295
         0.071294144
          19           0.014924676    0    0
         0.000000000         0.000000000         0.000000000         0.000000000
         0.000000000         0.000000000         0.000000000         0.000000000
         0.043820453        -0.073909123        -0.286135350         0.496164403
        -0.254212831        -0.114175192         0.085781661        -0.016226868
         0.048792509         0.024411932        -0.077883547         0.081060993
         0.336978571         0.249461190         0.248334038         0.078765776
         0.001040574        -0.562979254         0.022888304         0.027404995
        -0.042289652
$end
