$coord
   -0.00000000000000      0.00000000000000      0.00000000000000  mo
   -0.00000000000000      0.00000000000000     -6.62766312255045  gd
   -0.00000000000000      0.00000000000000      6.62766312255045  gd
    2.36174272582595      2.36174272582596     -2.46604654554638  s
   -2.36174272582596     -2.36174272582595     -2.46604654554638  s
    2.36174272582595     -2.36174272582596      2.46604654554638  s
   -2.36174272582596      2.36174272582595      2.46604654554638  s
    4.70374661972752     -1.64661993436575     -7.86453588085590  c
    3.64368743567232     -3.64368743567232     -6.43979718323693  c
    1.64661993436575     -4.70374661972752     -7.86453588085590  c
    1.46984932824169     -3.36363374098732    -10.17459991212238  c
    3.36363374098732     -1.46984932824169    -10.17459991212238  c
   -1.64661993436575      4.70374661972752     -7.86453588085590  c
   -3.64368743567232      3.64368743567232     -6.43979718323693  c
   -4.70374661972752      1.64661993436575     -7.86453588085590  c
   -3.36363374098732      1.46984932824169    -10.17459991212238  c
   -1.46984932824169      3.36363374098732    -10.17459991212238  c
    1.64661993436575      4.70374661972752      7.86453588085590  c
    1.46984932824169      3.36363374098732     10.17459991212238  c
    3.36363374098732      1.46984932824169     10.17459991212238  c
    4.70374661972752      1.64661993436575      7.86453588085590  c
    3.64368743567232      3.64368743567232      6.43979718323693  c
   -4.70374661972752     -1.64661993436575      7.86453588085590  c
   -3.36363374098732     -1.46984932824169     10.17459991212238  c
   -1.46984932824169     -3.36363374098732     10.17459991212238  c
   -1.64661993436575     -4.70374661972752      7.86453588085590  c
   -3.64368743567232     -3.64368743567232      6.43979718323693  c
    0.44925838318215     -6.25328663687051     -7.27920682642400  h
    0.13099944043834     -3.72337355178998    -11.67611959928978  h
    4.21521995819304     -4.21521995819304     -4.56375061146359  h
    3.72337355178998     -0.13099944043834    -11.67611959928978  h
    6.25328663687051     -0.44925838318215     -7.27920682642400  h
   -0.13099944043834      3.72337355178998    -11.67611959928978  h
   -0.44925838318215      6.25328663687051     -7.27920682642400  h
   -4.21521995819304      4.21521995819304     -4.56375061146359  h
   -6.25328663687051      0.44925838318215     -7.27920682642400  h
   -3.72337355178998      0.13099944043834    -11.67611959928978  h
   -0.44925838318215     -6.25328663687051      7.27920682642400  h
   -4.21521995819304     -4.21521995819304      4.56375061146359  h
   -6.25328663687051     -0.44925838318215      7.27920682642400  h
   -3.72337355178998     -0.13099944043834     11.67611959928978  h
   -0.13099944043834     -3.72337355178998     11.67611959928978  h
    0.13099944043834      3.72337355178998     11.67611959928978  h
    0.44925838318215      6.25328663687051      7.27920682642400  h
    4.21521995819304      4.21521995819304      4.56375061146359  h
    3.72337355178998      0.13099944043834     11.67611959928978  h
    6.25328663687051      0.44925838318215      7.27920682642400  h
$user-defined bonds
$end
