$energy      SCF               SCFKIN            SCFPOT
     1 -3966.084768790      3457.265181655     -7423.349950445
     2 -3966.084739050      3457.202585806     -7423.287324856
     3 -3966.084750303      3457.260510329     -7423.345260632
     4 -3966.162550851      3473.939699652     -7440.102250503
     5 -3966.162552767      3473.957219419     -7440.119772186
     6 -3966.162554195      3473.996764392     -7440.159318587
     7 -3966.162554317      3474.004880941     -7440.167435258
     8 -3966.162554317      3473.988552584     -7440.151106901
     9 -3966.164142160      3473.577880218     -7439.742022378
    10 -3966.164689058      3473.273094446     -7439.437783504
    11 -3966.165041483      3473.166868583     -7439.331910066
    12 -3966.165291475      3473.007156265     -7439.172447740
    13 -3966.165322637      3472.938527193     -7439.103849830
    14 -3966.165332769      3472.928382079     -7439.093714847
    15 -3966.111609048      3464.053395614     -7430.165004662
    16 -3966.111610745      3464.074843004     -7430.186453749
    17 -3966.059020057      3466.017153949     -7432.076174006
    18 -3966.111657432      3464.052662703     -7430.164320135
    19 -3966.112387376      3464.066719313     -7430.179106689
    20 -3966.116335370      3463.601887525     -7429.718222896
    21 -3966.116516722      3463.553747543     -7429.670264266
    22 -3966.116626960      3463.521066772     -7429.637693732
    23 -3966.116730941      3463.509023270     -7429.625754211
    24 -3966.116815547      3463.507581056     -7429.624396603
    25 -3966.117170487      3463.501664398     -7429.618834885
    26 -3966.117558063      3463.478338935     -7429.595896998
    27 -3966.117848186      3463.462076921     -7429.579925107
    28 -3966.118140737      3463.405340258     -7429.523480995
    29 -3966.118431122      3463.395423246     -7429.513854368
    30 -3966.118613511      3463.387033797     -7429.505647308
    31 -3966.118877539      3463.355587762     -7429.474465301
    32 -3966.118987594      3463.340565485     -7429.459553079
    33 -3966.118930290      3463.330458998     -7429.449389288
    34 -3966.118990560      3463.373705858     -7429.492696418
    35 -3966.119071628      3463.361212924     -7429.480284552
    36 -3966.119084522      3463.359159590     -7429.478244112
    37 -3966.119091943      3463.354443025     -7429.473534969
    38 -3966.119113357      3463.378202498     -7429.497315854
    39 -3966.119263201      3463.406254637     -7429.525517838
    40 -3966.119341563      3463.393948119     -7429.513289682
    41 -3966.119410254      3463.358031231     -7429.477441485
    42 -3966.119433050      3463.368292590     -7429.487725640
    43 -3966.119441837      3463.381984931     -7429.501426768
    44 -3966.119446913      3463.386223266     -7429.505670179
    45 -3966.119455193      3463.388780422     -7429.508235616
    46 -3966.119499670      3463.392375722     -7429.511875391
    47 -3966.119783829      3463.411696069     -7429.531479898
    48 -3966.119796004      3463.422793553     -7429.542589557
    49 -3966.119836993      3463.438845553     -7429.558682546
    50 -3966.119868598      3463.433660651     -7429.553529249
    51 -3966.120175629      3463.459094738     -7429.579270367
    52 -3966.120433852      3463.456000780     -7429.576434632
    53 -3966.120516746      3463.442289980     -7429.562806726
    54 -3966.120812863      3463.463532875     -7429.584345738
    55 -3966.120865325      3463.468690837     -7429.589556162
    56 -3966.120895008      3463.466515658     -7429.587410665
    57 -3966.120925582      3463.473534487     -7429.594460069
    58 -3966.120979909      3463.486929622     -7429.607909531
    59 -3966.121046388      3463.505235560     -7429.626281948
    60 -3966.121058728      3463.512420436     -7429.633479164
    61 -3966.121078488      3463.540103243     -7429.661181731
    62 -3966.121093335      3463.565326450     -7429.686419786
    63 -3966.121070069      3463.604488745     -7429.725558814
    64 -3966.121064343      3463.608732104     -7429.729796447
    65 -3966.121063117      3463.614714645     -7429.735777762
    66 -3966.121067686      3463.621830783     -7429.742898470
    67 -3966.121072588      3463.628999595     -7429.750072183
    68 -3966.121072114      3463.633383879     -7429.754455993
    69 -3966.121071824      3463.633049522     -7429.754121346
    70 -3966.121071978      3463.635353000     -7429.756424979
    71 -3966.121075374      3463.641199850     -7429.762275224
    72 -3966.121075747      3463.635627917     -7429.756703665
    73 -3966.121077154      3463.634840340     -7429.755917495
    74 -3966.121077153      3463.636839087     -7429.757916241
    75 -3966.121077928      3463.632955135     -7429.754033063
    76 -3966.121078558      3463.648834716     -7429.769913274
    77 -3966.121078568      3463.670761674     -7429.791840242
    78 -3966.155232264      3469.140598585     -7435.295830849
    79 -3966.155244871      3469.331681452     -7435.486926323
    80 -3966.155244923      3469.451118569     -7435.606363492
    81 -3966.157633185      3469.993492878     -7436.151126063
    82 -3966.159295701      3471.269801323     -7437.429097024
    83 -3966.159504469      3471.360496021     -7437.520000490
    84 -3966.159765523      3471.208717424     -7437.368482947
    85 -3966.160353659      3471.147508766     -7437.307862425
    86 -3966.160765002      3471.256097253     -7437.416862255
    87 -3966.160999437      3471.478819171     -7437.639818608
    88 -3966.161180612      3471.536374850     -7437.697555462
    89 -3966.161441269      3471.660451020     -7437.821892288
    90 -3966.161832060      3471.843453076     -7438.005285136
    91 -3966.162245417      3471.968151334     -7438.130396750
    92 -3966.163078171      3472.103687594     -7438.266765765
    93 -3966.163741719      3472.277673165     -7438.441414884
    94 -3966.164037612      3472.521581121     -7438.685618733
    95 -3966.164141588      3472.677231792     -7438.841373380
    96 -3966.164187436      3472.747633129     -7438.911820565
    97 -3966.164224286      3472.743939993     -7438.908164279
    98 -3966.164246724      3472.703892160     -7438.868138884
    99 -3966.164260284      3472.683638397     -7438.847898681
   100 -3966.164284371      3472.629025735     -7438.793310106
   101 -3966.164338288      3472.576689675     -7438.741027964
   102 -3966.164522053      3472.452896747     -7438.617418799
   103 -3966.164643216      3472.515827570     -7438.680470786
   104 -3966.164667469      3472.511098328     -7438.675765798
   105 -3966.164747917      3472.604996877     -7438.769744794
   106 -3966.164782681      3472.602728021     -7438.767510702
   107 -3966.164793200      3472.613778935     -7438.778572135
   108 -3966.164837623      3472.623611745     -7438.788449368
   109 -3966.164915290      3472.590185437     -7438.755100726
   110 -3966.165060088      3472.527830484     -7438.692890572
   111 -3966.165233294      3472.513481805     -7438.678715099
   112 -3966.165379564      3472.611366857     -7438.776746421
   113 -3966.165390179      3472.611093591     -7438.776483770
   114 -3966.165407365      3472.613794546     -7438.779201911
   115 -3966.165468274      3472.704577289     -7438.870045563
   116 -3966.165487276      3472.678863814     -7438.844351090
   117 -3966.165492787      3472.672765659     -7438.838258446
   118 -3966.165498959      3472.674881810     -7438.840380769
   119 -3966.165500179      3472.678752589     -7438.844252768
   120 -3966.165501704      3472.683017544     -7438.848519248
   121 -3966.165502682      3472.680304000     -7438.845806682
   122 -3966.165503379      3472.675983470     -7438.841486849
   123 -3966.165503545      3472.671826916     -7438.837330460
   124 -3966.165503635      3472.671375990     -7438.836879625
   125 -3966.165503679      3472.673771601     -7438.839275281
   126 -3966.165502803      3472.667906967     -7438.833409770
   127 -3966.165467423      3472.567207444     -7438.732674867
   128 -3966.165503784      3472.674474695     -7438.839978479
   129 -3966.165503844      3472.678120870     -7438.843624714
   130 -3966.165503874      3472.669834604     -7438.835338478
   131 -3967.573976898      3479.201890184     -7446.775867082
   132 -3967.576650162      3480.194849258     -7447.771499420
   133 -3967.576815955      3480.465963960     -7448.042779916
   134 -3967.576832124      3480.511806369     -7448.088638493
   135 -3967.576848655      3480.533170640     -7448.110019295
   136 -3967.576856268      3480.529934119     -7448.106790388
   137 -3967.576860916      3480.540772435     -7448.117633350
   138 -3967.576862358      3480.542344383     -7448.119206740
   139 -3967.576862691      3480.548622002     -7448.125484693
   140 -3967.576862773      3480.547499842     -7448.124362615
   141 -3967.576862812      3480.547308969     -7448.124171781
   142 -3967.576862766      3480.548302525     -7448.125165291
   143 -3967.576862801      3480.594040459     -7448.170903260
   144 -3967.576862641      3480.546346486     -7448.123209127
   145 -3967.628593475      3479.686877264     -7447.315470739
   146 -3967.628686715      3479.920328411     -7447.549015126
   147 -3967.628607317      3479.974604868     -7447.603212185
   148 -3967.628605241      3480.115429262     -7447.744034504
   149 -3967.628605137      3479.986586099     -7447.615191236
   150 -3967.628605377      3479.978524545     -7447.607129921
$end
