# Excitation spectrum ; written at 2020-07-30 23:45:33
#     Exc.     energy (Eh)   energy (eV)   energy (cm-1)   energy (nm)     Osc.(vel)      Osc.(len) 
       1 a        0.012853       0.34976        2820.975      3544.874     0.00000000     0.00000000
       2 a        0.013345       0.36313        2928.841      3414.320     0.00126073     0.00000007
       3 a        0.013353       0.36335        2930.652      3412.210     0.00126400     0.00000007
       4 a        0.014644       0.39849        3214.000      3111.388     0.00000000     0.00000000
       5 a        0.014908       0.40567        3271.959      3056.273     0.00156901     0.00001823
       6 a        0.014916       0.40588        3273.612      3054.730     0.00157084     0.00001831
       7 a        0.016431       0.44712        3606.283      2772.938     0.00052536     0.00014696
       8 a        0.016531       0.44983        3628.131      2756.240     0.00000049     0.00000014
       9 a        0.017092       0.46509        3751.181      2665.827     0.00145023     0.00000056
      10 a        0.017100       0.46531        3752.969      2664.557     0.00144925     0.00000056
      11 a        0.017896       0.48697        3927.695      2546.022     0.00143912     0.00001021
      12 a        0.017906       0.48726        3930.015      2544.520     0.00143843     0.00001021
      13 a        0.019455       0.52939        4269.787      2342.037     0.00000000     0.00000000
      14 a        0.028392       0.77258        6231.258      1604.812     0.00575358     0.02352974
      15 a        0.052407       1.42606       11501.940       869.419     0.00000001     0.00000000
      16 a        0.056527       1.53818       12406.244       806.046     0.01067031     0.00000180
      17 a        0.057401       1.56195       12597.984       793.778     0.00796690     0.00108894
      18 a        0.057412       1.56225       12600.379       793.627     0.00796332     0.00108726
      19 a        0.067487       1.83643       14811.783       675.138     0.00000000     0.00000000
      20 a        0.072814       1.98138       15980.912       625.746     0.00000000     0.00000000
      21 a        0.078441       2.13448       17215.749       580.863     0.00378509     0.00710780
      22 a        0.080188       2.18202       17599.188       568.208     0.00000013     0.00000004
      23 a        0.081863       2.22761       17966.859       556.580     0.07466104     0.01706465
      24 a        0.081971       2.23054       17990.542       555.848     0.00219436     0.00000017
      25 a        0.081973       2.23061       17991.094       555.831     0.00219566     0.00000017
      26 a        0.083352       2.26812       18293.611       546.639     0.00205501     0.00023862
      27 a        0.083354       2.26819       18294.147       546.623     0.00205137     0.00023820
      28 a        0.084462       2.29833       18537.262       539.454     0.01389844     0.00249325
      29 a        0.084800       2.30752       18611.386       537.305     0.00000000     0.00000000
      30 a        0.086687       2.35886       19025.496       525.610     0.00000000     0.00000000
      31 a        0.088742       2.41479       19476.562       513.438     0.00000000     0.00000000
      32 a        0.089646       2.43938       19674.929       508.261     0.00023447     0.00008139
      33 a        0.089673       2.44014       19681.056       508.103     0.00023230     0.00007988
      34 a        0.093227       2.53682       20460.865       488.738     0.00085766     0.00095840
      35 a        0.093243       2.53727       20464.471       488.652     0.00085616     0.00095707
      36 a        0.095028       2.58585       20856.274       479.472     0.00110653     0.00054148
      37 a        0.095046       2.58633       20860.194       479.382     0.00110009     0.00053642
      38 a        0.095083       2.58735       20868.407       479.193     0.00000000     0.00000000
      39 a        0.097891       2.66375       21484.630       465.449     0.00000001     0.00000000
      40 a        0.098007       2.66690       21510.010       464.900     0.00726685     0.00034482
      41 a        0.098009       2.66695       21510.429       464.891     0.00726615     0.00034510
      42 a        0.098159       2.67105       21543.509       464.177     0.00000000     0.00000000
      43 a        0.098537       2.68133       21626.420       462.397     0.00006967     0.00000198
      44 a        0.098539       2.68138       21626.784       462.390     0.00007774     0.00000172
      45 a        0.100424       2.73268       22040.535       453.709     0.00002868     0.00001870
      46 a        0.100425       2.73270       22040.692       453.706     0.00003825     0.00002930
      47 a        0.101040       2.74945       22175.790       450.942     0.00104223     0.00145101
      48 a        0.101042       2.74949       22176.121       450.935     0.00103568     0.00143997
      49 a        0.101746       2.76864       22330.579       447.816     0.15114272     0.15079586
      50 a        0.107339       2.92085       23558.240       424.480     0.00115819     0.00173531
