# Electronic transition moments of , IRREP a   electric dipole (length) / electric dipole (velocity) / magnetic dipole
 -.64945135688851E-04   -.24923564532499E-04   -.27432202382894E-04   0.78316644054327E-06   -.54644637335432E-06   0.14386781151675E-05   0.46854879170013E-06   -.14064557750642E-06   0.53524521485733E-05
 0.17792610984854E+00   -.17792196014335E+00   -.10826306340041E-03   -.13657423169007E-04   0.59732499586481E-06   0.17184325031430E-04
 -.26604075393961E+00   -.26633213451240E+00   0.27537465162742E-04   -.20288813942650E-02   -.20307908876573E-02   -.12973674189858E-04   0.22580876100575E-02   -.22604911605600E-02   0.29491611901249E-06
 -.23514313841983E-04   0.35375816030622E-04   0.25803800594856E-04   -.16056967596834E-05   -.12020833503337E-01   -.12015208470984E-01
 0.26658915366614E+00   -.26630941199467E+00   0.27985999072621E-04   0.20033497312434E-02   -.20025322850591E-02   -.11862102351988E-04   -.22605602137388E-02   -.22580115006638E-02   0.14117716198633E-06
 0.89984914736441E-05   -.20582058020283E-04   -.47189042598996E-04   -.63866054672461E-05   -.12071080021085E-01   0.12077535957880E-01
 -.57556369908445E-05   0.53516999611926E-04   -.11140123341383E-04   0.32179357807211E-06   -.27120631357318E-05   0.67556952960862E-05   -.75012015340003E-07   0.20131666532535E-06   0.47100116810955E-02
 -.58132752667567E-03   0.59088490212700E-03   0.60487091836195E-05   -.80288185272042E-05   -.14045331976103E-04   0.56172752224093E-05
 0.28083093940099E+00   -.28107246539355E+00   0.10560974293302E-04   -.30265832883718E-01   0.30301143286495E-01   -.50055316592216E-05   0.95581111236551E-03   0.95669604660193E-03   0.75886230433840E-07
 0.82601004525851E-05   0.19167726091926E-05   -.27972805786026E-04   -.37801179723513E-05   0.26040687583192E+00   -.26016126171019E+00
 0.28117152762035E+00   0.28091795773883E+00   -.12852570626486E-04   -.30358856771091E-01   -.30327535343353E-01   0.66276157847059E-06   0.95564004816986E-03   -.95483492017979E-03   -.39575148375767E-07
 0.44356733796458E-05   0.88581124918623E-05   -.22453455698965E-04   0.62593082783703E-06   -.25957756186597E+00   -.25981825718122E+00
 -.26893886542875E-06   0.15806662813351E-06   0.21899520674440E+00   0.89723456066633E-07   0.55162740337988E-06   -.11582563896649E+00   0.61831807723358E-07   0.12658331874676E-06   0.76800942371968E-07
 -.10649458661286E-02   -.10547479879203E-02   -.68896450149167E-02   0.13271936868936E+00   -.98594009619588E-05   0.27362529546440E-05
 -.35589148450325E-04   0.68632794580899E-05   -.66941571481219E-02   0.27891849018489E-06   0.28457362825876E-06   0.35063163673266E-02   0.43043067719125E-07   0.57886631229346E-07   0.90564315058354E-07
 -.33534087295542E-01   -.33516079190405E-01   -.24252704084817E+00   -.38307878593936E-02   -.43805594111543E-05   -.16051993376987E-05
 0.25226360299350E+00   0.25226710842425E+00   0.57153868483816E-05   0.49676297884053E-02   0.49722049680074E-02   -.12708288124455E-04   0.36660715359452E-03   -.36671590618493E-03   0.69425323416013E-07
 -.10964121751209E-04   -.65460868462863E-05   -.31841532934167E-05   0.68368585784069E-05   -.68579160665138E-01   -.68601487629598E-01
 0.25209704359086E+00   -.25214192281638E+00   -.14083692377140E-04   0.49644712907371E-02   -.49647738912097E-02   0.15210274111224E-04   0.36668882204623E-03   0.36628636457489E-03   -.27270735171118E-07
 -.15065226163966E-04   -.88978136946164E-05   0.42171758119755E-05   -.10416654739467E-04   0.68617184018514E-01   -.68628878720382E-01
 -.24545683517384E+00   0.24571426615971E+00   -.58181728544153E-05   0.20672975417662E-01   -.20693917129298E-01   0.38720608949513E-05   0.22058259461360E-02   0.22080470039922E-02   -.59322538134045E-07
 -.60676313786397E-05   0.13396210968331E-04   -.13358602654849E-05   -.55864690857303E-05   -.74386031313267E-01   0.74318908196715E-01
 -.24559439108646E+00   -.24531376533145E+00   0.11972437314204E-04   0.20687270911775E-01   0.20669288586357E-01   0.16317759629613E-05   0.22084559369771E-02   -.22063958370073E-02   0.41721516391610E-07
 -.54399427271817E-06   0.20436669291973E-05   -.15176172489904E-04   0.93585013609311E-06   0.74314277008514E-01   0.74407826234942E-01
 -.41337180126575E-06   -.72985392208939E-06   0.85994865242180E-05   -.80728094636097E-06   0.24622814475358E-06   -.18115370213025E-04   -.83255586735928E-07   0.31201484649611E-08   -.29156596762097E-05
 -.48460541720945E+00   0.48457047608938E+00   0.19032303939118E-03   0.26418329668969E-04   -.27555784511713E-05   -.68101275594409E-05
 -.67931319439712E-05   0.12329736946756E-04   -.55133955273457E+00   -.35328984990205E-05   -.17694489859168E-06   -.11149579344547E+01   0.27330715775051E-08   0.53232236628188E-09   0.10096254333595E-06
 -.30272996364067E-03   -.28715828134631E-03   -.66303306944167E-03   -.45962523543118E-01   -.71255146270367E-04   0.61611877324562E-04
 0.18593473321500E-04   0.58137820274791E-05   -.48843622532807E-03   -.20081416461824E-05   0.87422620283565E-06   -.68932147790475E-04   -.27486698535688E-07   -.84229637590314E-08   -.19935804031455E-07
 0.83586121574885E-01   0.83619286007380E-01   0.13990174381828E+01   0.42010328861298E-03   0.21599406240384E-04   -.20991890331228E-04
 -.42865438342969E-05   0.58155018291738E-04   -.53211567469975E+00   -.11469535802450E-05   0.18232411448299E-04   0.69204401183702E-02   -.25224623697800E-07   -.18803288313811E-06   -.18719501779992E-07
 -.92085184519878E-04   -.93817891026910E-04   -.96016091739155E-03   0.68128190627156E+00   -.91758766382230E-04   0.23550575675947E-04
 0.34738627549162E+00   -.29582868201392E+00   -.57492714017250E-04   0.12843036530586E+00   -.10937082868839E+00   -.52347807995304E-05   0.10996671986498E-02   0.93656035353530E-03   -.58264914834644E-08
 0.11078658719566E-04   0.30339493594377E-05   0.64942856034114E-05   0.69079933105341E-04   0.32043624557080E+00   -.37618575263462E+00
 -.29576665039020E+00   -.34724765289491E+00   -.51161613743144E-04   -.10928801222194E+00   -.12830867887683E+00   -.50353036295775E-05   -.93658409521161E-03   0.10997607521584E-02   -.10035702903714E-07
 -.17176497584304E-05   -.41590625815498E-05   -.33744591263973E-04   0.62280440152847E-04   0.37591421765743E+00   0.32008419865410E+00
 0.87344802058011E-06   0.49978879660717E-05   0.50669405808030E-04   -.35178858146184E-06   0.23441433452738E-05   0.21637455823153E-04   0.15262927100355E-07   -.13963783858096E-07   -.72913202680800E-03
 0.13012377879128E-03   -.12956566572489E-03   0.73781922833181E-04   -.16315075413709E-04   0.14610503027110E-04   0.14097841826608E-05
 0.46866598080733E-05   -.39667906724188E-06   -.22645337517489E-04   -.23968296125687E-05   -.11760596927533E-05   -.11161815345003E-04   0.72368439199610E-08   -.19581788867708E-07   0.86778688345057E-06
 0.10667665977009E+00   -.10665154936739E+00   -.68644075112601E-04   -.22720657569236E-04   -.35295292222229E-05   -.21138593482971E-04
 0.30906230180583E-05   -.10247876835075E-05   0.26903765207316E+00   0.34745831383424E-05   -.27135498196176E-05   0.36867398119761E+00   0.80452030335086E-08   0.14217981562009E-07   0.24693480418317E-07
 0.19119991706079E-03   0.15102247276291E-03   0.27937015765312E-02   -.11590379869667E+00   -.32271949440516E-04   -.13999169368713E-04
 0.69251456716155E-05   0.26719872548475E-05   0.15494283102948E-02   -.28671649092514E-05   0.36681552477764E-05   0.85370535700394E-03   0.26736852401315E-07   -.14222595324051E-07   -.11027900284709E-07
 0.20183000101901E+00   0.20172614912562E+00   -.34734772268513E+01   0.12912858871327E-02   -.13142636106928E-04   -.76216193048919E-05
 -.36586634374568E-04   -.19308707004380E-03   -.11696305836659E+01   -.59619513738365E-05   0.75091342987766E-05   -.55917836504593E+00   0.95276672469152E-09   -.41026441340507E-07   -.40168850313231E-07
 0.19737997869465E-03   0.21020073414634E-03   -.41747911541173E-02   -.92562088179526E+00   0.11054184691520E-05   0.19541705650088E-04
 -.14167716692091E+00   -.14171044114862E+00   0.86891924433176E-03   0.12197193795326E-02   0.12231055244398E-02   0.41889888776703E-03   0.21002880429786E-04   -.20985287007379E-04   0.20549528753136E-07
 -.10268674782774E-04   0.11833566108045E-05   -.77751084002990E-04   0.70065617456163E-03   0.60857861043997E-02   0.60787341669536E-02
 0.14175280014221E+00   -.14171569823699E+00   0.60552698809217E-03   -.12198638829392E-02   0.12189102990872E-02   0.29236989072370E-03   -.21249285185410E-04   -.21175820066474E-04   0.29108741231065E-07
 0.91037043461846E-05   0.12735849196035E-05   0.59151773416085E-04   0.49405737203944E-03   0.61069812233519E-02   -.61104028794626E-02
 -.12722549379289E+00   0.14420705229714E+00   0.34592983676868E-04   0.43354092567434E-01   -.49138580489382E-01   0.11323007159293E-04   0.94576061747610E-03   0.10721056693240E-02   0.32528926233777E-07
 -.24648946504348E-05   0.73310218762896E-05   -.89558308011096E-04   0.15989123083657E-04   -.25361967884961E+00   0.22375105375467E+00
 0.14408823455328E+00   0.12709835792504E+00   0.62312565971797E-05   -.49104177168625E-01   -.43304434030556E-01   0.21117579647879E-05   -.10718197611089E-02   0.94545064352570E-03   0.36723462037641E-07
 -.43866796940828E-05   0.12808775323350E-05   0.46333000373572E-04   0.33736211719244E-05   -.22335304172077E+00   -.25326224805399E+00
 -.12619921698756E-04   0.28947344437131E-04   -.49681881752414E+00   0.15980114513063E-05   -.32138484396983E-05   -.21042514172389E+00   0.70848080744720E-07   0.15910341588039E-06   -.93490480459200E-08
 -.68426696742559E-04   -.58088899763086E-04   0.11673883092610E-02   -.32416279523226E+00   -.34533704031119E-04   0.27039110160719E-04
 -.24871751939842E-04   0.95758617945344E-05   0.11133491689218E-03   0.76825165402539E-05   -.39970583233924E-05   0.86942897651425E-04   0.20406656080269E-06   0.54187607027453E-07   -.19718862791271E-07
 -.18595895426730E-01   -.18580766144953E-01   0.12979529467851E+01   0.43846391899503E-04   -.52665901004700E-05   0.25729251374075E-04
 0.43674163779807E-05   0.31511861538453E-05   0.32815662247726E-05   0.33680058814924E-05   0.27613274334137E-05   0.49794868491929E-05   0.92260145732979E-07   -.11785858165052E-07   -.18677688353423E-05
 -.29414847187738E+00   0.29417573885955E+00   0.61062411367723E-04   0.70051212536452E-05   -.10481508853368E-04   -.79502405289872E-04
 -.56157461001170E-05   -.20056812416104E-04   -.52110787999676E-04   -.32370903754105E-05   -.18023558516501E-04   -.37837207420449E-04   -.38809768913796E-07   0.17405574379100E-06   0.25908300433640E-02
 0.16956029287869E-03   -.13669982058019E-03   0.17836479346614E-04   -.48364607311236E-05   0.99904096960167E-05   0.25133052807792E-04
 0.45135068932427E-01   -.43430290977675E-01   -.10973823633027E-04   0.26598637555331E-01   -.25581966605994E-01   -.11158564616364E-04   -.48900980452590E-03   -.47059511313225E-03   0.78334462127745E-07
 0.18179535680239E-04   -.43115938321385E-05   0.90038341248929E-04   -.11204543046368E-04   0.15104089030581E+00   -.15679421760661E+00
 -.43226296128063E-01   -.44914199899686E-01   -.26125483182828E-05   -.25349625927731E-01   -.26335119523948E-01   -.35126437777444E-05   0.47135381178802E-03   -.48981494506168E-03   0.51943599430189E-07
 -.27344458671933E-04   0.26658034649244E-04   -.45205809950787E-04   -.78662602248468E-05   0.15752058361305E+00   0.15154115469703E+00
 0.83085199747591E-01   0.83044521792354E-01   -.48765721831579E-05   0.87817636876048E-01   0.87798428660038E-01   -.45298802807483E-05   0.85925312907841E-04   -.86013310371573E-04   0.44863884680960E-07
 0.19165899238842E-04   -.26741140613834E-04   -.35546381563761E-05   -.39483534941301E-05   0.21254681873633E+00   0.21265441084265E+00
 -.82998172429312E-01   0.82971509883403E-01   -.24836387528214E-04   -.87749261681352E-01   0.87729828313190E-01   -.14951392899154E-04   -.86572384173726E-04   -.86563198666583E-04   0.66054989589826E-07
 0.12061424931139E-05   0.23555025112125E-04   0.13079568302509E-03   -.37974275045728E-04   0.21334835946394E+00   -.21340930241371E+00
 -.92884960841120E-01   -.94014657500152E-01   0.87608659197921E-05   -.64968397824911E-01   -.65774820150500E-01   0.78450128460462E-05   0.20993230060885E-03   -.21215460313356E-03   -.51034811623013E-07
 -.39349612156734E-03   0.41480246188571E-03   0.46947037144844E-04   0.18795170272307E-04   -.12758398512099E+00   -.12621703355637E+00
 0.93690107235488E-01   -.92647770506302E-01   -.37829273095406E-05   0.65419638446167E-01   -.64698741132691E-01   0.99887353653379E-06   -.21246004538961E-03   -.21010343627307E-03   -.50645128892969E-07
 0.77755672383758E-03   -.84612033255474E-03   -.34327258120988E-04   0.51075824391180E-04   -.12605631703966E+00   0.12751754529172E+00
 0.18157082421934E-03   -.49188449202370E-04   -.65264485630622E-04   0.12802355043779E-03   -.35223284666986E-04   -.60265890397514E-04   0.31686137743997E-07   -.19487081160163E-06   -.11698494590872E-05
 -.76617111390915E+00   0.76618581301657E+00   0.52824518287051E-04   0.24068892805557E-04   -.13339433084441E-03   -.39889786097577E-04
 0.26357911604773E-04   0.33249718126628E-03   0.43706975623759E-05   -.57289338773418E-05   -.68121362698063E-04   0.50490149628460E-05   0.13773832485167E-06   -.10820286062473E-05   0.12280942548096E-02
 -.12693112308850E-02   0.12790991531021E-02   -.22248649992946E-04   -.17505229319808E-04   0.65091882489225E-04   0.16080751301038E-04
 0.23066888347850E+00   -.24085576798358E+00   0.80265783820298E-05   -.50251195744447E-01   0.52463006668230E-01   0.22821712970726E-05   0.88541307933996E-03   0.92462351115385E-03   0.80479669601269E-06
 0.72195397942001E-04   -.78915854728350E-04   0.62700659994148E-04   0.19771793632338E-04   -.75305726713456E-01   0.72103353589917E-01
 0.24083671722100E+00   0.23066053929815E+00   -.14381636255739E-05   -.52486711406142E-01   -.50268129870860E-01   -.14118169981723E-06   0.93085762497733E-03   -.89162182648368E-03   -.90676567855864E-06
 0.36876174395770E-04   -.36573134777032E-04   0.30318322867201E-04   -.11403035444698E-04   0.73159277335283E-01   0.76376404354608E-01
 -.87383108878600E-04   0.38254929317758E-04   0.22150311564565E-04   0.22707456769079E-04   -.88473348984612E-05   0.21862197908449E-04   -.90329352441182E-06   -.13872533695341E-06   0.60049447676973E-05
 0.23278742365570E+00   -.23276694616635E+00   -.13487671430531E-03   0.40121589504084E-05   0.14598118078752E-04   -.12541470918311E-03
 0.22027046231691E-01   -.23987366645236E-01   0.97968018177687E-05   0.37183653780335E-02   -.40357292185453E-02   0.11866805168342E-04   -.74720674431982E-03   -.81141344500512E-03   0.16571000291573E-06
 -.66586095398624E-04   0.80547873908439E-04   -.83959613143042E-04   0.78814896668117E-05   0.19865212006418E+00   -.18291978542937E+00
 -.25265923945399E-01   -.23344613267698E-01   0.87714414122703E-05   -.37591494731334E-02   -.34605543489963E-02   0.87592669046407E-05   0.80778072656090E-03   -.74371901294998E-03   0.12023693645970E-06
 0.74158560053770E-04   -.86903995717815E-04   0.61722198795483E-04   -.24346584718276E-05   0.18256333158716E+00   0.19825209133211E+00
 0.15329151815457E-01   0.13906271411620E-01   0.74111181048864E-04   0.12421814680552E-01   0.11178248403288E-01   0.73057375414115E-04   -.14689275387705E-02   0.13486131288036E-02   0.11081131461183E-06
 -.99801373654180E-06   -.24584083889602E-04   0.29059331100644E-04   0.17659963209973E-04   0.93739209169277E-01   0.10145964173701E+00
 -.16360535550973E-01   0.17425149116925E-01   0.77173072051798E-04   -.14391784310834E-01   0.15182785876959E-01   0.77352422588564E-04   0.13662707942685E-02   0.14842027566641E-02   0.43024483573188E-07
 0.46196782902162E-04   -.11884655983042E-04   -.18490859806846E-04   -.18593103962411E-04   0.92739350255611E-01   -.84433907101546E-01
 -.87456874614785E-01   -.88451503961157E-01   -.25578036521711E-03   -.10318695876036E+00   -.10437170209351E+00   -.25432743277358E-03   0.51664192219380E-03   -.52448633278879E-03   -.12445576340572E-06
 -.18663522903373E-04   0.31734497590332E-04   -.20208301149393E-04   -.35928214608728E-04   0.29025613593654E+00   0.28699647239721E+00
 0.88213344119140E-01   -.87139448222653E-01   -.28155840427686E-03   0.10401001369070E+00   -.10275555396662E+00   -.28244666414734E-03   -.48313338063003E-03   -.47698667311898E-03   -.36237093417681E-07
 0.34333569074815E-04   -.15275655196393E-04   -.35238202602714E-04   -.49254691543547E-04   0.29005588818842E+00   -.29300218016254E+00
 -.17954817016138E-04   0.81856638921743E-04   -.14927305449677E+01   -.17894689810283E-04   0.90353524270894E-04   -.14910167412285E+01   -.39924859206398E-07   0.30716023795800E-06   -.29959857373011E-06
 -.65774237152116E-03   -.59950584485589E-03   -.49704834238743E-02   -.16948006481261E+00   0.44720493883681E-03   -.74009217494031E-04
 -.99419020706113E-01   0.79377391763675E-01   0.24663204243699E-03   -.12169792879917E+00   0.97156681625670E-01   0.23228870632409E-03   -.88465456228192E-04   -.70528697679418E-04   -.33589638130097E-07
 0.86807639367743E-04   0.11360880967433E-03   0.15533378107123E-02   -.57906808816002E-04   0.12001303345399E+01   -.15040476143231E+01
