# Excitation spectrum ; written at 2020-07-30 15:32:25
#     Exc.     energy (Eh)   energy (eV)   energy (cm-1)   energy (nm)     Osc.(vel)      Osc.(len) 
       1 b2       0.027194       0.73998        5968.378      1675.497     0.00958057     0.00034815
       2 b2       0.032829       0.89331        7205.039      1387.917     0.11669550     0.04698594
       3 b2       0.058010       1.57852       12731.661       785.443     0.00570142     0.00123002
       4 b2       0.065150       1.77282       14298.723       699.363     0.00169043     0.04356306
       5 b2       0.074538       2.02828       16359.200       611.277     0.00189810     0.01055855
       6 b2       0.081006       2.20429       17778.811       562.467     0.00144792     0.01078285
       7 b2       0.098752       2.68717       21673.508       461.393     0.01575952     0.00044568
       8 b2       0.106428       2.89606       23358.309       428.113     0.00024965     0.16266632
       9 b2       0.114445       3.11420       25117.748       398.125     0.00001222     0.00500234
      10 b2       0.119583       3.25402       26245.445       381.018     0.00262059     0.00514136
      11 b2       0.125895       3.42577       27630.673       361.917     0.04069271     0.01071024
      12 b2       0.129542       3.52501       28431.138       351.727     0.01770713     0.00028274
      13 b2       0.129844       3.53322       28497.359       350.910     0.00389907     0.00270214
      14 b2       0.131322       3.57346       28821.877       346.959     0.01712377     0.00002174
      15 b2       0.131870       3.58837       28942.168       345.517     0.00011378     0.00002605
      16 b2       0.133549       3.63405       29310.622       341.173     0.00043653     0.00157702
      17 b2       0.133708       3.63838       29345.544       340.767     0.00017170     0.00331855
      18 b2       0.135437       3.68544       29725.088       336.416     0.00000220     0.00119809
      19 b2       0.138987       3.78204       30504.178       327.824     0.00065413     0.00013152
      20 b2       0.139784       3.80372       30679.083       325.955     0.00313272     0.02290304
      21 b2       0.141621       3.85370       31082.157       321.728     0.00692044     0.00548639
      22 b2       0.142295       3.87203       31230.055       320.204     0.00195759     0.01898246
      23 b2       0.143769       3.91216       31553.666       316.920     0.02302524     0.00061985
      24 b2       0.144005       3.91856       31605.338       316.402     0.00361195     0.01081911
      25 b2       0.145895       3.97001       32020.299       312.302     0.00032513     0.00006471
       1 e        0.014320       0.38966        3142.785      3181.891     0.01559013     0.00000832
       2 e        0.015654       0.42598        3435.763      2910.562     0.00377369     0.00000553
       3 e        0.018249       0.49658        4005.216      2496.744     0.00061034     0.00000450
       4 e        0.022810       0.62070        5006.320      1997.475     0.00642590     0.00001768
       5 e        0.027193       0.73996        5968.197      1675.548     0.01052818     0.00000017
       6 e        0.051670       1.40601       11340.245       881.815     0.00021384     0.00000394
       7 e        0.065642       1.78620       14406.692       694.122     0.01265940     0.00028340
       8 e        0.067827       1.84565       14886.202       671.763     0.01405022     0.00139146
       9 e        0.070919       1.92980       15564.865       642.473     0.00003192     0.00038226
      10 e        0.085247       2.31970       18709.642       534.484     0.01808776     0.00007957
      11 e        0.091335       2.48535       20045.740       498.859     0.00348808     0.00031560
      12 e        0.097688       2.65824       21440.141       466.415     0.01303302     0.00083480
      13 e        0.098001       2.66674       21508.727       464.928     0.00005440     0.00295713
      14 e        0.101691       2.76716       22318.651       448.056     0.00009355     0.00018083
      15 e        0.103744       2.82302       22769.229       439.189     0.00517602     0.00003327
      16 e        0.104244       2.83661       22878.812       437.086     0.00429761     0.00053329
      17 e        0.106293       2.89237       23328.518       428.660     0.03056687     0.00002023
      18 e        0.107217       2.91751       23531.326       424.965     0.04293773     0.00246925
      19 e        0.109995       2.99312       24141.130       414.231     0.05120434     0.00009554
      20 e        0.110314       3.00179       24211.061       413.034     0.03973163     0.00005697
      21 e        0.115781       3.15057       25411.081       393.529     0.00000112     0.00294421
      22 e        0.116603       3.17292       25591.316       390.758     0.00218612     0.00002395
      23 e        0.118703       3.23008       26052.362       383.842     0.01647120     0.00232552
      24 e        0.119825       3.26059       26298.466       380.250     0.01389028     0.00585814
      25 e        0.121198       3.29797       26599.946       375.941     0.00234410     0.00006626
