# Electronic excitation spectrum of , IRREP b2  
#  excitation energy / cm^(-1)  oscillator strength (length rep.)
 0.59683780883045E+04   0.34815407959150E-03
 0.72050394498242E+04   0.46985940491914E-01
 0.12731661454408E+05   0.12300226998816E-02
 0.14298722506943E+05   0.43563060548031E-01
 0.16359200240505E+05   0.10558553297457E-01
 0.17778810771425E+05   0.10782848104343E-01
 0.21673507833033E+05   0.44567769388730E-03
 0.23358309098889E+05   0.16266632413611E+00
 0.25117747730043E+05   0.50023421774182E-02
 0.26245445127757E+05   0.51413574483976E-02
 0.27630673400361E+05   0.10710239444274E-01
 0.28431138305407E+05   0.28273671039035E-03
 0.28497359127441E+05   0.27021385173483E-02
 0.28821876961960E+05   0.21737977237070E-04
 0.28942168124062E+05   0.26054862959395E-04
 0.29310622464284E+05   0.15770164918503E-02
 0.29345543525915E+05   0.33185536441203E-02
 0.29725087697800E+05   0.11980915331561E-02
 0.30504178145628E+05   0.13152290872802E-03
 0.30679082799592E+05   0.22903035378430E-01
 0.31082157341956E+05   0.54863888432177E-02
 0.31230055255347E+05   0.18982455294610E-01
 0.31553665675113E+05   0.61984862487898E-03
 0.31605337863978E+05   0.10819105647376E-01
 0.32020299041085E+05   0.64710735942581E-04
# Electronic excitation spectrum of , IRREP e   
#  excitation energy / cm^(-1)  oscillator strength (length rep.)
 0.31427854090446E+04   0.83171173512988E-05
 0.34357631081022E+04   0.55337050408453E-05
 0.40052161280078E+04   0.45009960881602E-05
 0.50063201868549E+04   0.17676059423980E-04
 0.59681974873471E+04   0.16615919284789E-06
 0.11340245093729E+05   0.39388604997798E-05
 0.14406691783115E+05   0.28339531531655E-03
 0.14886201810115E+05   0.13914573494066E-02
 0.15564864673037E+05   0.38225871285556E-03
 0.18709641909775E+05   0.79570898926018E-04
 0.20045739708249E+05   0.31559751400865E-03
 0.21440141122395E+05   0.83479995838430E-03
 0.21508726987587E+05   0.29571334669925E-02
 0.22318651056575E+05   0.18082767788931E-03
 0.22769229168351E+05   0.33269573421652E-04
 0.22878811809835E+05   0.53328659654233E-03
 0.23328518220461E+05   0.20230371107490E-04
 0.23531326328851E+05   0.24692533126321E-02
 0.24141129707908E+05   0.95542786929921E-04
 0.24211061145900E+05   0.56967717977713E-04
 0.25411080693560E+05   0.29442085673062E-02
 0.25591315560157E+05   0.23945742669549E-04
 0.26052361946683E+05   0.23255194806456E-02
 0.26298465543146E+05   0.58581436532636E-02
 0.26599945641454E+05   0.66255242233158E-04
