$coord
   -0.00000000000000      0.00000000000000      0.00000000000000  mo
    0.00000000000000      0.00000000000000     -6.48712413899122  y
    2.54138892491073      2.21613751953831     -2.56662443245657  s
   -2.54138892491073     -2.21613751953831     -2.56662443245657  s
    2.21613751953831     -2.54138892491073      2.56662443245657  s
   -2.21613751953831      2.54138892491073      2.56662443245657  s
    4.52426038505500     -1.62473577045124     -7.91825101622400  c
    3.71801243512104     -3.39927367805510     -6.05272088059686  c
    1.61639346233272     -4.75291257753041     -7.04801982323588  c
    1.13196915291418     -3.84066687860361     -9.54298490643087  c
    2.95575492929061     -1.92234257454638    -10.09532996870289  c
   -1.61639346233272      4.75291257753041     -7.04801982323588  c
   -3.71801243512104      3.39927367805510     -6.05272088059686  c
   -4.52426038505500      1.62473577045124     -7.91825101622400  c
   -2.95575492929061      1.92234257454638    -10.09532996870289  c
   -1.13196915291418      3.84066687860361     -9.54298490643087  c
    0.31606730433733     -6.95392405922425     -5.81229463782992  c
   -0.70370781468810     -5.02323067576783    -11.36328574894488  c
    5.00332478911838     -3.91498095237321     -3.58038088308951  c
    3.49180464202929     -0.79180445179936    -12.64358138268148  c
    6.76702398806818      0.10528433682469     -7.68655345281741  c
    0.70370781468810      5.02323067576783    -11.36328574894488  c
   -5.00332478911838      3.91498095237321     -3.58038088308951  c
   -6.76702398806818     -0.10528433682469     -7.68655345281741  c
   -3.49180464202929      0.79180445179936    -12.64358138268148  c
    6.53600137678432     -5.31537368184191     -3.82433998866844  h
    3.68014948388321     -4.66479024962608     -2.16619542750237  h
   -3.68014948388321      4.66479024962608     -2.16619542750237  h
   -6.53600137678432      5.31537368184191     -3.82433998866844  h
    5.82965020827160     -2.19050890578871     -2.76705711921228  h
   -5.82965020827160      2.19050890578871     -2.76705711921228  h
    6.55503930382065      1.80737203759742     -8.86718541955278  h
    8.53170230527977     -0.84222175276047     -8.28476614944515  h
    7.02202044099620      0.73703314577192     -5.72162470512158  h
   -6.55503930382065     -1.80737203759742     -8.86718541955278  h
   -8.53170230527977      0.84222175276047     -8.28476614944515  h
   -7.02202044099620     -0.73703314577192     -5.72162470512158  h
   -0.31606730433733      6.95392405922425     -5.81229463782992  c
   -1.24501125833497      8.75325566562796     -6.33400645270769  h
    1.67897167551763      7.09329840817450     -6.38485995446492  h
   -0.34802125884130      6.78743073040676     -3.74171579524971  h
    1.24501125833497     -8.75325566562796     -6.33400645270769  h
   -1.67897167551763     -7.09329840817450     -6.38485995446492  h
    1.77768416733709     -0.58203603557220    -13.79893317651116  h
   -1.77768416733709      0.58203603557220    -13.79893317651116  h
    0.08611941405606      6.94614854270263    -11.89915326795123  h
   -0.08611941405606     -6.94614854270263    -11.89915326795123  h
    0.34802125884130     -6.78743073040676     -3.74171579524971  h
    0.00000000000000      0.00000000000000      6.48712413899122  y
    1.62473577045124      4.52426038505500      7.91825101622400  c
   -1.62473577045124     -4.52426038505500      7.91825101622400  c
    4.75291257753041      1.61639346233272      7.04801982323588  c
   -4.75291257753041     -1.61639346233272      7.04801982323588  c
    3.39927367805510      3.71801243512104      6.05272088059686  c
   -3.39927367805510     -3.71801243512104      6.05272088059686  c
    3.84066687860361      1.13196915291418      9.54298490643087  c
   -3.84066687860361     -1.13196915291418      9.54298490643087  c
    1.92234257454638      2.95575492929061     10.09532996870289  c
   -1.92234257454638     -2.95575492929061     10.09532996870289  c
    6.95392405922425      0.31606730433733      5.81229463782992  c
   -6.95392405922425     -0.31606730433733      5.81229463782992  c
   -0.10528433682469      6.76702398806818      7.68655345281741  c
    0.10528433682469     -6.76702398806818      7.68655345281741  c
    5.02323067576783     -0.70370781468810     11.36328574894488  c
   -5.02323067576783      0.70370781468810     11.36328574894488  c
    0.79180445179936      3.49180464202929     12.64358138268148  c
   -0.79180445179936     -3.49180464202929     12.64358138268148  c
    3.91498095237321      5.00332478911838      3.58038088308951  c
   -3.91498095237321     -5.00332478911838      3.58038088308951  c
    5.31537368184191      6.53600137678432      3.82433998866844  h
   -5.31537368184191     -6.53600137678432      3.82433998866844  h
    4.66479024962608      3.68014948388321      2.16619542750237  h
   -4.66479024962608     -3.68014948388321      2.16619542750237  h
    2.19050890578871      5.82965020827160      2.76705711921228  h
   -2.19050890578871     -5.82965020827160      2.76705711921228  h
   -1.80737203759742      6.55503930382065      8.86718541955278  h
    1.80737203759742     -6.55503930382065      8.86718541955278  h
    7.09329840817450     -1.67897167551763      6.38485995446492  h
   -7.09329840817450      1.67897167551763      6.38485995446492  h
    0.84222175276047      8.53170230527977      8.28476614944515  h
   -0.84222175276047     -8.53170230527977      8.28476614944515  h
    8.75325566562796      1.24501125833497      6.33400645270769  h
   -8.75325566562796     -1.24501125833497      6.33400645270769  h
   -0.73703314577192      7.02202044099620      5.72162470512158  h
    0.73703314577192     -7.02202044099620      5.72162470512158  h
    6.78743073040676      0.34802125884130      3.74171579524971  h
   -6.78743073040676     -0.34802125884130      3.74171579524971  h
    5.21429583206355     -2.61600936090122     10.55579477000878  h
   -2.61600936090122     -5.21429583206355    -10.55579477000878  h
    2.61600936090122      5.21429583206355    -10.55579477000878  h
    0.58203603557220      1.77768416733709     13.79893317651116  h
   -0.58203603557220     -1.77768416733709     13.79893317651116  h
    3.91827298765252     -0.87058600767501     13.11238154221633  h
   -0.87058600767501     -3.91827298765252    -13.11238154221633  h
   -3.91827298765252      0.87058600767501     13.11238154221633  h
    0.87058600767501      3.91827298765252    -13.11238154221633  h
   -5.21429583206355      2.61600936090122     10.55579477000878  h
    1.07954284082218     -4.38194342855961     12.49217962042336  h
   -4.38194342855961     -1.07954284082218    -12.49217962042336  h
   -1.07954284082218      4.38194342855961     12.49217962042336  h
    4.38194342855961      1.07954284082218    -12.49217962042336  h
   -6.94614854270263      0.08611941405606     11.89915326795123  h
    6.94614854270263     -0.08611941405606     11.89915326795123  h
   -2.00733129018214     -4.80829793035011     13.72085121740923  h
   -4.80829793035011      2.00733129018214    -13.72085121740923  h
    2.00733129018214      4.80829793035011     13.72085121740923  h
    4.80829793035011     -2.00733129018214    -13.72085121740923  h
$user-defined bonds
$redundant
     number_of_atoms           107
     degrees_of_freedom         78
     internal_coordinates       96
     frozen_coordinates          0
# definitions of redundant internals
   1 k  2.0000000000000 stre  17   48           val=   2.07751
   2 k  2.0000000000000 stre  21   32           val=   2.08229
   3 k  2.0000000000000 stre  21   33           val=   2.09039
   4 k  2.0000000000000 stre  21   34           val=   2.07968
   5 k  2.0000000000000 stre  17   43           val=   2.08025
   6 k  2.0000000000000 stre  20   44           val=   2.07775
   7 k  2.0000000000000 stre  20  107           val=   2.09073
   8 k  2.0000000000000 stre  18   89           val=   2.08457
   9 k  2.0000000000000 stre  18   47           val=   2.08954
  10 k  2.0000000000000 stre  10   18           val=   2.84283
  11 k  2.0000000000000 stre   8   19           val=   2.83380
  12 k  2.0000000000000 stre  11   20           val=   2.83885
  13 k  2.0000000000000 stre  18   94           val=   2.07560
  14 k  2.0000000000000 stre  19   30           val=   2.07801
  15 k  2.0000000000000 stre  17   42           val=   2.09110
  16 k  2.0000000000000 stre   9   17           val=   2.83942
  17 k  2.0000000000000 stre  19   26           val=   2.09039
  18 k  2.0000000000000 stre  20  101           val=   2.07779
  19 k  2.0000000000000 stre  19   27           val=   2.07676
  20 k  2.0000000000000 stre   7   21           val=   2.84194
  21 k  0.8921843277678 bend  89   94   18      val=   2.00108
        0.8287980107440 bend  47   94   18
        0.8209568415918 bend  47   89   18
       -0.7830225103032 bend  10   94   18
       -0.7833126173362 bend  10   89   18
       -0.7851292497392 bend  10   47   18
  22 k  0.8930634789952 bend 101   44   20      val=   2.00580
        0.8251938980626 bend 107   44   20
        0.8233069206114 bend 107  101   20
       -0.7831157767120 bend  11   44   20
       -0.7831432397606 bend  11  101   20
       -0.7855410325636 bend  11  107   20
  23 k  0.8322215551150 bend  30   27   19      val=   1.79268
        0.8484748625952 bend  26   27   19
        0.8509772507284 bend  26   30   19
       -0.7978986729396 bend   8   27   19
       -0.7971994487414 bend   8   30   19
       -0.7688733030456 bend   8   26   19
  24 k  0.8500133894194 bend  32   34   21      val=   1.75708
        0.8538134165552 bend  33   34   21
        0.8282105442028 bend  33   32   21
       -0.7874525874462 bend   7   34   21
       -0.7959340760190 bend   7   32   21
       -0.7803554005358 bend   7   33   21
  25 k  0.8474006838600 bend  43   48   17      val=   1.85394
        0.8557733623152 bend  42   48   17
        0.8283278241242 bend  42   43   17
       -0.7881692467050 bend   9   48   17
       -0.7969829538094 bend   9   43   17
       -0.7791305789230 bend   9   42   17
  26 k  0.6666666666667 tors  48   17    9    2 val=  58.65805
        0.6666666666667 tors  48   17    9    8
        0.6666666666667 tors  48   17    9   10
        0.6666666666667 tors  43   17    9    2
        0.6666666666667 tors  43   17    9    8
        0.6666666666667 tors  43   17    9   10
        0.6666666666667 tors  42   17    9    2
        0.6666666666667 tors  42   17    9    8
        0.6666666666667 tors  42   17    9   10
  27 k  0.6666666666667 tors  34   21    7    2 val=  57.86657
        0.6666666666667 tors  34   21    7    8
        0.6666666666667 tors  34   21    7   11
        0.6666666666667 tors  32   21    7    2
        0.6666666666667 tors  32   21    7    8
        0.6666666666667 tors  32   21    7   11
        0.6666666666667 tors  33   21    7    2
        0.6666666666667 tors  33   21    7    8
        0.6666666666667 tors  33   21    7   11
  28 k  0.6666666666667 tors  94   18   10    2 val=  80.03933
        0.6666666666667 tors  94   18   10    9
        0.6666666666667 tors  94   18   10   11
        0.6666666666667 tors  89   18   10    2
        0.6666666666667 tors  89   18   10    9
        0.6666666666667 tors  89   18   10   11
        0.6666666666667 tors  47   18   10    2
        0.6666666666667 tors  47   18   10    9
        0.6666666666667 tors  47   18   10   11
  29 k  0.6666666666667 tors  44   20   11    2 val=  60.02796
        0.6666666666667 tors  44   20   11    7
        0.6666666666667 tors  44   20   11   10
        0.6666666666667 tors 101   20   11    2
        0.6666666666667 tors 101   20   11    7
        0.6666666666667 tors 101   20   11   10
        0.6666666666667 tors 107   20   11    2
        0.6666666666667 tors 107   20   11    7
        0.6666666666667 tors 107   20   11   10
  30 k  0.6666666666667 tors  27   19    8    2 val=  62.29874
        0.6666666666667 tors  27   19    8    7
        0.6666666666667 tors  27   19    8    9
        0.6666666666667 tors  30   19    8    2
        0.6666666666667 tors  30   19    8    7
        0.6666666666667 tors  30   19    8    9
        0.6666666666667 tors  26   19    8    2
        0.6666666666667 tors  26   19    8    7
        0.6666666666667 tors  26   19    8    9
  31 k  0.0285334901294 bend  30   27   19      val=  -0.06244
        1.1813918583820 bend  26   27   19
       -1.2064713899444 bend  26   30   19
        0.7651101665630 bend   8   27   19
       -0.7498228255120 bend   8   30   19
       -0.0172645735078 bend   8   26   19
  32 k -1.3638543069304 bend  30   27   19      val=   0.41319
        0.6917818644862 bend  26   27   19
        0.6462755328322 bend  26   30   19
       -0.4273889751048 bend   8   27   19
       -0.4591505319966 bend   8   30   19
        0.9220556762062 bend   8   26   19
  33 k  0.0029832270260 bend  43   48   17      val=   0.06243
       -1.1806690389840 bend  42   48   17
        1.2053938664352 bend  42   43   17
       -0.7706483889652 bend   9   48   17
        0.7477509024562 bend   9   43   17
        0.0026449882138 bend   9   42   17
  34 k -0.0080260058594 bend  32   34   21      val=   0.11080
       -1.1753571317362 bend  33   34   21
        1.2090643749132 bend  33   32   21
       -0.7746014619654 bend   7   34   21
        0.7460176812152 bend   7   32   21
        0.0092047736536 bend   7   33   21
  35 k -0.3464341685854 bend 101   44   20      val=   0.03457
       -0.9573979257772 bend 107   44   20
        1.3262226067504 bend 107  101   20
       -0.8664850201254 bend  11   44   20
        0.6368933239880 bend  11  101   20
        0.2192641777770 bend  11  107   20
  36 k -0.3303346173880 bend  89   94   18      val=   0.20296
       -0.9657585696374 bend  47   94   18
        1.3231797513890 bend  47   89   18
       -0.8659417899758 bend  10   94   18
        0.6425807062508 bend  10   89   18
        0.2112335758562 bend  10   47   18
  37 k -1.3545814171074 bend  43   48   17      val=   0.35090
        0.6877461054896 bend  42   48   17
        0.6698682770604 bend  42   43   17
       -0.4491602734460 bend   9   48   17
       -0.4546634927088 bend   9   43   17
        0.9137434691176 bend   9   42   17
  38 k -1.3526231384260 bend  32   34   21      val=   0.35254
        0.6975642363040 bend  33   34   21
        0.6625921206380 bend  33   32   21
       -0.4444882439134 bend   7   34   21
       -0.4621753741782 bend   7   32   21
        0.9130227750820 bend   7   33   21
  39 k -1.2830633142742 bend 101   44   20      val=   1.00602
        0.9824664989952 bend 107   44   20
        0.3877775592944 bend 107  101   20
       -0.2389929345992 bend  11   44   20
       -0.6527860200880 bend  11  101   20
        0.8688437509776 bend  11  107   20
  40 k -1.2876941316164 bend  89   94   18      val=   1.08255
        0.9724086303580 bend  47   94   18
        0.3992135402950 bend  47   89   18
       -0.2487989208838 bend  10   94   18
       -0.6443667964630 bend  10   89   18
        0.8716561000958 bend  10   47   18
  41 k -1.4142023910367 bend   9   19    8      val=   0.16373
        1.4142230829941 bend   7   19    8
        0.0021607203670 bend   2   19    8
  42 k  1.4142557231987 bend   8   21    7      val=   0.12580
       -1.4141163612939 bend  11   21    7
        0.0124766229642 bend   2   21    7
  43 k  1.4142986261833 bend   8   17    9      val=   0.64659
       -1.4140870558619 bend  10   17    9
        0.0108256371666 bend   2   17    9
  44 k  1.4136362188294 bend   7   20   11      val=   0.62143
       -1.4144098549082 bend  10   20   11
        0.0328238198920 bend   2   20   11
  45 k  1.4135307496720 bend   9   18   10      val=   0.25636
       -1.4145024885426 bend  11   18   10
        0.0333695915280 bend   2   18   10
  46 k  0.0730620566408 bend  89   94   18      val=   0.44464
        0.7372644152924 bend  47   94   18
       -0.8146715423586 bend  47   89   18
       -1.2360066818709 bend  10   94   18
        1.1148219579856 bend  10   89   18
        0.1298956514190 bend  10   47   18
  47 k  0.0824319651730 bend 101   44   20      val=  -0.10305
        0.7324035828338 bend 107   44   20
       -0.8171338764602 bend 107  101   20
       -1.2441474551362 bend  11   44   20
        1.1044934038088 bend  11  101   20
        0.1458547967404 bend  11  107   20
  48 k -0.9036481511810 bend  30   27   19      val=   0.88915
        0.4733963040288 bend  26   27   19
        0.4506382632874 bend  26   30   19
        0.6597234712354 bend   8   27   19
        0.6908351234800 bend   8   30   19
       -1.3578486246735 bend   8   26   19
  49 k -0.0112759371648 bend  30   27   19      val=   0.08463
       -0.7520107175098 bend  26   27   19
        0.7630845545932 bend  26   30   19
        1.2038861873382 bend   8   27   19
       -1.1842093703302 bend   8   30   19
       -0.0189976759488 bend   8   26   19
  50 k -0.1180360088708 bend  32   34   21      val=   0.54202
        0.8125180929582 bend  33   34   21
       -0.6942721848794 bend  33   32   21
       -1.0897160083768 bend   7   34   21
        1.2747755652898 bend   7   32   21
       -0.1770148630922 bend   7   33   21
  51 k -0.1160426957184 bend  43   48   17      val=   0.52067
        0.8102558289442 bend  42   48   17
       -0.6944881749714 bend  42   43   17
       -1.0914519536228 bend   9   48   17
        1.2751018810242 bend   9   43   17
       -0.1747958386192 bend   9   42   17
  52 k  0.8898545635134 bend  89   94   18      val=  -0.23444
       -0.5392616373882 bend  47   94   18
       -0.3855147201554 bend  47   89   18
       -0.5630135062890 bend  10   94   18
       -0.7666993268466 bend  10   89   18
        1.3652553155833 bend  10   47   18
  53 k  0.8884254709734 bend 101   44   20      val=  -0.32815
       -0.5490579085814 bend 107   44   20
       -0.3748727453532 bend 107  101   20
       -0.5493417798300 bend  11   44   20
       -0.7785031640314 bend  11  101   20
        1.3641343236160 bend  11  107   20
  54 k -0.8975423135474 bend  43   48   17      val=   0.41016
        0.3553446891716 bend  42   48   17
        0.5587565772712 bend  42   43   17
        0.8206404327588 bend   9   48   17
        0.5144649922086 bend   9   43   17
       -1.3482633594884 bend   9   42   17
  55 k -0.8979259032094 bend  32   34   21      val=  -0.04333
        0.3543045039008 bend  33   34   21
        0.5598244648678 bend  33   32   21
        0.8222807472190 bend   7   34   21
        0.5116645204818 bend   7   32   21
       -1.3479049486628 bend   7   33   21
  56 k -0.1177960518074 bend   9   19    8      val=  95.54265
       -0.1208391308134 bend   7   19    8
        1.9928677815256 bend   2   19    8
  57 k -0.2707075746856 bend   7   20   11      val=  76.16930
       -0.2248702407168 bend  10   20   11
        1.9687942461943 bend   2   20   11
  58 k -0.2705765889376 bend   9   18   10      val=  73.97162
       -0.2239418732646 bend  11   18   10
        1.9689180650595 bend   2   18   10
  59 k -0.1481962825916 bend   8   17    9      val=  91.59804
       -0.1329833911016 bend  10   17    9
        1.9900636370521 bend   2   17    9
  60 k -0.1463684223588 bend   8   21    7      val=  89.64365
       -0.1288210836770 bend  11   21    7
        1.9904726607860 bend   2   21    7
  61 k  0.6030226891555 tors   1    3    2    4 val= 130.38531
        0.6030226891555 tors   1    3    2    7
        0.6030226891555 tors   1    3    2    8
        0.6030226891555 tors   1    3    2    9
        0.6030226891555 tors   1    3    2   10
        0.6030226891555 tors   1    3    2   11
        0.6030226891555 tors   1    3    2   12
        0.6030226891555 tors   1    3    2   13
        0.6030226891555 tors   1    3    2   14
        0.6030226891555 tors   1    3    2   15
        0.6030226891555 tors   1    3    2   16
  62 k  0.5000000000000 tors   8    7    2    3 val=  54.52411
        0.5000000000000 tors   8    7    2    4
        0.5000000000000 tors   8    7    2    9
        0.5000000000000 tors   8    7    2   10
        0.5000000000000 tors   8    7    2   12
        0.5000000000000 tors   8    7    2   13
        0.5000000000000 tors   8    7    2   15
        0.5000000000000 tors   8    7    2   16
        0.5000000000000 tors  11    7    2    3
        0.5000000000000 tors  11    7    2    4
        0.5000000000000 tors  11    7    2    9
        0.5000000000000 tors  11    7    2   10
        0.5000000000000 tors  11    7    2   12
        0.5000000000000 tors  11    7    2   13
        0.5000000000000 tors  11    7    2   15
        0.5000000000000 tors  11    7    2   16
  63 k  0.5000000000000 tors   7    8    2    3 val=  74.91780
        0.5000000000000 tors   7    8    2    4
        0.5000000000000 tors   7    8    2   10
        0.5000000000000 tors   7    8    2   11
        0.5000000000000 tors   7    8    2   12
        0.5000000000000 tors   7    8    2   14
        0.5000000000000 tors   7    8    2   15
        0.5000000000000 tors   7    8    2   16
        0.5000000000000 tors   9    8    2    3
        0.5000000000000 tors   9    8    2    4
        0.5000000000000 tors   9    8    2   10
        0.5000000000000 tors   9    8    2   11
        0.5000000000000 tors   9    8    2   12
        0.5000000000000 tors   9    8    2   14
        0.5000000000000 tors   9    8    2   15
        0.5000000000000 tors   9    8    2   16
  64 k  0.5000000000000 tors   8    9    2    3 val=  85.42527
        0.5000000000000 tors   8    9    2    4
        0.5000000000000 tors   8    9    2    7
        0.5000000000000 tors   8    9    2   11
        0.5000000000000 tors   8    9    2   13
        0.5000000000000 tors   8    9    2   14
        0.5000000000000 tors   8    9    2   15
        0.5000000000000 tors   8    9    2   16
        0.5000000000000 tors  10    9    2    3
        0.5000000000000 tors  10    9    2    4
        0.5000000000000 tors  10    9    2    7
        0.5000000000000 tors  10    9    2   11
        0.5000000000000 tors  10    9    2   13
        0.5000000000000 tors  10    9    2   14
        0.5000000000000 tors  10    9    2   15
        0.5000000000000 tors  10    9    2   16
  65 k  0.4714045207910 tors   7   11    2    3 val=  94.98224
        0.4714045207910 tors   7   11    2    4
        0.4714045207910 tors   7   11    2    8
        0.4714045207910 tors   7   11    2    9
        0.4714045207910 tors   7   11    2   12
        0.4714045207910 tors   7   11    2   13
        0.4714045207910 tors   7   11    2   14
        0.4714045207910 tors   7   11    2   15
        0.4714045207910 tors   7   11    2   16
        0.4714045207910 tors  10   11    2    3
        0.4714045207910 tors  10   11    2    4
        0.4714045207910 tors  10   11    2    8
        0.4714045207910 tors  10   11    2    9
        0.4714045207910 tors  10   11    2   12
        0.4714045207910 tors  10   11    2   13
        0.4714045207910 tors  10   11    2   14
        0.4714045207910 tors  10   11    2   15
        0.4714045207910 tors  10   11    2   16
  66 k  0.4714045207910 tors   9   10    2    3 val=  88.67215
        0.4714045207910 tors   9   10    2    4
        0.4714045207910 tors   9   10    2    7
        0.4714045207910 tors   9   10    2    8
        0.4714045207910 tors   9   10    2   12
        0.4714045207910 tors   9   10    2   13
        0.4714045207910 tors   9   10    2   14
        0.4714045207910 tors   9   10    2   15
        0.4714045207910 tors   9   10    2   16
        0.4714045207910 tors  11   10    2    3
        0.4714045207910 tors  11   10    2    4
        0.4714045207910 tors  11   10    2    7
        0.4714045207910 tors  11   10    2    8
        0.4714045207910 tors  11   10    2   12
        0.4714045207910 tors  11   10    2   13
        0.4714045207910 tors  11   10    2   14
        0.4714045207910 tors  11   10    2   15
        0.4714045207910 tors  11   10    2   16
  67 k  2.0000000000000 stre   1    3           val=   4.23763
  68 k  1.4142135623731 bend   4    3    1      val= 105.44515
  69 k  2.0000000000000 stre   2    3           val=   5.17110
  70 k  2.0000000000000 stre   2    7           val=   5.01566
  71 k  2.0000000000000 stre   2    8           val=   5.05642
  72 k  2.0000000000000 stre   7    8           val=   2.69800
  73 k  2.0000000000000 stre   2    9           val=   5.05149
  74 k  2.0000000000000 stre   8    9           val=   2.69068
  75 k  2.0000000000000 stre   2   11           val=   5.04490
  76 k  2.0000000000000 stre   7   11           val=   2.69971
  77 k  2.0000000000000 stre   2   10           val=   5.03690
  78 k  2.0000000000000 stre   9   10           val=   2.70032
  79 k  2.0000000000000 stre  11   10           val=   2.70393
  80 k -0.4000739183603 bend   4    3    2      val=  54.63680
       -0.1639921176318 bend   7    3    2
       -0.3015801480039 bend   7    4    2
       -0.2637107880997 bend   8    3    2
       -0.2663093786502 bend   8    4    2
        0.1792387621935 bend  13    7    2
        0.2673902578945 bend  12    7    2
        0.1523991289769 bend  12    8    2
       -0.3038357473396 bend   9    3    2
       -0.1671959700337 bend   9    4    2
        0.0395453143725 bend   9    7    2
       -0.0664102183858 bend  11    3    2
       -0.1015086273531 bend  11    4    2
        0.0635190799630 bend  11    8    2
        0.1064277722721 bend  11    9    2
        0.5903533260387 bend  15    7    2
        0.5434310985664 bend  15    8    2
        0.4562763834500 bend  15    9    2
        0.5409675375946 bend  15   11    2
       -0.1101316894884 bend  10    3    2
       -0.0700907100950 bend  10    4    2
        0.1074530769820 bend  10    7    2
        0.0619726349359 bend  10    8    2
        0.5954471860176 bend  10   12    2
        0.4844897129116 bend  10   15    2
        0.4510978998566 bend  16    7    2
        0.5316910618054 bend  16    8    2
        0.5466253863588 bend  16   10    2
  81 k -0.0105726253813 bend   4    3    2      val=   1.45417
       -0.4889070072105 bend   7    3    2
        0.5795437911767 bend   7    4    2
       -0.5755409561459 bend   8    3    2
        0.5701007895713 bend   8    4    2
       -0.0094566663334 bend  13    7    2
        0.0019091085758 bend  12    7    2
        0.0109512551068 bend  12    8    2
       -0.5847236583626 bend   9    3    2
        0.4942428214131 bend   9    4    2
        0.0014061176042 bend   9    7    2
       -0.3596189449775 bend  11    3    2
        0.7376262985543 bend  11    4    2
        0.2087833366257 bend  11    8    2
        0.1898719901971 bend  11    9    2
       -0.1832616852760 bend  15    7    2
       -0.2047751231790 bend  15    8    2
       -0.1726329220224 bend  15    9    2
       -0.3502171396840 bend  15   11    2
       -0.7354883554063 bend  10    3    2
        0.3688650772552 bend  10    4    2
       -0.1771281201952 bend  10    7    2
       -0.1981152810230 bend  10    8    2
        0.1845822536252 bend  10   12    2
       -0.0062789936992 bend  10   15    2
        0.1710068588200 bend  16    7    2
        0.2041057338907 bend  16    8    2
        0.3360767212856 bend  16   10    2
  82 k -0.0172545111039 bend   4    3    2      val=   2.05370
        0.2839324820759 bend   7    3    2
       -0.2350911188386 bend   7    4    2
        0.3091127411182 bend   8    3    2
       -0.3183198554152 bend   8    4    2
       -0.0672021493319 bend  13    7    2
        0.0052175305260 bend  12    7    2
        0.0720343539616 bend  12    8    2
        0.2223425785612 bend   9    3    2
       -0.2852824534477 bend   9    4    2
        0.0016124235606 bend   9    7    2
        0.4115966852168 bend  11    3    2
        0.0434871023186 bend  11    4    2
        0.3988644539755 bend  11    8    2
        0.2922708053091 bend  11    9    2
       -0.3869882140782 bend  15    7    2
       -0.3861190377283 bend  15    8    2
       -0.2752045898265 bend  15    9    2
       -0.7184458280834 bend  15   11    2
       -0.0323381283010 bend  10    3    2
       -0.3915111783314 bend  10    4    2
       -0.2685080710499 bend  10    7    2
       -0.3779920374994 bend  10    8    2
        0.3884190848194 bend  10   12    2
       -0.0091168052532 bend  10   15    2
        0.2755012136317 bend  16    7    2
        0.3842417302663 bend  16    8    2
        0.6926597294925 bend  16   10    2
  83 k -0.7604217670186 bend   4    3    2      val=   6.91348
        0.0932409657484 bend   7    3    2
       -0.2642119268757 bend   7    4    2
       -0.2993935185665 bend   8    3    2
       -0.2910540676708 bend   8    4    2
        0.2319566438177 bend  13    7    2
        0.2705690103672 bend  12    7    2
        0.1811935386089 bend  12    8    2
       -0.2575259022525 bend   9    3    2
        0.0861114038446 bend   9    4    2
       -0.1281072485595 bend   9    7    2
        0.3630544964079 bend  11    3    2
        0.3197181841618 bend  11    4    2
        0.5680903368022 bend  11    8    2
        0.2358557812498 bend  11    9    2
       -0.0332087113867 bend  15    7    2
        0.1001741106679 bend  15    8    2
       -0.0358432760078 bend  15    9    2
       -0.4339644702342 bend  15   11    2
        0.3284989042134 bend  10    3    2
        0.3743500184156 bend  10    4    2
        0.2325365046733 bend  10    7    2
        0.5898057505584 bend  10    8    2
       -0.0597711206036 bend  10   12    2
       -0.4871374716171 bend  10   15    2
       -0.0445440923836 bend  16    7    2
        0.0672667477991 bend  16    8    2
       -0.4700235578513 bend  16   10    2
  84 k  0.1501144525454 bend   4    3    2      val= -13.20247
       -0.4388819053404 bend   7    3    2
        0.2299086412413 bend   7    4    2
       -0.2176863023901 bend   8    3    2
       -0.2046386097574 bend   8    4    2
       -0.3696960876164 bend  13    7    2
       -0.8098876743543 bend  12    7    2
       -0.3967261859681 bend  12    8    2
        0.2053619586834 bend   9    3    2
       -0.4529679171599 bend   9    4    2
        1.0232848081950 bend   9    7    2
       -0.1723007652843 bend  11    3    2
        0.1082810236827 bend  11    4    2
        0.3233695338434 bend  11    8    2
        0.6088506091051 bend  11    9    2
        0.1272688909374 bend  15    7    2
        0.1879272415816 bend  15    8    2
       -0.2731052338209 bend  15    9    2
        0.0304541444019 bend  15   11    2
        0.1193587350183 bend  10    3    2
       -0.1855881518635 bend  10    4    2
        0.6243982527514 bend  10    7    2
        0.3366283889541 bend  10    8    2
        0.1642497240893 bend  10   12    2
       -0.1465097091164 bend  10   15    2
       -0.3180209159496 bend  16    7    2
        0.1615744827212 bend  16    8    2
        0.0420646865318 bend  16   10    2
  85 k  1.1223006081423 bend   4    3    2      val=  11.97091
       -0.2580524871602 bend   7    3    2
       -0.1283703602213 bend   7    4    2
       -0.1897565816367 bend   8    3    2
       -0.1309686663005 bend   8    4    2
        0.3558828330930 bend  13    7    2
        0.4380237853462 bend  12    7    2
        0.1914714627185 bend  12    8    2
       -0.0518385289873 bend   9    3    2
       -0.2553861004160 bend   9    4    2
       -0.3426876496984 bend   9    7    2
       -0.3605914827317 bend  11    3    2
       -0.0393469474088 bend  11    4    2
        0.3585222182401 bend  11    8    2
        0.1061126404094 bend  11    9    2
        0.0793367867684 bend  15    7    2
        0.1095774291361 bend  15    8    2
        0.0346201317080 bend  15    9    2
       -0.2032435466035 bend  15   11    2
       -0.0410964458045 bend  10    3    2
       -0.3574548284829 bend  10    4    2
        0.0605292312604 bend  10    7    2
        0.3702407791250 bend  10    8    2
        0.0344024120341 bend  10   12    2
       -0.2593030447539 bend  10   15    2
        0.1240041029027 bend  16    7    2
        0.0859740533148 bend  16    8    2
       -0.1860724948849 bend  16   10    2
  86 k  0.1124575153070 bend   4    3    2      val=   3.75949
       -0.1212112835918 bend   7    3    2
        0.4780790182429 bend   7    4    2
        0.3023444193698 bend   8    3    2
       -0.3557442462532 bend   8    4    2
       -0.9880132755979 bend  13    7    2
        0.0684628671170 bend  12    7    2
        1.0741790286566 bend  12    8    2
       -0.5186792609116 bend   9    3    2
        0.0727745675903 bend   9    4    2
       -0.0434757294562 bend   9    7    2
        0.0318738833419 bend  11    3    2
       -0.1019350348968 bend  11    4    2
        0.1602029619254 bend  11    8    2
       -0.2723979380033 bend  11    9    2
       -0.2752693651918 bend  15    7    2
       -0.1084229061547 bend  15    8    2
        0.5896390594903 bend  15    9    2
       -0.0059862109511 bend  15   11    2
        0.1038941340788 bend  10    3    2
       -0.0981776390819 bend  10    4    2
        0.3140686815284 bend  10    7    2
       -0.0638373389672 bend  10    8    2
        0.2782932443817 bend  10   12    2
       -0.0368670866007 bend  10   15    2
       -0.5684231877177 bend  16    7    2
        0.1588313219061 bend  16    8    2
       -0.0534956774168 bend  16   10    2
  87 k  0.1210754280046 bend   4    3    2      val=   6.71877
        0.3417976164525 bend   7    3    2
        0.3900875952499 bend   7    4    2
       -0.4488325128643 bend   8    3    2
       -0.4688307365294 bend   8    4    2
        0.0312450147659 bend  13    7    2
       -0.4102292316815 bend  12    7    2
        0.0509185868109 bend  12    8    2
        0.4166176365294 bend   9    3    2
        0.3696665522373 bend   9    4    2
       -0.0500029942942 bend   9    7    2
        0.0711458123922 bend  11    3    2
       -0.2343009168830 bend  11    4    2
        0.4327491721434 bend  11    8    2
       -0.5791580908106 bend  11    9    2
       -0.4518875979994 bend  15    7    2
        0.7081270768305 bend  15    8    2
       -0.2185837574646 bend  15    9    2
        0.0932555059916 bend  15   11    2
       -0.2443286655492 bend  10    3    2
        0.0786854178819 bend  10    4    2
       -0.5576619655190 bend  10    7    2
        0.3976304493964 bend  10    8    2
       -0.4806763918484 bend  10   12    2
        0.3154456714532 bend  10   15    2
       -0.1731836954310 bend  16    7    2
        0.7279498376162 bend  16    8    2
        0.0920237046107 bend  16   10    2
  88 k -0.0154313496364 bend   4    3    2      val=  -4.04115
       -0.5908129503157 bend   7    3    2
       -0.4582239311717 bend   7    4    2
        0.3416843976026 bend   8    3    2
       -0.3319708457999 bend   8    4    2
       -0.4440128344631 bend  13    7    2
       -0.0160039158335 bend  12    7    2
        0.4520710402979 bend  12    8    2
        0.4409708436172 bend   9    3    2
        0.5429900826858 bend   9    4    2
        0.0111988396719 bend   9    7    2
       -0.1605409289388 bend  11    3    2
        0.1686778579712 bend  11    4    2
        0.2341887677426 bend  11    8    2
       -0.2986871129482 bend  11    9    2
        0.7104901830082 bend  15    7    2
       -0.2957327581667 bend  15    8    2
       -0.6254925984294 bend  15    9    2
        0.0582366364646 bend  15   11    2
       -0.1263208847888 bend  10    3    2
        0.1411785500074 bend  10    4    2
        0.3731011245066 bend  10    7    2
       -0.2552927655090 bend  10    8    2
       -0.6608659185024 bend  10   12    2
       -0.0239751022771 bend  10   15    2
        0.6029403026676 bend  16    7    2
        0.2926086121504 bend  16    8    2
       -0.0593564215662 bend  16   10    2
  89 k -0.0294363979289 bend   4    3    2      val=   2.75443
       -0.4175320612699 bend   7    3    2
       -0.0318966580153 bend   7    4    2
       -0.3138337335376 bend   8    3    2
        0.3156281010223 bend   8    4    2
        0.2294807120414 bend  13    7    2
        0.0053932501543 bend  12    7    2
       -0.2027291821135 bend  12    8    2
        0.0440669893388 bend   9    3    2
        0.4844599231018 bend   9    4    2
       -0.0427921073023 bend   9    7    2
        0.4871478216277 bend  11    3    2
       -0.1985667117200 bend  11    4    2
       -0.1132946110056 bend  11    8    2
       -0.7713995626400 bend  11    9    2
       -0.0469266714686 bend  15    7    2
        0.1815725258793 bend  15    8    2
        0.0769256022987 bend  15    9    2
       -0.5220426395147 bend  15   11    2
        0.2364142906565 bend  10    3    2
       -0.5440360724142 bend  10    4    2
        0.7898418588620 bend  10    7    2
        0.1470396533902 bend  10    8    2
        0.0357507877154 bend  10   12    2
        0.0077771835847 bend  10   15    2
       -0.1407864316494 bend  16    7    2
       -0.2402044528754 bend  16    8    2
        0.6105589329266 bend  16   10    2
  90 k -0.2337498111225 bend   4    3    2      val=  10.34108
        0.4753966999639 bend   7    3    2
        0.1164178051120 bend   7    4    2
       -0.0138175648708 bend   8    3    2
       -0.0561446158352 bend   8    4    2
        0.1097154387259 bend  13    7    2
        0.0966668016930 bend  12    7    2
        0.1419560929633 bend  12    8    2
        0.1045348979059 bend   9    3    2
        0.3903525971995 bend   9    4    2
       -0.4369848049097 bend   9    7    2
       -0.6395462407017 bend  11    3    2
        0.4812658247675 bend  11    4    2
        0.0999409120015 bend  11    8    2
        0.2374255599439 bend  11    9    2
        0.0550008685604 bend  15    7    2
       -0.1043485699595 bend  15    8    2
       -0.5334985103637 bend  15    9    2
        0.6069953591388 bend  15   11    2
        0.4342878986584 bend  10    3    2
       -0.5759571613073 bend  10    4    2
        0.1338025830681 bend  10    7    2
        0.1067992154198 bend  10    8    2
        0.0580518795347 bend  10   12    2
       -0.2072300201650 bend  10   15    2
       -0.5198232310559 bend  16    7    2
       -0.1094342640816 bend  16    8    2
        0.5619018229317 bend  16   10    2
  91 k  2.0000000000000 bend   2    1    3      val=  86.57936
  92 k  2.0000000000000 bend  11    8    7      val= 108.14777
  93 k  2.0000000000000 bend   7    9    8      val= 107.97055
  94 k  2.0000000000000 bend  10    8    9      val= 108.17619
  95 k  2.0000000000000 bend  11    9   10      val= 107.90349
  96 k  2.0000000000000 bend  10    7   11      val= 107.77938
        78 non zero eigenvalues  of BmBt
           1           3.651272595    1    0
         1
           2           3.633961003    2    0
         2
           3           3.566657451    3    0
         3
           4           3.516958264    4    0
         4
           5           3.502783981    5    0
         5
           6           3.482076797    6    0
         6
           7           3.450927260    7    0
         7
           8           3.442322453    8    0
         8
           9           3.394114910    9    0
         9
          10           3.380812123   10    0
        10
          11           3.197142606   11    0
        11
          12           3.179736453   12    0
        12
          13           3.173558519   13    0
        13
          14           3.151904442   14    0
        14
          15           3.150545033   15    0
        15
          16           2.064381707   16    0
        16
          17           1.831539742   17    0
        17
          18           1.426313524   18    0
        18
          19           1.423407720   19    0
        19
          20           1.412892317   20    0
        20
          21           1.239776178   21    0
        21
          22           1.222192785   22    0
        22
          23           1.034469270   23    0
        23
          24           1.024810150   24    0
        24
          25           1.010589160   25    0
        25
          26           0.908693356   26    0
        26
          27           0.902334827   27    0
        27
          28           0.776046174   28    0
        28
          29           0.772503589   29    0
        29
          30           0.740698019   30    0
        30
          31           0.737035047   31    0
        31
          32           0.679691069   32    0
        32
          33           0.677759414   33    0
        33
          34           0.676760413   34    0
        34
          35           0.674926257   35    0
        35
          36           0.674833317   36    0
        36
          37           0.673419128   37    0
        37
          38           0.672728464   38    0
        38
          39           0.672040772   39    0
        39
          40           0.671773805   40    0
        40
          41           0.669368618   41    0
        41
          42           0.667601863   42    0
        42
          43           0.663672000   43    0
        43
          44           0.643670275   44    0
        44
          45           0.635871662   45    0
        45
          46           0.629815895   46    0
        46
          47           0.476441061   47    0
        47
          48           0.474520056   48    0
        48
          49           0.454880955   49    0
        49
          50           0.446559175   50    0
        50
          51           0.240717765   51    0
        51
          52           0.198038204   52    0
        52
          53           0.197650797   53    0
        53
          54           0.127292267   54    0
        54
          55           0.108220762   55    0
        55
          56           0.105765410   56    0
        56
          57           0.087086135   57    0
        57
          58           0.079964425   58    0
        58
          59           0.076010374   59    0
        59
          60           0.064736456   60    0
        60
          61           3.026855211    0    0
         0.000000000         0.000000000         0.000000000         0.000000000
         0.000000000         0.000000000         0.000000000         0.000000000
         0.000000000         0.000000000         0.000000000         0.000000000
         0.000000000         0.000000000         0.000000000         0.000000000
         0.000000000         0.000000000         0.000000000         0.000000000
         0.000000000         0.000000000         0.000000000         0.000000000
         0.000000000         0.000000000         0.000000000         0.000000000
         0.000000000         0.000000000         0.000000000         0.000000000
         0.000000000         0.000000000         0.000000000         0.000000000
         0.000000000         0.000000000         0.000000000         0.000000000
         0.000000000         0.000000000         0.000000000         0.000000000
         0.000000000         0.000000000         0.000000000         0.000000000
         0.000000000         0.000000000         0.000000000         0.000000000
         0.000000000         0.000000000         0.000000000         0.000000000
         0.000000000         0.000000000         0.000000000         0.000000000
        -0.000215372         0.163017518         0.000899414        -0.161853930
        -0.006672785         0.006072444         0.011115361        -0.065819254
        -0.580639719         0.039776300        -0.222591609         0.028017875
         0.025405959         0.029311371         0.438531906         0.017490777
         0.429308526         0.017752508        -0.015071021        -0.413159296
        -0.001208807        -0.002121364        -0.030204726         0.017666731
         0.005329398        -0.001018376         0.043635845        -0.002307729
        -0.001714682        -0.014465951        -0.017257447        -0.007522418
        -0.002747931        -0.007691840         0.008757193         0.009230565
          62           1.212637599    0    0
         0.000000000         0.000000000         0.000000000         0.000000000
         0.000000000         0.000000000         0.000000000         0.000000000
         0.000000000         0.000000000         0.000000000         0.000000000
         0.000000000         0.000000000         0.000000000         0.000000000
         0.000000000         0.000000000         0.000000000         0.000000000
         0.000000000         0.000000000         0.000000000         0.000000000
         0.000000000         0.000000000         0.000000000         0.000000000
         0.000000000         0.000000000         0.000000000         0.000000000
         0.000000000         0.000000000         0.000000000         0.000000000
         0.000000000         0.000000000         0.000000000         0.000000000
         0.000000000         0.000000000         0.000000000         0.000000000
         0.000000000         0.000000000         0.000000000         0.000000000
         0.000000000         0.000000000         0.000000000         0.000000000
         0.000000000         0.000000000         0.000000000         0.000000000
         0.000000000         0.000000000         0.000000000         0.000000000
         0.000433016        -0.002878186        -0.000524867         0.004725793
         0.050326093        -0.052238483        -0.873548890        -0.077670259
        -0.207688491        -0.011282326         0.032497107        -0.011599949
        -0.009301274        -0.011302651        -0.057002565         0.002665231
        -0.055955542         0.002415641        -0.010216299         0.102985957
         0.003661086         0.005522328         0.211241808        -0.087617723
        -0.240559620        -0.022451211        -0.012272928         0.001020259
         0.003723099         0.024215512         0.228382475         0.007620147
        -0.006826173         0.007209654        -0.003664820        -0.004381073
          63           0.923902788    0    0
         0.000000000         0.000000000         0.000000000         0.000000000
         0.000000000         0.000000000         0.000000000         0.000000000
         0.000000000         0.000000000         0.000000000         0.000000000
         0.000000000         0.000000000         0.000000000         0.000000000
         0.000000000         0.000000000         0.000000000         0.000000000
         0.000000000         0.000000000         0.000000000         0.000000000
         0.000000000         0.000000000         0.000000000         0.000000000
         0.000000000         0.000000000         0.000000000         0.000000000
         0.000000000         0.000000000         0.000000000         0.000000000
         0.000000000         0.000000000         0.000000000         0.000000000
         0.000000000         0.000000000         0.000000000         0.000000000
         0.000000000         0.000000000         0.000000000         0.000000000
         0.000000000         0.000000000         0.000000000         0.000000000
         0.000000000         0.000000000         0.000000000         0.000000000
         0.000000000         0.000000000         0.000000000         0.000000000
         0.000522990         0.120817478         0.000984642        -0.119895911
         0.018427111        -0.019360601        -0.276152639         0.305551811
         0.702270774         0.032574863        -0.147842870         0.014308513
         0.022529883         0.015833732         0.298222928         0.039699293
         0.292227107         0.038351276         0.030130487        -0.236818328
         0.000320805         0.001045736         0.063968767        -0.010605791
        -0.085581430        -0.008964433         0.015981217        -0.000641921
         0.000566446         0.001401181        -0.192753483        -0.005100641
         0.013279976        -0.004784029        -0.001798721        -0.001559248
          64           0.745550024    0    0
         0.000000000         0.000000000         0.000000000         0.000000000
         0.000000000         0.000000000         0.000000000         0.000000000
         0.000000000         0.000000000         0.000000000         0.000000000
         0.000000000         0.000000000         0.000000000         0.000000000
         0.000000000         0.000000000         0.000000000         0.000000000
         0.000000000         0.000000000         0.000000000         0.000000000
         0.000000000         0.000000000         0.000000000         0.000000000
         0.000000000         0.000000000         0.000000000         0.000000000
         0.000000000         0.000000000         0.000000000         0.000000000
         0.000000000         0.000000000         0.000000000         0.000000000
         0.000000000         0.000000000         0.000000000         0.000000000
         0.000000000         0.000000000         0.000000000         0.000000000
         0.000000000         0.000000000         0.000000000         0.000000000
         0.000000000         0.000000000         0.000000000         0.000000000
         0.000000000         0.000000000         0.000000000         0.000000000
        -0.757287851         0.001185371         0.023564053         0.003378551
        -0.147628929        -0.141414384        -0.000321380         0.000254766
         0.000449430         0.009365099        -0.000162026         0.042730360
        -0.007648793        -0.040603869         0.023689441         0.006351080
        -0.023526021        -0.007774185         0.000831974        -0.000121183
         0.574138178        -0.217529701        -0.001642005         0.000425164
        -0.002383275         0.032360164         0.000375011        -0.001771500
         0.011019165        -0.000989240        -0.000164571         0.000004161
         0.000586224        -0.001473174         0.024719968        -0.023844031
          65           0.512106443    0    0
         0.000000000         0.000000000         0.000000000         0.000000000
         0.000000000         0.000000000         0.000000000         0.000000000
         0.000000000         0.000000000         0.000000000         0.000000000
         0.000000000         0.000000000         0.000000000         0.000000000
         0.000000000         0.000000000         0.000000000         0.000000000
         0.000000000         0.000000000         0.000000000         0.000000000
         0.000000000         0.000000000         0.000000000         0.000000000
         0.000000000         0.000000000         0.000000000         0.000000000
         0.000000000         0.000000000         0.000000000         0.000000000
         0.000000000         0.000000000         0.000000000         0.000000000
         0.000000000         0.000000000         0.000000000         0.000000000
         0.000000000         0.000000000         0.000000000         0.000000000
         0.000000000         0.000000000         0.000000000         0.000000000
         0.000000000         0.000000000         0.000000000         0.000000000
         0.000000000         0.000000000         0.000000000         0.000000000
         0.001618192        -0.154034035        -0.013639813         0.180297470
         0.191859236        -0.203728050         0.049484483         0.002148409
        -0.000822597        -0.159315473         0.215295709        -0.089795745
        -0.143242094        -0.145147553         0.106662602         0.411516426
         0.084924013         0.446340258        -0.480113131        -0.051768674
         0.001997736         0.008034729         0.166897842        -0.106531148
         0.099613479         0.022828929         0.011966744        -0.005830164
        -0.014325107        -0.104519284        -0.012297950         0.129034185
        -0.160158474         0.116135690        -0.033785924        -0.054577777
          66           0.503128924    0    0
         0.000000000         0.000000000         0.000000000         0.000000000
         0.000000000         0.000000000         0.000000000         0.000000000
         0.000000000         0.000000000         0.000000000         0.000000000
         0.000000000         0.000000000         0.000000000         0.000000000
         0.000000000         0.000000000         0.000000000         0.000000000
         0.000000000         0.000000000         0.000000000         0.000000000
         0.000000000         0.000000000         0.000000000         0.000000000
         0.000000000         0.000000000         0.000000000         0.000000000
         0.000000000         0.000000000         0.000000000         0.000000000
         0.000000000         0.000000000         0.000000000         0.000000000
         0.000000000         0.000000000         0.000000000         0.000000000
         0.000000000         0.000000000         0.000000000         0.000000000
         0.000000000         0.000000000         0.000000000         0.000000000
         0.000000000         0.000000000         0.000000000         0.000000000
         0.000000000         0.000000000         0.000000000         0.000000000
         0.078379270         0.248301764        -0.192267167         0.233953901
        -0.143243507        -0.115628591        -0.003504472         0.000471750
         0.000649498        -0.124882404        -0.012646535         0.460918022
         0.145273408        -0.441986319         0.166724934        -0.298901893
        -0.174556071         0.247699912         0.029925897         0.001902471
         0.009042569         0.144585590        -0.012204758         0.005234144
        -0.016759264         0.138584467         0.001101764        -0.040627121
        -0.144154744         0.014837721         0.000233532         0.100902649
         0.009561241        -0.116764930         0.183179370        -0.176961825
          67           0.414494299    0    0
         0.000000000         0.000000000         0.000000000         0.000000000
         0.000000000         0.000000000         0.000000000         0.000000000
         0.000000000         0.000000000         0.000000000         0.000000000
         0.000000000         0.000000000         0.000000000         0.000000000
         0.000000000         0.000000000         0.000000000         0.000000000
         0.000000000         0.000000000         0.000000000         0.000000000
         0.000000000         0.000000000         0.000000000         0.000000000
         0.000000000         0.000000000         0.000000000         0.000000000
         0.000000000         0.000000000         0.000000000         0.000000000
         0.000000000         0.000000000         0.000000000         0.000000000
         0.000000000         0.000000000         0.000000000         0.000000000
         0.000000000         0.000000000         0.000000000         0.000000000
         0.000000000         0.000000000         0.000000000         0.000000000
         0.000000000         0.000000000         0.000000000         0.000000000
         0.000000000         0.000000000         0.000000000         0.000000000
        -0.001023345         0.219681641         0.002399713        -0.217933194
         0.096326640        -0.101572882         0.022173258         0.018127700
         0.010667193        -0.301739055        -0.364373792        -0.398132853
        -0.305032460        -0.405632926        -0.144696425        -0.217376966
        -0.149249391        -0.215729609        -0.261813435        -0.079957080
        -0.000161112        -0.001611229        -0.048355991        -0.152576566
        -0.011873786         0.000208971        -0.022363994        -0.000673401
        -0.000635633        -0.005981328        -0.023878078         0.017287592
         0.039597895         0.017753249        -0.036730236        -0.038177253
          68           0.344904623    0    0
         0.000000000         0.000000000         0.000000000         0.000000000
         0.000000000         0.000000000         0.000000000         0.000000000
         0.000000000         0.000000000         0.000000000         0.000000000
         0.000000000         0.000000000         0.000000000         0.000000000
         0.000000000         0.000000000         0.000000000         0.000000000
         0.000000000         0.000000000         0.000000000         0.000000000
         0.000000000         0.000000000         0.000000000         0.000000000
         0.000000000         0.000000000         0.000000000         0.000000000
         0.000000000         0.000000000         0.000000000         0.000000000
         0.000000000         0.000000000         0.000000000         0.000000000
         0.000000000         0.000000000         0.000000000         0.000000000
         0.000000000         0.000000000         0.000000000         0.000000000
         0.000000000         0.000000000         0.000000000         0.000000000
         0.000000000         0.000000000         0.000000000         0.000000000
         0.000000000         0.000000000         0.000000000         0.000000000
        -0.023649593        -0.181160793         0.272822133        -0.184823229
         0.080712458         0.082800198        -0.002703161        -0.000193326
         0.000082581         0.160130536         0.002623966         0.365990199
        -0.155661109        -0.365270551        -0.125520798        -0.187686059
         0.123104349         0.189724205         0.001514043         0.000134032
        -0.078639976        -0.153539054         0.001272499         0.002147504
        -0.013233614         0.152256341         0.000216553         0.008618124
         0.009371779         0.001264763         0.000766821        -0.239576252
         0.001499071         0.237843351        -0.359007342         0.359342473
          69           0.306311111    0    0
         0.000000000         0.000000000         0.000000000         0.000000000
         0.000000000         0.000000000         0.000000000         0.000000000
         0.000000000         0.000000000         0.000000000         0.000000000
         0.000000000         0.000000000         0.000000000         0.000000000
         0.000000000         0.000000000         0.000000000         0.000000000
         0.000000000         0.000000000         0.000000000         0.000000000
         0.000000000         0.000000000         0.000000000         0.000000000
         0.000000000         0.000000000         0.000000000         0.000000000
         0.000000000         0.000000000         0.000000000         0.000000000
         0.000000000         0.000000000         0.000000000         0.000000000
         0.000000000         0.000000000         0.000000000         0.000000000
         0.000000000         0.000000000         0.000000000         0.000000000
         0.000000000         0.000000000         0.000000000         0.000000000
         0.000000000         0.000000000         0.000000000         0.000000000
         0.000000000         0.000000000         0.000000000         0.000000000
         0.001918711        -0.035290440         0.005565094         0.038064843
        -0.239201230         0.234432345        -0.035638849         0.000643502
         0.002464569         0.186493911        -0.285455121        -0.060189254
         0.188858199        -0.058794769        -0.082275887         0.216605822
        -0.081696253         0.211983803        -0.406217473         0.029354324
        -0.002760958        -0.000621279        -0.072637170         0.048993814
        -0.066912466        -0.006250541        -0.065180064         0.001547111
        -0.007673896        -0.092980082         0.006586397        -0.342815281
         0.383141146        -0.342671525         0.153829201         0.151749636
          70           0.246727486    0    0
         0.000000000         0.000000000         0.000000000         0.000000000
         0.000000000         0.000000000         0.000000000         0.000000000
         0.000000000         0.000000000         0.000000000         0.000000000
         0.000000000         0.000000000         0.000000000         0.000000000
         0.000000000         0.000000000         0.000000000         0.000000000
         0.000000000         0.000000000         0.000000000         0.000000000
         0.000000000         0.000000000         0.000000000         0.000000000
         0.000000000         0.000000000         0.000000000         0.000000000
         0.000000000         0.000000000         0.000000000         0.000000000
         0.000000000         0.000000000         0.000000000         0.000000000
         0.000000000         0.000000000         0.000000000         0.000000000
         0.000000000         0.000000000         0.000000000         0.000000000
         0.000000000         0.000000000         0.000000000         0.000000000
         0.000000000         0.000000000         0.000000000         0.000000000
         0.000000000         0.000000000         0.000000000         0.000000000
        -0.020357219        -0.417800397        -0.113237504         0.379288528
        -0.153621714         0.281958408        -0.067957654         0.055494339
         0.012101589        -0.173661770        -0.169992186         0.129131295
        -0.198791356         0.186819093         0.097942874        -0.347932724
         0.096246942        -0.208725387        -0.333109267        -0.028269645
         0.002008602        -0.032294068        -0.062105265        -0.011961984
        -0.036512613        -0.017745978         0.178142762        -0.027912827
        -0.013404104        -0.027470550        -0.049876641         0.060612083
        -0.229330047         0.013489225         0.053548586         0.100319679
          71           0.244203902    0    0
         0.000000000         0.000000000         0.000000000         0.000000000
         0.000000000         0.000000000         0.000000000         0.000000000
         0.000000000         0.000000000         0.000000000         0.000000000
         0.000000000         0.000000000         0.000000000         0.000000000
         0.000000000         0.000000000         0.000000000         0.000000000
         0.000000000         0.000000000         0.000000000         0.000000000
         0.000000000         0.000000000         0.000000000         0.000000000
         0.000000000         0.000000000         0.000000000         0.000000000
         0.000000000         0.000000000         0.000000000         0.000000000
         0.000000000         0.000000000         0.000000000         0.000000000
         0.000000000         0.000000000         0.000000000         0.000000000
         0.000000000         0.000000000         0.000000000         0.000000000
         0.000000000         0.000000000         0.000000000         0.000000000
         0.000000000         0.000000000         0.000000000         0.000000000
         0.000000000         0.000000000         0.000000000         0.000000000
         0.108084471         0.030230605         0.575336159         0.190791097
        -0.349456636        -0.267386464        -0.012223442         0.009931583
         0.002092158        -0.056703569        -0.028462866         0.181757429
        -0.021122579        -0.116292688         0.026382315         0.310335604
         0.014506934        -0.417048970        -0.062828912        -0.006659451
        -0.029392151         0.136276750        -0.015695586        -0.003179498
        -0.010698544         0.047648946         0.041970873         0.109688322
         0.051525165        -0.009745276        -0.008925939        -0.120258004
        -0.047976209         0.139689222         0.124959596        -0.096770417
          72           0.216854451    0    0
         0.000000000         0.000000000         0.000000000         0.000000000
         0.000000000         0.000000000         0.000000000         0.000000000
         0.000000000         0.000000000         0.000000000         0.000000000
         0.000000000         0.000000000         0.000000000         0.000000000
         0.000000000         0.000000000         0.000000000         0.000000000
         0.000000000         0.000000000         0.000000000         0.000000000
         0.000000000         0.000000000         0.000000000         0.000000000
         0.000000000         0.000000000         0.000000000         0.000000000
         0.000000000         0.000000000         0.000000000         0.000000000
         0.000000000         0.000000000         0.000000000         0.000000000
         0.000000000         0.000000000         0.000000000         0.000000000
         0.000000000         0.000000000         0.000000000         0.000000000
         0.000000000         0.000000000         0.000000000         0.000000000
         0.000000000         0.000000000         0.000000000         0.000000000
         0.000000000         0.000000000         0.000000000         0.000000000
        -0.011943911         0.096468367        -0.063706840         0.086590124
         0.173500348         0.167687142         0.001070067        -0.000543583
        -0.000094684         0.544577112         0.012474467         0.070101762
        -0.531556391        -0.068899993         0.355945696         0.140580826
        -0.379290485        -0.138172517        -0.001289908         0.000306352
        -0.003734012        -0.032094192         0.002881669        -0.000889664
         0.004215521        -0.045084094        -0.003028450         0.010458359
        -0.047224849         0.002930509         0.000413492        -0.025770611
         0.001277822         0.023132331         0.089469002        -0.088073951
          73           0.117027139    0    0
         0.000000000         0.000000000         0.000000000         0.000000000
         0.000000000         0.000000000         0.000000000         0.000000000
         0.000000000         0.000000000         0.000000000         0.000000000
         0.000000000         0.000000000         0.000000000         0.000000000
         0.000000000         0.000000000         0.000000000         0.000000000
         0.000000000         0.000000000         0.000000000         0.000000000
         0.000000000         0.000000000         0.000000000         0.000000000
         0.000000000         0.000000000         0.000000000         0.000000000
         0.000000000         0.000000000         0.000000000         0.000000000
         0.000000000         0.000000000         0.000000000         0.000000000
         0.000000000         0.000000000         0.000000000         0.000000000
         0.000000000         0.000000000         0.000000000         0.000000000
         0.000000000         0.000000000         0.000000000         0.000000000
         0.000000000         0.000000000         0.000000000         0.000000000
         0.000000000         0.000000000         0.000000000         0.000000000
        -0.008075498         0.208922169         0.061075974        -0.266769602
        -0.073652760         0.136133234        -0.046557489         0.084224764
        -0.019270073         0.003309496         0.694905688         0.000711839
         0.129653278         0.016777378         0.080339372        -0.199339423
        -0.078214843        -0.185160468        -0.388915621        -0.143948300
        -0.015924109        -0.037803895        -0.176477664        -0.125046202
        -0.063408576         0.000244173        -0.021324997         0.006341394
         0.002911934        -0.038263090        -0.092710906        -0.063857433
        -0.047856495        -0.069742638         0.083756087         0.089107289
          74           0.116648117    0    0
         0.000000000         0.000000000         0.000000000         0.000000000
         0.000000000         0.000000000         0.000000000         0.000000000
         0.000000000         0.000000000         0.000000000         0.000000000
         0.000000000         0.000000000         0.000000000         0.000000000
         0.000000000         0.000000000         0.000000000         0.000000000
         0.000000000         0.000000000         0.000000000         0.000000000
         0.000000000         0.000000000         0.000000000         0.000000000
         0.000000000         0.000000000         0.000000000         0.000000000
         0.000000000         0.000000000         0.000000000         0.000000000
         0.000000000         0.000000000         0.000000000         0.000000000
         0.000000000         0.000000000         0.000000000         0.000000000
         0.000000000         0.000000000         0.000000000         0.000000000
         0.000000000         0.000000000         0.000000000         0.000000000
         0.000000000         0.000000000         0.000000000         0.000000000
         0.000000000         0.000000000         0.000000000         0.000000000
         0.049733210         0.200568370        -0.346788936         0.116714249
        -0.222998180        -0.191025154        -0.006069421         0.014553791
        -0.003480459         0.342482989         0.120858640         0.034828973
        -0.313138712        -0.034248453        -0.471392813        -0.007061135
         0.471053225        -0.058853128        -0.069249685        -0.024646870
         0.072418923         0.192014070        -0.033391675        -0.024563269
        -0.005921505        -0.048400059        -0.004820300        -0.049351102
        -0.035313139        -0.005785905        -0.016429319        -0.020430209
        -0.008138647        -0.001892467         0.029385661         0.001628006
          75           0.101044084    0    0
         0.000000000         0.000000000         0.000000000         0.000000000
         0.000000000         0.000000000         0.000000000         0.000000000
         0.000000000         0.000000000         0.000000000         0.000000000
         0.000000000         0.000000000         0.000000000         0.000000000
         0.000000000         0.000000000         0.000000000         0.000000000
         0.000000000         0.000000000         0.000000000         0.000000000
         0.000000000         0.000000000         0.000000000         0.000000000
         0.000000000         0.000000000         0.000000000         0.000000000
         0.000000000         0.000000000         0.000000000         0.000000000
         0.000000000         0.000000000         0.000000000         0.000000000
         0.000000000         0.000000000         0.000000000         0.000000000
         0.000000000         0.000000000         0.000000000         0.000000000
         0.000000000         0.000000000         0.000000000         0.000000000
         0.000000000         0.000000000         0.000000000         0.000000000
         0.000000000         0.000000000         0.000000000         0.000000000
        -0.001597414        -0.074225735         0.007633394         0.080929784
         0.281567922        -0.276781900         0.012545260         0.053101482
        -0.017635112         0.502051284        -0.214046050        -0.024779376
         0.512016867        -0.023164720        -0.098324140        -0.154499043
        -0.094868037        -0.151671594        -0.229785993        -0.066120421
        -0.000367777        -0.003385409         0.039870409        -0.238908599
         0.091828472         0.008449922         0.144929859        -0.003684578
         0.003863059         0.034201227        -0.067493014         0.098074824
        -0.178793699         0.096322082        -0.000074349         0.000611334
          76           0.080941880    0    0
         0.000000000         0.000000000         0.000000000         0.000000000
         0.000000000         0.000000000         0.000000000         0.000000000
         0.000000000         0.000000000         0.000000000         0.000000000
         0.000000000         0.000000000         0.000000000         0.000000000
         0.000000000         0.000000000         0.000000000         0.000000000
         0.000000000         0.000000000         0.000000000         0.000000000
         0.000000000         0.000000000         0.000000000         0.000000000
         0.000000000         0.000000000         0.000000000         0.000000000
         0.000000000         0.000000000         0.000000000         0.000000000
         0.000000000         0.000000000         0.000000000         0.000000000
         0.000000000         0.000000000         0.000000000         0.000000000
         0.000000000         0.000000000         0.000000000         0.000000000
         0.000000000         0.000000000         0.000000000         0.000000000
         0.000000000         0.000000000         0.000000000         0.000000000
         0.000000000         0.000000000         0.000000000         0.000000000
        -0.087885652         0.448407156         0.419266980         0.446649805
         0.349179199         0.353324629         0.000942172        -0.000452496
         0.000107000        -0.016654645         0.005783405        -0.056124423
         0.007914586         0.049831840        -0.186230132        -0.105728088
         0.191853688         0.107744229         0.004451246        -0.000625344
         0.049783164        -0.061005450         0.002759481        -0.003313844
         0.006683902        -0.089944810         0.002019853         0.161471881
        -0.131901332         0.005323988         0.000363698         0.070961633
         0.003922400        -0.073310405         0.016337547        -0.017546235
          77           0.064426088    0    0
         0.000000000         0.000000000         0.000000000         0.000000000
         0.000000000         0.000000000         0.000000000         0.000000000
         0.000000000         0.000000000         0.000000000         0.000000000
         0.000000000         0.000000000         0.000000000         0.000000000
         0.000000000         0.000000000         0.000000000         0.000000000
         0.000000000         0.000000000         0.000000000         0.000000000
         0.000000000         0.000000000         0.000000000         0.000000000
         0.000000000         0.000000000         0.000000000         0.000000000
         0.000000000         0.000000000         0.000000000         0.000000000
         0.000000000         0.000000000         0.000000000         0.000000000
         0.000000000         0.000000000         0.000000000         0.000000000
         0.000000000         0.000000000         0.000000000         0.000000000
         0.000000000         0.000000000         0.000000000         0.000000000
         0.000000000         0.000000000         0.000000000         0.000000000
         0.000000000         0.000000000         0.000000000         0.000000000
         0.000130623         0.110289746         0.003444866        -0.106832455
         0.065941968        -0.068662101        -0.025670764         0.077970303
        -0.031794797        -0.112182726        -0.106452648         0.307163036
        -0.106255101         0.311947804        -0.370808879         0.070803506
        -0.364070695         0.078020026        -0.071690892        -0.558530027
         0.003322745         0.006137675         0.197904977         0.253340513
         0.018951771         0.003029145         0.022342935         0.001692555
         0.001069996         0.010880222        -0.091441873        -0.011282861
        -0.109422070        -0.014331311         0.067483408         0.069863414
          78           0.006158198    0    0
         0.000000000         0.000000000         0.000000000         0.000000000
         0.000000000         0.000000000         0.000000000         0.000000000
         0.000000000         0.000000000         0.000000000         0.000000000
         0.000000000         0.000000000         0.000000000         0.000000000
         0.000000000         0.000000000         0.000000000         0.000000000
         0.000000000         0.000000000         0.000000000         0.000000000
         0.000000000         0.000000000         0.000000000         0.000000000
         0.000000000         0.000000000         0.000000000         0.000000000
         0.000000000         0.000000000         0.000000000         0.000000000
         0.000000000         0.000000000         0.000000000         0.000000000
         0.000000000         0.000000000         0.000000000         0.000000000
         0.000000000         0.000000000         0.000000000         0.000000000
         0.000000000         0.000000000         0.000000000         0.000000000
         0.000000000         0.000000000         0.000000000         0.000000000
         0.000000000         0.000000000         0.000000000         0.000000000
        -0.000625456        -0.064568172        -0.000892050         0.064685974
        -0.012884876         0.015937854        -0.276835765         0.484369807
        -0.277226517        -0.018517803         0.012835965        -0.073678498
        -0.018420616        -0.073608990        -0.076477452         0.066260177
        -0.073823855         0.062017477         0.119040611         0.125229105
        -0.003593246        -0.005209431        -0.272089985         0.103034862
         0.370710920         0.035497640        -0.026853308         0.000676770
        -0.004344026        -0.024879273        -0.557836958         0.023678046
         0.037781822         0.023385975        -0.040617096        -0.043983207
$end
