$dipgrad          cartesian dipole gradients
  0.72822518046538D+00  -.12177704174350D-15  -.34228601196598D-17
  -.99765184962669D-16  0.72822518046530D+00  0.61790206491064D-16
  0.15920831309711D-16  -.43978797707705D-16  0.22663848489187D+01
  0.10711272007730D+01  -.70259901486233D+00  -.22262905765864D-15
  -.70259901486238D+00  0.10711272007730D+01  -.36622231804192D-15
  -.22111027464465D-16  0.35025924099709D-16  0.28026620252718D+01
  0.10711272007730D+01  0.70259901486238D+00  0.30039798481247D-16
  0.70259901486237D+00  0.10711272007730D+01  0.42848845114841D-15
  0.20386150746500D-16  -.33933225127971D-16  0.28026620252718D+01
  -.44363088472894D+00  -.29702683590867D+00  0.35868848833229D+00
  -.29702683590866D+00  -.44363088472895D+00  0.35868848833229D+00
  0.20599518365879D+00  0.20599518365879D+00  -.15855180267201D+01
  -.44363088472895D+00  -.29702683590865D+00  -.35868848833229D+00
  -.29702683590865D+00  -.44363088472897D+00  -.35868848833229D+00
  -.20599518365880D+00  -.20599518365878D+00  -.15855180267201D+01
  -.44363088472895D+00  0.29702683590865D+00  -.35868848833229D+00
  0.29702683590865D+00  -.44363088472895D+00  0.35868848833229D+00
  -.20599518365879D+00  0.20599518365880D+00  -.15855180267202D+01
  -.44363088472896D+00  0.29702683590865D+00  0.35868848833229D+00
  0.29702683590865D+00  -.44363088472896D+00  -.35868848833229D+00
  0.20599518365880D+00  -.20599518365879D+00  -.15855180267202D+01
  -.18868659488504D+00  0.78471716240032D-01  0.20081010621494D+00
  0.12574010262499D+00  -.16813565283573D+00  -.21138849417590D+00
  0.11473706165898D+00  -.14001909509228D+00  -.14634802134919D+00
  -.19036484220543D+00  0.20118022412618D+00  0.13908829025788D+00
  0.20118022412618D+00  -.19036484220543D+00  -.13908829025788D+00
  0.57283469667676D-01  -.57283469667668D-01  -.25265088538157D+00
  -.16813565283575D+00  0.12574010262499D+00  0.21138849417590D+00
  0.78471716240024D-01  -.18868659488504D+00  -.20081010621494D+00
  0.14001909509227D+00  -.11473706165899D+00  -.14634802134920D+00
  -.15694989417704D+00  0.15634059266122D+00  0.15153037397020D+00
  0.15531354696203D+00  -.17279092316802D+00  -.26962361382104D+00
  0.75434624945996D-01  -.12670125413137D+00  -.13016730081579D+00
  -.17279092316801D+00  0.15531354696203D+00  0.26962361382104D+00
  0.15634059266122D+00  -.15694989417703D+00  -.15153037397020D+00
  0.12670125413137D+00  -.75434624945999D-01  -.13016730081578D+00
  -.16813565283574D+00  0.12574010262499D+00  -.21138849417590D+00
  0.78471716240031D-01  -.18868659488503D+00  0.20081010621494D+00
  -.14001909509227D+00  0.11473706165899D+00  -.14634802134920D+00
  -.19036484220544D+00  0.20118022412619D+00  -.13908829025788D+00
  0.20118022412618D+00  -.19036484220543D+00  0.13908829025787D+00
  -.57283469667663D-01  0.57283469667672D-01  -.25265088538157D+00
  -.18868659488504D+00  0.78471716240028D-01  -.20081010621494D+00
  0.12574010262499D+00  -.16813565283574D+00  0.21138849417590D+00
  -.11473706165898D+00  0.14001909509228D+00  -.14634802134920D+00
  -.17279092316801D+00  0.15531354696204D+00  -.26962361382104D+00
  0.15634059266121D+00  -.15694989417702D+00  0.15153037397020D+00
  -.12670125413138D+00  0.75434624945999D-01  -.13016730081578D+00
  -.15694989417703D+00  0.15634059266122D+00  -.15153037397020D+00
  0.15531354696203D+00  -.17279092316801D+00  0.26962361382104D+00
  -.75434624945998D-01  0.12670125413138D+00  -.13016730081578D+00
  -.16813565283574D+00  -.12574010262499D+00  -.21138849417590D+00
  -.78471716240025D-01  -.18868659488504D+00  -.20081010621494D+00
  -.14001909509228D+00  -.11473706165899D+00  -.14634802134920D+00
  -.15694989417703D+00  -.15634059266123D+00  -.15153037397021D+00
  -.15531354696202D+00  -.17279092316802D+00  -.26962361382104D+00
  -.75434624945999D-01  -.12670125413138D+00  -.13016730081578D+00
  -.17279092316802D+00  -.15531354696203D+00  -.26962361382104D+00
  -.15634059266123D+00  -.15694989417704D+00  -.15153037397021D+00
  -.12670125413138D+00  -.75434624945998D-01  -.13016730081578D+00
  -.18868659488504D+00  -.78471716240024D-01  -.20081010621494D+00
  -.12574010262499D+00  -.16813565283573D+00  -.21138849417589D+00
  -.11473706165899D+00  -.14001909509227D+00  -.14634802134920D+00
  -.19036484220544D+00  -.20118022412619D+00  -.13908829025788D+00
  -.20118022412618D+00  -.19036484220544D+00  -.13908829025788D+00
  -.57283469667670D-01  -.57283469667672D-01  -.25265088538157D+00
  -.18868659488504D+00  -.78471716240017D-01  0.20081010621494D+00
  -.12574010262499D+00  -.16813565283573D+00  0.21138849417590D+00
  0.11473706165899D+00  0.14001909509227D+00  -.14634802134920D+00
  -.17279092316802D+00  -.15531354696203D+00  0.26962361382104D+00
  -.15634059266122D+00  -.15694989417703D+00  0.15153037397020D+00
  0.12670125413138D+00  0.75434624945996D-01  -.13016730081578D+00
  -.15694989417703D+00  -.15634059266122D+00  0.15153037397020D+00
  -.15531354696203D+00  -.17279092316802D+00  0.26962361382104D+00
  0.75434624945999D-01  0.12670125413138D+00  -.13016730081578D+00
  -.16813565283573D+00  -.12574010262499D+00  0.21138849417590D+00
  -.78471716240021D-01  -.18868659488504D+00  0.20081010621494D+00
  0.14001909509227D+00  0.11473706165899D+00  -.14634802134920D+00
  -.19036484220544D+00  -.20118022412618D+00  0.13908829025788D+00
  -.20118022412618D+00  -.19036484220544D+00  0.13908829025788D+00
  0.57283469667670D-01  0.57283469667672D-01  -.25265088538157D+00
  0.55133726752624D-01  -.11511423325418D+00  -.33055608526814D-01
  -.75858095659201D-01  0.46096227810870D-01  0.93747497239077D-01
  -.29310025044157D-02  0.80161714730038D-01  0.95248923598287D-01
  0.37812509130033D-01  -.72106165942445D-01  -.15222954069092D+00
  -.58137887415889D-01  0.10800042471616D+00  0.34727654777684D-01
  -.90639564043829D-01  0.33647274604989D-02  -.10569451661386D-01
  0.10589600808592D+00  -.57041436918424D-01  -.79893269453872D-01
  -.57041436918427D-01  0.10589600808592D+00  0.79893269453872D-01
  -.69694162437647D-01  0.69694162437646D-01  0.39133876868270D-02
  0.10800042471615D+00  -.58137887415887D-01  -.34727654777684D-01
  -.72106165942442D-01  0.37812509130032D-01  0.15222954069092D+00
  -.33647274604956D-02  0.90639564043831D-01  -.10569451661386D-01
  0.46096227810867D-01  -.75858095659206D-01  -.93747497239077D-01
  -.11511423325418D+00  0.55133726752626D-01  0.33055608526815D-01
  -.80161714730033D-01  0.29310025044158D-02  0.95248923598287D-01
  0.37812509130029D-01  -.72106165942443D-01  0.15222954069091D+00
  -.58137887415889D-01  0.10800042471616D+00  -.34727654777684D-01
  0.90639564043830D-01  -.33647274604977D-02  -.10569451661386D-01
  0.55133726752627D-01  -.11511423325418D+00  0.33055608526815D-01
  -.75858095659207D-01  0.46096227810870D-01  -.93747497239077D-01
  0.29310025044158D-02  -.80161714730036D-01  0.95248923598287D-01
  0.10589600808592D+00  -.57041436918428D-01  0.79893269453872D-01
  -.57041436918429D-01  0.10589600808592D+00  -.79893269453872D-01
  0.69694162437648D-01  -.69694162437646D-01  0.39133876868293D-02
  0.46096227810869D-01  -.75858095659203D-01  0.93747497239076D-01
  -.11511423325419D+00  0.55133726752624D-01  -.33055608526815D-01
  0.80161714730033D-01  -.29310025044157D-02  0.95248923598286D-01
  0.10800042471616D+00  -.58137887415887D-01  0.34727654777684D-01
  -.72106165942442D-01  0.37812509130032D-01  -.15222954069091D+00
  0.33647274604984D-02  -.90639564043827D-01  -.10569451661387D-01
  0.55133726752626D-01  0.11511423325419D+00  -.33055608526816D-01
  0.75858095659205D-01  0.46096227810868D-01  -.93747497239077D-01
  -.29310025044157D-02  -.80161714730039D-01  0.95248923598287D-01
  0.10589600808592D+00  0.57041436918428D-01  -.79893269453873D-01
  0.57041436918430D-01  0.10589600808592D+00  -.79893269453873D-01
  -.69694162437647D-01  -.69694162437646D-01  0.39133876868359D-02
  0.46096227810869D-01  0.75858095659207D-01  -.93747497239077D-01
  0.11511423325418D+00  0.55133726752622D-01  -.33055608526813D-01
  -.80161714730038D-01  -.29310025044157D-02  0.95248923598287D-01
  0.10800042471616D+00  0.58137887415891D-01  -.34727654777685D-01
  0.72106165942443D-01  0.37812509130032D-01  -.15222954069091D+00
  -.33647274604989D-02  -.90639564043828D-01  -.10569451661387D-01
  0.37812509130032D-01  0.72106165942440D-01  -.15222954069091D+00
  0.58137887415890D-01  0.10800042471616D+00  -.34727654777685D-01
  -.90639564043829D-01  -.33647274604965D-02  -.10569451661386D-01
  0.37812509130031D-01  0.72106165942444D-01  0.15222954069091D+00
  0.58137887415891D-01  0.10800042471616D+00  0.34727654777685D-01
  0.90639564043828D-01  0.33647274604986D-02  -.10569451661387D-01
  0.55133726752624D-01  0.11511423325419D+00  0.33055608526809D-01
  0.75858095659204D-01  0.46096227810867D-01  0.93747497239077D-01
  0.29310025044158D-02  0.80161714730035D-01  0.95248923598288D-01
  0.10589600808592D+00  0.57041436918424D-01  0.79893269453872D-01
  0.57041436918427D-01  0.10589600808592D+00  0.79893269453872D-01
  0.69694162437649D-01  0.69694162437653D-01  0.39133876868337D-02
  0.10800042471616D+00  0.58137887415899D-01  0.34727654777686D-01
  0.72106165942442D-01  0.37812509130028D-01  0.15222954069091D+00
  0.33647274604977D-02  0.90639564043824D-01  -.10569451661387D-01
  0.46096227810868D-01  0.75858095659203D-01  0.93747497239077D-01
  0.11511423325418D+00  0.55133726752623D-01  0.33055608526814D-01
  0.80161714730035D-01  0.29310025044157D-02  0.95248923598288D-01
$end
