$dipgrad          cartesian dipole gradients
  0.72062131088978D+00  0.31122528272242D-16  -.85821378264273D-17
  0.13657295577708D-15  0.72062131088978D+00  -.22669142773829D-16
  0.26164000686735D-16  -.20736213643125D-16  0.19508367981163D+01
  0.10512681489731D+01  -.70448097211787D+00  0.13645361967088D-15
  -.70448097211783D+00  0.10512681489731D+01  -.60681567396240D-15
  0.56397703559457D-16  0.36933601115603D-16  0.29649612459961D+01
  0.10512681489731D+01  0.70448097211786D+00  0.14230571736390D-15
  0.70448097211784D+00  0.10512681489731D+01  0.33557228526174D-15
  -.27739270231394D-17  0.21070844535457D-16  0.29649612459961D+01
  -.44311208323876D+00  -.29379557720443D+00  0.45495057901973D+00
  -.29379557720443D+00  -.44311208323877D+00  0.45495057901973D+00
  0.20175462653558D+00  0.20175462653557D+00  -.16280106439487D+01
  -.44311208323878D+00  -.29379557720443D+00  -.45495057901973D+00
  -.29379557720443D+00  -.44311208323877D+00  -.45495057901973D+00
  -.20175462653558D+00  -.20175462653558D+00  -.16280106439487D+01
  -.44311208323875D+00  0.29379557720443D+00  -.45495057901973D+00
  0.29379557720444D+00  -.44311208323876D+00  0.45495057901973D+00
  -.20175462653558D+00  0.20175462653557D+00  -.16280106439488D+01
  -.44311208323877D+00  0.29379557720443D+00  0.45495057901973D+00
  0.29379557720442D+00  -.44311208323877D+00  -.45495057901973D+00
  0.20175462653558D+00  -.20175462653558D+00  -.16280106439488D+01
  -.18506166507645D+00  0.79502657192543D-01  0.20607692624122D+00
  0.12453648628272D+00  -.16018175177789D+00  -.16328820772976D+00
  0.11441540524360D+00  -.13947391679501D+00  -.13674496500926D+00
  -.19229026921085D+00  0.19934654472903D+00  0.12057310353724D+00
  0.19934654472903D+00  -.19229026921084D+00  -.12057310353724D+00
  0.57525696501921D-01  -.57525696501920D-01  -.25289380555438D+00
  -.16018175177790D+00  0.12453648628273D+00  0.16328820772976D+00
  0.79502657192543D-01  -.18506166507645D+00  -.20607692624122D+00
  0.13947391679502D+00  -.11441540524361D+00  -.13674496500926D+00
  -.15485107018085D+00  0.15541409339781D+00  0.15299400848078D+00
  0.15616855405796D+00  -.17226451772899D+00  -.26187014092923D+00
  0.75071368775771D-01  -.12542186099001D+00  -.11866720158706D+00
  -.17226451772899D+00  0.15616855405797D+00  0.26187014092923D+00
  0.15541409339781D+00  -.15485107018085D+00  -.15299400848078D+00
  0.12542186099001D+00  -.75071368775771D-01  -.11866720158706D+00
  -.16018175177789D+00  0.12453648628273D+00  -.16328820772976D+00
  0.79502657192553D-01  -.18506166507645D+00  0.20607692624122D+00
  -.13947391679501D+00  0.11441540524359D+00  -.13674496500926D+00
  -.19229026921084D+00  0.19934654472903D+00  -.12057310353724D+00
  0.19934654472903D+00  -.19229026921084D+00  0.12057310353724D+00
  -.57525696501921D-01  0.57525696501925D-01  -.25289380555439D+00
  -.18506166507646D+00  0.79502657192550D-01  -.20607692624122D+00
  0.12453648628273D+00  -.16018175177789D+00  0.16328820772976D+00
  -.11441540524360D+00  0.13947391679501D+00  -.13674496500927D+00
  -.17226451772899D+00  0.15616855405796D+00  -.26187014092923D+00
  0.15541409339780D+00  -.15485107018085D+00  0.15299400848078D+00
  -.12542186099002D+00  0.75071368775774D-01  -.11866720158705D+00
  -.15485107018085D+00  0.15541409339781D+00  -.15299400848078D+00
  0.15616855405797D+00  -.17226451772898D+00  0.26187014092924D+00
  -.75071368775772D-01  0.12542186099001D+00  -.11866720158705D+00
  -.16018175177789D+00  -.12453648628273D+00  -.16328820772976D+00
  -.79502657192557D-01  -.18506166507645D+00  -.20607692624122D+00
  -.13947391679502D+00  -.11441540524361D+00  -.13674496500926D+00
  -.15485107018086D+00  -.15541409339781D+00  -.15299400848078D+00
  -.15616855405796D+00  -.17226451772899D+00  -.26187014092923D+00
  -.75071368775772D-01  -.12542186099002D+00  -.11866720158705D+00
  -.17226451772899D+00  -.15616855405796D+00  -.26187014092924D+00
  -.15541409339781D+00  -.15485107018085D+00  -.15299400848078D+00
  -.12542186099001D+00  -.75071368775773D-01  -.11866720158706D+00
  -.18506166507645D+00  -.79502657192557D-01  -.20607692624122D+00
  -.12453648628273D+00  -.16018175177789D+00  -.16328820772976D+00
  -.11441540524360D+00  -.13947391679501D+00  -.13674496500926D+00
  -.19229026921085D+00  -.19934654472903D+00  -.12057310353724D+00
  -.19934654472904D+00  -.19229026921084D+00  -.12057310353724D+00
  -.57525696501927D-01  -.57525696501924D-01  -.25289380555438D+00
  -.18506166507644D+00  -.79502657192556D-01  0.20607692624122D+00
  -.12453648628273D+00  -.16018175177789D+00  0.16328820772976D+00
  0.11441540524360D+00  0.13947391679501D+00  -.13674496500927D+00
  -.17226451772899D+00  -.15616855405796D+00  0.26187014092923D+00
  -.15541409339781D+00  -.15485107018084D+00  0.15299400848078D+00
  0.12542186099001D+00  0.75071368775774D-01  -.11866720158705D+00
  -.15485107018085D+00  -.15541409339781D+00  0.15299400848078D+00
  -.15616855405796D+00  -.17226451772898D+00  0.26187014092924D+00
  0.75071368775773D-01  0.12542186099002D+00  -.11866720158705D+00
  -.16018175177790D+00  -.12453648628273D+00  0.16328820772976D+00
  -.79502657192553D-01  -.18506166507644D+00  0.20607692624122D+00
  0.13947391679501D+00  0.11441540524360D+00  -.13674496500926D+00
  -.19229026921085D+00  -.19934654472902D+00  0.12057310353724D+00
  -.19934654472904D+00  -.19229026921084D+00  0.12057310353724D+00
  0.57525696501925D-01  0.57525696501926D-01  -.25289380555439D+00
  0.54804831373542D-01  -.11448295727754D+00  -.30019662469923D-01
  -.74241510665403D-01  0.46181684129225D-01  0.95007893392656D-01
  -.26136485249502D-02  0.80010780656772D-01  0.89257390468489D-01
  0.37592557395481D-01  -.71692538054334D-01  -.15435526071821D+00
  -.57281462453893D-01  0.10779928715463D+00  0.35820595959457D-01
  -.90017697365743D-01  0.35794424375585D-02  -.59708802117577D-02
  0.10559359548134D+00  -.56707472458157D-01  -.79351809893244D-01
  -.56707472458158D-01  0.10559359548134D+00  0.79351809893244D-01
  -.69794512595133D-01  0.69794512595131D-01  0.49659401804911D-02
  0.10779928715463D+00  -.57281462453894D-01  -.35820595959457D-01
  -.71692538054331D-01  0.37592557395478D-01  0.15435526071821D+00
  -.35794424375542D-02  0.90017697365745D-01  -.59708802117577D-02
  0.46181684129228D-01  -.74241510665401D-01  -.95007893392658D-01
  -.11448295727753D+00  0.54804831373541D-01  0.30019662469922D-01
  -.80010780656772D-01  0.26136485249502D-02  0.89257390468489D-01
  0.37592557395482D-01  -.71692538054332D-01  0.15435526071821D+00
  -.57281462453895D-01  0.10779928715463D+00  -.35820595959457D-01
  0.90017697365744D-01  -.35794424375580D-02  -.59708802117581D-02
  0.54804831373542D-01  -.11448295727753D+00  0.30019662469922D-01
  -.74241510665405D-01  0.46181684129225D-01  -.95007893392657D-01
  0.26136485249502D-02  -.80010780656770D-01  0.89257390468489D-01
  0.10559359548134D+00  -.56707472458158D-01  0.79351809893244D-01
  -.56707472458158D-01  0.10559359548134D+00  -.79351809893244D-01
  0.69794512595131D-01  -.69794512595129D-01  0.49659401804911D-02
  0.46181684129225D-01  -.74241510665404D-01  0.95007893392657D-01
  -.11448295727753D+00  0.54804831373543D-01  -.30019662469921D-01
  0.80010780656773D-01  -.26136485249502D-02  0.89257390468488D-01
  0.10779928715463D+00  -.57281462453896D-01  0.35820595959457D-01
  -.71692538054333D-01  0.37592557395483D-01  -.15435526071821D+00
  0.35794424375592D-02  -.90017697365743D-01  -.59708802117577D-02
  0.54804831373541D-01  0.11448295727754D+00  -.30019662469920D-01
  0.74241510665406D-01  0.46181684129230D-01  -.95007893392656D-01
  -.26136485249502D-02  -.80010780656773D-01  0.89257390468488D-01
  0.10559359548134D+00  0.56707472458157D-01  -.79351809893244D-01
  0.56707472458157D-01  0.10559359548134D+00  -.79351809893244D-01
  -.69794512595130D-01  -.69794512595129D-01  0.49659401804927D-02
  0.46181684129225D-01  0.74241510665411D-01  -.95007893392657D-01
  0.11448295727753D+00  0.54804831373542D-01  -.30019662469922D-01
  -.80010780656771D-01  -.26136485249502D-02  0.89257390468488D-01
  0.10779928715463D+00  0.57281462453897D-01  -.35820595959457D-01
  0.71692538054332D-01  0.37592557395482D-01  -.15435526071821D+00
  -.35794424375576D-02  -.90017697365744D-01  -.59708802117576D-02
  0.37592557395482D-01  0.71692538054332D-01  -.15435526071821D+00
  0.57281462453895D-01  0.10779928715463D+00  -.35820595959458D-01
  -.90017697365745D-01  -.35794424375584D-02  -.59708802117562D-02
  0.37592557395481D-01  0.71692538054335D-01  0.15435526071821D+00
  0.57281462453895D-01  0.10779928715463D+00  0.35820595959457D-01
  0.90017697365745D-01  0.35794424375584D-02  -.59708802117572D-02
  0.54804831373542D-01  0.11448295727753D+00  0.30019662469923D-01
  0.74241510665405D-01  0.46181684129224D-01  0.95007893392657D-01
  0.26136485249502D-02  0.80010780656768D-01  0.89257390468489D-01
  0.10559359548134D+00  0.56707472458158D-01  0.79351809893244D-01
  0.56707472458157D-01  0.10559359548134D+00  0.79351809893243D-01
  0.69794512595131D-01  0.69794512595128D-01  0.49659401804915D-02
  0.10779928715463D+00  0.57281462453898D-01  0.35820595959457D-01
  0.71692538054333D-01  0.37592557395482D-01  0.15435526071821D+00
  0.35794424375573D-02  0.90017697365743D-01  -.59708802117572D-02
  0.46181684129227D-01  0.74241510665402D-01  0.95007893392656D-01
  0.11448295727754D+00  0.54804831373541D-01  0.30019662469922D-01
  0.80010780656773D-01  0.26136485249502D-02  0.89257390468489D-01
$end
