$hessapprox internal
  0.432069463596D+00 -0.490021013592D-03  0.436475015599D+00  0.945083026884D-03
  0.599097642435D-03  0.432613539494D+00 -0.241467927775D-02  0.552300462320D-02
 -0.171343158462D-02  0.135020657991D+00 -0.295789899877D-02  0.601367699361D-02
 -0.153074826802D-02  0.257535471665D-01  0.135911570988D+00 -0.439271211163D-03
  0.228745251716D-02  0.156105803365D-02 -0.141139980057D-01 -0.164998198943D-01
  0.167400580493D+00  0.205416528228D-02  0.267301714969D-02 -0.251377981041D-03
 -0.310285025724D-02 -0.110275122935D-01  0.105161726927D-01  0.167318967228D+00
 -0.325111744923D-03  0.668936895699D-03  0.247240305274D-02 -0.846904928635D-02
 -0.712533822554D-02 -0.235688603093D-01 -0.925472808156D-03  0.173871463114D+00
  0.561432923563D-02  0.312815183716D-02 -0.741012354716D-03  0.162664118809D-01
  0.462302063509D-01  0.715954469404D-02 -0.758077902104D-02  0.472066298536D-02
  0.142642205459D+00 -0.141568537219D-02  0.426088389051D-02  0.190793551583D-02
  0.120193705588D-02 -0.193893966857D-02  0.446089288971D-02 -0.263275221236D-01
 -0.141588539030D-01  0.157087993248D-02  0.214150737144D+00  0.177730044102D-02
 -0.207339452757D-02 -0.653384327331D-03 -0.357464531669D-02  0.732711180362D-02
  0.446438171104D-01 -0.207718449039D-01  0.403665986639D-01  0.384454114584D-01
  0.418761717677D-01  0.297852134263D+00  0.191248817683D-02  0.134177773070D-02
  0.374725876867D-02  0.162966144078D-02 -0.180528792883D-01 -0.344354572807D-03
 -0.198136917848D-01 -0.944164113453D-03  0.192226496924D-02  0.165878184615D-03
 -0.256680830969D-01  0.495291084106D+00  0.268091460530D-03 -0.132563572571D-02
 -0.108611403803D-02 -0.141643950812D-01 -0.356632004741D-02  0.218624073747D-01
 -0.144288318702D-01  0.190029478979D-01 -0.144323253089D-01 -0.362691271172D-01
  0.694304184158D-01 -0.506299352658D-02  0.264353627152D+00 -0.142476230949D-03
  0.255574702992D-02 -0.260996010759D-02 -0.332192381582D-01  0.304951909541D-01
  0.480550799940D-02 -0.131878012367D-01 -0.866061326288D-02  0.626831517943D-03
 -0.119742978050D-01 -0.486522325569D-01 -0.359631370085D-01  0.365739727147D-01
  0.352117443182D+00 -0.421662439832D-02  0.189836398094D-02 -0.152231411978D-02
 -0.208326388584D-01 -0.469734973221D-01  0.832164696373D-02  0.119462337113D-01
  0.149451178119D-01 -0.792418200922D-01  0.133764684607D-01  0.483628562106D-01
  0.506402800731D-02 -0.964994830823D-01  0.440876184178D-01  0.357008452339D+00
 -0.606888073321D-02 -0.386095495274D-02  0.536114150040D-02 -0.844837601101D-02
 -0.428446146105D-01 -0.196957624401D-02  0.615233181839D-02 -0.112776672826D-01
 -0.127472605209D+00  0.705368457724D-01 -0.460749240289D-01 -0.541329096991D-02
  0.846961315267D-01 -0.508532317582D-01 -0.507840061547D-01  0.287818399134D+00
 -0.719065123781D-03 -0.460241096907D-02  0.163263531169D-02 -0.262290261222D-01
 -0.178504885290D-01  0.159051167673D-01 -0.784291273218D-02  0.142022733310D-01
 -0.174990403394D-01  0.929410738679D-02 -0.268646281205D-01  0.794811835226D-02
  0.424311492423D-01  0.775257931987D-01 -0.258906037440D-01 -0.253891719040D-01
  0.387984778670D+00  0.196830131273D-02  0.155207632860D-02  0.360410108307D-02
  0.337158851598D-03  0.141223292699D-02 -0.132191877961D-02 -0.191511412247D-01
 -0.132411372122D-01  0.583788109984D-02  0.118280807451D+00  0.122232198526D-01
 -0.675580846619D-04 -0.989554860132D-01  0.917947650071D-02  0.665445211104D-01
 -0.162272510535D-01  0.196085884836D-03  0.143279332812D+00 -0.270231690732D-02
 -0.177477979673D-02  0.116907180105D-02  0.183159393367D-02 -0.224982930469D-02
  0.727356687830D-02  0.292502725932D-01  0.132223656698D-02  0.249323792012D-01
 -0.388979918106D-01 -0.359669408330D-01  0.389938724907D-01 -0.525149133810D-01
  0.128759841145D-01 -0.116143710630D-01 -0.138830591244D-01 -0.167349130933D-02
  0.915045478676D-02  0.159349501486D+00
$end
