$coord
    0.00000000000000      0.00000000000000      0.00000000000000  mo
    0.00000000000000      0.00000000000000     -6.65938115047607  y
    2.20810656980767      2.44693630193745     -2.50883800709495  s
   -2.20810656980767     -2.44693630193745     -2.50883800709495  s
    2.44693630193745     -2.20810656980767      2.50883800709495  s
   -2.44693630193745      2.20810656980767      2.50883800709495  s
    4.71456066936773     -1.57227131572186     -7.13919911935481  c
    3.36165306495081     -3.66105720018531     -6.10525095609467  c
    1.58890012166356     -4.50443254915772     -7.96065645211444  c
    1.88961519004909     -2.97448970621661    -10.16707255279469  c
    3.80601170014608     -1.13835491249334     -9.64661527681516  c
   -1.58890012166356      4.50443254915772     -7.96065645211444  c
   -3.36165306495081      3.66105720018531     -6.10525095609467  c
   -4.71456066936773      1.57227131572186     -7.13919911935481  c
   -3.80601170014608      1.13835491249334     -9.64661527681516  c
   -1.88961519004909      2.97448970621661    -10.16707255279469  c
   -0.12479973818474     -6.75945886726531     -7.71123897498595  c
    0.75211825482937     -3.54376172559562    -12.70509930377298  c
    3.92237187517216     -4.93350078774953     -3.63490214072838  c
    5.00250729786972      0.65024686366591    -11.50411926661803  c
    6.93420797664097     -0.25885598609576     -5.94787630906117  c
   -0.75211825482937      3.54376172559562    -12.70509930377298  c
   -3.92237187517216      4.93350078774953     -3.63490214072838  c
   -6.93420797664097      0.25885598609576     -5.94787630906117  c
   -5.00250729786972     -0.65024686366591    -11.50411926661803  c
    5.31777460837866     -6.46248408822983     -3.90415117186648  h
    2.22211958645162     -5.77126626886057     -2.78207104462222  h
   -2.22211958645162      5.77126626886057     -2.78207104462222  h
   -5.31777460837866      6.46248408822983     -3.90415117186648  h
    4.71508857269081     -3.60269293718494     -2.25124257296493  h
   -4.71508857269081      3.60269293718494     -2.25124257296493  h
    7.03029396061277      1.74973211616003     -6.48119628057826  h
    8.72326595219238     -1.14574189540471     -6.55853247116236  h
    6.85643731083220     -0.34999103782184     -3.87394885194158  h
   -7.03029396061277     -1.74973211616003     -6.48119628057826  h
   -8.72326595219238      1.14574189540471     -6.55853247116236  h
   -6.85643731083220      0.34999103782184     -3.87394885194158  h
    0.12479973818474      6.75945886726531     -7.71123897498595  c
   -0.80421698151761      8.49277909292667     -8.41150525532967  h
    1.88151272316757      6.52718622447459     -8.80353651643244  h
    0.65537352482306      7.09253778645745     -5.72897331453627  h
    0.80421698151761     -8.49277909292667     -8.41150525532967  h
   -1.88151272316757     -6.52718622447459     -8.80353651643244  h
    3.88981971787860      0.80928901214401    -13.24707174924815  h
   -3.88981971787860     -0.80928901214401    -13.24707174924815  h
   -1.97092326358817      4.87458248967002    -13.75497168784691  h
    1.97092326358817     -4.87458248967002    -13.75497168784691  h
   -0.65537352482306     -7.09253778645745     -5.72897331453627  h
   -0.00000000000000     -0.00000000000000      6.65938115047607  y
    1.57227131572186      4.71456066936773      7.13919911935481  c
   -1.57227131572186     -4.71456066936773      7.13919911935481  c
    4.50443254915772      1.58890012166356      7.96065645211444  c
   -4.50443254915772     -1.58890012166356      7.96065645211444  c
    3.66105720018531      3.36165306495081      6.10525095609467  c
   -3.66105720018531     -3.36165306495081      6.10525095609467  c
    2.97448970621661      1.88961519004909     10.16707255279469  c
   -2.97448970621661     -1.88961519004909     10.16707255279469  c
    1.13835491249334      3.80601170014608      9.64661527681516  c
   -1.13835491249334     -3.80601170014608      9.64661527681516  c
    6.75945886726531     -0.12479973818474      7.71123897498595  c
   -6.75945886726531      0.12479973818474      7.71123897498595  c
    0.25885598609576      6.93420797664097      5.94787630906117  c
   -0.25885598609576     -6.93420797664097      5.94787630906117  c
    3.54376172559562      0.75211825482937     12.70509930377298  c
   -3.54376172559562     -0.75211825482937     12.70509930377298  c
   -0.65024686366591      5.00250729786972     11.50411926661803  c
    0.65024686366591     -5.00250729786972     11.50411926661803  c
    4.93350078774953      3.92237187517216      3.63490214072838  c
   -4.93350078774953     -3.92237187517216      3.63490214072838  c
    6.46248408822983      5.31777460837866      3.90415117186648  h
   -6.46248408822983     -5.31777460837866      3.90415117186648  h
    5.77126626886057      2.22211958645162      2.78207104462222  h
   -5.77126626886057     -2.22211958645162      2.78207104462222  h
    3.60269293718494      4.71508857269081      2.25124257296493  h
   -3.60269293718494     -4.71508857269081      2.25124257296493  h
   -1.74973211616003      7.03029396061277      6.48119628057826  h
    1.74973211616003     -7.03029396061277      6.48119628057826  h
    6.52718622447459     -1.88151272316757      8.80353651643244  h
   -6.52718622447459      1.88151272316757      8.80353651643244  h
    1.14574189540471      8.72326595219238      6.55853247116236  h
   -1.14574189540471     -8.72326595219238      6.55853247116236  h
    8.49277909292667      0.80421698151761      8.41150525532967  h
   -8.49277909292667     -0.80421698151761      8.41150525532967  h
    0.34999103782184      6.85643731083220      3.87394885194158  h
   -0.34999103782184     -6.85643731083220      3.87394885194158  h
    7.09253778645745     -0.65537352482306      5.72897331453627  h
   -7.09253778645745      0.65537352482306      5.72897331453627  h
    4.43229350695755     -1.11765234584333     12.54092542296885  h
   -1.11765234584333     -4.43229350695755    -12.54092542296885  h
    1.11765234584333      4.43229350695755    -12.54092542296885  h
   -0.80928901214401      3.88981971787860     13.24707174924815  h
    0.80928901214401     -3.88981971787860     13.24707174924815  h
    1.84564616001505      0.54869489638616     13.88293348236176  h
    0.54869489638616     -1.84564616001505    -13.88293348236176  h
   -1.84564616001505     -0.54869489638616     13.88293348236176  h
   -0.54869489638616      1.84564616001505    -13.88293348236176  h
   -4.43229350695755      1.11765234584333     12.54092542296885  h
    2.56853088139725     -5.24097633866692     10.72704583750666  h
   -5.24097633866692     -2.56853088139725    -10.72704583750666  h
   -2.56853088139725      5.24097633866692     10.72704583750666  h
    5.24097633866692      2.56853088139725    -10.72704583750666  h
   -4.87458248967002     -1.97092326358817     13.75497168784691  h
    4.87458248967002      1.97092326358817     13.75497168784691  h
   -0.01979008279462     -6.90519151979644     12.03926017683779  h
   -6.90519151979644      0.01979008279462    -12.03926017683779  h
    0.01979008279462      6.90519151979644     12.03926017683779  h
    6.90519151979644     -0.01979008279462    -12.03926017683779  h
$user-defined bonds
$redundant
     number_of_atoms           107
     degrees_of_freedom         78
     internal_coordinates       96
     frozen_coordinates          0
# definitions of redundant internals
   1 k  2.0000000000000 stre  17   43           val=   2.08161
   2 k  2.0000000000000 stre  20  101           val=   2.08339
   3 k  2.0000000000000 stre  19   26           val=   2.08745
   4 k  2.0000000000000 stre  21   32           val=   2.08041
   5 k  2.0000000000000 stre  17   48           val=   2.07890
   6 k  2.0000000000000 stre  19   30           val=   2.07701
   7 k  2.0000000000000 stre  20   44           val=   2.07395
   8 k  2.0000000000000 stre  19   27           val=   2.07847
   9 k  2.0000000000000 stre  20  107           val=   2.08699
  10 k  2.0000000000000 stre  18   94           val=   2.07660
  11 k  2.0000000000000 stre  18   89           val=   2.07665
  12 k  2.0000000000000 stre   9   17           val=   2.84326
  13 k  2.0000000000000 stre   8   19           val=   2.83481
  14 k  2.0000000000000 stre  11   20           val=   2.84271
  15 k  2.0000000000000 stre  18   47           val=   2.08777
  16 k  2.0000000000000 stre  17   42           val=   2.08754
  17 k  2.0000000000000 stre  10   18           val=   2.83893
  18 k  2.0000000000000 stre  21   34           val=   2.07739
  19 k  2.0000000000000 stre  21   33           val=   2.08811
  20 k  2.0000000000000 stre   7   21           val=   2.84098
  21 k  0.9018478842248 bend 101   44   20      val=   1.89224
        0.8215330813248 bend 107   44   20
        0.8137870567406 bend 107  101   20
       -0.7829298537716 bend  11   44   20
       -0.7827816878458 bend  11  101   20
       -0.7897962329210 bend  11  107   20
  22 k  0.9028284076616 bend  89   94   18      val=   1.92637
        0.8174314280258 bend  47   94   18
        0.8162787440544 bend  47   89   18
       -0.7830981357860 bend  10   94   18
       -0.7826163037320 bend  10   89   18
       -0.7903573683224 bend  10   47   18
  23 k  0.8749460945532 bend  43   48   17      val=   1.79795
        0.8392942660252 bend  42   48   17
        0.8196151967036 bend  42   43   17
       -0.7836465243254 bend   9   48   17
       -0.7896625699100 bend   9   43   17
       -0.7877921975826 bend   9   42   17
  24 k  0.8725490463372 bend  32   34   21      val=   1.87167
        0.8411147945682 bend  33   34   21
        0.8195768304226 bend  33   32   21
       -0.7843474890012 bend   7   34   21
       -0.7907107369808 bend   7   32   21
       -0.7867994852882 bend   7   33   21
  25 k  0.8696153513050 bend  27   30   19      val=   1.74326
        0.8287076866758 bend  26   30   19
        0.8320043601602 bend  26   27   19
       -0.7908211416786 bend   8   30   19
       -0.7899064537214 bend   8   27   19
       -0.7844942139602 bend   8   26   19
  26 k  0.6666666666667 tors  34   21    7    2 val=  64.76717
        0.6666666666667 tors  34   21    7    8
        0.6666666666667 tors  34   21    7   11
        0.6666666666667 tors  32   21    7    2
        0.6666666666667 tors  32   21    7    8
        0.6666666666667 tors  32   21    7   11
        0.6666666666667 tors  33   21    7    2
        0.6666666666667 tors  33   21    7    8
        0.6666666666667 tors  33   21    7   11
  27 k  0.6666666666667 tors  48   17    9    2 val=  57.95881
        0.6666666666667 tors  48   17    9    8
        0.6666666666667 tors  48   17    9   10
        0.6666666666667 tors  43   17    9    2
        0.6666666666667 tors  43   17    9    8
        0.6666666666667 tors  43   17    9   10
        0.6666666666667 tors  42   17    9    2
        0.6666666666667 tors  42   17    9    8
        0.6666666666667 tors  42   17    9   10
  28 k  0.6666666666667 tors  44   20   11    2 val=  81.26308
        0.6666666666667 tors  44   20   11    7
        0.6666666666667 tors  44   20   11   10
        0.6666666666667 tors 101   20   11    2
        0.6666666666667 tors 101   20   11    7
        0.6666666666667 tors 101   20   11   10
        0.6666666666667 tors 107   20   11    2
        0.6666666666667 tors 107   20   11    7
        0.6666666666667 tors 107   20   11   10
  29 k  0.6666666666667 tors  94   18   10    2 val=  59.92685
        0.6666666666667 tors  94   18   10    9
        0.6666666666667 tors  94   18   10   11
        0.6666666666667 tors  89   18   10    2
        0.6666666666667 tors  89   18   10    9
        0.6666666666667 tors  89   18   10   11
        0.6666666666667 tors  47   18   10    2
        0.6666666666667 tors  47   18   10    9
        0.6666666666667 tors  47   18   10   11
  30 k  0.6666666666667 tors  30   19    8    2 val=  57.19669
        0.6666666666667 tors  30   19    8    7
        0.6666666666667 tors  30   19    8    9
        0.6666666666667 tors  27   19    8    2
        0.6666666666667 tors  27   19    8    7
        0.6666666666667 tors  27   19    8    9
        0.6666666666667 tors  26   19    8    2
        0.6666666666667 tors  26   19    8    7
        0.6666666666667 tors  26   19    8    9
  31 k  0.0494153642708 bend  27   30   19      val=  -0.14822
        1.1666718322040 bend  26   30   19
       -1.2139134705521 bend  26   27   19
        0.7765046204496 bend   8   30   19
       -0.7476484834988 bend   8   27   19
       -0.0301887937878 bend   8   26   19
  32 k -0.3827822599260 bend  89   94   18      val=   0.16153
       -0.9264265042066 bend  47   94   18
        1.3404435793662 bend  47   89   18
       -0.8715093991942 bend  10   94   18
        0.6168200828894 bend  10   89   18
        0.2417168525068 bend  10   47   18
  33 k -0.3714813884580 bend 101   44   20      val=   0.30099
       -0.9311013900270 bend 107   44   20
        1.3389833436006 bend 107  101   20
       -0.8724620944418 bend  11   44   20
        0.6203320623532 bend  11  101   20
        0.2370093062684 bend  11  107   20
  34 k -0.0961965491066 bend  32   34   21      val=   0.09691
       -1.1246970590688 bend  33   34   21
        1.2465809778342 bend  33   32   21
       -0.8034063359928 bend   7   34   21
        0.7226789993342 bend   7   32   21
        0.0641243960720 bend   7   33   21
  35 k -0.1021375427344 bend  43   48   17      val=   0.15171
       -1.1212028762192 bend  42   48   17
        1.2475923476070 bend  42   43   17
       -0.8059791178518 bend   9   48   17
        0.7223554272674 bend   9   43   17
        0.0677175398136 bend   9   42   17
  36 k -1.3442006878042 bend  27   30   19      val=   0.86334
        0.7384848970938 bend  26   30   19
        0.6572169576578 bend  26   27   19
       -0.4238449148832 bend   8   30   19
       -0.4800059768160 bend   8   27   19
        0.8976525990530 bend   8   26   19
  37 k -1.3381705809817 bend  32   34   21      val=   0.71180
        0.7871106519816 bend  33   34   21
        0.6040468128906 bend  33   32   21
       -0.3951082343366 bend   7   34   21
       -0.5139388018300 bend   7   32   21
        0.8970173670012 bend   7   33   21
  38 k -1.3358021829520 bend  43   48   17      val=   0.76107
        0.7924964408880 bend  42   48   17
        0.6005686270712 bend  42   43   17
       -0.3930306083194 bend   9   48   17
       -0.5186158050652 bend   9   43   17
        0.8963614399556 bend   9   42   17
  39 k -1.2700854267669 bend  89   94   18      val=   1.25864
        1.0216034327438 bend  47   94   18
        0.3593092659410 bend  47   89   18
       -0.2129079317224 bend  10   94   18
       -0.6684234986320 bend  10   89   18
        0.8496979024428 bend  10   47   18
  40 k -1.2738492172256 bend 101   44   20      val=   1.31687
        1.0150987286432 bend 107   44   20
        0.3656619790642 bend 107  101   20
       -0.2193239687762 bend  11   44   20
       -0.6625208764254 bend  11  101   20
        0.8521368111802 bend  11  107   20
  41 k -1.4142042575584 bend   7   19    8      val=   0.29797
        1.4142206095038 bend   9   19    8
        0.0025269662646 bend   2   19    8
  42 k -1.4142805003244 bend   8   17    9      val=   0.34154
        1.4141406746058 bend  10   17    9
        0.0041010764314 bend   2   17    9
  43 k -1.4143291098904 bend   8   21    7      val=  -0.14741
        1.4140824863696 bend  11   21    7
        0.0066250026068 bend   2   21    7
  44 k  1.4136479362758 bend   9   18   10      val=   0.38194
       -1.4145524402752 bend  11   18   10
        0.0253161208490 bend   2   18   10
  45 k  1.4135233787670 bend   7   20   11      val=  -0.08052
       -1.4146593453584 bend  10   20   11
        0.0262791603640 bend   2   20   11
  46 k  0.0559557004234 bend 101   44   20      val=   0.44384
        0.7461245254560 bend 107   44   20
       -0.8062193337826 bend 107  101   20
       -1.2255702773132 bend  11   44   20
        1.1301891107736 bend  11  101   20
        0.1040557888508 bend  11  107   20
  47 k  0.0667349140736 bend  89   94   18      val=  -0.05093
        0.7404432904658 bend  47   94   18
       -0.8091906593858 bend  47   89   18
       -1.2352194422800 bend  10   94   18
        1.1188264040366 bend  10   89   18
        0.1223154473252 bend  10   47   18
  48 k -0.0134157807496 bend  27   30   19      val=  -0.08633
       -0.7559360234438 bend  26   30   19
        0.7689893697372 bend  26   27   19
        1.2029077121030 bend   8   30   19
       -1.1787680316442 bend   8   27   19
       -0.0235596743338 bend   8   26   19
  49 k -0.0448103051804 bend  43   48   17      val=   0.44119
        0.7878856132418 bend  42   48   17
       -0.7438282363904 bend  42   43   17
       -1.1519452917130 bend   9   48   17
        1.2218767446182 bend   9   43   17
       -0.0631436268040 bend   9   42   17
  50 k -0.0450410867512 bend  32   34   21      val=   0.41993
        0.7863632962516 bend  33   34   21
       -0.7425189327416 bend  33   32   21
       -1.1521367410129 bend   7   34   21
        1.2234337317711 bend   7   32   21
       -0.0637223297260 bend   7   33   21
  51 k -0.8904011484612 bend  27   30   19      val=   0.59119
        0.4737017873110 bend  26   30   19
        0.4454210520382 bend  26   27   19
        0.6541661127282 bend   8   30   19
        0.6918806970862 bend   8   27   19
       -1.3703139406268 bend   8   26   19
  52 k  0.8801451504684 bend 101   44   20      val=  -0.33923
       -0.5212122350992 bend 107   44   20
       -0.3982834476770 bend 107  101   20
       -0.5874183299066 bend  11   44   20
       -0.7472216207216 bend  11  101   20
        1.3753734658675 bend  11  107   20
  53 k  0.8786106081909 bend  89   94   18      val=  -0.41463
       -0.5322101205552 bend  47   94   18
       -0.3863075046660 bend  47   89   18
       -0.5718190675062 bend  10   94   18
       -0.7611569717391 bend  10   89   18
        1.3744909301269 bend  10   47   18
  54 k -0.8943091342544 bend  32   34   21      val=   0.39201
        0.4220826198424 bend  33   34   21
        0.4968043064558 bend  33   32   21
        0.7294987758458 bend   7   34   21
        0.6131146262248 bend   7   32   21
       -1.3664424271267 bend   7   33   21
  55 k  0.8950983775554 bend  43   48   17      val=  -0.03596
       -0.4228299721100 bend  42   48   17
       -0.4965746727344 bend  42   43   17
       -0.7285672255124 bend   9   48   17
       -0.6130832057806 bend   9   43   17
        1.3662891656896 bend   9   42   17
  56 k -0.1570805332552 bend   7   19    8      val=  89.49803
       -0.1606297495264 bend   9   19    8
        1.9873408841060 bend   2   19    8
  57 k -0.2646167659542 bend   9   18   10      val=  76.16781
       -0.2292063547122 bend  11   18   10
        1.9691222445891 bend   2   18   10
  58 k -0.2658354746914 bend   7   20   11      val=  74.52324
       -0.2290456729086 bend  10   20   11
        1.9689767850631 bend   2   20   11
  59 k -0.1513000741562 bend   8   21    7      val=  89.69401
       -0.1606392878078 bend  11   21    7
        1.9877885467959 bend   2   21    7
  60 k -0.1495705435838 bend   8   17    9      val=  87.60808
       -0.1553516138802 bend  10   17    9
        1.9883396411471 bend   2   17    9
  61 k  0.6030226891555 tors   1    3    2    4 val=  98.16499
        0.6030226891555 tors   1    3    2    7
        0.6030226891555 tors   1    3    2    8
        0.6030226891555 tors   1    3    2    9
        0.6030226891555 tors   1    3    2   10
        0.6030226891555 tors   1    3    2   11
        0.6030226891555 tors   1    3    2   12
        0.6030226891555 tors   1    3    2   13
        0.6030226891555 tors   1    3    2   14
        0.6030226891555 tors   1    3    2   15
        0.6030226891555 tors   1    3    2   16
  62 k  0.5000000000000 tors   8    9    2    3 val=  81.20607
        0.5000000000000 tors   8    9    2    4
        0.5000000000000 tors   8    9    2    7
        0.5000000000000 tors   8    9    2   11
        0.5000000000000 tors   8    9    2   13
        0.5000000000000 tors   8    9    2   14
        0.5000000000000 tors   8    9    2   15
        0.5000000000000 tors   8    9    2   16
        0.5000000000000 tors  10    9    2    3
        0.5000000000000 tors  10    9    2    4
        0.5000000000000 tors  10    9    2    7
        0.5000000000000 tors  10    9    2   11
        0.5000000000000 tors  10    9    2   13
        0.5000000000000 tors  10    9    2   14
        0.5000000000000 tors  10    9    2   15
        0.5000000000000 tors  10    9    2   16
  63 k  0.5000000000000 tors   8    7    2    3 val=  92.76863
        0.5000000000000 tors   8    7    2    4
        0.5000000000000 tors   8    7    2    9
        0.5000000000000 tors   8    7    2   10
        0.5000000000000 tors   8    7    2   12
        0.5000000000000 tors   8    7    2   13
        0.5000000000000 tors   8    7    2   15
        0.5000000000000 tors   8    7    2   16
        0.5000000000000 tors  11    7    2    3
        0.5000000000000 tors  11    7    2    4
        0.5000000000000 tors  11    7    2    9
        0.5000000000000 tors  11    7    2   10
        0.5000000000000 tors  11    7    2   12
        0.5000000000000 tors  11    7    2   13
        0.5000000000000 tors  11    7    2   15
        0.5000000000000 tors  11    7    2   16
  64 k  0.4714045207910 tors   9   10    2    3 val= 104.64487
        0.4714045207910 tors   9   10    2    4
        0.4714045207910 tors   9   10    2    7
        0.4714045207910 tors   9   10    2    8
        0.4714045207910 tors   9   10    2   12
        0.4714045207910 tors   9   10    2   13
        0.4714045207910 tors   9   10    2   14
        0.4714045207910 tors   9   10    2   15
        0.4714045207910 tors   9   10    2   16
        0.4714045207910 tors  11   10    2    3
        0.4714045207910 tors  11   10    2    4
        0.4714045207910 tors  11   10    2    7
        0.4714045207910 tors  11   10    2    8
        0.4714045207910 tors  11   10    2   12
        0.4714045207910 tors  11   10    2   13
        0.4714045207910 tors  11   10    2   14
        0.4714045207910 tors  11   10    2   15
        0.4714045207910 tors  11   10    2   16
  65 k  0.5000000000000 tors   7    8    2    3 val=  59.34363
        0.5000000000000 tors   7    8    2    4
        0.5000000000000 tors   7    8    2   10
        0.5000000000000 tors   7    8    2   11
        0.5000000000000 tors   7    8    2   12
        0.5000000000000 tors   7    8    2   14
        0.5000000000000 tors   7    8    2   15
        0.5000000000000 tors   7    8    2   16
        0.5000000000000 tors   9    8    2    3
        0.5000000000000 tors   9    8    2    4
        0.5000000000000 tors   9    8    2   10
        0.5000000000000 tors   9    8    2   11
        0.5000000000000 tors   9    8    2   12
        0.5000000000000 tors   9    8    2   14
        0.5000000000000 tors   9    8    2   15
        0.5000000000000 tors   9    8    2   16
  66 k  0.4714045207910 tors   7   11    2    3 val=  90.40340
        0.4714045207910 tors   7   11    2    4
        0.4714045207910 tors   7   11    2    8
        0.4714045207910 tors   7   11    2    9
        0.4714045207910 tors   7   11    2   12
        0.4714045207910 tors   7   11    2   13
        0.4714045207910 tors   7   11    2   14
        0.4714045207910 tors   7   11    2   15
        0.4714045207910 tors   7   11    2   16
        0.4714045207910 tors  10   11    2    3
        0.4714045207910 tors  10   11    2    4
        0.4714045207910 tors  10   11    2    8
        0.4714045207910 tors  10   11    2    9
        0.4714045207910 tors  10   11    2   12
        0.4714045207910 tors  10   11    2   13
        0.4714045207910 tors  10   11    2   14
        0.4714045207910 tors  10   11    2   15
        0.4714045207910 tors  10   11    2   16
  67 k  2.0000000000000 stre   1    3           val=   4.14216
  68 k  1.4142135623731 bend   4    3    1      val= 105.44394
  69 k  2.0000000000000 stre   2    3           val=   5.30002
  70 k  2.0000000000000 stre   2    9           val=   4.95054
  71 k  2.0000000000000 stre   2    7           val=   4.99293
  72 k  2.0000000000000 stre   2   10           val=   4.97214
  73 k  2.0000000000000 stre   9   10           val=   2.70175
  74 k  2.0000000000000 stre   2    8           val=   5.00111
  75 k  2.0000000000000 stre   9    8           val=   2.70120
  76 k  2.0000000000000 stre   7    8           val=   2.69489
  77 k  2.0000000000000 stre   2   11           val=   4.97043
  78 k  2.0000000000000 stre   7   11           val=   2.70201
  79 k  2.0000000000000 stre  10   11           val=   2.70460
  80 k -0.3658519094265 bend   4    3    2      val=  51.51490
       -0.3111367721796 bend   9    3    2
       -0.1797849115051 bend   9    4    2
       -0.1832641289441 bend   7    3    2
       -0.3141701510007 bend   7    4    2
        0.2446786004797 bend   7   12    2
        0.0367856443490 bend   7    9    2
       -0.1279000957918 bend  10    3    2
       -0.0887444332566 bend  10    4    2
        0.5952732570407 bend  10   12    2
        0.1034329547801 bend  10    7    2
        0.4536830354930 bend  16    7    2
        0.5502045440860 bend  16   10    2
        0.0907710340282 bend  13    7    2
       -0.2722465418213 bend   8    3    2
       -0.2697097320956 bend   8    4    2
        0.1245908781561 bend   8   12    2
        0.0561662603034 bend   8   10    2
        0.5414658985481 bend   8   16    2
       -0.0930722516893 bend  11    3    2
       -0.1387447203548 bend  11    4    2
        0.1047400674672 bend  11    9    2
        0.0542578114739 bend  11    8    2
        0.4469493495559 bend  15    9    2
        0.6018498465920 bend  15    7    2
        0.4916692511631 bend  15   10    2
        0.5249867921165 bend  15    8    2
        0.5572154812358 bend  15   11    2
  81 k -0.0165832516303 bend   4    3    2      val=   2.37139
        0.1270194439853 bend   9    3    2
       -0.0421535177348 bend   9    4    2
        0.0407478072244 bend   7    3    2
       -0.1397447998321 bend   7    4    2
        0.0037479392442 bend   7   12    2
        0.0040514914507 bend   7    9    2
        0.4401927003240 bend  10    3    2
        0.1358540411909 bend  10    4    2
       -0.3962900528948 bend  10   12    2
        0.3322960937609 bend  10    7    2
       -0.3045915625337 bend  16    7    2
       -0.7471401744178 bend  16   10    2
        0.0542638984137 bend  13    7    2
        0.0599770574781 bend   8    3    2
       -0.0691842145906 bend   8    4    2
       -0.0539037898541 bend   8   12    2
        0.4213615125584 bend   8   10    2
       -0.4101531560096 bend   8   16    2
       -0.1176549251167 bend  11    3    2
       -0.4329705256037 bend  11    4    2
       -0.3031161077871 bend  11    9    2
       -0.4019506998274 bend  11    8    2
        0.3048777396542 bend  15    9    2
        0.4008640562616 bend  15    7    2
       -0.0091562743436 bend  15   10    2
        0.4068861480583 bend  15    8    2
        0.7202002557421 bend  15   11    2
  82 k  0.0037782250879 bend   4    3    2      val=   0.59958
       -0.6197837221990 bend   9    3    2
        0.5880023721766 bend   9    4    2
       -0.5960979925716 bend   7    3    2
        0.6176413667812 bend   7    4    2
        0.0009409463329 bend   7   12    2
        0.0006164836461 bend   7    9    2
       -0.5705284796205 bend  10    3    2
        0.5855659009087 bend  10    4    2
       -0.1239142892166 bend  10   12    2
        0.0437766133274 bend  10    7    2
       -0.0452096300219 bend  16    7    2
       -0.2182701158491 bend  16   10    2
        0.0462700991054 bend  13    7    2
       -0.6771359028798 bend   8    3    2
        0.6794217988310 bend   8    4    2
       -0.0464663292311 bend   8   12    2
        0.1063179624800 bend   8   10    2
       -0.1039610568072 bend   8   16    2
       -0.5834504441097 bend  11    3    2
        0.5714232161395 bend  11    4    2
       -0.0400721323683 bend  11    9    2
       -0.1083956113562 bend  11    8    2
        0.0488024179611 bend  15    9    2
        0.1250127964240 bend  15    7    2
        0.0028984853033 bend  15   10    2
        0.1020441160038 bend  15    8    2
        0.2179735165980 bend  15   11    2
  83 k -0.6751481068183 bend   4    3    2      val=   5.55462
       -0.2836389007504 bend   9    3    2
        0.0255337542922 bend   9    4    2
        0.0058647819234 bend   7    3    2
       -0.2691542093344 bend   7    4    2
        0.2339151197991 bend   7   12    2
       -0.0658268063491 bend   7    9    2
        0.3129978149895 bend  10    3    2
        0.3323946899966 bend  10    4    2
       -0.0003050651657 bend  10   12    2
        0.3067388478490 bend  10    7    2
       -0.0375605842953 bend  16    7    2
       -0.4450363906108 bend  16   10    2
        0.1103569642718 bend  13    7    2
       -0.3473868535136 bend   8    3    2
       -0.3536898714424 bend   8    4    2
        0.1880697665206 bend   8   12    2
        0.6353194012513 bend   8   10    2
        0.1412572472299 bend   8   16    2
        0.3359254555873 bend  11    3    2
        0.3268746622501 bend  11    4    2
        0.2933671932244 bend  11    9    2
        0.6564341793795 bend  11    8    2
       -0.0447567981786 bend  15    9    2
       -0.0214296227237 bend  15    7    2
       -0.5111496924747 bend  15   10    2
        0.1019754505751 bend  15    8    2
       -0.4732573738567 bend  15   11    2
  84 k  0.2009556554783 bend   4    3    2      val= -18.00209
        0.2504145352604 bend   9    3    2
       -0.4210963330845 bend   9    4    2
       -0.4376119279883 bend   7    3    2
        0.2164256549814 bend   7    4    2
       -0.8683102143574 bend   7   12    2
        1.0341098654821 bend   7    9    2
        0.0666617836337 bend  10    3    2
       -0.1909375634473 bend  10    4    2
        0.1143046551251 bend  10   12    2
        0.5655211878443 bend  10    7    2
       -0.2740049621888 bend  16    7    2
        0.0794932299158 bend  16   10    2
       -0.4625069037621 bend  13    7    2
       -0.1499035591559 bend   8    3    2
       -0.1621362464748 bend   8    4    2
       -0.4433964233014 bend   8   12    2
        0.2214479744866 bend   8   10    2
        0.1476161803858 bend   8   16    2
       -0.2066484244331 bend  11    3    2
        0.0794655822895 bend  11    4    2
        0.5877309395826 bend  11    9    2
        0.2361427884314 bend  11    8    2
       -0.3321690083858 bend  15    9    2
        0.1628494202602 bend  15    7    2
       -0.0861275992488 bend  15   10    2
        0.1180789762036 bend  15    8    2
        0.0935093024257 bend  15   11    2
  85 k  1.1338094665908 bend   4    3    2      val=  10.26730
       -0.1689290643863 bend   9    3    2
       -0.2607274506016 bend   9    4    2
       -0.3029258161216 bend   7    3    2
        0.0412076223009 bend   7    4    2
        0.4029437606209 bend   7   12    2
       -0.3058886327478 bend   7    9    2
       -0.0061421436483 bend  10    3    2
       -0.3858693286260 bend  10    4    2
        0.1419387477432 bend  10   12    2
        0.1827288952815 bend  10    7    2
       -0.0464563557104 bend  16    7    2
       -0.1667585988390 bend  16   10    2
       -0.0338446820702 bend  13    7    2
       -0.0319827570488 bend   8    3    2
       -0.1956792892184 bend   8    4    2
        0.4631214603785 bend   8   12    2
        0.2735365355131 bend   8   10    2
        0.0897639106654 bend   8   16    2
       -0.3696654814221 bend  11    3    2
       -0.0289911480243 bend  11    4    2
        0.0293219201170 bend  11    9    2
        0.3287953333149 bend  11    8    2
        0.2014487204199 bend  15    9    2
        0.0347753214724 bend  15    7    2
       -0.2394978546203 bend  15   10    2
        0.0101203741106 bend  15    8    2
       -0.1401187875570 bend  15   11    2
  86 k  0.3742969808450 bend   4    3    2      val=   5.11162
        0.3940216997014 bend   9    3    2
       -0.2339847596813 bend   9    4    2
        0.0462703684308 bend   7    3    2
       -0.4700279913370 bend   7    4    2
        0.1674221863733 bend   7   12    2
       -0.1170278202589 bend   7    9    2
       -0.0797746876403 bend  10    3    2
       -0.0666059584604 bend  10    4    2
       -0.1871639389048 bend  10   12    2
       -0.2693253613738 bend  10    7    2
        0.5389532994554 bend  16    7    2
       -0.0545058122503 bend  16   10    2
        1.0956740216639 bend  13    7    2
       -0.3624533166223 bend   8    3    2
        0.2528375037293 bend   8    4    2
       -0.9156182638484 bend   8   12    2
        0.2430516485683 bend   8   10    2
       -0.1128965700070 bend   8   16    2
       -0.1749472392926 bend  11    3    2
        0.0851390634069 bend  11    4    2
        0.3759382765069 bend  11    9    2
       -0.0044815142129 bend  11    8    2
       -0.4796481598498 bend  15    9    2
        0.2383142512911 bend  15    7    2
       -0.0967734370321 bend  15   10    2
        0.1912467197119 bend  15    8    2
       -0.0782646559464 bend  15   11    2
  87 k  0.2131763547678 bend   4    3    2      val=   7.83463
        0.3924001315205 bend   9    3    2
        0.3144323627695 bend   9    4    2
        0.3546448722835 bend   7    3    2
        0.4345195154789 bend   7    4    2
       -0.3572755943023 bend   7   12    2
       -0.0515380317295 bend   7    9    2
       -0.2243152626513 bend  10    3    2
        0.0319254532786 bend  10    4    2
       -0.4354535934716 bend  10   12    2
       -0.5601359134995 bend  10    7    2
       -0.2195922020866 bend  16    7    2
        0.0803597858937 bend  16   10    2
        0.0535089765261 bend  13    7    2
       -0.4917011682823 bend   8    3    2
       -0.4695934737899 bend   8    4    2
        0.0323124357430 bend   8   12    2
        0.4643064418842 bend   8   10    2
        0.7084132369314 bend   8   16    2
        0.0419934499193 bend  11    3    2
       -0.2373138238676 bend  11    4    2
       -0.5350066988625 bend  11    9    2
        0.4191967689507 bend  11    8    2
       -0.1527690510695 bend  15    9    2
       -0.4787681486513 bend  15    7    2
        0.2965717276438 bend  15   10    2
        0.7338124850473 bend  15    8    2
        0.0802548732261 bend  15   11    2
  88 k  0.0235064081547 bend   4    3    2      val=   4.39094
        0.5250828615319 bend   9    3    2
        0.5819965234529 bend   9    4    2
       -0.5183924384045 bend   7    3    2
       -0.4956361039230 bend   7    4    2
        0.0224853968118 bend   7   12    2
       -0.0157212959185 bend   7    9    2
       -0.1724035158965 bend  10    3    2
        0.1614750328575 bend  10    4    2
       -0.7345983225381 bend  10   12    2
        0.2430568358520 bend  10    7    2
        0.6704037011954 bend  16    7    2
       -0.0570230195756 bend  16   10    2
       -0.3931597548839 bend  13    7    2
        0.2751691127165 bend   8    3    2
       -0.2924650410410 bend   8    4    2
        0.3932662858965 bend   8   12    2
       -0.2114059551567 bend   8   10    2
        0.2931726157431 bend   8   16    2
       -0.1440894745450 bend  11    3    2
        0.1224108886657 bend  11    4    2
       -0.3366690358257 bend  11    9    2
        0.2418405876635 bend  11    8    2
       -0.6462725098302 bend  15    9    2
        0.6671158492029 bend  15    7    2
        0.0301001719326 bend  15   10    2
       -0.2810329415553 bend  15    8    2
        0.0615046169230 bend  15   11    2
  89 k -0.0446979092148 bend   4    3    2      val=   2.59154
       -0.0597407618536 bend   9    3    2
       -0.4089426826075 bend   9    4    2
        0.4978761876779 bend   7    3    2
        0.0780686508756 bend   7    4    2
        0.0062183799583 bend   7   12    2
       -0.0521436326336 bend   7    9    2
       -0.1595151116208 bend  10    3    2
        0.4680329712507 bend  10    4    2
       -0.0397411728463 bend  10   12    2
       -0.7605665454603 bend  10    7    2
        0.0634877797915 bend  16    7    2
       -0.5084758341371 bend  16   10    2
       -0.2035277288028 bend  13    7    2
        0.3160915784330 bend   8    3    2
       -0.3172404676158 bend   8    4    2
        0.2424579539781 bend   8   12    2
       -0.1103026513772 bend   8   10    2
        0.2007321671389 bend   8   16    2
       -0.5418225297371 bend  11    3    2
        0.2069700947810 bend  11    4    2
        0.7880664900335 bend  11    9    2
        0.1560099886402 bend  11    8    2
       -0.1522212917340 bend  15    9    2
        0.0280406541058 bend  15    7    2
        0.0076113724901 bend  15   10    2
       -0.2786037783263 bend  15    8    2
        0.6269547883188 bend  15   11    2
  90 k -0.2750782170276 bend   4    3    2      val=  10.28243
        0.1264161516290 bend   9    3    2
        0.4862142620687 bend   9    4    2
        0.3761421435609 bend   7    3    2
        0.1068508016695 bend   7    4    2
        0.1100453734229 bend   7   12    2
       -0.4097716163388 bend   7    9    2
        0.4547239420889 bend  10    3    2
       -0.6296270642138 bend  10    4    2
        0.0691659749523 bend  10   12    2
        0.2678721567666 bend  10    7    2
       -0.5477688954006 bend  16    7    2
        0.6179835968746 bend  16   10    2
        0.1705031867412 bend  13    7    2
       -0.0784249993772 bend   8    3    2
       -0.0161207631038 bend   8    4    2
        0.1236476831466 bend   8   12    2
        0.1092437076427 bend   8   10    2
       -0.1169979830306 bend   8   16    2
       -0.5448538158914 bend  11    3    2
        0.3981993477603 bend  11    4    2
        0.1322781179030 bend  11    9    2
        0.1133353193152 bend  11    8    2
       -0.5271302911612 bend  15    9    2
        0.0695040724741 bend  15    7    2
       -0.2231022339018 bend  15   10    2
       -0.1159394165616 bend  15    8    2
        0.5530264070046 bend  15   11    2
  91 k  2.0000000000000 bend   2    1    3      val=  88.82498
  92 k  2.0000000000000 bend  11    8    7      val= 108.16195
  93 k  2.0000000000000 bend   9    7    8      val= 107.93497
  94 k  2.0000000000000 bend  10    8    9      val= 108.12550
  95 k  2.0000000000000 bend  11    9   10      val= 107.82775
  96 k  2.0000000000000 bend  10    7   11      val= 107.92715
        78 non zero eigenvalues  of BmBt
           1           3.660146001    1    0
         1
           2           3.643909493    2    0
         2
           3           3.578102741    3    0
         3
           4           3.517751020    4    0
         4
           5           3.506782507    5    0
         5
           6           3.484627764    6    0
         6
           7           3.455421717    7    0
         7
           8           3.452500079    8    0
         8
           9           3.405004010    9    0
         9
          10           3.396105655   10    0
        10
          11           3.185716130   11    0
        11
          12           3.166543070   12    0
        12
          13           3.160817124   13    0
        13
          14           3.149710304   14    0
        14
          15           3.147597188   15    0
        15
          16           2.076309414   16    0
        16
          17           1.833036084   17    0
        17
          18           1.435112217   18    0
        18
          19           1.431804145   19    0
        19
          20           1.409449233   20    0
        20
          21           1.236703198   21    0
        21
          22           1.220304672   22    0
        22
          23           1.032323832   23    0
        23
          24           1.025257747   24    0
        24
          25           1.010742327   25    0
        25
          26           0.908543920   26    0
        26
          27           0.901582453   27    0
        27
          28           0.774106042   28    0
        28
          29           0.772093905   29    0
        29
          30           0.741298755   30    0
        30
          31           0.737388200   31    0
        31
          32           0.678918534   32    0
        32
          33           0.677145267   33    0
        33
          34           0.676875348   34    0
        34
          35           0.676572459   35    0
        35
          36           0.676473492   36    0
        36
          37           0.673947948   37    0
        37
          38           0.673569750   38    0
        38
          39           0.672655126   39    0
        39
          40           0.672088945   40    0
        40
          41           0.671234520   41    0
        41
          42           0.668416316   42    0
        42
          43           0.665055873   43    0
        43
          44           0.643302950   44    0
        44
          45           0.637642156   45    0
        45
          46           0.630213795   46    0
        46
          47           0.475343229   47    0
        47
          48           0.474232330   48    0
        48
          49           0.455626775   49    0
        49
          50           0.446529272   50    0
        50
          51           0.240843555   51    0
        51
          52           0.198005349   52    0
        52
          53           0.197599790   53    0
        53
          54           0.127312465   54    0
        54
          55           0.107549827   55    0
        55
          56           0.105719120   56    0
        56
          57           0.088376659   57    0
        57
          58           0.080763277   58    0
        58
          59           0.077937736   59    0
        59
          60           0.065862686   60    0
        60
          61           3.112941581    0    0
         0.000000000         0.000000000         0.000000000         0.000000000
         0.000000000         0.000000000         0.000000000         0.000000000
         0.000000000         0.000000000         0.000000000         0.000000000
         0.000000000         0.000000000         0.000000000         0.000000000
         0.000000000         0.000000000         0.000000000         0.000000000
         0.000000000         0.000000000         0.000000000         0.000000000
         0.000000000         0.000000000         0.000000000         0.000000000
         0.000000000         0.000000000         0.000000000         0.000000000
         0.000000000         0.000000000         0.000000000         0.000000000
         0.000000000         0.000000000         0.000000000         0.000000000
         0.000000000         0.000000000         0.000000000         0.000000000
         0.000000000         0.000000000         0.000000000         0.000000000
         0.000000000         0.000000000         0.000000000         0.000000000
         0.000000000         0.000000000         0.000000000         0.000000000
         0.000000000         0.000000000         0.000000000         0.000000000
         0.000579400        -0.173554724         0.169818234        -0.001676448
         0.000596608         0.002677239         0.013990749        -0.065723489
        -0.584756561         0.034789547         0.016903047         0.433596036
         0.015932972        -0.226798911         0.029651195         0.031299632
         0.421997404         0.016484873        -0.014869755        -0.411033845
        -0.002613227        -0.000438230        -0.028305298         0.020588877
         0.003843423        -0.001072568         0.045613638         0.003133218
        -0.002276005        -0.014710989        -0.012234588        -0.007313902
        -0.004213141        -0.006900638         0.009439860         0.009004976
          62           1.195313082    0    0
         0.000000000         0.000000000         0.000000000         0.000000000
         0.000000000         0.000000000         0.000000000         0.000000000
         0.000000000         0.000000000         0.000000000         0.000000000
         0.000000000         0.000000000         0.000000000         0.000000000
         0.000000000         0.000000000         0.000000000         0.000000000
         0.000000000         0.000000000         0.000000000         0.000000000
         0.000000000         0.000000000         0.000000000         0.000000000
         0.000000000         0.000000000         0.000000000         0.000000000
         0.000000000         0.000000000         0.000000000         0.000000000
         0.000000000         0.000000000         0.000000000         0.000000000
         0.000000000         0.000000000         0.000000000         0.000000000
         0.000000000         0.000000000         0.000000000         0.000000000
         0.000000000         0.000000000         0.000000000         0.000000000
         0.000000000         0.000000000         0.000000000         0.000000000
         0.000000000         0.000000000         0.000000000         0.000000000
        -0.002385708         0.001731231        -0.003284090        -0.050034402
         0.000593754         0.051626205        -0.888221525        -0.069885299
        -0.170401844        -0.009460868        -0.007833714        -0.043884777
         0.005325477         0.026678234        -0.012081304        -0.009635800
        -0.042554499         0.004099404        -0.010587520         0.083765871
         0.005516085        -0.000492379         0.185338456        -0.100513153
        -0.243252458        -0.078512142        -0.031726961        -0.002160562
         0.005902836         0.028218293         0.219316840         0.006892123
        -0.006575354         0.007534886        -0.004367506        -0.003525187
          63           0.933165005    0    0
         0.000000000         0.000000000         0.000000000         0.000000000
         0.000000000         0.000000000         0.000000000         0.000000000
         0.000000000         0.000000000         0.000000000         0.000000000
         0.000000000         0.000000000         0.000000000         0.000000000
         0.000000000         0.000000000         0.000000000         0.000000000
         0.000000000         0.000000000         0.000000000         0.000000000
         0.000000000         0.000000000         0.000000000         0.000000000
         0.000000000         0.000000000         0.000000000         0.000000000
         0.000000000         0.000000000         0.000000000         0.000000000
         0.000000000         0.000000000         0.000000000         0.000000000
         0.000000000         0.000000000         0.000000000         0.000000000
         0.000000000         0.000000000         0.000000000         0.000000000
         0.000000000         0.000000000         0.000000000         0.000000000
         0.000000000         0.000000000         0.000000000         0.000000000
         0.000000000         0.000000000         0.000000000         0.000000000
        -0.001268037        -0.128690177         0.126209084        -0.020508116
         0.000113961         0.021433039        -0.237282435         0.312745875
         0.705844873         0.030031798         0.017356270         0.298959546
         0.037207778        -0.152502264         0.014978012         0.017402162
         0.291226799         0.035646498         0.032285637        -0.246027130
         0.000176028         0.000310869         0.042150546        -0.006692446
        -0.068624198        -0.023619781         0.012072020         0.000768233
         0.000633652         0.001167562        -0.208438824        -0.004740108
         0.012698211        -0.004709556        -0.001650368        -0.001571819
          64           0.782383284    0    0
         0.000000000         0.000000000         0.000000000         0.000000000
         0.000000000         0.000000000         0.000000000         0.000000000
         0.000000000         0.000000000         0.000000000         0.000000000
         0.000000000         0.000000000         0.000000000         0.000000000
         0.000000000         0.000000000         0.000000000         0.000000000
         0.000000000         0.000000000         0.000000000         0.000000000
         0.000000000         0.000000000         0.000000000         0.000000000
         0.000000000         0.000000000         0.000000000         0.000000000
         0.000000000         0.000000000         0.000000000         0.000000000
         0.000000000         0.000000000         0.000000000         0.000000000
         0.000000000         0.000000000         0.000000000         0.000000000
         0.000000000         0.000000000         0.000000000         0.000000000
         0.000000000         0.000000000         0.000000000         0.000000000
         0.000000000         0.000000000         0.000000000         0.000000000
         0.000000000         0.000000000         0.000000000         0.000000000
        -0.778361842        -0.004132060        -0.001875310        -0.123651086
         0.028434417        -0.116694240         0.003181004        -0.000473009
        -0.000979081        -0.015505860         0.013823594        -0.019002400
        -0.007853374         0.000095608        -0.030776152         0.028712974
         0.018878920         0.009351019        -0.000575755        -0.000224162
        -0.125744992         0.586403854         0.004413542        -0.000571010
         0.007532926        -0.031063392        -0.000238868        -0.003977875
        -0.015183264         0.001672718        -0.000195425        -0.003017912
        -0.000543349         0.004504070         0.012435564        -0.013371872
          65           0.515056791    0    0
         0.000000000         0.000000000         0.000000000         0.000000000
         0.000000000         0.000000000         0.000000000         0.000000000
         0.000000000         0.000000000         0.000000000         0.000000000
         0.000000000         0.000000000         0.000000000         0.000000000
         0.000000000         0.000000000         0.000000000         0.000000000
         0.000000000         0.000000000         0.000000000         0.000000000
         0.000000000         0.000000000         0.000000000         0.000000000
         0.000000000         0.000000000         0.000000000         0.000000000
         0.000000000         0.000000000         0.000000000         0.000000000
         0.000000000         0.000000000         0.000000000         0.000000000
         0.000000000         0.000000000         0.000000000         0.000000000
         0.000000000         0.000000000         0.000000000         0.000000000
         0.000000000         0.000000000         0.000000000         0.000000000
         0.000000000         0.000000000         0.000000000         0.000000000
         0.000000000         0.000000000         0.000000000         0.000000000
         0.010969291        -0.090959558         0.244712064         0.147882526
        -0.064410187        -0.230800828        -0.047659663        -0.003938862
        -0.001531022         0.183096193         0.097475430        -0.146022115
        -0.320053142        -0.194413705        -0.032017303         0.252782227
        -0.036554273        -0.492581712         0.456689449         0.056920597
        -0.038241652        -0.017987277        -0.158514917         0.121707848
        -0.065319409        -0.069849083        -0.016806515        -0.020275824
         0.053649838         0.097229601         0.013075290        -0.080758819
         0.150429665        -0.148294316         0.097079667        -0.015179099
          66           0.513167186    0    0
         0.000000000         0.000000000         0.000000000         0.000000000
         0.000000000         0.000000000         0.000000000         0.000000000
         0.000000000         0.000000000         0.000000000         0.000000000
         0.000000000         0.000000000         0.000000000         0.000000000
         0.000000000         0.000000000         0.000000000         0.000000000
         0.000000000         0.000000000         0.000000000         0.000000000
         0.000000000         0.000000000         0.000000000         0.000000000
         0.000000000         0.000000000         0.000000000         0.000000000
         0.000000000         0.000000000         0.000000000         0.000000000
         0.000000000         0.000000000         0.000000000         0.000000000
         0.000000000         0.000000000         0.000000000         0.000000000
         0.000000000         0.000000000         0.000000000         0.000000000
         0.000000000         0.000000000         0.000000000         0.000000000
         0.000000000         0.000000000         0.000000000         0.000000000
         0.000000000         0.000000000         0.000000000         0.000000000
         0.043192491         0.291375674         0.186935177        -0.199239631
        -0.189499846        -0.068335371         0.019510609         0.000644798
        -0.000290013         0.082558817        -0.177400487        -0.133945435
         0.390208105         0.064409865        -0.464011034         0.385951710
         0.191450059        -0.120066001        -0.152353326        -0.017903525
        -0.120068934        -0.062538371         0.054084061        -0.038806333
         0.054758272        -0.105030821         0.004034549        -0.047775119
         0.135603815        -0.044431065        -0.004389561         0.141948277
        -0.049918735        -0.064466853         0.158290930        -0.186560501
          67           0.412681942    0    0
         0.000000000         0.000000000         0.000000000         0.000000000
         0.000000000         0.000000000         0.000000000         0.000000000
         0.000000000         0.000000000         0.000000000         0.000000000
         0.000000000         0.000000000         0.000000000         0.000000000
         0.000000000         0.000000000         0.000000000         0.000000000
         0.000000000         0.000000000         0.000000000         0.000000000
         0.000000000         0.000000000         0.000000000         0.000000000
         0.000000000         0.000000000         0.000000000         0.000000000
         0.000000000         0.000000000         0.000000000         0.000000000
         0.000000000         0.000000000         0.000000000         0.000000000
         0.000000000         0.000000000         0.000000000         0.000000000
         0.000000000         0.000000000         0.000000000         0.000000000
         0.000000000         0.000000000         0.000000000         0.000000000
         0.000000000         0.000000000         0.000000000         0.000000000
         0.000000000         0.000000000         0.000000000         0.000000000
        -0.001282860         0.215755593        -0.212935017         0.098288607
         0.001334064        -0.103742014        -0.021843901        -0.017961983
        -0.010324436         0.303528548         0.307814351         0.152308273
         0.220014332         0.359279169         0.397108654         0.403001276
         0.157510473         0.219122733         0.262551296         0.073771142
         0.001557878         0.000682397         0.064916165         0.146990351
         0.008792068         0.001927897         0.024608197        -0.000905729
         0.000824977         0.006755566         0.022890028        -0.019173862
        -0.035991329        -0.019216557         0.038403084         0.036297763
          68           0.339728970    0    0
         0.000000000         0.000000000         0.000000000         0.000000000
         0.000000000         0.000000000         0.000000000         0.000000000
         0.000000000         0.000000000         0.000000000         0.000000000
         0.000000000         0.000000000         0.000000000         0.000000000
         0.000000000         0.000000000         0.000000000         0.000000000
         0.000000000         0.000000000         0.000000000         0.000000000
         0.000000000         0.000000000         0.000000000         0.000000000
         0.000000000         0.000000000         0.000000000         0.000000000
         0.000000000         0.000000000         0.000000000         0.000000000
         0.000000000         0.000000000         0.000000000         0.000000000
         0.000000000         0.000000000         0.000000000         0.000000000
         0.000000000         0.000000000         0.000000000         0.000000000
         0.000000000         0.000000000         0.000000000         0.000000000
         0.000000000         0.000000000         0.000000000         0.000000000
         0.000000000         0.000000000         0.000000000         0.000000000
         0.002474374         0.175245860         0.185056811        -0.082008114
        -0.261722167        -0.081163165        -0.005902957        -0.000130008
         0.000217424         0.142747451        -0.138746272        -0.132719971
        -0.198144389         0.002721699         0.368333664        -0.369032491
         0.130705103         0.197762011         0.005557071        -0.000643371
        -0.169325566        -0.026222358         0.000070261         0.002919982
        -0.038402510         0.147398167        -0.000748213         0.005530222
         0.005531682         0.002847201         0.001273069         0.237926036
         0.001082168        -0.237253820         0.361851147        -0.363490111
          69           0.304576350    0    0
         0.000000000         0.000000000         0.000000000         0.000000000
         0.000000000         0.000000000         0.000000000         0.000000000
         0.000000000         0.000000000         0.000000000         0.000000000
         0.000000000         0.000000000         0.000000000         0.000000000
         0.000000000         0.000000000         0.000000000         0.000000000
         0.000000000         0.000000000         0.000000000         0.000000000
         0.000000000         0.000000000         0.000000000         0.000000000
         0.000000000         0.000000000         0.000000000         0.000000000
         0.000000000         0.000000000         0.000000000         0.000000000
         0.000000000         0.000000000         0.000000000         0.000000000
         0.000000000         0.000000000         0.000000000         0.000000000
         0.000000000         0.000000000         0.000000000         0.000000000
         0.000000000         0.000000000         0.000000000         0.000000000
         0.000000000         0.000000000         0.000000000         0.000000000
         0.000000000         0.000000000         0.000000000         0.000000000
         0.002197801        -0.009017283         0.011314337        -0.232654105
         0.008056378         0.226574080         0.033393413        -0.000720851
        -0.001745540        -0.191083508        -0.191763737         0.082829214
        -0.223284561         0.268493548         0.066211173         0.068499289
         0.080712703        -0.219204204         0.396234351        -0.026227755
         0.002333286        -0.002470849         0.074012247        -0.064821149
         0.057522458         0.018111680         0.077586041         0.003035601
         0.010119381         0.091567038        -0.005628230         0.345442496
        -0.394443067         0.348201163        -0.151617252        -0.150642112
          70           0.249099277    0    0
         0.000000000         0.000000000         0.000000000         0.000000000
         0.000000000         0.000000000         0.000000000         0.000000000
         0.000000000         0.000000000         0.000000000         0.000000000
         0.000000000         0.000000000         0.000000000         0.000000000
         0.000000000         0.000000000         0.000000000         0.000000000
         0.000000000         0.000000000         0.000000000         0.000000000
         0.000000000         0.000000000         0.000000000         0.000000000
         0.000000000         0.000000000         0.000000000         0.000000000
         0.000000000         0.000000000         0.000000000         0.000000000
         0.000000000         0.000000000         0.000000000         0.000000000
         0.000000000         0.000000000         0.000000000         0.000000000
         0.000000000         0.000000000         0.000000000         0.000000000
         0.000000000         0.000000000         0.000000000         0.000000000
         0.000000000         0.000000000         0.000000000         0.000000000
         0.000000000         0.000000000         0.000000000         0.000000000
         0.011052543         0.417167447        -0.391740911         0.175061031
         0.085524373        -0.280433266        -0.067305195         0.057324310
         0.010552225        -0.157215799        -0.196660388         0.103784364
        -0.320706347        -0.200101324         0.140369850         0.180227817
         0.093411683        -0.218718930        -0.341961301        -0.025253229
        -0.022683665        -0.014542844        -0.067327158         0.000343041
        -0.039640917        -0.029071218         0.176922118         0.024240858
        -0.012637067        -0.030475222        -0.050858077         0.006327698
        -0.212477353         0.038496294         0.101764472         0.064897991
          71           0.244422147    0    0
         0.000000000         0.000000000         0.000000000         0.000000000
         0.000000000         0.000000000         0.000000000         0.000000000
         0.000000000         0.000000000         0.000000000         0.000000000
         0.000000000         0.000000000         0.000000000         0.000000000
         0.000000000         0.000000000         0.000000000         0.000000000
         0.000000000         0.000000000         0.000000000         0.000000000
         0.000000000         0.000000000         0.000000000         0.000000000
         0.000000000         0.000000000         0.000000000         0.000000000
         0.000000000         0.000000000         0.000000000         0.000000000
         0.000000000         0.000000000         0.000000000         0.000000000
         0.000000000         0.000000000         0.000000000         0.000000000
         0.000000000         0.000000000         0.000000000         0.000000000
         0.000000000         0.000000000         0.000000000         0.000000000
         0.000000000         0.000000000         0.000000000         0.000000000
         0.000000000         0.000000000         0.000000000         0.000000000
         0.086910556         0.038492093         0.163690202        -0.359462767
         0.583925250        -0.295923479         0.010197874        -0.007526579
        -0.001340132         0.097226809        -0.037198675         0.013415240
        -0.312801750         0.026583522        -0.170890436         0.120590078
        -0.049548559         0.390556088         0.047096323         0.005784179
        -0.098136804        -0.098267181         0.013851747         0.000808620
         0.022570648        -0.063441068        -0.035577227         0.107742888
        -0.056647599         0.010145912         0.006431715        -0.137314636
         0.035093978         0.124198930         0.088412512        -0.110136326
          72           0.215900999    0    0
         0.000000000         0.000000000         0.000000000         0.000000000
         0.000000000         0.000000000         0.000000000         0.000000000
         0.000000000         0.000000000         0.000000000         0.000000000
         0.000000000         0.000000000         0.000000000         0.000000000
         0.000000000         0.000000000         0.000000000         0.000000000
         0.000000000         0.000000000         0.000000000         0.000000000
         0.000000000         0.000000000         0.000000000         0.000000000
         0.000000000         0.000000000         0.000000000         0.000000000
         0.000000000         0.000000000         0.000000000         0.000000000
         0.000000000         0.000000000         0.000000000         0.000000000
         0.000000000         0.000000000         0.000000000         0.000000000
         0.000000000         0.000000000         0.000000000         0.000000000
         0.000000000         0.000000000         0.000000000         0.000000000
         0.000000000         0.000000000         0.000000000         0.000000000
         0.000000000         0.000000000         0.000000000         0.000000000
         0.005980799         0.094947769         0.086215607         0.138142160
        -0.010019493         0.132126518        -0.001647612         0.000652629
         0.000094219        -0.545410011         0.531825975        -0.350343312
        -0.171939832        -0.016355225        -0.096581251         0.092830114
         0.378470681         0.171122179         0.002259868        -0.000220444
         0.022156727         0.002958074        -0.002730585         0.001451911
        -0.008734344         0.032140925         0.002040132         0.021362199
         0.040091433        -0.003292922        -0.000419282        -0.044263381
         0.000080633         0.046093191         0.087731384        -0.089656019
          73           0.115667616    0    0
         0.000000000         0.000000000         0.000000000         0.000000000
         0.000000000         0.000000000         0.000000000         0.000000000
         0.000000000         0.000000000         0.000000000         0.000000000
         0.000000000         0.000000000         0.000000000         0.000000000
         0.000000000         0.000000000         0.000000000         0.000000000
         0.000000000         0.000000000         0.000000000         0.000000000
         0.000000000         0.000000000         0.000000000         0.000000000
         0.000000000         0.000000000         0.000000000         0.000000000
         0.000000000         0.000000000         0.000000000         0.000000000
         0.000000000         0.000000000         0.000000000         0.000000000
         0.000000000         0.000000000         0.000000000         0.000000000
         0.000000000         0.000000000         0.000000000         0.000000000
         0.000000000         0.000000000         0.000000000         0.000000000
         0.000000000         0.000000000         0.000000000         0.000000000
         0.000000000         0.000000000         0.000000000         0.000000000
        -0.029787150        -0.169318463        -0.136721656         0.218119806
         0.359690608         0.210277531         0.000197138         0.005620654
        -0.001569738         0.336438215        -0.323715846        -0.478055715
         0.019148489         0.047522301         0.033310649        -0.031942574
         0.475921111        -0.042502359        -0.028013285        -0.009155053
         0.198113286         0.059048401        -0.013640128        -0.009763686
         0.010692437        -0.051685516        -0.003087871         0.049890208
        -0.032509611        -0.001754601        -0.006621197         0.008618835
        -0.004474660        -0.014907826        -0.005771721         0.018470957
          74           0.114462022    0    0
         0.000000000         0.000000000         0.000000000         0.000000000
         0.000000000         0.000000000         0.000000000         0.000000000
         0.000000000         0.000000000         0.000000000         0.000000000
         0.000000000         0.000000000         0.000000000         0.000000000
         0.000000000         0.000000000         0.000000000         0.000000000
         0.000000000         0.000000000         0.000000000         0.000000000
         0.000000000         0.000000000         0.000000000         0.000000000
         0.000000000         0.000000000         0.000000000         0.000000000
         0.000000000         0.000000000         0.000000000         0.000000000
         0.000000000         0.000000000         0.000000000         0.000000000
         0.000000000         0.000000000         0.000000000         0.000000000
         0.000000000         0.000000000         0.000000000         0.000000000
         0.000000000         0.000000000         0.000000000         0.000000000
         0.000000000         0.000000000         0.000000000         0.000000000
         0.000000000         0.000000000         0.000000000         0.000000000
        -0.001241887         0.228805741        -0.250149508        -0.098047284
         0.025407774         0.115134625         0.047365319        -0.089469064
         0.023006640        -0.015765279        -0.075046180        -0.028934194
         0.197980940        -0.705366477        -0.019794924        -0.028794314
         0.026786531         0.187698283         0.398473674         0.146742363
         0.018783686         0.002744863         0.195656327         0.097654316
         0.051876389         0.016554702         0.024700172         0.001095875
         0.002355273         0.041322125         0.095744948         0.063272540
         0.063354544         0.059588609        -0.090302551        -0.086500061
          75           0.099336292    0    0
         0.000000000         0.000000000         0.000000000         0.000000000
         0.000000000         0.000000000         0.000000000         0.000000000
         0.000000000         0.000000000         0.000000000         0.000000000
         0.000000000         0.000000000         0.000000000         0.000000000
         0.000000000         0.000000000         0.000000000         0.000000000
         0.000000000         0.000000000         0.000000000         0.000000000
         0.000000000         0.000000000         0.000000000         0.000000000
         0.000000000         0.000000000         0.000000000         0.000000000
         0.000000000         0.000000000         0.000000000         0.000000000
         0.000000000         0.000000000         0.000000000         0.000000000
         0.000000000         0.000000000         0.000000000         0.000000000
         0.000000000         0.000000000         0.000000000         0.000000000
         0.000000000         0.000000000         0.000000000         0.000000000
         0.000000000         0.000000000         0.000000000         0.000000000
         0.000000000         0.000000000         0.000000000         0.000000000
         0.001656122         0.065260677        -0.075242504        -0.277969603
        -0.009418470         0.270945287         0.011097675         0.058101640
        -0.019542454         0.503473853         0.515296064        -0.107198036
        -0.158565342        -0.203252071        -0.018938386        -0.016123793
        -0.101897551        -0.154935994        -0.233517270        -0.082021276
        -0.004122569        -0.002257572         0.019718310        -0.250142779
         0.070274962         0.022803200         0.148686948         0.005299836
         0.004627289         0.033229095        -0.070600944         0.087726913
        -0.172003967         0.090414683         0.005699795         0.005182570
          76           0.081495204    0    0
         0.000000000         0.000000000         0.000000000         0.000000000
         0.000000000         0.000000000         0.000000000         0.000000000
         0.000000000         0.000000000         0.000000000         0.000000000
         0.000000000         0.000000000         0.000000000         0.000000000
         0.000000000         0.000000000         0.000000000         0.000000000
         0.000000000         0.000000000         0.000000000         0.000000000
         0.000000000         0.000000000         0.000000000         0.000000000
         0.000000000         0.000000000         0.000000000         0.000000000
         0.000000000         0.000000000         0.000000000         0.000000000
         0.000000000         0.000000000         0.000000000         0.000000000
         0.000000000         0.000000000         0.000000000         0.000000000
         0.000000000         0.000000000         0.000000000         0.000000000
         0.000000000         0.000000000         0.000000000         0.000000000
         0.000000000         0.000000000         0.000000000         0.000000000
         0.000000000         0.000000000         0.000000000         0.000000000
        -0.072121711         0.452214051         0.450462656         0.348378850
         0.414383354         0.353072968        -0.002175513         0.000822605
        -0.000214881         0.002678085         0.009613018         0.186824750
         0.103264425        -0.006817336         0.057911613        -0.050786232
        -0.192341759        -0.107183827        -0.006543967         0.001192487
         0.021930626         0.066944858        -0.003113927         0.003709071
        -0.018346101         0.075901897        -0.003482785         0.172710485
         0.131332204        -0.007709250        -0.000558089         0.073928483
        -0.004925929        -0.071266617         0.019053114        -0.017280685
          77           0.065837285    0    0
         0.000000000         0.000000000         0.000000000         0.000000000
         0.000000000         0.000000000         0.000000000         0.000000000
         0.000000000         0.000000000         0.000000000         0.000000000
         0.000000000         0.000000000         0.000000000         0.000000000
         0.000000000         0.000000000         0.000000000         0.000000000
         0.000000000         0.000000000         0.000000000         0.000000000
         0.000000000         0.000000000         0.000000000         0.000000000
         0.000000000         0.000000000         0.000000000         0.000000000
         0.000000000         0.000000000         0.000000000         0.000000000
         0.000000000         0.000000000         0.000000000         0.000000000
         0.000000000         0.000000000         0.000000000         0.000000000
         0.000000000         0.000000000         0.000000000         0.000000000
         0.000000000         0.000000000         0.000000000         0.000000000
         0.000000000         0.000000000         0.000000000         0.000000000
         0.000000000         0.000000000         0.000000000         0.000000000
        -0.000253479         0.107192763        -0.103691748         0.064535952
         0.003569563        -0.068618744         0.022739244        -0.075807394
         0.031560820         0.123663155         0.115481467         0.374644751
        -0.075416961         0.115266256        -0.311050353        -0.317121473
         0.367866200        -0.083432279         0.059985155         0.542059950
        -0.006717651         0.000207596        -0.220346837        -0.242190593
        -0.014003019        -0.006813804        -0.025837560         0.002053575
        -0.002067349        -0.013041400         0.086084151         0.015976492
         0.105523737         0.012601843        -0.069723021        -0.066740850
          78           0.006208427    0    0
         0.000000000         0.000000000         0.000000000         0.000000000
         0.000000000         0.000000000         0.000000000         0.000000000
         0.000000000         0.000000000         0.000000000         0.000000000
         0.000000000         0.000000000         0.000000000         0.000000000
         0.000000000         0.000000000         0.000000000         0.000000000
         0.000000000         0.000000000         0.000000000         0.000000000
         0.000000000         0.000000000         0.000000000         0.000000000
         0.000000000         0.000000000         0.000000000         0.000000000
         0.000000000         0.000000000         0.000000000         0.000000000
         0.000000000         0.000000000         0.000000000         0.000000000
         0.000000000         0.000000000         0.000000000         0.000000000
         0.000000000         0.000000000         0.000000000         0.000000000
         0.000000000         0.000000000         0.000000000         0.000000000
         0.000000000         0.000000000         0.000000000         0.000000000
         0.000000000         0.000000000         0.000000000         0.000000000
        -0.000741974        -0.064521547         0.065437498        -0.012078576
        -0.001996478         0.018396378         0.267418178        -0.498656399
         0.293141837         0.017069823         0.018742360         0.077359902
        -0.068718095        -0.013994940         0.077189998         0.072140544
         0.072824538        -0.062363755        -0.121752126        -0.135676734
         0.004199996        -0.002903064         0.220630053        -0.113511438
        -0.357577277        -0.115117751        -0.000524666         0.000040453
         0.006828717         0.029454540         0.556688962        -0.022323213
        -0.039105531        -0.024475925         0.045658236         0.040006087
$end
