$energy      SCF               SCFKIN            SCFPOT
     1 -3297.455872239      3176.060664043     -6473.516536282
     2 -3297.458098563      3176.324124354     -6473.782222917
     3 -3297.458653459      3176.479405656     -6473.938059116
     4 -3297.459300335      3176.645948379     -6474.105248714
     5 -3297.459730129      3176.709604330     -6474.169334459
     6 -3297.460121555      3176.718707090     -6474.178828645
     7 -3297.460262836      3176.676071027     -6474.136333863
     8 -3297.460274100      3176.676865538     -6474.137139638
     9 -3297.460304152      3176.682437958     -6474.142742110
    10 -3297.460357151      3176.686179614     -6474.146536765
    11 -3297.460371897      3176.683324094     -6474.143695990
    12 -3297.460380370      3176.680322551     -6474.140702921
    13 -3297.460402730      3176.673822914     -6474.134225644
    14 -3297.460430129      3176.665774414     -6474.126204542
    15 -3297.460500895      3176.660613070     -6474.121113965
    16 -3297.460611884      3176.656899568     -6474.117511452
    17 -3297.460716452      3176.652565120     -6474.113281572
    18 -3297.460805606      3176.648643090     -6474.109448696
    19 -3297.460886695      3176.645499086     -6474.106385780
    20 -3297.461054382      3176.649218780     -6474.110273162
    21 -3297.461183465      3176.649496840     -6474.110680305
    22 -3297.461260083      3176.649386132     -6474.110646216
    23 -3297.461441918      3176.670891732     -6474.132333649
    24 -3297.461627441      3176.669619168     -6474.131246609
    25 -3297.461759318      3176.672207289     -6474.133966607
    26 -3297.461846443      3176.668490351     -6474.130336794
    27 -3297.461977066      3176.669954848     -6474.131931915
    28 -3297.462171612      3176.673245733     -6474.135417345
    29 -3297.462375820      3176.669104452     -6474.131480272
    30 -3297.462496841      3176.660944776     -6474.123441617
    31 -3297.462528773      3176.657864150     -6474.120392923
    32 -3297.462599682      3176.654184361     -6474.116784043
    33 -3297.462653526      3176.654873280     -6474.117526806
    34 -3297.462668483      3176.655978027     -6474.118646511
    35 -3297.462672452      3176.655484098     -6474.118156550
    36 -3297.462675672      3176.654621894     -6474.117297566
    37 -3297.462680027      3176.653683064     -6474.116363092
    38 -3297.462688456      3176.653044197     -6474.115732652
    39 -3297.462697340      3176.653091354     -6474.115788694
    40 -3297.462701385      3176.654061664     -6474.116763049
    41 -3297.462702452      3176.654224821     -6474.116927272
    42 -3297.462702973      3176.654104159     -6474.116807133
    43 -3297.462704217      3176.653767715     -6474.116471932
    44 -3297.462705100      3176.653508325     -6474.116213425
    45 -3297.462705013      3176.653678684     -6474.116383697
    46 -3297.462704587      3176.654087582     -6474.116792169
    47 -3297.462704574      3176.654099943     -6474.116804517
    48 -3297.462704401      3176.654191417     -6474.116895818
    49 -3297.462704349      3176.654088024     -6474.116792373
    50 -3297.462704129      3176.653991827     -6474.116695956
    51 -3297.462703942      3176.653969183     -6474.116673125
    52 -3297.462703616      3176.654018701     -6474.116722317
    53 -3297.462703326      3176.654053896     -6474.116757221
    54 -3297.462703520      3176.654081462     -6474.116784982
$end
