$hessapprox internal
  0.439425039757D+00  0.269948172190D-02  0.431028567847D+00  0.601918717561D-02
 -0.133138642333D-02  0.435348981187D+00 -0.476570432268D-02 -0.100466050290D-02
 -0.449687144515D-02  0.320149407797D+00 -0.555397627648D-02 -0.120289851922D-02
 -0.504087866202D-02 -0.644444160404D-01  0.263189672639D+00  0.470132503909D-02
 -0.152239532092D-02  0.167199764928D-02  0.114627596205D-01  0.154935387917D-01
  0.202673780303D+00 -0.566966246774D-02  0.579308590393D-02  0.230145626232D-02
  0.106613386465D-01  0.159432713579D-01 -0.151622410930D-01  0.202480002808D+00
  0.290616097935D-02 -0.690093794550D-03  0.150094282513D-02  0.122664094037D-01
  0.171234969103D-01 -0.307931542574D-02 -0.109182601556D-01  0.194168714817D+00
 -0.613177427219D-02  0.445048383898D-02  0.211896190312D-02 -0.253153103226D-01
 -0.425131001435D-01 -0.594322098375D-02  0.780763162531D-02 -0.270871431463D-02
  0.173714144958D+00 -0.110856720565D-01  0.670105436458D-02  0.560827911067D-03
  0.138273891582D-01  0.182304526917D-01  0.265290909126D-03 -0.852855087821D-03
  0.265603136147D-03  0.529301553881D-02  0.256181822323D+00  0.120153499704D-01
  0.460999194696D-02  0.991930529616D-02 -0.157432885925D-01 -0.229713343111D-01
 -0.224889774108D-01 -0.287002138243D-01 -0.258511167084D-01 -0.436285936599D-01
 -0.305599467702D-01  0.260434108954D+00 -0.171613291566D-02  0.225545360517D-03
 -0.549368464949D-03  0.747669211107D-02  0.114175785722D-01 -0.208178522905D-03
 -0.117071061266D-02 -0.444887974604D-03  0.801224666267D-02  0.871220421879D-02
  0.227637191299D-01  0.517947731431D+00 -0.132354686434D-01 -0.493119366371D-02
 -0.126288649629D-01  0.294512747034D-02  0.115050549579D-01  0.433117925831D-02
  0.792081263199D-02  0.289510796112D-02 -0.242629699148D-01 -0.257196877826D-01
 -0.582738051756D-01 -0.234449302753D-02  0.261835400964D+00  0.643700931030D-02
  0.179966892839D-02  0.534780110967D-02 -0.440122901063D-02 -0.940670082915D-02
 -0.262906143629D-02 -0.344126527480D-02 -0.226064047148D-02  0.354113885378D-02
  0.693283600591D-02  0.164950828407D-01 -0.389805391866D-01  0.437938979885D-01
  0.381726158543D+00  0.171564398395D-01 -0.467317083916D-02  0.561395209199D-02
 -0.207279352187D-01 -0.376262462994D-01  0.593587551829D-03  0.838350243219D-02
  0.432995653341D-02  0.958442521572D-01 -0.778804860674D-02  0.714772128011D-01
  0.736950418289D-02  0.628945253769D-01 -0.283704824427D-01  0.379269054780D+00
  0.905062196732D-02 -0.861221515011D-02 -0.240520766356D-02  0.136301329156D-01
  0.227015665757D-01  0.113535762416D-01 -0.597574258001D-02  0.585838908557D-02
 -0.153917349156D+00  0.944449021034D-01  0.768261002256D-01 -0.716428557343D-02
  0.822038919629D-01 -0.356026528471D-01  0.513670871019D-01  0.324583135466D+00
 -0.420825054694D-02  0.550440856636D-02  0.272913718411D-02  0.344235012446D-02
  0.267355007574D-02 -0.524482880327D-02 -0.635218665168D-03 -0.433319365362D-02
  0.220791267976D-01 -0.182621562444D-01 -0.583675717465D-02 -0.129770572011D-01
 -0.481570771603D-01 -0.854483165093D-01 -0.668852088666D-02  0.171447753652D-01
  0.398267788646D+00  0.512382386880D-03  0.540971849411D-02  0.529960352795D-02
  0.178200479816D-01  0.206932419158D-01  0.216588123818D-02 -0.222721976782D-01
 -0.560387112542D-02 -0.386811062157D-01  0.125385282902D+00  0.397005695359D-02
 -0.204991018283D-02 -0.909026702805D-01  0.165897886264D-01 -0.882086814446D-01
  0.337883975390D-01 -0.121171892069D-01  0.138540734077D+00 -0.110696420685D-01
  0.448343607060D-02 -0.119069686720D-02 -0.555342080426D-02 -0.185421439884D-01
 -0.452270882825D-03 -0.668391854656D-02 -0.210676001831D-02 -0.455128381697D-01
 -0.704999998509D-01  0.246695499268D-01  0.112721215177D-02 -0.276570883137D-01
  0.651861942512D-02 -0.273289321152D-01  0.478664078895D-01 -0.860679325185D-02
  0.291918019962D-02  0.253094554657D+00
$end
