$dipgrad          cartesian dipole gradients
  0.67075560081431D+00  0.43368086899420D-18  -.70811954390460D-18
  0.31008182133085D-16  0.67075560081431D+00  -.22267172694335D-16
  -.48273572334325D-16  -.75499222962328D-17  0.23302592446064D+01
  0.10142158538648D+01  -.69974729478012D+00  0.50933107557938D-15
  -.69974729478010D+00  0.10142158538648D+01  -.33290427706167D-15
  -.21778911139803D-16  0.32797115717687D-16  0.27249091241907D+01
  0.10142158538648D+01  0.69974729478011D+00  0.15096159999145D-15
  0.69974729478010D+00  0.10142158538648D+01  -.33903001933622D-15
  -.11204467122985D-15  -.38645878218477D-16  0.27249091241907D+01
  -.42386365523333D+00  -.25863865074112D+00  0.39489002558778D+00
  -.25863865074113D+00  -.42386365523333D+00  0.39489002558778D+00
  0.19379786537021D+00  0.19379786537020D+00  -.16424097369067D+01
  -.42386365523332D+00  -.25863865074113D+00  -.39489002558778D+00
  -.25863865074113D+00  -.42386365523332D+00  -.39489002558778D+00
  -.19379786537020D+00  -.19379786537020D+00  -.16424097369067D+01
  -.42386365523334D+00  0.25863865074114D+00  -.39489002558778D+00
  0.25863865074112D+00  -.42386365523335D+00  0.39489002558778D+00
  -.19379786537021D+00  0.19379786537020D+00  -.16424097369066D+01
  -.42386365523333D+00  0.25863865074114D+00  0.39489002558778D+00
  0.25863865074112D+00  -.42386365523333D+00  -.39489002558778D+00
  0.19379786537021D+00  -.19379786537019D+00  -.16424097369067D+01
  -.17472708004000D+00  0.89602168623740D-01  0.18098990672002D+00
  0.12665659104076D+00  -.15726089041055D+00  -.16105384739813D+00
  0.94684687208240D-01  -.12276964035884D+00  -.13569556076927D+00
  -.20338505567013D+00  0.18783737797257D+00  0.12707391787168D+00
  0.18783737797256D+00  -.20338505567013D+00  -.12707391787168D+00
  0.54463763998321D-01  -.54463763998320D-01  -.23237840923655D+00
  -.15726089041055D+00  0.12665659104076D+00  0.16105384739813D+00
  0.89602168623741D-01  -.17472708004000D+00  -.18098990672002D+00
  0.12276964035884D+00  -.94684687208244D-01  -.13569556076927D+00
  -.15221166926920D+00  0.13506375828516D+00  0.13905704087551D+00
  0.15243110451147D+00  -.16242537343132D+00  -.21849470937193D+00
  0.78025577173977D-01  -.11310461751634D+00  -.11195441345002D+00
  -.16242537343132D+00  0.15243110451147D+00  0.21849470937193D+00
  0.13506375828516D+00  -.15221166926920D+00  -.13905704087551D+00
  0.11310461751634D+00  -.78025577173977D-01  -.11195441345003D+00
  -.15726089041054D+00  0.12665659104075D+00  -.16105384739811D+00
  0.89602168623731D-01  -.17472708003999D+00  0.18098990672001D+00
  -.12276964035884D+00  0.94684687208245D-01  -.13569556076927D+00
  -.20338505567014D+00  0.18783737797257D+00  -.12707391787168D+00
  0.18783737797257D+00  -.20338505567014D+00  0.12707391787168D+00
  -.54463763998322D-01  0.54463763998324D-01  -.23237840923656D+00
  -.17472708003999D+00  0.89602168623732D-01  -.18098990672001D+00
  0.12665659104075D+00  -.15726089041054D+00  0.16105384739811D+00
  -.94684687208242D-01  0.12276964035884D+00  -.13569556076927D+00
  -.16242537343132D+00  0.15243110451148D+00  -.21849470937193D+00
  0.13506375828516D+00  -.15221166926921D+00  0.13905704087551D+00
  -.11310461751634D+00  0.78025577173976D-01  -.11195441345003D+00
  -.15221166926920D+00  0.13506375828516D+00  -.13905704087551D+00
  0.15243110451147D+00  -.16242537343132D+00  0.21849470937193D+00
  -.78025577173976D-01  0.11310461751634D+00  -.11195441345003D+00
  -.15726089041055D+00  -.12665659104076D+00  -.16105384739813D+00
  -.89602168623738D-01  -.17472708004000D+00  -.18098990672002D+00
  -.12276964035884D+00  -.94684687208246D-01  -.13569556076927D+00
  -.15221166926921D+00  -.13506375828517D+00  -.13905704087551D+00
  -.15243110451148D+00  -.16242537343132D+00  -.21849470937193D+00
  -.78025577173978D-01  -.11310461751633D+00  -.11195441345003D+00
  -.16242537343132D+00  -.15243110451148D+00  -.21849470937193D+00
  -.13506375828516D+00  -.15221166926920D+00  -.13905704087551D+00
  -.11310461751633D+00  -.78025577173981D-01  -.11195441345002D+00
  -.17472708004000D+00  -.89602168623737D-01  -.18098990672002D+00
  -.12665659104076D+00  -.15726089041055D+00  -.16105384739813D+00
  -.94684687208246D-01  -.12276964035884D+00  -.13569556076927D+00
  -.20338505567014D+00  -.18783737797256D+00  -.12707391787168D+00
  -.18783737797256D+00  -.20338505567014D+00  -.12707391787168D+00
  -.54463763998323D-01  -.54463763998326D-01  -.23237840923656D+00
  -.17472708003999D+00  -.89602168623738D-01  0.18098990672001D+00
  -.12665659104075D+00  -.15726089041054D+00  0.16105384739811D+00
  0.94684687208245D-01  0.12276964035884D+00  -.13569556076927D+00
  -.16242537343132D+00  -.15243110451147D+00  0.21849470937193D+00
  -.13506375828516D+00  -.15221166926921D+00  0.13905704087551D+00
  0.11310461751634D+00  0.78025577173976D-01  -.11195441345003D+00
  -.15221166926921D+00  -.13506375828517D+00  0.13905704087551D+00
  -.15243110451148D+00  -.16242537343132D+00  0.21849470937193D+00
  0.78025577173979D-01  0.11310461751633D+00  -.11195441345002D+00
  -.15726089041054D+00  -.12665659104074D+00  0.16105384739811D+00
  -.89602168623736D-01  -.17472708003999D+00  0.18098990672001D+00
  0.12276964035884D+00  0.94684687208246D-01  -.13569556076927D+00
  -.20338505567014D+00  -.18783737797256D+00  0.12707391787168D+00
  -.18783737797257D+00  -.20338505567014D+00  0.12707391787168D+00
  0.54463763998324D-01  0.54463763998324D-01  -.23237840923655D+00
  0.56974604023104D-01  -.10033154639271D+00  -.17147537380718D-01
  -.72691335104045D-01  0.46851926200626D-01  0.90153930974948D-01
  0.62904121299976D-04  0.67788166933324D-01  0.90711602043745D-01
  0.37545269008391D-01  -.59768379523296D-01  -.14190874237857D+00
  -.52896326558488D-01  0.10250122043193D+00  0.25539900162676D-01
  -.89268376097276D-01  0.21889602138294D-03  -.51284887438403D-02
  0.10520387717611D+00  -.50507817349131D-01  -.78854285763483D-01
  -.50507817349134D-01  0.10520387717611D+00  0.78854285763482D-01
  -.57924813607363D-01  0.57924813607364D-01  0.39024946592017D-02
  0.10250122043193D+00  -.52896326558493D-01  -.25539900162677D-01
  -.59768379523297D-01  0.37545269008392D-01  0.14190874237857D+00
  -.21889602138625D-03  0.89268376097275D-01  -.51284887438404D-02
  0.46851926200628D-01  -.72691335104045D-01  -.90153930974948D-01
  -.10033154639271D+00  0.56974604023104D-01  0.17147537380721D-01
  -.67788166933325D-01  -.62904121300035D-04  0.90711602043746D-01
  0.37545269008394D-01  -.59768379523296D-01  0.14190874237858D+00
  -.52896326558492D-01  0.10250122043193D+00  -.25539900162676D-01
  0.89268376097275D-01  -.21889602138371D-03  -.51284887438408D-02
  0.56974604023105D-01  -.10033154639270D+00  0.17147537380705D-01
  -.72691335104046D-01  0.46851926200623D-01  -.90153930974944D-01
  -.62904121299241D-04  -.67788166933327D-01  0.90711602043750D-01
  0.10520387717611D+00  -.50507817349132D-01  0.78854285763483D-01
  -.50507817349133D-01  0.10520387717611D+00  -.78854285763483D-01
  0.57924813607361D-01  -.57924813607365D-01  0.39024946592019D-02
  0.46851926200625D-01  -.72691335104042D-01  0.90153930974944D-01
  -.10033154639270D+00  0.56974604023104D-01  -.17147537380705D-01
  0.67788166933327D-01  0.62904121299230D-04  0.90711602043750D-01
  0.10250122043193D+00  -.52896326558491D-01  0.25539900162677D-01
  -.59768379523295D-01  0.37545269008392D-01  -.14190874237857D+00
  0.21889602138599D-03  -.89268376097277D-01  -.51284887438403D-02
  0.56974604023100D-01  0.10033154639270D+00  -.17147537380706D-01
  0.72691335104047D-01  0.46851926200625D-01  -.90153930974943D-01
  0.62904121299213D-04  -.67788166933328D-01  0.90711602043750D-01
  0.10520387717611D+00  0.50507817349132D-01  -.78854285763483D-01
  0.50507817349134D-01  0.10520387717611D+00  -.78854285763483D-01
  -.57924813607363D-01  -.57924813607365D-01  0.39024946592023D-02
  0.46851926200625D-01  0.72691335104047D-01  -.90153930974943D-01
  0.10033154639270D+00  0.56974604023103D-01  -.17147537380704D-01
  -.67788166933328D-01  0.62904121299216D-04  0.90711602043750D-01
  0.10250122043193D+00  0.52896326558491D-01  -.25539900162677D-01
  0.59768379523296D-01  0.37545269008391D-01  -.14190874237858D+00
  -.21889602138353D-03  -.89268376097278D-01  -.51284887438399D-02
  0.37545269008391D-01  0.59768379523296D-01  -.14190874237858D+00
  0.52896326558494D-01  0.10250122043193D+00  -.25539900162676D-01
  -.89268376097279D-01  -.21889602138629D-03  -.51284887438416D-02
  0.37545269008392D-01  0.59768379523296D-01  0.14190874237858D+00
  0.52896326558491D-01  0.10250122043193D+00  0.25539900162676D-01
  0.89268376097274D-01  0.21889602138652D-03  -.51284887438399D-02
  0.56974604023105D-01  0.10033154639271D+00  0.17147537380720D-01
  0.72691335104045D-01  0.46851926200627D-01  0.90153930974947D-01
  -.62904121299990D-04  0.67788166933324D-01  0.90711602043746D-01
  0.10520387717611D+00  0.50507817349133D-01  0.78854285763483D-01
  0.50507817349134D-01  0.10520387717612D+00  0.78854285763483D-01
  0.57924813607363D-01  0.57924813607366D-01  0.39024946592013D-02
  0.10250122043193D+00  0.52896326558502D-01  0.25539900162678D-01
  0.59768379523295D-01  0.37545269008392D-01  0.14190874237858D+00
  0.21889602138577D-03  0.89268376097276D-01  -.51284887438400D-02
  0.46851926200627D-01  0.72691335104046D-01  0.90153930974947D-01
  0.10033154639271D+00  0.56974604023104D-01  0.17147537380721D-01
  0.67788166933325D-01  -.62904121299993D-04  0.90711602043745D-01
$end
