$energy      SCF               SCFKIN            SCFPOT
     1 -4205.122351488      3939.902618824     -8145.024970312
     2 -4205.118228416      3938.973469357     -8144.091697773
     3 -4205.150483138      3939.110711807     -8144.261194945
     4 -4205.118790982      3923.093126046     -8128.211917028
     5 -4205.150088777      3939.371060303     -8144.521149080
     6 -4205.150399149      3938.990055378     -8144.140454527
     7 -4205.154285704      3933.869292737     -8139.023578441
     8 -4205.179300217      3932.957552058     -8138.136852276
     9 -4205.168656521      3933.604812310     -8138.773468831
    10 -4205.168746668      3933.574853198     -8138.743599866
    11 -4205.168765974      3933.495368833     -8138.664134808
    12 -4205.173900153      3933.103830154     -8138.277730307
    13 -4205.176352903      3932.438423727     -8137.614776630
    14 -4205.176794041      3932.444116820     -8137.620910861
    15 -4205.177009975      3932.487802474     -8137.664812450
    16 -4205.177701281      3932.399198278     -8137.576899559
    17 -4205.177885759      3932.442624750     -8137.620510509
    18 -4205.178023527      3932.511543880     -8137.689567407
    19 -4205.178241918      3932.544617299     -8137.722859217
    20 -4205.178764842      3932.505064212     -8137.683829054
    21 -4205.179259272      3932.514889930     -8137.694149202
    22 -4205.179474748      3932.518613674     -8137.698088422
    23 -4205.179682751      3932.437259389     -8137.616942139
    24 -4205.179835154      3932.387198681     -8137.567033834
    25 -4205.179928553      3932.353867737     -8137.533796290
    26 -4205.180052266      3932.427887027     -8137.607939293
    27 -4205.180070819      3932.362085193     -8137.542156011
    28 -4205.180088185      3932.403346894     -8137.583435079
    29 -4205.180124886      3932.426691146     -8137.606816032
    30 -4205.180175718      3932.361428285     -8137.541604003
    31 -4205.180219797      3932.339992528     -8137.520212325
    32 -4205.180261810      3932.373733372     -8137.553995182
    33 -4205.180331953      3932.430454385     -8137.610786337
    34 -4205.180407301      3932.438179728     -8137.618587029
    35 -4205.180429200      3932.414481952     -8137.594911153
    36 -4205.180449074      3932.331696822     -8137.512145896
    37 -4205.180464758      3932.338232080     -8137.518696837
    38 -4205.180498191      3932.396254813     -8137.576753004
    39 -4205.180517786      3932.401769409     -8137.582287195
    40 -4205.180548037      3932.355953279     -8137.536501316
    41 -4205.180560527      3932.340373491     -8137.520934017
    42 -4205.180413863      3932.312712022     -8137.493125884
    43 -4205.180595457      3932.337445208     -8137.518040665
    44 -4205.180608227      3932.348395304     -8137.529003531
    45 -4205.180615618      3932.343757794     -8137.524373412
    46 -4205.180637449      3932.333313513     -8137.513950963
    47 -4205.180675816      3932.330782764     -8137.511458581
    48 -4205.180695664      3932.326730792     -8137.507426456
    49 -4205.180721520      3932.331582171     -8137.512303691
    50 -4205.180761115      3932.303157946     -8137.483919061
    51 -4205.180782847      3932.328912616     -8137.509695463
    52 -4205.180791919      3932.327525132     -8137.508317051
    53 -4205.180793802      3932.320132723     -8137.500926526
    54 -4205.180795304      3932.304531579     -8137.485326883
    55 -4205.180795941      3932.327188986     -8137.507984927
    56 -4205.180796518      3932.326777378     -8137.507573897
    57 -4205.180796805      3932.337989312     -8137.518786117
$end
