$energy      SCF               SCFKIN            SCFPOT
     1 -2512.226147661      2402.997644977     -4915.223792638
     2 -2512.226216733      2402.967019632     -4915.193236365
     3 -2512.226192720      2402.950505773     -4915.176698493
     4 -2512.226206296      2402.961326559     -4915.187532854
     5 -2512.226303749      2402.967981148     -4915.194284897
     6 -2512.226289507      2402.962539677     -4915.188829184
     7 -2512.226260793      2402.966694409     -4915.192955203
     8 -2512.226256382      2402.981831430     -4915.208087812
     9 -2512.226265774      2402.986582777     -4915.212848550
    10 -2512.226271099      2402.987865906     -4915.214137004
    11 -2512.226270041      2402.988406825     -4915.214676866
    12 -2512.226266683      2402.988168257     -4915.214434940
    13 -2512.226269203      2402.987622271     -4915.213891474
    14 -2512.226272689      2402.986503511     -4915.212776200
    15 -2512.226274918      2402.986026577     -4915.212301495
    16 -2512.226272923      2402.986153622     -4915.212426545
    17 -2512.226271683      2402.986236176     -4915.212507860
    18 -2512.226271803      2402.986211013     -4915.212482816
    19 -2512.226271753      2402.986188803     -4915.212460556
    20 -2512.226271613      2402.986421149     -4915.212692762
    21 -2512.226271621      2402.986425167     -4915.212696788
$end
