$coord
    0.00000000000000      0.00000000000000      0.00000000000000  mo
    0.00000000000000     -0.00000000000000     -6.52443244787960  dy
    0.00000000000000      0.00000000000000      6.52443244787960  dy
    2.35631518512839      2.35631518512839     -2.55975059410878  s
   -2.35631518512839     -2.35631518512839     -2.55975059410878  s
    2.35631518512839     -2.35631518512839      2.55975059410878  s
   -2.35631518512839      2.35631518512839      2.55975059410878  s
    4.64843127590133     -1.59474390952953     -7.82671386335905  c
    3.58120683546977     -3.58120683546977     -6.39563668303473  c
    1.59474390952953     -4.64843127590133     -7.82671386335905  c
    1.42953122599526     -3.32086635750143    -10.14098811467373  c
    3.32086635750143     -1.42953122599526    -10.14098811467373  c
   -1.59474390952953      4.64843127590133     -7.82671386335905  c
   -3.58120683546977      3.58120683546977     -6.39563668303473  c
   -4.64843127590133      1.59474390952953     -7.82671386335905  c
   -3.32086635750143      1.42953122599526    -10.14098811467373  c
   -1.42953122599526      3.32086635750143    -10.14098811467373  c
    1.59474390952953      4.64843127590133      7.82671386335905  c
    1.42953122599526      3.32086635750143     10.14098811467373  c
    3.32086635750143      1.42953122599526     10.14098811467373  c
    4.64843127590133      1.59474390952953      7.82671386335905  c
    3.58120683546977      3.58120683546977      6.39563668303473  c
   -4.64843127590133     -1.59474390952953      7.82671386335905  c
   -3.32086635750143     -1.42953122599526     10.14098811467373  c
   -1.42953122599526     -3.32086635750143     10.14098811467373  c
   -1.59474390952953     -4.64843127590133      7.82671386335905  c
   -3.58120683546977     -3.58120683546977      6.39563668303473  c
    0.39791282851605     -6.19378884424311     -7.23500339797380  h
    0.13492777167405     -3.72222169896149    -11.67041288259611  h
    4.11844920464913     -4.11844920464913     -4.50218576612024  h
    3.72222169896149     -0.13492777167405    -11.67041288259611  h
    6.19378884424311     -0.39791282851605     -7.23500339797380  h
   -0.13492777167405      3.72222169896149    -11.67041288259611  h
   -0.39791282851604      6.19378884424311     -7.23500339797380  h
   -4.11844920464913      4.11844920464913     -4.50218576612024  h
   -6.19378884424311      0.39791282851604     -7.23500339797380  h
   -3.72222169896149      0.13492777167405    -11.67041288259611  h
   -0.39791282851604     -6.19378884424311      7.23500339797380  h
   -4.11844920464913     -4.11844920464913      4.50218576612024  h
   -6.19378884424311     -0.39791282851604      7.23500339797380  h
   -3.72222169896149     -0.13492777167405     11.67041288259611  h
   -0.13492777167405     -3.72222169896149     11.67041288259611  h
    0.13492777167405      3.72222169896149     11.67041288259611  h
    0.39791282851605      6.19378884424311      7.23500339797380  h
    4.11844920464913      4.11844920464913      4.50218576612024  h
    3.72222169896149      0.13492777167405     11.67041288259611  h
    6.19378884424311      0.39791282851605      7.23500339797380  h
$user-defined bonds
$end
