$energy      SCF               SCFKIN            SCFPOT
     1 -4205.122351488      3939.902618824     -8145.024970312
     2 -4205.118228416      3938.973469357     -8144.091697773
     3 -4205.150483138      3939.110711807     -8144.261194945
     4 -4205.118790982      3923.093126046     -8128.211917028
     5 -4205.150088777      3939.371060303     -8144.521149080
     6 -4205.150399149      3938.990055378     -8144.140454527
     7 -4205.154285704      3933.869292737     -8139.023578441
     8 -4205.179300217      3932.957552058     -8138.136852276
     9 -4205.179339352      3933.030421188     -8138.209760540
    10 -4205.179339045      3933.038521429     -8138.217860474
    11 -4206.638024826      3939.005411011     -8145.643435837
    12 -4206.638356095      3938.865984488     -8145.504340583
    13 -4206.638382028      3938.893812118     -8145.532194146
    14 -4206.639099054      3938.803900459     -8145.442999512
    15 -4206.639634239      3938.776047392     -8145.415681631
    16 -4206.639745584      3938.937938932     -8145.577684516
    17 -4206.639891895      3938.792982514     -8145.432874409
    18 -4206.640323367      3938.817121642     -8145.457445009
    19 -4206.640305071      3938.252110768     -8144.892415838
    20 -4206.640347122      3938.506279912     -8145.146627034
    21 -4206.640376690      3938.935426925     -8145.575803615
    22 -4206.640381022      3939.796523334     -8146.436904356
$end
