$grad          cartesian gradients
  cycle =     13    SCF energy =    -4206.6383820280   |dE/dxyz| =  0.020898
    0.00000000000000      0.00000000000000      0.00000000000000      mo
    0.00000000000000      0.00000000000000     -6.63647530308979      dy
    0.00000000000000      0.00000000000000      6.63647530308979      dy
    2.30220227149088      2.30220227149088     -2.60096622887982      s
   -2.30220227149088     -2.30220227149088     -2.60096622887982      s
    2.30220227149088     -2.30220227149088      2.60096622887982      s
   -2.30220227149088      2.30220227149088      2.60096622887982      s
    4.66039130492864     -1.60663028669071     -7.83711666913801      c
    3.58626884957667     -3.58626884957667     -6.40276271269132      c
    1.60663028669071     -4.66039130492864     -7.83711666913801      c
    1.45938779335805     -3.35097302247802    -10.16354784566418      c
    3.35097302247802     -1.45938779335805    -10.16354784566418      c
   -1.60663028669071      4.66039130492864     -7.83711666913801      c
   -3.58626884957667      3.58626884957667     -6.40276271269132      c
   -4.66039130492864      1.60663028669071     -7.83711666913801      c
   -3.35097302247802      1.45938779335805    -10.16354784566418      c
   -1.45938779335805      3.35097302247802    -10.16354784566418      c
    1.60663028669071      4.66039130492864      7.83711666913801      c
    1.45938779335805      3.35097302247802     10.16354784566418      c
    3.35097302247802      1.45938779335805     10.16354784566418      c
    4.66039130492864      1.60663028669071      7.83711666913801      c
    3.58626884957667      3.58626884957667      6.40276271269132      c
   -4.66039130492864     -1.60663028669071      7.83711666913801      c
   -3.35097302247802     -1.45938779335805     10.16354784566418      c
   -1.45938779335805     -3.35097302247802     10.16354784566418      c
   -1.60663028669071     -4.66039130492864      7.83711666913801      c
   -3.58626884957667     -3.58626884957667      6.40276271269132      c
    0.39534207320470     -6.19158619806709     -7.23676491165001      h
    0.14166063742788     -3.73170657151887    -11.67777059514578      h
    4.12133634777033     -4.12133634777033     -4.50679766481060      h
    3.73170657151887     -0.14166063742788    -11.67777059514578      h
    6.19158619806709     -0.39534207320470     -7.23676491165001      h
   -0.14166063742788      3.73170657151887    -11.67777059514578      h
   -0.39534207320469      6.19158619806709     -7.23676491165001      h
   -4.12133634777033      4.12133634777033     -4.50679766481060      h
   -6.19158619806709      0.39534207320469     -7.23676491165001      h
   -3.73170657151887      0.14166063742788    -11.67777059514578      h
   -0.39534207320469     -6.19158619806709      7.23676491165001      h
   -4.12133634777033     -4.12133634777033      4.50679766481060      h
   -6.19158619806709     -0.39534207320469      7.23676491165001      h
   -3.73170657151887     -0.14166063742788     11.67777059514578      h
   -0.14166063742788     -3.73170657151887     11.67777059514578      h
    0.14166063742788      3.73170657151887     11.67777059514578      h
    0.39534207320470      6.19158619806709      7.23676491165001      h
    4.12133634777033      4.12133634777033      4.50679766481060      h
    3.73170657151887      0.14166063742788     11.67777059514578      h
    6.19158619806709      0.39534207320470      7.23676491165001      h
  0.00000000000000D+00  0.00000000000000D+00  0.00000000000000D+00
  0.00000000000000D+00  0.00000000000000D+00  -.58957850077834D-02
  0.00000000000000D+00  0.00000000000000D+00  0.58957850077834D-02
  -.61136127633233D-02  -.61136127633237D-02  0.35587822934717D-02
  0.61136127633222D-02  0.61136127633237D-02  0.35587822934717D-02
  -.61136127633237D-02  0.61136127633257D-02  -.35587822934717D-02
  0.61136127633219D-02  -.61136127633228D-02  -.35587822934717D-02
  -.79388331934993D-04  0.24570795997203D-03  -.22730750594313D-03
  0.36823957332599D-03  -.36823957332524D-03  0.46713236823592D-04
  -.24570795997203D-03  0.79388331935881D-04  -.22730750594313D-03
  0.12363997823983D-02  -.45925362905397D-03  -.37288830157700D-03
  0.45925362905574D-03  -.12363997823974D-02  -.37288830157700D-03
  0.24570795997203D-03  -.79388331934549D-04  -.22730750594313D-03
  -.36823957332510D-03  0.36823957332613D-03  0.46713236823592D-04
  0.79388331936325D-04  -.24570795997114D-03  -.22730750594313D-03
  -.45925362905308D-03  0.12363997823974D-02  -.37288830157700D-03
  -.12363997823970D-02  0.45925362905486D-03  -.37288830157700D-03
  -.24570795997203D-03  -.79388331935881D-04  0.22730750594313D-03
  0.12363997823983D-02  0.45925362905397D-03  0.37288830157700D-03
  0.45925362905574D-03  0.12363997823974D-02  0.37288830157700D-03
  -.79388331934993D-04  -.24570795997203D-03  0.22730750594313D-03
  0.36823957332591D-03  0.36823957332510D-03  -.46713236823592D-04
  0.79388331936325D-04  0.24570795997114D-03  0.22730750594313D-03
  -.45925362905308D-03  -.12363997823974D-02  0.37288830157700D-03
  -.12363997823970D-02  -.45925362905486D-03  0.37288830157700D-03
  0.24570795997203D-03  0.79388331934549D-04  0.22730750594313D-03
  -.36823957332502D-03  -.36823957332599D-03  -.46713236823592D-04
  -.11058494704219D-03  0.62189845007055D-06  -.27927283365869D-05
  -.40728619619124D-05  -.45630553028975D-04  0.32710396927538D-04
  0.20889705526428D-03  -.20889705526572D-03  0.49147939154004D-05
  0.45630553029419D-04  0.40728619610242D-05  0.32710396927538D-04
  -.62189845007055D-06  0.11058494704130D-03  -.27927283365869D-05
  0.40728619610242D-05  0.45630553029419D-04  0.32710396927538D-04
  0.11058494704130D-03  -.62189845007055D-06  -.27927283365869D-05
  -.20889705526561D-03  0.20889705526450D-03  0.49147939154004D-05
  0.62189845095872D-06  -.11058494704219D-03  -.27927283365869D-05
  -.45630553028975D-04  -.40728619614683D-05  0.32710396927538D-04
  0.11058494704130D-03  0.62189845007055D-06  0.27927283365869D-05
  -.20889705526561D-03  -.20889705526450D-03  -.49147939154004D-05
  0.62189845095872D-06  0.11058494704219D-03  0.27927283365869D-05
  -.45630553028975D-04  0.40728619614683D-05  -.32710396927538D-04
  0.40728619610242D-05  -.45630553029419D-04  -.32710396927538D-04
  -.40728619619124D-05  0.45630553028975D-04  -.32710396927538D-04
  -.11058494704219D-03  -.62189845007055D-06  0.27927283365869D-05
  0.20889705526439D-03  0.20889705526583D-03  -.49147939154004D-05
  0.45630553029419D-04  -.40728619610242D-05  -.32710396927538D-04
  -.62189845007055D-06  -.11058494704130D-03  0.27927283365869D-05
  cycle =     14    SCF energy =    -4206.6390990540   |dE/dxyz| =  0.013296
    0.00000000000000      0.00000000000000      0.00000000000000      mo
    0.00000000000000      0.00000000000000     -6.62468373307422      dy
    0.00000000000000      0.00000000000000      6.62468373307422      dy
    2.31442949701753      2.31442949701753     -2.60808379346676      s
   -2.31442949701753     -2.31442949701753     -2.60808379346676      s
    2.31442949701753     -2.31442949701753      2.60808379346676      s
   -2.31442949701753      2.31442949701753      2.60808379346676      s
    4.66055008159251     -1.60712170261065     -7.83666205412612      c
    3.58553237043002     -3.58553237043002     -6.40285613916497      c
    1.60712170261065     -4.66055008159251     -7.83666205412612      c
    1.45691499379325     -3.35005451521991    -10.16280206906103      c
    3.35005451521991     -1.45691499379325    -10.16280206906103      c
   -1.60712170261065      4.66055008159251     -7.83666205412612      c
   -3.58553237043002      3.58553237043002     -6.40285613916497      c
   -4.66055008159251      1.60712170261065     -7.83666205412612      c
   -3.35005451521991      1.45691499379325    -10.16280206906103      c
   -1.45691499379325      3.35005451521991    -10.16280206906103      c
    1.60712170261065      4.66055008159251      7.83666205412612      c
    1.45691499379325      3.35005451521991     10.16280206906103      c
    3.35005451521991      1.45691499379325     10.16280206906103      c
    4.66055008159251      1.60712170261065      7.83666205412612      c
    3.58553237043002      3.58553237043002      6.40285613916497      c
   -4.66055008159251     -1.60712170261065      7.83666205412612      c
   -3.35005451521991     -1.45691499379325     10.16280206906103      c
   -1.45691499379325     -3.35005451521991     10.16280206906103      c
   -1.60712170261065     -4.66055008159251      7.83666205412612      c
   -3.58553237043002     -3.58553237043002      6.40285613916497      c
    0.39556324309878     -6.19158744186399     -7.23675932619334      h
    0.14166878315180     -3.73161531041281    -11.67783601593964      h
    4.12091855365980     -4.12091855365980     -4.50680749439843      h
    3.73161531041281     -0.14166878315180    -11.67783601593964      h
    6.19158744186399     -0.39556324309878     -7.23675932619334      h
   -0.14166878315180      3.73161531041281    -11.67783601593964      h
   -0.39556324309877      6.19158744186399     -7.23675932619334      h
   -4.12091855365980      4.12091855365980     -4.50680749439843      h
   -6.19158744186399      0.39556324309877     -7.23675932619334      h
   -3.73161531041281      0.14166878315180    -11.67783601593964      h
   -0.39556324309877     -6.19158744186399      7.23675932619334      h
   -4.12091855365980     -4.12091855365980      4.50680749439843      h
   -6.19158744186399     -0.39556324309877      7.23675932619334      h
   -3.73161531041281     -0.14166878315180     11.67783601593964      h
   -0.14166878315180     -3.73161531041281     11.67783601593964      h
    0.14166878315180      3.73161531041281     11.67783601593964      h
    0.39556324309878      6.19158744186399      7.23675932619334      h
    4.12091855365980      4.12091855365980      4.50680749439843      h
    3.73161531041281      0.14166878315180     11.67783601593964      h
    6.19158744186399      0.39556324309878      7.23675932619334      h
  0.00000000000000D+00  0.00000000000000D+00  0.00000000000000D+00
  0.00000000000000D+00  0.00000000000000D+00  -.46294807067442D-02
  0.00000000000000D+00  0.00000000000000D+00  0.46294807067442D-02
  -.37068438104051D-02  -.37068438104075D-02  0.11612072884866D-02
  0.37068438104040D-02  0.37068438104040D-02  0.11612072884866D-02
  -.37068438104058D-02  0.37068438104057D-02  -.11612072884866D-02
  0.37068438104040D-02  -.37068438104046D-02  -.11612072884866D-02
  0.60187405040768D-04  -.24306289559028D-03  0.15804823331944D-03
  0.98660464472378D-04  -.98660464472350D-04  -.44491538184932D-03
  0.24306289559028D-03  -.60187405040324D-04  0.15804823331944D-03
  0.32369929527531D-03  -.10808677781053D-02  -.83643135067971D-03
  0.10808677781062D-02  -.32369929527309D-03  -.83643135067971D-03
  -.24306289559028D-03  0.60187405040768D-04  0.15804823331944D-03
  -.98660464471934D-04  0.98660464473238D-04  -.44491538184932D-03
  -.60187405039880D-04  0.24306289559028D-03  0.15804823331944D-03
  -.10808677781045D-02  0.32369929527487D-03  -.83643135067971D-03
  -.32369929527309D-03  0.10808677781053D-02  -.83643135067971D-03
  0.24306289559028D-03  0.60187405040324D-04  -.15804823331944D-03
  0.32369929527531D-03  0.10808677781053D-02  0.83643135067971D-03
  0.10808677781062D-02  0.32369929527309D-03  0.83643135067971D-03
  0.60187405040768D-04  0.24306289559028D-03  -.15804823331944D-03
  0.98660464473016D-04  0.98660464472378D-04  0.44491538184932D-03
  -.60187405039880D-04  -.24306289559028D-03  -.15804823331944D-03
  -.10808677781045D-02  -.32369929527487D-03  0.83643135067971D-03
  -.32369929527309D-03  -.10808677781053D-02  0.83643135067971D-03
  -.24306289559028D-03  -.60187405040768D-04  -.15804823331944D-03
  -.98660464472128D-04  -.98660464472822D-04  0.44491538184932D-03
  -.12789935128277D-03  0.41485620640103D-04  -.64124239575913D-04
  0.24663515437418D-03  0.32520989945439D-06  0.17509762490597D-03
  0.19990225923205D-03  -.19990225923239D-03  0.79145447978934D-04
  -.32520989901030D-06  -.24663515437506D-03  0.17509762490597D-03
  -.41485620640103D-04  0.12789935128188D-03  -.64124239575913D-04
  -.24663515437551D-03  -.32520989901030D-06  0.17509762490597D-03
  0.12789935128188D-03  -.41485620640103D-04  -.64124239575913D-04
  -.19990225923228D-03  0.19990225923205D-03  0.79145447978934D-04
  0.41485620640991D-04  -.12789935128277D-03  -.64124239575913D-04
  0.32520989945439D-06  0.24663515437462D-03  0.17509762490597D-03
  0.12789935128188D-03  0.41485620640103D-04  0.64124239575913D-04
  -.19990225923228D-03  -.19990225923205D-03  -.79145447978934D-04
  0.41485620640991D-04  0.12789935128277D-03  0.64124239575913D-04
  0.32520989945439D-06  -.24663515437462D-03  -.17509762490597D-03
  -.24663515437551D-03  0.32520989901030D-06  -.17509762490597D-03
  0.24663515437418D-03  -.32520989945439D-06  -.17509762490597D-03
  -.12789935128277D-03  -.41485620640103D-04  0.64124239575913D-04
  0.19990225923194D-03  0.19990225923228D-03  -.79145447978934D-04
  -.32520989901030D-06  0.24663515437506D-03  -.17509762490597D-03
  -.41485620640103D-04  -.12789935128188D-03  0.64124239575913D-04
  cycle =     15    SCF energy =    -4206.6396342390   |dE/dxyz| =  0.011639
    0.00000000000000      0.00000000000000      0.00000000000000      mo
    0.00000000000000      0.00000000000000     -6.59823254560856      dy
    0.00000000000000      0.00000000000000      6.59823254560856      dy
    2.33639152317505      2.33639152317505     -2.61588696985729      s
   -2.33639152317505     -2.33639152317505     -2.61588696985729      s
    2.33639152317505     -2.33639152317505      2.61588696985729      s
   -2.33639152317505      2.33639152317505      2.61588696985729      s
    4.66029385053085     -1.60604485547499     -7.83732431718319      c
    3.58483237856853     -3.58483237856853     -6.40065860191163      c
    1.60604485547499     -4.66029385053085     -7.83732431718319      c
    1.45460250375512     -3.34439411830844    -10.15841193369125      c
    3.34439411830844     -1.45460250375512    -10.15841193369125      c
   -1.60604485547499      4.66029385053085     -7.83732431718319      c
   -3.58483237856853      3.58483237856853     -6.40065860191163      c
   -4.66029385053085      1.60604485547499     -7.83732431718319      c
   -3.34439411830844      1.45460250375512    -10.15841193369125      c
   -1.45460250375512      3.34439411830844    -10.15841193369125      c
    1.60604485547499      4.66029385053085      7.83732431718319      c
    1.45460250375512      3.34439411830844     10.15841193369125      c
    3.34439411830844      1.45460250375512     10.15841193369125      c
    4.66029385053085      1.60604485547499      7.83732431718319      c
    3.58483237856853      3.58483237856853      6.40065860191163      c
   -4.66029385053085     -1.60604485547499      7.83732431718319      c
   -3.34439411830844     -1.45460250375512     10.15841193369125      c
   -1.45460250375512     -3.34439411830844     10.15841193369125      c
   -1.60604485547499     -4.66029385053085      7.83732431718319      c
   -3.58483237856853     -3.58483237856853      6.40065860191163      c
    0.39626463403563     -6.19179514496941     -7.23643725106295      h
    0.14043833748667     -3.73159130194888    -11.67872956596294      h
    4.11980204833652     -4.11980204833652     -4.50720584076084      h
    3.73159130194888     -0.14043833748667    -11.67872956596294      h
    6.19179514496941     -0.39626463403563     -7.23643725106295      h
   -0.14043833748667      3.73159130194888    -11.67872956596294      h
   -0.39626463403562      6.19179514496941     -7.23643725106295      h
   -4.11980204833652      4.11980204833652     -4.50720584076084      h
   -6.19179514496941      0.39626463403562     -7.23643725106295      h
   -3.73159130194888      0.14043833748667    -11.67872956596294      h
   -0.39626463403562     -6.19179514496941      7.23643725106295      h
   -4.11980204833652     -4.11980204833652      4.50720584076084      h
   -6.19179514496941     -0.39626463403562      7.23643725106295      h
   -3.73159130194888     -0.14043833748667     11.67872956596294      h
   -0.14043833748667     -3.73159130194888     11.67872956596294      h
    0.14043833748667      3.73159130194888     11.67872956596294      h
    0.39626463403563      6.19179514496941      7.23643725106295      h
    4.11980204833652      4.11980204833652      4.50720584076084      h
    3.73159130194888      0.14043833748667     11.67872956596294      h
    6.19179514496941      0.39626463403563      7.23643725106295      h
  0.00000000000000D+00  0.00000000000000D+00  0.00000000000000D+00
  0.00000000000000D+00  0.00000000000000D+00  -.22795242023936D-02
  0.00000000000000D+00  0.00000000000000D+00  0.22795242023936D-02
  0.82918221529060D-04  0.82918221528061D-04  -.24274849669723D-02
  -.82918221528394D-04  -.82918221531614D-04  -.24274849669723D-02
  0.82918221529837D-04  -.82918221528505D-04  0.24274849669723D-02
  -.82918221529837D-04  0.82918221529615D-04  0.24274849669723D-02
  0.47214929614325D-03  0.27998398747275D-03  -.12369007694808D-02
  0.44239974012905D-03  -.44239974012827D-03  0.12293329965196D-02
  -.27998398747275D-03  -.47214929614281D-03  -.12369007694808D-02
  0.26516245272079D-02  0.40341763558516D-03  0.84066277699531D-03
  -.40341763558427D-03  -.26516245272057D-02  0.84066277699531D-03
  0.27998398747275D-03  0.47214929614325D-03  -.12369007694808D-02
  -.44239974012816D-03  0.44239974012916D-03  0.12293329965196D-02
  -.47214929614237D-03  -.27998398747275D-03  -.12369007694808D-02
  0.40341763558605D-03  0.26516245272075D-02  0.84066277699531D-03
  -.26516245272057D-02  -.40341763558427D-03  0.84066277699531D-03
  -.27998398747275D-03  0.47214929614281D-03  0.12369007694808D-02
  0.26516245272079D-02  -.40341763558516D-03  -.84066277699531D-03
  -.40341763558427D-03  0.26516245272057D-02  -.84066277699531D-03
  0.47214929614325D-03  -.27998398747275D-03  0.12369007694808D-02
  0.44239974012894D-03  0.44239974012816D-03  -.12293329965196D-02
  -.47214929614237D-03  0.27998398747275D-03  0.12369007694808D-02
  0.40341763558605D-03  -.26516245272075D-02  -.84066277699531D-03
  -.26516245272057D-02  0.40341763558427D-03  -.84066277699531D-03
  0.27998398747275D-03  -.47214929614325D-03  0.12369007694808D-02
  -.44239974012805D-03  -.44239974012861D-03  -.12293329965196D-02
  0.34024994426396D-04  0.14288521381811D-03  0.45900600551874D-04
  -.65096893327032D-03  -.48852330734639D-03  -.99410263802291D-03
  -.12380872838746D-03  0.12380872838658D-03  -.78359689139695D-03
  0.48852330734661D-03  0.65096893326944D-03  -.99410263802291D-03
  -.14288521381811D-03  -.34024994427284D-04  0.45900600551874D-04
  0.65096893326944D-03  0.48852330734661D-03  -.99410263802291D-03
  -.34024994427284D-04  -.14288521381811D-03  0.45900600551874D-04
  0.12380872838658D-03  -.12380872838735D-03  -.78359689139695D-03
  0.14288521381900D-03  0.34024994426396D-04  0.45900600551874D-04
  -.48852330734617D-03  -.65096893326988D-03  -.99410263802291D-03
  -.34024994427284D-04  0.14288521381811D-03  -.45900600551874D-04
  0.12380872838669D-03  0.12380872838724D-03  0.78359689139695D-03
  0.14288521381900D-03  -.34024994426396D-04  -.45900600551874D-04
  -.48852330734617D-03  0.65096893326988D-03  0.99410263802291D-03
  0.65096893326944D-03  -.48852330734661D-03  0.99410263802291D-03
  -.65096893327032D-03  0.48852330734639D-03  0.99410263802291D-03
  0.34024994426396D-04  -.14288521381811D-03  -.45900600551874D-04
  -.12380872838746D-03  -.12380872838658D-03  0.78359689139695D-03
  0.48852330734661D-03  -.65096893326944D-03  0.99410263802291D-03
  -.14288521381811D-03  0.34024994427284D-04  -.45900600551874D-04
  cycle =     16    SCF energy =    -4206.6397455840   |dE/dxyz| =  0.011359
    0.00000000000000      0.00000000000000      0.00000000000000      mo
    0.00000000000000      0.00000000000000     -6.58660778784403      dy
    0.00000000000000      0.00000000000000      6.58660778784403      dy
    2.34195172758805      2.34195172758805     -2.61290676492152      s
   -2.34195172758805     -2.34195172758805     -2.61290676492152      s
    2.34195172758805     -2.34195172758805      2.61290676492152      s
   -2.34195172758805      2.34195172758805      2.61290676492152      s
    4.65926565589996     -1.60625968367572     -7.83507307403347      c
    3.58378599126204     -3.58378599126204     -6.40246547479064      c
    1.60625968367572     -4.65926565589996     -7.83507307403347      c
    1.44876927998644     -3.34359361299936    -10.15884791473150      c
    3.34359361299936     -1.44876927998644    -10.15884791473150      c
   -1.60625968367572      4.65926565589996     -7.83507307403347      c
   -3.58378599126204      3.58378599126204     -6.40246547479064      c
   -4.65926565589996      1.60625968367572     -7.83507307403347      c
   -3.34359361299936      1.44876927998644    -10.15884791473150      c
   -1.44876927998644      3.34359361299936    -10.15884791473150      c
    1.60625968367572      4.65926565589996      7.83507307403347      c
    1.44876927998644      3.34359361299936     10.15884791473150      c
    3.34359361299936      1.44876927998644     10.15884791473150      c
    4.65926565589996      1.60625968367572      7.83507307403347      c
    3.58378599126204      3.58378599126204      6.40246547479064      c
   -4.65926565589996     -1.60625968367572      7.83507307403347      c
   -3.34359361299936     -1.44876927998644     10.15884791473150      c
   -1.44876927998644     -3.34359361299936     10.15884791473150      c
   -1.60625968367572     -4.65926565589996      7.83507307403347      c
   -3.58378599126204     -3.58378599126204      6.40246547479064      c
    0.39638943167514     -6.19214160007451     -7.23643482630114      h
    0.14137796276542     -3.73061318820077    -11.67700094776323      h
    4.11974645140236     -4.11974645140236     -4.50575593869303      h
    3.73061318820077     -0.14137796276542    -11.67700094776323      h
    6.19214160007451     -0.39638943167514     -7.23643482630114      h
   -0.14137796276542      3.73061318820077    -11.67700094776323      h
   -0.39638943167513      6.19214160007451     -7.23643482630114      h
   -4.11974645140236      4.11974645140236     -4.50575593869303      h
   -6.19214160007451      0.39638943167513     -7.23643482630114      h
   -3.73061318820077      0.14137796276542    -11.67700094776323      h
   -0.39638943167513     -6.19214160007451      7.23643482630114      h
   -4.11974645140236     -4.11974645140236      4.50575593869303      h
   -6.19214160007451     -0.39638943167513      7.23643482630114      h
   -3.73061318820077     -0.14137796276542     11.67700094776323      h
   -0.14137796276542     -3.73061318820077     11.67700094776323      h
    0.14137796276542      3.73061318820077     11.67700094776323      h
    0.39638943167514      6.19214160007451      7.23643482630114      h
    4.11974645140236      4.11974645140236      4.50575593869303      h
    3.73061318820077      0.14137796276542     11.67700094776323      h
    6.19214160007451      0.39638943167514      7.23643482630114      h
  0.00000000000000D+00  0.00000000000000D+00  0.00000000000000D+00
  0.00000000000000D+00  0.00000000000000D+00  -.11880927174541D-02
  0.00000000000000D+00  0.00000000000000D+00  0.11880927174541D-02
  0.69508138713126D-03  0.69508138713026D-03  -.28071883027634D-02
  -.69508138713414D-03  -.69508138713381D-03  -.28071883027634D-02
  0.69508138713203D-03  -.69508138713070D-03  0.28071883027634D-02
  -.69508138713381D-03  0.69508138713359D-03  0.28071883027634D-02
  0.38440678878704D-03  -.11100998366578D-02  0.71183538438291D-03
  -.36744910378550D-03  0.36744910378672D-03  -.14278655605962D-02
  0.11100998366578D-02  -.38440678878615D-03  0.71183538438291D-03
  -.11456521416586D-02  -.17221575955686D-02  -.17605595681963D-02
  0.17221575955704D-02  0.11456521416600D-02  -.17605595681963D-02
  -.11100998366569D-02  0.38440678878748D-03  0.71183538438291D-03
  0.36744910378683D-03  -.36744910378583D-03  -.14278655605962D-02
  -.38440678878615D-03  0.11100998366578D-02  0.71183538438291D-03
  -.17221575955686D-02  -.11456521416595D-02  -.17605595681963D-02
  0.11456521416604D-02  0.17221575955704D-02  -.17605595681963D-02
  0.11100998366578D-02  0.38440678878615D-03  -.71183538438291D-03
  -.11456521416586D-02  0.17221575955686D-02  0.17605595681963D-02
  0.17221575955704D-02  -.11456521416600D-02  0.17605595681963D-02
  0.38440678878704D-03  0.11100998366578D-02  -.71183538438291D-03
  -.36744910378561D-03  -.36744910378683D-03  0.14278655605962D-02
  -.38440678878615D-03  -.11100998366578D-02  -.71183538438291D-03
  -.17221575955686D-02  0.11456521416595D-02  0.17605595681963D-02
  0.11456521416604D-02  -.17221575955704D-02  0.17605595681963D-02
  -.11100998366569D-02  -.38440678878748D-03  -.71183538438291D-03
  0.36744910378650D-03  0.36744910378594D-03  0.14278655605962D-02
  -.13358538221775D-03  0.40528353221880D-04  -.12337747202185D-03
  0.81086922161688D-03  -.50330613938110D-04  0.39987367756877D-03
  0.14988488605727D-03  -.14988488605805D-03  0.33172986432106D-03
  0.50330613938554D-04  -.81086922161777D-03  0.39987367756877D-03
  -.40528353221880D-04  0.13358538221686D-03  -.12337747202185D-03
  -.81086922161777D-03  0.50330613938554D-04  0.39987367756877D-03
  0.13358538221686D-03  -.40528353221880D-04  -.12337747202185D-03
  -.14988488605838D-03  0.14988488605727D-03  0.33172986432106D-03
  0.40528353222768D-04  -.13358538221775D-03  -.12337747202185D-03
  -.50330613938110D-04  0.81086922161733D-03  0.39987367756877D-03
  0.13358538221686D-03  0.40528353221880D-04  0.12337747202185D-03
  -.14988488605794D-03  -.14988488605727D-03  -.33172986432106D-03
  0.40528353222768D-04  0.13358538221775D-03  0.12337747202185D-03
  -.50330613938110D-04  -.81086922161733D-03  -.39987367756877D-03
  -.81086922161777D-03  -.50330613938554D-04  -.39987367756877D-03
  0.81086922161688D-03  0.50330613938110D-04  -.39987367756877D-03
  -.13358538221775D-03  -.40528353221880D-04  0.12337747202185D-03
  0.14988488605716D-03  0.14988488605838D-03  -.33172986432106D-03
  0.50330613938554D-04  0.81086922161777D-03  -.39987367756877D-03
  -.40528353221880D-04  -.13358538221686D-03  0.12337747202185D-03
  cycle =     17    SCF energy =    -4206.6398918950   |dE/dxyz| =  0.007665
    0.00000000000000      0.00000000000000      0.00000000000000      mo
    0.00000000000000      0.00000000000000     -6.58018269297009      dy
    0.00000000000000      0.00000000000000      6.58018269297009      dy
    2.34285301901787      2.34285301901787     -2.60695090798328      s
   -2.34285301901787     -2.34285301901787     -2.60695090798328      s
    2.34285301901787     -2.34285301901787      2.60695090798328      s
   -2.34285301901787      2.34285301901787      2.60695090798328      s
    4.65815530744859     -1.60483228967633     -7.83482338589108      c
    3.58378187102006     -3.58378187102006     -6.40146908334781      c
    1.60483228967633     -4.65815530744859     -7.83482338589108      c
    1.44735401191581     -3.34106235936982    -10.15674346000229      c
    3.34106235936982     -1.44735401191581    -10.15674346000229      c
   -1.60483228967633      4.65815530744859     -7.83482338589108      c
   -3.58378187102006      3.58378187102006     -6.40146908334781      c
   -4.65815530744859      1.60483228967633     -7.83482338589108      c
   -3.34106235936982      1.44735401191581    -10.15674346000229      c
   -1.44735401191581      3.34106235936982    -10.15674346000229      c
    1.60483228967633      4.65815530744859      7.83482338589108      c
    1.44735401191581      3.34106235936982     10.15674346000229      c
    3.34106235936982      1.44735401191581     10.15674346000229      c
    4.65815530744859      1.60483228967633      7.83482338589108      c
    3.58378187102006      3.58378187102006      6.40146908334781      c
   -4.65815530744859     -1.60483228967633      7.83482338589108      c
   -3.34106235936982     -1.44735401191581     10.15674346000229      c
   -1.44735401191581     -3.34106235936982     10.15674346000229      c
   -1.60483228967633     -4.65815530744859      7.83482338589108      c
   -3.58378187102006     -3.58378187102006      6.40146908334781      c
    0.39660915644904     -6.19236039908681     -7.23628259438354      h
    0.14075242510872     -3.72998658470583    -11.67659531161126      h
    4.11956266736110     -4.11956266736110     -4.50545877697295      h
    3.72998658470583     -0.14075242510872    -11.67659531161126      h
    6.19236039908681     -0.39660915644904     -7.23628259438354      h
   -0.14075242510872      3.72998658470583    -11.67659531161126      h
   -0.39660915644903      6.19236039908681     -7.23628259438354      h
   -4.11956266736110      4.11956266736110     -4.50545877697295      h
   -6.19236039908681      0.39660915644903     -7.23628259438354      h
   -3.72998658470583      0.14075242510872    -11.67659531161126      h
   -0.39660915644903     -6.19236039908681      7.23628259438354      h
   -4.11956266736110     -4.11956266736110      4.50545877697295      h
   -6.19236039908681     -0.39660915644903      7.23628259438354      h
   -3.72998658470583     -0.14075242510872     11.67659531161126      h
   -0.14075242510872     -3.72998658470583     11.67659531161126      h
    0.14075242510872      3.72998658470583     11.67659531161126      h
    0.39660915644904      6.19236039908681      7.23628259438354      h
    4.11956266736110      4.11956266736110      4.50545877697295      h
    3.72998658470583      0.14075242510872     11.67659531161126      h
    6.19236039908681      0.39660915644904      7.23628259438354      h
  0.00000000000000D+00  0.00000000000000D+00  0.00000000000000D+00
  0.00000000000000D+00  0.00000000000000D+00  -.99704844025572D-03
  0.00000000000000D+00  0.00000000000000D+00  0.99704844025572D-03
  0.48179931859588D-03  0.48179931859593D-03  -.23545257231188D-02
  -.48179931859699D-03  -.48179931859593D-03  -.23545257231188D-02
  0.48179931859593D-03  -.48179931859532D-03  0.23545257231188D-02
  -.48179931859771D-03  0.48179931859643D-03  0.23545257231188D-02
  0.33185530588176D-03  -.66890879239523D-03  -.46201457877260D-05
  -.80902250179093D-04  0.80902250179926D-04  -.71183877653969D-03
  0.66890879239523D-03  -.33185530588087D-03  -.46201457877260D-05
  -.35859837177954D-03  -.12046383830935D-02  -.11227286332014D-02
  0.12046383830935D-02  0.35859837178043D-03  -.11227286332014D-02
  -.66890879239434D-03  0.33185530588220D-03  -.46201457877260D-05
  0.80902250179982D-04  -.80902250179482D-04  -.71183877653969D-03
  -.33185530588087D-03  0.66890879239523D-03  -.46201457877260D-05
  -.12046383830926D-02  -.35859837178043D-03  -.11227286332014D-02
  0.35859837178087D-03  0.12046383830935D-02  -.11227286332014D-02
  0.66890879239523D-03  0.33185530588087D-03  0.46201457877260D-05
  -.35859837177954D-03  0.12046383830935D-02  0.11227286332014D-02
  0.12046383830935D-02  -.35859837178043D-03  0.11227286332014D-02
  0.33185530588176D-03  0.66890879239523D-03  0.46201457877260D-05
  -.80902250179260D-04  -.80902250180426D-04  0.71183877653969D-03
  -.33185530588087D-03  -.66890879239523D-03  0.46201457877260D-05
  -.12046383830926D-02  0.35859837178043D-03  0.11227286332014D-02
  0.35859837178087D-03  -.12046383830935D-02  0.11227286332014D-02
  -.66890879239434D-03  -.33185530588220D-03  0.46201457877260D-05
  0.80902250180592D-04  0.80902250179538D-04  0.71183877653969D-03
  -.76623663233022D-04  0.78616289433953D-05  -.68080525102321D-04
  0.59774536159996D-03  -.18959499421523D-03  0.11301829971844D-03
  0.77791752444378D-04  -.77791752445266D-04  0.14836709090638D-03
  0.18959499421567D-03  -.59774536160084D-03  0.11301829971844D-03
  -.78616289433953D-05  0.76623663232134D-04  -.68080525102321D-04
  -.59774536160084D-03  0.18959499421589D-03  0.11301829971844D-03
  0.76623663231690D-04  -.78616289433953D-05  -.68080525102321D-04
  -.77791752445266D-04  0.77791752444489D-04  0.14836709090638D-03
  0.78616289442834D-05  -.76623663232578D-04  -.68080525102321D-04
  -.18959499421545D-03  0.59774536160040D-03  0.11301829971844D-03
  0.76623663231690D-04  0.78616289433953D-05  0.68080525102321D-04
  -.77791752445155D-04  -.77791752444600D-04  -.14836709090638D-03
  0.78616289442834D-05  0.76623663232578D-04  0.68080525102321D-04
  -.18959499421545D-03  -.59774536160040D-03  -.11301829971844D-03
  -.59774536160084D-03  -.18959499421589D-03  -.11301829971844D-03
  0.59774536159996D-03  0.18959499421523D-03  -.11301829971844D-03
  -.76623663233022D-04  -.78616289433953D-05  0.68080525102321D-04
  0.77791752444378D-04  0.77791752445266D-04  -.14836709090638D-03
  0.18959499421567D-03  0.59774536160084D-03  -.11301829971844D-03
  -.78616289433953D-05  -.76623663232134D-04  0.68080525102321D-04
  cycle =     18    SCF energy =    -4206.6403233670   |dE/dxyz| =  0.005243
    0.00000000000000      0.00000000000000      0.00000000000000      mo
    0.00000000000000      0.00000000000000     -6.52897899187638      dy
    0.00000000000000      0.00000000000000      6.52897899187638      dy
    2.35606133308348      2.35606133308348     -2.56903446610455      s
   -2.35606133308348     -2.35606133308348     -2.56903446610455      s
    2.35606133308348     -2.35606133308348      2.56903446610455      s
   -2.35606133308348      2.35606133308348      2.56903446610455      s
    4.65055068064237     -1.59677311082724     -7.82904428654948      c
    3.58192383134786     -3.58192383134786     -6.39760244136346      c
    1.59677311082724     -4.65055068064237     -7.82904428654948      c
    1.43289757393076     -3.32396033097914    -10.14381894737857      c
    3.32396033097914     -1.43289757393076    -10.14381894737857      c
   -1.59677311082724      4.65055068064237     -7.82904428654948      c
   -3.58192383134786      3.58192383134786     -6.39760244136346      c
   -4.65055068064237      1.59677311082724     -7.82904428654948      c
   -3.32396033097914      1.43289757393076    -10.14381894737857      c
   -1.43289757393076      3.32396033097914    -10.14381894737857      c
    1.59677311082724      4.65055068064237      7.82904428654948      c
    1.43289757393076      3.32396033097914     10.14381894737857      c
    3.32396033097914      1.43289757393076     10.14381894737857      c
    4.65055068064237      1.59677311082724      7.82904428654948      c
    3.58192383134786      3.58192383134786      6.39760244136346      c
   -4.65055068064237     -1.59677311082724      7.82904428654948      c
   -3.32396033097914     -1.43289757393076     10.14381894737857      c
   -1.43289757393076     -3.32396033097914     10.14381894737857      c
   -1.59677311082724     -4.65055068064237      7.82904428654948      c
   -3.58192383134786     -3.58192383134786      6.39760244136346      c
    0.39804552635385     -6.19371833586858     -7.23540598490545      h
    0.13677037624726     -3.72472780733351    -11.67254784513225      h
    4.11833403062191     -4.11833403062191     -4.50263130066732      h
    3.72472780733351     -0.13677037624726    -11.67254784513225      h
    6.19371833586858     -0.39804552635385     -7.23540598490545      h
   -0.13677037624726      3.72472780733351    -11.67254784513225      h
   -0.39804552635384      6.19371833586858     -7.23540598490545      h
   -4.11833403062191      4.11833403062191     -4.50263130066732      h
   -6.19371833586858      0.39804552635384     -7.23540598490545      h
   -3.72472780733351      0.13677037624726    -11.67254784513225      h
   -0.39804552635384     -6.19371833586858      7.23540598490545      h
   -4.11833403062191     -4.11833403062191      4.50263130066732      h
   -6.19371833586858     -0.39804552635384      7.23540598490545      h
   -3.72472780733351     -0.13677037624726     11.67254784513225      h
   -0.13677037624726     -3.72472780733351     11.67254784513225      h
    0.13677037624726      3.72472780733351     11.67254784513225      h
    0.39804552635385      6.19371833586858      7.23540598490545      h
    4.11833403062191      4.11833403062191      4.50263130066732      h
    3.72472780733351      0.13677037624726     11.67254784513225      h
    6.19371833586858      0.39804552635385      7.23540598490545      h
  0.00000000000000D+00  0.00000000000000D+00  0.00000000000000D+00
  0.00000000000000D+00  0.00000000000000D+00  0.15593821126982D-02
  0.00000000000000D+00  0.00000000000000D+00  -.15593821126982D-02
  0.25213192047657D-03  0.25213192047424D-03  -.52096974325888D-03
  -.25213192047768D-03  -.25213192047779D-03  -.52096974325888D-03
  0.25213192047602D-03  -.25213192047424D-03  0.52096974325888D-03
  -.25213192047602D-03  0.25213192047713D-03  0.52096974325888D-03
  0.29764295690837D-03  -.89303089968240D-04  -.77905939360612D-03
  0.28667993805787D-03  -.28667993805701D-03  -.34726212016700D-03
  0.89303089968240D-04  -.29764295690793D-03  -.77905939360612D-03
  0.68755173399770D-03  0.12240693834276D-03  -.34467368598308D-04
  -.12240693834276D-03  -.68755173399682D-03  -.34467368598308D-04
  -.89303089968240D-04  0.29764295690882D-03  -.77905939360612D-03
  -.28667993805698D-03  0.28667993805789D-03  -.34726212016700D-03
  -.29764295690793D-03  0.89303089968240D-04  -.77905939360612D-03
  0.12240693834364D-03  0.68755173399726D-03  -.34467368598308D-04
  -.68755173399682D-03  -.12240693834276D-03  -.34467368598308D-04
  0.89303089968240D-04  0.29764295690793D-03  0.77905939360612D-03
  0.68755173399770D-03  -.12240693834276D-03  0.34467368598308D-04
  -.12240693834276D-03  0.68755173399682D-03  0.34467368598308D-04
  0.29764295690837D-03  0.89303089968240D-04  0.77905939360612D-03
  0.28667993805767D-03  0.28667993805698D-03  0.34726212016700D-03
  -.29764295690793D-03  -.89303089968240D-04  0.77905939360612D-03
  0.12240693834364D-03  -.68755173399726D-03  0.34467368598308D-04
  -.68755173399682D-03  0.12240693834276D-03  0.34467368598308D-04
  -.89303089968240D-04  -.29764295690882D-03  0.77905939360612D-03
  -.28667993805678D-03  -.28667993805742D-03  0.34726212016700D-03
  0.18447819839373D-03  -.82780589684361D-04  -.97159453151252D-04
  0.41430135510856D-03  -.73143818823596D-03  -.71637719798279D-03
  -.15279951759406D-03  0.15279951759273D-03  -.33797492010379D-04
  0.73143818823618D-03  -.41430135510923D-03  -.71637719798279D-03
  0.82780589684361D-04  -.18447819839440D-03  -.97159453151252D-04
  -.41430135510923D-03  0.73143818823640D-03  -.71637719798279D-03
  -.18447819839462D-03  0.82780589684361D-04  -.97159453151252D-04
  0.15279951759273D-03  -.15279951759395D-03  -.33797492010379D-04
  -.82780589683473D-04  0.18447819839351D-03  -.97159453151252D-04
  -.73143818823596D-03  0.41430135510856D-03  -.71637719798279D-03
  -.18447819839462D-03  -.82780589684361D-04  0.97159453151252D-04
  0.15279951759284D-03  0.15279951759384D-03  0.33797492010379D-04
  -.82780589683473D-04  -.18447819839351D-03  0.97159453151252D-04
  -.73143818823596D-03  -.41430135510856D-03  0.71637719798279D-03
  -.41430135510923D-03  -.73143818823640D-03  0.71637719798279D-03
  0.41430135510856D-03  0.73143818823596D-03  0.71637719798279D-03
  0.18447819839373D-03  0.82780589684361D-04  0.97159453151252D-04
  -.15279951759406D-03  -.15279951759273D-03  0.33797492010379D-04
  0.73143818823618D-03  0.41430135510923D-03  0.71637719798279D-03
  0.82780589684361D-04  0.18447819839440D-03  0.97159453151252D-04
$end
