$optinfo
 gdiistep   on
 trostep    off
 calchess   off
 iteration   7
 ndiis       6
 itrvec      0
 tradius    1.500000000000E-01
 actrad     1.932514913254E-02
 energyo   -4.206640323367E+03
 predengy  -7.615868609409E-05
 trnvec
  0.000000000000D+00  0.000000000000D+00  0.000000000000D+00
  0.000000000000D+00  0.000000000000D+00  0.000000000000D+00
  0.000000000000D+00  0.000000000000D+00  0.000000000000D+00
  0.000000000000D+00  0.000000000000D+00  0.000000000000D+00
  0.000000000000D+00  0.000000000000D+00  0.000000000000D+00
  0.000000000000D+00  0.000000000000D+00  0.000000000000D+00
  0.000000000000D+00  0.000000000000D+00  0.000000000000D+00
  0.000000000000D+00  0.000000000000D+00  0.000000000000D+00
  0.000000000000D+00  0.000000000000D+00  0.000000000000D+00
  0.000000000000D+00  0.000000000000D+00  0.000000000000D+00
  0.000000000000D+00  0.000000000000D+00  0.000000000000D+00
  0.000000000000D+00  0.000000000000D+00  0.000000000000D+00
  0.000000000000D+00  0.000000000000D+00  0.000000000000D+00
  0.000000000000D+00  0.000000000000D+00  0.000000000000D+00
  0.000000000000D+00  0.000000000000D+00  0.000000000000D+00
  0.000000000000D+00  0.000000000000D+00  0.000000000000D+00
  0.000000000000D+00  0.000000000000D+00  0.000000000000D+00
  0.000000000000D+00  0.000000000000D+00  0.000000000000D+00
  0.000000000000D+00  0.000000000000D+00  0.000000000000D+00
  0.000000000000D+00  0.000000000000D+00  0.000000000000D+00
  0.000000000000D+00  0.000000000000D+00  0.000000000000D+00
  0.000000000000D+00  0.000000000000D+00  0.000000000000D+00
  0.000000000000D+00  0.000000000000D+00  0.000000000000D+00
  0.000000000000D+00  0.000000000000D+00  0.000000000000D+00
  0.000000000000D+00  0.000000000000D+00  0.000000000000D+00
  0.000000000000D+00  0.000000000000D+00  0.000000000000D+00
  0.000000000000D+00  0.000000000000D+00  0.000000000000D+00
  0.000000000000D+00  0.000000000000D+00  0.000000000000D+00
  0.000000000000D+00  0.000000000000D+00  0.000000000000D+00
  0.000000000000D+00  0.000000000000D+00  0.000000000000D+00
  0.000000000000D+00  0.000000000000D+00  0.000000000000D+00
  0.000000000000D+00  0.000000000000D+00  0.000000000000D+00
  0.000000000000D+00  0.000000000000D+00  0.000000000000D+00
  0.000000000000D+00  0.000000000000D+00  0.000000000000D+00
  0.000000000000D+00  0.000000000000D+00  0.000000000000D+00
  0.000000000000D+00  0.000000000000D+00  0.000000000000D+00
  0.000000000000D+00  0.000000000000D+00  0.000000000000D+00
  0.000000000000D+00  0.000000000000D+00  0.000000000000D+00
  0.000000000000D+00  0.000000000000D+00  0.000000000000D+00
  0.000000000000D+00  0.000000000000D+00  0.000000000000D+00
  0.000000000000D+00  0.000000000000D+00  0.000000000000D+00
  0.000000000000D+00  0.000000000000D+00  0.000000000000D+00
  0.000000000000D+00  0.000000000000D+00  0.000000000000D+00
  0.000000000000D+00  0.000000000000D+00  0.000000000000D+00
  0.000000000000D+00  0.000000000000D+00  0.000000000000D+00
  0.000000000000D+00  0.000000000000D+00  0.000000000000D+00
  0.000000000000D+00  0.000000000000D+00  0.000000000000D+00
 displ
 -0.253892779129D-15  0.229854931795D-15  0.333975010029D-16
 -0.107742494947D-15 -0.137535150529D-15  0.454654399678D-02
 -0.199049538250D-15  0.179779304265D-15 -0.454654399678D-02
  0.253852044908D-03  0.253852044910D-03  0.928387199576D-02
 -0.253852044905D-03 -0.253852044905D-03  0.928387199577D-02
  0.253852044910D-03 -0.253852044912D-03 -0.928387199577D-02
 -0.253852044908D-03  0.253852044906D-03 -0.928387199577D-02
 -0.211940474104D-02  0.202920129771D-02  0.233042319043D-02
 -0.716995878093D-03  0.716995878090D-03  0.196575832873D-02
 -0.202920129771D-02  0.211940474104D-02  0.233042319043D-02
 -0.336634793551D-02  0.309397347771D-02  0.283083270484D-02
 -0.309397347770D-02  0.336634793550D-02  0.283083270484D-02
  0.202920129771D-02 -0.211940474104D-02  0.233042319043D-02
  0.716995878091D-03 -0.716995878093D-03  0.196575832873D-02
  0.211940474104D-02 -0.202920129771D-02  0.233042319043D-02
  0.309397347771D-02 -0.336634793550D-02  0.283083270484D-02
  0.336634793550D-02 -0.309397347770D-02  0.283083270484D-02
 -0.202920129771D-02 -0.211940474104D-02 -0.233042319043D-02
 -0.336634793551D-02 -0.309397347771D-02 -0.283083270484D-02
 -0.309397347770D-02 -0.336634793550D-02 -0.283083270484D-02
 -0.211940474104D-02 -0.202920129771D-02 -0.233042319043D-02
 -0.716995878092D-03 -0.716995878090D-03 -0.196575832873D-02
  0.211940474104D-02  0.202920129771D-02 -0.233042319043D-02
  0.309397347770D-02  0.336634793550D-02 -0.283083270484D-02
  0.336634793550D-02  0.309397347770D-02 -0.283083270484D-02
  0.202920129771D-02  0.211940474104D-02 -0.233042319043D-02
  0.716995878090D-03  0.716995878092D-03 -0.196575832873D-02
 -0.132697837802D-03 -0.705083745274D-04  0.402586931650D-03
 -0.184260457321D-02  0.250610837202D-02  0.213496253614D-02
  0.115174027223D-03 -0.115174027221D-03  0.445534547076D-03
 -0.250610837202D-02  0.184260457321D-02  0.213496253614D-02
  0.705083745265D-04  0.132697837803D-03  0.402586931650D-03
  0.184260457321D-02 -0.250610837202D-02  0.213496253614D-02
  0.132697837804D-03  0.705083745265D-04  0.402586931649D-03
 -0.115174027221D-03  0.115174027223D-03  0.445534547076D-03
 -0.705083745292D-04 -0.132697837802D-03  0.402586931650D-03
  0.250610837202D-02 -0.184260457321D-02  0.213496253614D-02
  0.132697837803D-03 -0.705083745265D-04 -0.402586931649D-03
 -0.115174027221D-03 -0.115174027223D-03 -0.445534547076D-03
 -0.705083745292D-04  0.132697837802D-03 -0.402586931650D-03
  0.250610837202D-02  0.184260457321D-02 -0.213496253614D-02
  0.184260457321D-02  0.250610837202D-02 -0.213496253614D-02
 -0.184260457321D-02 -0.250610837202D-02 -0.213496253614D-02
 -0.132697837802D-03  0.705083745274D-04 -0.402586931650D-03
  0.115174027223D-03  0.115174027221D-03 -0.445534547076D-03
 -0.250610837202D-02 -0.184260457321D-02 -0.213496253614D-02
  0.705083745265D-04 -0.132697837803D-03 -0.402586931650D-03
 dxyz
  0.000000000000D+00  0.000000000000D+00  0.000000000000D+00
  0.616297582204D-32 -0.770371977755D-32  0.454654399678D-02
  0.616297582204D-32  0.308148791102D-32 -0.454654399678D-02
  0.253852044908D-03  0.253852044908D-03  0.928387199577D-02
 -0.253852044908D-03 -0.253852044908D-03  0.928387199577D-02
  0.253852044908D-03 -0.253852044908D-03 -0.928387199577D-02
 -0.253852044908D-03  0.253852044908D-03 -0.928387199577D-02
 -0.211940474104D-02  0.202920129771D-02  0.233042319043D-02
 -0.716995878091D-03  0.716995878091D-03  0.196575832873D-02
 -0.202920129771D-02  0.211940474104D-02  0.233042319043D-02
 -0.336634793550D-02  0.309397347771D-02  0.283083270484D-02
 -0.309397347771D-02  0.336634793550D-02  0.283083270484D-02
  0.202920129771D-02 -0.211940474104D-02  0.233042319043D-02
  0.716995878091D-03 -0.716995878091D-03  0.196575832873D-02
  0.211940474104D-02 -0.202920129771D-02  0.233042319043D-02
  0.309397347771D-02 -0.336634793550D-02  0.283083270484D-02
  0.336634793550D-02 -0.309397347771D-02  0.283083270484D-02
 -0.202920129771D-02 -0.211940474104D-02 -0.233042319043D-02
 -0.336634793550D-02 -0.309397347771D-02 -0.283083270484D-02
 -0.309397347771D-02 -0.336634793550D-02 -0.283083270484D-02
 -0.211940474104D-02 -0.202920129771D-02 -0.233042319043D-02
 -0.716995878091D-03 -0.716995878091D-03 -0.196575832873D-02
  0.211940474104D-02  0.202920129771D-02 -0.233042319043D-02
  0.309397347771D-02  0.336634793550D-02 -0.283083270484D-02
  0.336634793550D-02  0.309397347771D-02 -0.283083270484D-02
  0.202920129771D-02  0.211940474104D-02 -0.233042319043D-02
  0.716995878091D-03  0.716995878091D-03 -0.196575832873D-02
 -0.132697837803D-03 -0.705083745274D-04  0.402586931650D-03
 -0.184260457321D-02  0.250610837202D-02  0.213496253614D-02
  0.115174027222D-03 -0.115174027222D-03  0.445534547076D-03
 -0.250610837202D-02  0.184260457321D-02  0.213496253614D-02
  0.705083745274D-04  0.132697837803D-03  0.402586931650D-03
  0.184260457321D-02 -0.250610837202D-02  0.213496253614D-02
  0.132697837803D-03  0.705083745274D-04  0.402586931650D-03
 -0.115174027222D-03  0.115174027222D-03  0.445534547076D-03
 -0.705083745274D-04 -0.132697837803D-03  0.402586931650D-03
  0.250610837202D-02 -0.184260457321D-02  0.213496253614D-02
  0.132697837803D-03 -0.705083745274D-04 -0.402586931650D-03
 -0.115174027222D-03 -0.115174027222D-03 -0.445534547076D-03
 -0.705083745274D-04  0.132697837803D-03 -0.402586931650D-03
  0.250610837202D-02  0.184260457321D-02 -0.213496253614D-02
  0.184260457321D-02  0.250610837202D-02 -0.213496253614D-02
 -0.184260457321D-02 -0.250610837202D-02 -0.213496253614D-02
 -0.132697837803D-03  0.705083745274D-04 -0.402586931650D-03
  0.115174027222D-03  0.115174027222D-03 -0.445534547076D-03
 -0.250610837202D-02 -0.184260457321D-02 -0.213496253614D-02
  0.705083745274D-04 -0.132697837803D-03 -0.402586931650D-03
 grado
  0.000000000000D+00  0.000000000000D+00  0.000000000000D+00
  0.000000000000D+00  0.000000000000D+00  0.155938211270D-02
  0.000000000000D+00  0.000000000000D+00 -0.155938211270D-02
  0.252131920477D-03  0.252131920474D-03 -0.520969743259D-03
 -0.252131920478D-03 -0.252131920478D-03 -0.520969743259D-03
  0.252131920476D-03 -0.252131920474D-03  0.520969743259D-03
 -0.252131920476D-03  0.252131920477D-03  0.520969743259D-03
  0.297642956908D-03 -0.893030899682D-04 -0.779059393606D-03
  0.286679938058D-03 -0.286679938057D-03 -0.347262120167D-03
  0.893030899682D-04 -0.297642956908D-03 -0.779059393606D-03
  0.687551733998D-03  0.122406938343D-03 -0.344673685983D-04
 -0.122406938343D-03 -0.687551733997D-03 -0.344673685983D-04
 -0.893030899682D-04  0.297642956909D-03 -0.779059393606D-03
 -0.286679938057D-03  0.286679938058D-03 -0.347262120167D-03
 -0.297642956908D-03  0.893030899682D-04 -0.779059393606D-03
  0.122406938344D-03  0.687551733997D-03 -0.344673685983D-04
 -0.687551733997D-03 -0.122406938343D-03 -0.344673685983D-04
  0.893030899682D-04  0.297642956908D-03  0.779059393606D-03
  0.687551733998D-03 -0.122406938343D-03  0.344673685983D-04
 -0.122406938343D-03  0.687551733997D-03  0.344673685983D-04
  0.297642956908D-03  0.893030899682D-04  0.779059393606D-03
  0.286679938058D-03  0.286679938057D-03  0.347262120167D-03
 -0.297642956908D-03 -0.893030899682D-04  0.779059393606D-03
  0.122406938344D-03 -0.687551733997D-03  0.344673685983D-04
 -0.687551733997D-03  0.122406938343D-03  0.344673685983D-04
 -0.893030899682D-04 -0.297642956909D-03  0.779059393606D-03
 -0.286679938057D-03 -0.286679938057D-03  0.347262120167D-03
  0.184478198394D-03 -0.827805896844D-04 -0.971594531513D-04
  0.414301355109D-03 -0.731438188236D-03 -0.716377197983D-03
 -0.152799517594D-03  0.152799517593D-03 -0.337974920104D-04
  0.731438188236D-03 -0.414301355109D-03 -0.716377197983D-03
  0.827805896844D-04 -0.184478198394D-03 -0.971594531513D-04
 -0.414301355109D-03  0.731438188236D-03 -0.716377197983D-03
 -0.184478198395D-03  0.827805896844D-04 -0.971594531513D-04
  0.152799517593D-03 -0.152799517594D-03 -0.337974920104D-04
 -0.827805896835D-04  0.184478198394D-03 -0.971594531513D-04
 -0.731438188236D-03  0.414301355109D-03 -0.716377197983D-03
 -0.184478198395D-03 -0.827805896844D-04  0.971594531513D-04
  0.152799517593D-03  0.152799517594D-03  0.337974920104D-04
 -0.827805896835D-04 -0.184478198394D-03  0.971594531513D-04
 -0.731438188236D-03 -0.414301355109D-03  0.716377197983D-03
 -0.414301355109D-03 -0.731438188236D-03  0.716377197983D-03
  0.414301355109D-03  0.731438188236D-03  0.716377197983D-03
  0.184478198394D-03  0.827805896844D-04  0.971594531513D-04
 -0.152799517594D-03 -0.152799517593D-03  0.337974920104D-04
  0.731438188236D-03  0.414301355109D-03  0.716377197983D-03
  0.827805896844D-04  0.184478198394D-03  0.971594531513D-04
$end
