$coord
   -0.00000000000000      0.00000000000000      0.00000000000000  mo
    0.00000000000000      0.00000000000000     -6.37066973703660  gd
   -0.00000000000000     -0.00000000000000      6.37066973703660  gd
    2.47184279981099      2.47184279981099     -2.46595769877082  s
   -2.47184279981099     -2.47184279981099     -2.46595769877082  s
    2.47184279981099     -2.47184279981099      2.46595769877082  s
   -2.47184279981099      2.47184279981099      2.46595769877082  s
    4.66699084005787     -1.59432924395658     -7.83122306377787  c
    3.60106086504437     -3.60106086504437     -6.39328733005389  c
    1.59432924395658     -4.66699084005787     -7.83122306377787  c
    1.42141723232340     -3.31791297280674    -10.14480075615820  c
    3.31791297280674     -1.42141723232340    -10.14480075615820  c
   -1.59432924395658      4.66699084005787     -7.83122306377787  c
   -3.60106086504437      3.60106086504437     -6.39328733005389  c
   -4.66699084005787      1.59432924395658     -7.83122306377787  c
   -3.31791297280674      1.42141723232340    -10.14480075615820  c
   -1.42141723232340      3.31791297280674    -10.14480075615820  c
    1.59432924395658      4.66699084005787      7.83122306377787  c
    1.42141723232340      3.31791297280674     10.14480075615820  c
    3.31791297280674      1.42141723232340     10.14480075615820  c
    4.66699084005787      1.59432924395658      7.83122306377787  c
    3.60106086504437      3.60106086504437      6.39328733005389  c
   -4.66699084005787     -1.59432924395658      7.83122306377787  c
   -3.31791297280674     -1.42141723232340     10.14480075615820  c
   -1.42141723232340     -3.31791297280674     10.14480075615820  c
   -1.59432924395658     -4.66699084005787      7.83122306377787  c
   -3.60106086504437     -3.60106086504437      6.39328733005389  c
    0.38735827688720     -6.23331525876212     -7.24313595440899  h
    0.09626596392623     -3.70208870802248    -11.68038755299539  h
    4.16565369310661     -4.16565369310661     -4.49067986348937  h
    3.70208870802248     -0.09626596392623    -11.68038755299539  h
    6.23331525876212     -0.38735827688720     -7.24313595440899  h
   -0.09626596392623      3.70208870802248    -11.68038755299539  h
   -0.38735827688720      6.23331525876212     -7.24313595440899  h
   -4.16565369310661      4.16565369310661     -4.49067986348937  h
   -6.23331525876212      0.38735827688720     -7.24313595440899  h
   -3.70208870802248      0.09626596392623    -11.68038755299539  h
   -0.38735827688720     -6.23331525876212      7.24313595440899  h
   -4.16565369310661     -4.16565369310661      4.49067986348937  h
   -6.23331525876212     -0.38735827688720      7.24313595440899  h
   -3.70208870802248     -0.09626596392623     11.68038755299539  h
   -0.09626596392623     -3.70208870802248     11.68038755299539  h
    0.09626596392623      3.70208870802248     11.68038755299539  h
    0.38735827688720      6.23331525876212      7.24313595440899  h
    4.16565369310661      4.16565369310661      4.49067986348937  h
    3.70208870802248      0.09626596392623     11.68038755299539  h
    6.23331525876212      0.38735827688720      7.24313595440899  h
$user-defined bonds
$end
