$energy      SCF               SCFKIN            SCFPOT
     1 -3966.065782211      3457.515960786     -7423.581742997
     2 -3966.065791146      3457.558998291     -7423.624789437
     3 -3966.073595925      3458.029176375     -7424.102772300
     4 -3966.077121680      3458.130503108     -7424.207624788
     5 -3966.078017743      3458.274292268     -7424.352310011
     6 -3966.078255780      3458.442914297     -7424.521170078
     7 -3966.078966054      3458.988401877     -7425.067367931
     8 -3966.079116704      3459.102735699     -7425.181852403
     9 -3966.079316919      3459.237681887     -7425.316998807
    10 -3966.079495987      3459.314354514     -7425.393850500
    11 -3966.079589475      3459.317182599     -7425.396772074
    12 -3966.079652858      3459.225064465     -7425.304717324
    13 -3966.079726397      3458.959917162     -7425.039643559
    14 -3966.080002242      3459.128539271     -7425.208541513
$end
