$grad          cartesian gradients
  cycle =      2    SCF energy =    -3966.0657911460   |dE/dxyz| =  0.072527
    0.00000000000000      0.00000000000000      0.00000000000000      mo
    0.00000000000000      0.00000000000000     -6.63386695966567      gd
    0.00000000000000      0.00000000000000      6.63386695966567      gd
    2.34872179710855      2.34872179710855     -2.50374579480739      s
   -2.34872179710855     -2.34872179710855     -2.50374579480739      s
    2.34872179710855     -2.34872179710855      2.50374579480739      s
   -2.34872179710855      2.34872179710855      2.50374579480739      s
    4.71705591922572     -1.66330456720549     -7.88044218113169      c
    3.65100244313162     -3.65100244313162     -6.45186606650450      c
    1.66330456720549     -4.71705591922572     -7.88044218113169      c
    1.49593755083077     -3.38771549007287    -10.19568676300108      c
    3.38771549007287     -1.49593755083077    -10.19568676300108      c
   -1.66330456720549      4.71705591922572     -7.88044218113169      c
   -3.65100244313162      3.65100244313162     -6.45186606650450      c
   -4.71705591922572      1.66330456720549     -7.88044218113169      c
   -3.38771549007287      1.49593755083077    -10.19568676300108      c
   -1.49593755083077      3.38771549007287    -10.19568676300108      c
    1.66330456720549      4.71705591922572      7.88044218113169      c
    1.49593755083077      3.38771549007287     10.19568676300108      c
    3.38771549007287      1.49593755083077     10.19568676300108      c
    4.71705591922572      1.66330456720549      7.88044218113169      c
    3.65100244313162      3.65100244313162      6.45186606650450      c
   -4.71705591922572     -1.66330456720549      7.88044218113169      c
   -3.38771549007287     -1.49593755083077     10.19568676300108      c
   -1.49593755083077     -3.38771549007287     10.19568676300108      c
   -1.66330456720549     -4.71705591922572      7.88044218113169      c
   -3.65100244313162     -3.65100244313162      6.45186606650450      c
    0.46459144555112     -6.26183018036367     -7.28802753443936      h
    0.17108850811709     -3.75975240288923    -11.70632280601154      h
    4.20466549717055     -4.20466549717055     -4.56609290845784      h
    3.75975240288923     -0.17108850811709    -11.70632280601154      h
    6.26183018036367     -0.46459144555112     -7.28802753443936      h
   -0.17108850811709      3.75975240288923    -11.70632280601154      h
   -0.46459144555112      6.26183018036367     -7.28802753443936      h
   -4.20466549717055      4.20466549717055     -4.56609290845784      h
   -6.26183018036367      0.46459144555112     -7.28802753443936      h
   -3.75975240288923      0.17108850811709    -11.70632280601154      h
   -0.46459144555112     -6.26183018036367      7.28802753443936      h
   -4.20466549717055     -4.20466549717055      4.56609290845784      h
   -6.26183018036367     -0.46459144555112      7.28802753443936      h
   -3.75975240288923     -0.17108850811709     11.70632280601154      h
   -0.17108850811709     -3.75975240288923     11.70632280601154      h
    0.17108850811709      3.75975240288923     11.70632280601154      h
    0.46459144555112      6.26183018036367      7.28802753443936      h
    4.20466549717055      4.20466549717055      4.56609290845784      h
    3.75975240288923      0.17108850811709     11.70632280601154      h
    6.26183018036367      0.46459144555112      7.28802753443936      h
  0.00000000000000D+00  0.00000000000000D+00  0.00000000000000D+00
  0.00000000000000D+00  0.00000000000000D+00  -.10058484817171D-01
  0.00000000000000D+00  0.00000000000000D+00  0.10058484817171D-01
  -.17759796931839D-01  -.17759796931839D-01  0.17612048307010D-01
  0.17759796931838D-01  0.17759796931836D-01  0.17612048307010D-01
  -.17759796931839D-01  0.17759796931839D-01  -.17612048307010D-01
  0.17759796931838D-01  -.17759796931838D-01  -.17612048307010D-01
  0.88130261490410D-03  -.71906165825641D-03  0.34719041686948D-04
  0.11708741074652D-02  -.11708741074661D-02  -.14268343462653D-03
  0.71906165825553D-03  -.88130261490277D-03  0.34719041686948D-04
  0.74242143399861D-03  -.80571827454445D-03  -.10213058729973D-02
  0.80571827454712D-03  -.74242143399772D-03  -.10213058729973D-02
  -.71906165825641D-03  0.88130261490399D-03  0.34719041686948D-04
  -.11708741074665D-02  0.11708741074679D-02  -.14268343462653D-03
  -.88130261490238D-03  0.71906165825553D-03  0.34719041686948D-04
  -.80571827454445D-03  0.74242143399861D-03  -.10213058729973D-02
  -.74242143399950D-03  0.80571827454623D-03  -.10213058729973D-02
  0.71906165825553D-03  0.88130261490277D-03  -.34719041686948D-04
  0.74242143399861D-03  0.80571827454445D-03  0.10213058729973D-02
  0.80571827454712D-03  0.74242143399772D-03  0.10213058729973D-02
  0.88130261490410D-03  0.71906165825641D-03  -.34719041686948D-04
  0.11708741074659D-02  0.11708741074656D-02  0.14268343462653D-03
  -.88130261490238D-03  -.71906165825553D-03  -.34719041686948D-04
  -.80571827454445D-03  -.74242143399861D-03  0.10213058729973D-02
  -.74242143399950D-03  -.80571827454623D-03  0.10213058729973D-02
  -.71906165825641D-03  -.88130261490399D-03  -.34719041686948D-04
  -.11708741074667D-02  -.11708741074674D-02  0.14268343462653D-03
  0.43226169233819D-02  0.61714804125392D-02  -.22164791396200D-02
  0.48950016372618D-02  0.17095950888291D-02  0.60460319040105D-02
  -.24035888757512D-02  0.24035888757503D-02  -.71972343312652D-02
  -.17095950888284D-02  -.48950016372622D-02  0.60460319040105D-02
  -.61714804125383D-02  -.43226169233823D-02  -.22164791396200D-02
  -.48950016372622D-02  -.17095950888284D-02  0.60460319040105D-02
  -.43226169233828D-02  -.61714804125383D-02  -.22164791396200D-02
  0.24035888757503D-02  -.24035888757511D-02  -.71972343312652D-02
  0.61714804125392D-02  0.43226169233819D-02  -.22164791396200D-02
  0.17095950888291D-02  0.48950016372613D-02  0.60460319040105D-02
  -.43226169233828D-02  0.61714804125383D-02  0.22164791396200D-02
  0.24035888757504D-02  0.24035888757510D-02  0.71972343312652D-02
  0.61714804125392D-02  -.43226169233819D-02  0.22164791396200D-02
  0.17095950888291D-02  -.48950016372613D-02  -.60460319040105D-02
  -.48950016372622D-02  0.17095950888284D-02  -.60460319040105D-02
  0.48950016372618D-02  -.17095950888291D-02  -.60460319040105D-02
  0.43226169233819D-02  -.61714804125392D-02  0.22164791396200D-02
  -.24035888757512D-02  -.24035888757508D-02  0.71972343312652D-02
  -.17095950888284D-02  0.48950016372622D-02  -.60460319040105D-02
  -.61714804125383D-02  0.43226169233823D-02  0.22164791396200D-02
  cycle =      3    SCF energy =    -3966.0735959250   |dE/dxyz| =  0.045876
    0.00000000000000      0.00000000000000      0.00000000000000      mo
    0.00000000000000      0.00000000000000     -6.61374999003133      gd
    0.00000000000000      0.00000000000000      6.61374999003133      gd
    2.38424139097223      2.38424139097223     -2.53896989142141      s
   -2.38424139097223     -2.38424139097223     -2.53896989142141      s
    2.38424139097223     -2.38424139097223      2.53896989142141      s
   -2.38424139097223      2.38424139097223      2.53896989142141      s
    4.71529331399591     -1.66186644388898     -7.88051161921506      c
    3.64866069491669     -3.64866069491669     -6.45158069963525      c
    1.66186644388898     -4.71529331399591     -7.88051161921506      c
    1.49445270796277     -3.38610405352378    -10.19364415125509      c
    3.38610405352378     -1.49445270796277    -10.19364415125509      c
   -1.66186644388898      4.71529331399591     -7.88051161921506      c
   -3.64866069491669      3.64866069491669     -6.45158069963525      c
   -4.71529331399591      1.66186644388898     -7.88051161921506      c
   -3.38610405352378      1.49445270796277    -10.19364415125509      c
   -1.49445270796277      3.38610405352378    -10.19364415125509      c
    1.66186644388898      4.71529331399591      7.88051161921506      c
    1.49445270796277      3.38610405352378     10.19364415125509      c
    3.38610405352378      1.49445270796277     10.19364415125509      c
    4.71529331399591      1.66186644388898      7.88051161921506      c
    3.64866069491669      3.64866069491669      6.45158069963525      c
   -4.71529331399591     -1.66186644388898      7.88051161921506      c
   -3.38610405352378     -1.49445270796277     10.19364415125509      c
   -1.49445270796277     -3.38610405352378     10.19364415125509      c
   -1.66186644388898     -4.71529331399591      7.88051161921506      c
   -3.64866069491669     -3.64866069491669      6.45158069963525      c
    0.45594621170436     -6.27417314118875     -7.28359457616012      h
    0.16129850484257     -3.76317159306689    -11.71841486981956      h
    4.20947267492205     -4.20947267492205     -4.55169843979531      h
    3.76317159306689     -0.16129850484257    -11.71841486981956      h
    6.27417314118875     -0.45594621170436     -7.28359457616012      h
   -0.16129850484257      3.76317159306689    -11.71841486981956      h
   -0.45594621170436      6.27417314118875     -7.28359457616012      h
   -4.20947267492205      4.20947267492205     -4.55169843979531      h
   -6.27417314118875      0.45594621170436     -7.28359457616012      h
   -3.76317159306689      0.16129850484257    -11.71841486981956      h
   -0.45594621170436     -6.27417314118875      7.28359457616012      h
   -4.20947267492205     -4.20947267492205      4.55169843979531      h
   -6.27417314118875     -0.45594621170436      7.28359457616012      h
   -3.76317159306689     -0.16129850484257     11.71841486981956      h
   -0.16129850484257     -3.76317159306689     11.71841486981956      h
    0.16129850484257      3.76317159306689     11.71841486981956      h
    0.45594621170436      6.27417314118875      7.28359457616012      h
    4.20947267492205      4.20947267492205      4.55169843979531      h
    3.76317159306689      0.16129850484257     11.71841486981956      h
    6.27417314118875      0.45594621170436      7.28359457616012      h
  0.00000000000000D+00  0.00000000000000D+00  0.00000000000000D+00
  0.00000000000000D+00  0.00000000000000D+00  -.11501794175672D-01
  0.00000000000000D+00  0.00000000000000D+00  0.11501794175672D-01
  -.90331745396799D-02  -.90331745396810D-02  0.87303311944193D-02
  0.90331745396788D-02  0.90331745396792D-02  0.87303311944193D-02
  -.90331745396792D-02  0.90331745396804D-02  -.87303311944193D-02
  0.90331745396792D-02  -.90331745396793D-02  -.87303311944193D-02
  -.39495129436556D-02  -.53179627444573D-02  -.12089741749852D-02
  -.51983735690797D-03  0.51983735690753D-03  -.71188006912113D-02
  0.53179627444573D-02  0.39495129436570D-02  -.12089741749852D-02
  0.36179148167026D-02  -.30355560827644D-04  0.43786193845690D-02
  0.30355560829420D-04  -.36179148167017D-02  0.43786193845690D-02
  -.53179627444573D-02  -.39495129436558D-02  -.12089741749852D-02
  0.51983735690664D-03  -.51983735690575D-03  -.71188006912113D-02
  0.39495129436573D-02  0.53179627444573D-02  -.12089741749852D-02
  -.30355560827644D-04  0.36179148167026D-02  0.43786193845690D-02
  -.36179148167026D-02  0.30355560828532D-04  0.43786193845690D-02
  0.53179627444573D-02  -.39495129436570D-02  0.12089741749852D-02
  0.36179148167026D-02  0.30355560827644D-04  -.43786193845690D-02
  0.30355560829420D-04  0.36179148167017D-02  -.43786193845690D-02
  -.39495129436556D-02  0.53179627444573D-02  0.12089741749852D-02
  -.51983735690775D-03  -.51983735690753D-03  0.71188006912113D-02
  0.39495129436573D-02  -.53179627444573D-02  0.12089741749852D-02
  -.30355560827644D-04  -.36179148167026D-02  -.43786193845690D-02
  -.36179148167026D-02  -.30355560828532D-04  -.43786193845690D-02
  -.53179627444573D-02  0.39495129436558D-02  0.12089741749852D-02
  0.51983735690642D-03  0.51983735690575D-03  0.71188006912113D-02
  0.75405641844206D-03  0.15108828604689D-02  -.45922350458971D-03
  0.91489452757942D-03  0.47811756491711D-03  0.12922544458940D-02
  -.63370969318721D-03  0.63370969318688D-03  -.13326941765159D-02
  -.47811756491645D-03  -.91489452757987D-03  0.12922544458940D-02
  -.15108828604680D-02  -.75405641844295D-03  -.45922350458971D-03
  -.91489452757987D-03  -.47811756491645D-03  0.12922544458940D-02
  -.75405641844295D-03  -.15108828604680D-02  -.45922350458971D-03
  0.63370969318655D-03  -.63370969318721D-03  -.13326941765159D-02
  0.15108828604689D-02  0.75405641844206D-03  -.45922350458971D-03
  0.47811756491711D-03  0.91489452757942D-03  0.12922544458940D-02
  -.75405641844295D-03  0.15108828604680D-02  0.45922350458971D-03
  0.63370969318655D-03  0.63370969318721D-03  0.13326941765159D-02
  0.15108828604689D-02  -.75405641844206D-03  0.45922350458971D-03
  0.47811756491711D-03  -.91489452757942D-03  -.12922544458940D-02
  -.91489452757987D-03  0.47811756491645D-03  -.12922544458940D-02
  0.91489452757942D-03  -.47811756491711D-03  -.12922544458940D-02
  0.75405641844206D-03  -.15108828604689D-02  0.45922350458971D-03
  -.63370969318732D-03  -.63370969318699D-03  0.13326941765159D-02
  -.47811756491645D-03  0.91489452757987D-03  -.12922544458940D-02
  -.15108828604680D-02  0.75405641844295D-03  0.45922350458971D-03
  cycle =      4    SCF energy =    -3966.0771216800   |dE/dxyz| =  0.031809
    0.00000000000000      0.00000000000000      0.00000000000000      mo
    0.00000000000000      0.00000000000000     -6.57925525701106      gd
    0.00000000000000      0.00000000000000      6.57925525701106      gd
    2.41819694260306      2.41819694260306     -2.57209871009005      s
   -2.41819694260306     -2.41819694260306     -2.57209871009005      s
    2.41819694260306     -2.41819694260306      2.57209871009005      s
   -2.41819694260306      2.41819694260306      2.57209871009005      s
    4.72412013298456     -1.64865454189454     -7.87764602808945      c
    3.64908810789653     -3.64908810789653     -6.43446558816013      c
    1.64865454189454     -4.72412013298456     -7.87764602808945      c
    1.48528809868534     -3.38547057510736    -10.20339917912298      c
    3.38547057510736     -1.48528809868534    -10.20339917912298      c
   -1.64865454189454      4.72412013298456     -7.87764602808945      c
   -3.64908810789653      3.64908810789653     -6.43446558816013      c
   -4.72412013298456      1.64865454189454     -7.87764602808945      c
   -3.38547057510736      1.48528809868534    -10.20339917912298      c
   -1.48528809868534      3.38547057510736    -10.20339917912298      c
    1.64865454189454      4.72412013298456      7.87764602808945      c
    1.48528809868534      3.38547057510736     10.20339917912298      c
    3.38547057510736      1.48528809868534     10.20339917912298      c
    4.72412013298456      1.64865454189454      7.87764602808945      c
    3.64908810789653      3.64908810789653      6.43446558816013      c
   -4.72412013298456     -1.64865454189454      7.87764602808945      c
   -3.38547057510736     -1.48528809868534     10.20339917912298      c
   -1.48528809868534     -3.38547057510736     10.20339917912298      c
   -1.64865454189454     -4.72412013298456      7.87764602808945      c
   -3.64908810789653     -3.64908810789653      6.43446558816013      c
    0.45113452444329     -6.28208097198553     -7.28095385603280      h
    0.15570389299789     -3.76550459499362    -11.72571278794622      h
    4.21266072335032     -4.21266072335032     -4.54350242211204      h
    3.76550459499362     -0.15570389299789    -11.72571278794622      h
    6.28208097198553     -0.45113452444329     -7.28095385603280      h
   -0.15570389299789      3.76550459499362    -11.72571278794622      h
   -0.45113452444329      6.28208097198553     -7.28095385603280      h
   -4.21266072335032      4.21266072335032     -4.54350242211204      h
   -6.28208097198553      0.45113452444329     -7.28095385603280      h
   -3.76550459499362      0.15570389299789    -11.72571278794622      h
   -0.45113452444329     -6.28208097198553      7.28095385603280      h
   -4.21266072335032     -4.21266072335032      4.54350242211204      h
   -6.28208097198553     -0.45113452444329      7.28095385603280      h
   -3.76550459499362     -0.15570389299789     11.72571278794622      h
   -0.15570389299789     -3.76550459499362     11.72571278794622      h
    0.15570389299789      3.76550459499362     11.72571278794622      h
    0.45113452444329      6.28208097198553      7.28095385603280      h
    4.21266072335032      4.21266072335032      4.54350242211204      h
    3.76550459499362      0.15570389299789     11.72571278794622      h
    6.28208097198553      0.45113452444329      7.28095385603280      h
  0.00000000000000D+00  0.00000000000000D+00  0.00000000000000D+00
  0.00000000000000D+00  0.00000000000000D+00  -.81940405969951D-02
  0.00000000000000D+00  0.00000000000000D+00  0.81940405969951D-02
  -.17858459439979D-02  -.17858459439992D-02  0.78787741829789D-03
  0.17858459439968D-02  0.17858459439974D-02  0.78787741829789D-03
  -.17858459439974D-02  0.17858459439985D-02  -.78787741829789D-03
  0.17858459439974D-02  -.17858459439956D-02  -.78787741829789D-03
  0.52920450092204D-02  0.26858135118735D-02  0.54858703287497D-03
  0.32180602332712D-02  -.32180602332714D-02  0.55194760067838D-02
  -.26858135118744D-02  -.52920450092190D-02  0.54858703287497D-03
  -.20009199895643D-02  -.65368384974374D-03  -.33218309683474D-02
  0.65368384974462D-03  0.20009199895652D-02  -.33218309683474D-02
  0.26858135118744D-02  0.52920450092203D-02  0.54858703287497D-03
  -.32180602332721D-02  0.32180602332732D-02  0.55194760067838D-02
  -.52920450092191D-02  -.26858135118735D-02  0.54858703287497D-03
  -.65368384974374D-03  -.20009199895643D-02  -.33218309683474D-02
  0.20009199895643D-02  0.65368384974462D-03  -.33218309683474D-02
  -.26858135118744D-02  0.52920450092190D-02  -.54858703287497D-03
  -.20009199895643D-02  0.65368384974374D-03  0.33218309683474D-02
  0.65368384974462D-03  -.20009199895652D-02  0.33218309683474D-02
  0.52920450092204D-02  -.26858135118735D-02  -.54858703287497D-03
  0.32180602332716D-02  0.32180602332708D-02  -.55194760067838D-02
  -.52920450092191D-02  0.26858135118735D-02  -.54858703287497D-03
  -.65368384974374D-03  0.20009199895643D-02  0.33218309683474D-02
  0.20009199895643D-02  -.65368384974462D-03  0.33218309683474D-02
  0.26858135118744D-02  -.52920450092203D-02  -.54858703287497D-03
  -.32180602332721D-02  -.32180602332730D-02  -.55194760067838D-02
  0.21110909003821D-02  0.29110942065591D-02  -.81759540562154D-03
  0.17194276763322D-02  0.48627129048850D-03  0.22210089978372D-02
  -.12065117635809D-02  0.12065117635801D-02  -.35882507657776D-02
  -.48627129048784D-03  -.17194276763326D-02  0.22210089978372D-02
  -.29110942065582D-02  -.21110909003830D-02  -.81759540562154D-03
  -.17194276763326D-02  -.48627129048784D-03  0.22210089978372D-02
  -.21110909003830D-02  -.29110942065582D-02  -.81759540562154D-03
  0.12065117635802D-02  -.12065117635809D-02  -.35882507657776D-02
  0.29110942065591D-02  0.21110909003821D-02  -.81759540562154D-03
  0.48627129048850D-03  0.17194276763322D-02  0.22210089978372D-02
  -.21110909003830D-02  0.29110942065582D-02  0.81759540562154D-03
  0.12065117635802D-02  0.12065117635809D-02  0.35882507657776D-02
  0.29110942065591D-02  -.21110909003821D-02  0.81759540562154D-03
  0.48627129048850D-03  -.17194276763322D-02  -.22210089978372D-02
  -.17194276763326D-02  0.48627129048784D-03  -.22210089978372D-02
  0.17194276763322D-02  -.48627129048850D-03  -.22210089978372D-02
  0.21110909003821D-02  -.29110942065591D-02  0.81759540562154D-03
  -.12065117635810D-02  -.12065117635802D-02  0.35882507657776D-02
  -.48627129048784D-03  0.17194276763326D-02  -.22210089978372D-02
  -.29110942065582D-02  0.21110909003830D-02  0.81759540562154D-03
  cycle =      5    SCF energy =    -3966.0780177430   |dE/dxyz| =  0.012500
    0.00000000000000      0.00000000000000      0.00000000000000      mo
    0.00000000000000      0.00000000000000     -6.54791595728076      gd
    0.00000000000000      0.00000000000000      6.54791595728076      gd
    2.43230804974283      2.43230804974283     -2.58372806246280      s
   -2.43230804974283     -2.43230804974283     -2.58372806246280      s
    2.43230804974283     -2.43230804974283      2.58372806246280      s
   -2.43230804974283      2.43230804974283      2.58372806246280      s
    4.71811175187108     -1.64752573595304     -7.87724459979353      c
    3.64305958189336     -3.64305958189336     -6.43695032673259      c
    1.64752573595304     -4.71811175187108     -7.87724459979353      c
    1.48490427318776     -3.38411174924020    -10.20210413564207      c
    3.38411174924020     -1.48490427318776    -10.20210413564207      c
   -1.64752573595304      4.71811175187108     -7.87724459979353      c
   -3.64305958189336      3.64305958189336     -6.43695032673259      c
   -4.71811175187108      1.64752573595304     -7.87724459979353      c
   -3.38411174924020      1.48490427318776    -10.20210413564207      c
   -1.48490427318776      3.38411174924020    -10.20210413564207      c
    1.64752573595304      4.71811175187108      7.87724459979353      c
    1.48490427318776      3.38411174924020     10.20210413564207      c
    3.38411174924020      1.48490427318776     10.20210413564207      c
    4.71811175187108      1.64752573595304      7.87724459979353      c
    3.64305958189336      3.64305958189336      6.43695032673259      c
   -4.71811175187108     -1.64752573595304      7.87724459979353      c
   -3.38411174924020     -1.48490427318776     10.20210413564207      c
   -1.48490427318776     -3.38411174924020     10.20210413564207      c
   -1.64752573595304     -4.71811175187108      7.87724459979353      c
   -3.64305958189336     -3.64305958189336      6.43695032673259      c
    0.44602542856258     -6.28971695973840     -7.27879892548380      h
    0.15125413355849     -3.76702192453436    -11.73162247959601      h
    4.21584617555678     -4.21584617555678     -4.53474208955743      h
    3.76702192453436     -0.15125413355849    -11.73162247959601      h
    6.28971695973840     -0.44602542856258     -7.27879892548380      h
   -0.15125413355849      3.76702192453436    -11.73162247959601      h
   -0.44602542856258      6.28971695973840     -7.27879892548380      h
   -4.21584617555678      4.21584617555678     -4.53474208955743      h
   -6.28971695973840      0.44602542856258     -7.27879892548380      h
   -3.76702192453436      0.15125413355849    -11.73162247959601      h
   -0.44602542856258     -6.28971695973840      7.27879892548380      h
   -4.21584617555678     -4.21584617555678      4.53474208955743      h
   -6.28971695973840     -0.44602542856258      7.27879892548380      h
   -3.76702192453436     -0.15125413355849     11.73162247959601      h
   -0.15125413355849     -3.76702192453436     11.73162247959601      h
    0.15125413355849      3.76702192453436     11.73162247959601      h
    0.44602542856258      6.28971695973840      7.27879892548380      h
    4.21584617555678      4.21584617555678      4.53474208955743      h
    3.76702192453436      0.15125413355849     11.73162247959601      h
    6.28971695973840      0.44602542856258      7.27879892548380      h
  0.00000000000000D+00  0.00000000000000D+00  0.00000000000000D+00
  0.00000000000000D+00  0.00000000000000D+00  -.48497132396597D-02
  0.00000000000000D+00  0.00000000000000D+00  0.48497132396597D-02
  0.74260645996238D-03  0.74260645996205D-03  -.24582513205771D-02
  -.74260645996349D-03  -.74260645996205D-03  -.24582513205771D-02
  0.74260645996205D-03  -.74260645996183D-03  0.24582513205771D-02
  -.74260645996382D-03  0.74260645996294D-03  0.24582513205771D-02
  -.45624265747946D-04  -.18516276553955D-02  -.60826965856098D-03
  0.50951343973971D-03  -.50951343973993D-03  -.23022781016309D-02
  0.18516276553955D-02  0.45624265749278D-04  -.60826965856098D-03
  0.48909280655618D-03  -.55168965780084D-03  -.12865622540570D-03
  0.55168965780350D-03  -.48909280655618D-03  -.12865622540570D-03
  -.18516276553955D-02  -.45624265748057D-04  -.60826965856098D-03
  -.50951343974059D-03  0.50951343974170D-03  -.23022781016309D-02
  0.45624265749167D-04  0.18516276553964D-02  -.60826965856098D-03
  -.55168965780084D-03  0.48909280655618D-03  -.12865622540570D-03
  -.48909280655618D-03  0.55168965780261D-03  -.12865622540570D-03
  0.18516276553955D-02  -.45624265749278D-04  0.60826965856098D-03
  0.48909280655618D-03  0.55168965780084D-03  0.12865622540570D-03
  0.55168965780350D-03  0.48909280655618D-03  0.12865622540570D-03
  -.45624265747946D-04  0.18516276553955D-02  0.60826965856098D-03
  0.50951343974015D-03  0.50951343973926D-03  0.23022781016309D-02
  0.45624265749167D-04  -.18516276553964D-02  0.60826965856098D-03
  -.55168965780084D-03  -.48909280655618D-03  0.12865622540570D-03
  -.48909280655618D-03  -.55168965780261D-03  0.12865622540570D-03
  -.18516276553955D-02  0.45624265748057D-04  0.60826965856098D-03
  -.50951343974059D-03  -.50951343974148D-03  0.23022781016309D-02
  -.65475725365172D-03  -.80680393185162D-03  0.51265118525667D-03
  -.24027856266162D-03  -.11277625850958D-03  -.14968307304919D-03
  0.41751699700177D-03  -.41751699700265D-03  0.15484059427822D-02
  0.11277625851025D-03  0.24027856266162D-03  -.14968307304919D-03
  0.80680393185162D-03  0.65475725365083D-03  0.51265118525667D-03
  0.24027856266118D-03  0.11277625851025D-03  -.14968307304919D-03
  0.65475725365083D-03  0.80680393185162D-03  0.51265118525667D-03
  -.41751699700243D-03  0.41751699700188D-03  0.15484059427822D-02
  -.80680393185162D-03  -.65475725365172D-03  0.51265118525667D-03
  -.11277625850958D-03  -.24027856266207D-03  -.14968307304919D-03
  0.65475725365083D-03  -.80680393185162D-03  -.51265118525667D-03
  -.41751699700254D-03  -.41751699700177D-03  -.15484059427822D-02
  -.80680393185162D-03  0.65475725365172D-03  -.51265118525667D-03
  -.11277625850958D-03  0.24027856266207D-03  0.14968307304919D-03
  0.24027856266118D-03  -.11277625851025D-03  0.14968307304919D-03
  -.24027856266162D-03  0.11277625850958D-03  0.14968307304919D-03
  -.65475725365172D-03  0.80680393185162D-03  -.51265118525667D-03
  0.41751699700177D-03  0.41751699700265D-03  -.15484059427822D-02
  0.11277625851025D-03  -.24027856266162D-03  0.14968307304919D-03
  0.80680393185162D-03  -.65475725365083D-03  -.51265118525667D-03
  cycle =      6    SCF energy =    -3966.0782557800   |dE/dxyz| =  0.010841
    0.00000000000000      0.00000000000000      0.00000000000000      mo
    0.00000000000000      0.00000000000000     -6.53529862971047      gd
    0.00000000000000      0.00000000000000      6.53529862971047      gd
    2.43264727506221      2.43264727506221     -2.58038920790425      s
   -2.43264727506221     -2.43264727506221     -2.58038920790425      s
    2.43264727506221     -2.43264727506221      2.58038920790425      s
   -2.43264727506221      2.43264727506221      2.58038920790425      s
    4.71646683154560     -1.64473020160207     -7.87623805059871      c
    3.64098380338554     -3.64098380338554     -6.43420197521828      c
    1.64473020160207     -4.71646683154560     -7.87623805059871      c
    1.48454826992997     -3.38276747723654    -10.20069625134064      c
    3.38276747723654     -1.48454826992997    -10.20069625134064      c
   -1.64473020160207      4.71646683154560     -7.87623805059871      c
   -3.64098380338554      3.64098380338554     -6.43420197521828      c
   -4.71646683154560      1.64473020160207     -7.87623805059871      c
   -3.38276747723654      1.48454826992997    -10.20069625134064      c
   -1.48454826992997      3.38276747723654    -10.20069625134064      c
    1.64473020160207      4.71646683154560      7.87623805059871      c
    1.48454826992997      3.38276747723654     10.20069625134064      c
    3.38276747723654      1.48454826992997     10.20069625134064      c
    4.71646683154560      1.64473020160207      7.87623805059871      c
    3.64098380338554      3.64098380338554      6.43420197521828      c
   -4.71646683154560     -1.64473020160207      7.87623805059871      c
   -3.38276747723654     -1.48454826992997     10.20069625134064      c
   -1.48454826992997     -3.38276747723654     10.20069625134064      c
   -1.64473020160207     -4.71646683154560      7.87623805059871      c
   -3.64098380338554     -3.64098380338554      6.43420197521828      c
    0.44634310658105     -6.28947677589653     -7.27939060277163      h
    0.15083409818401     -3.76707486506118    -11.73245705538598      h
    4.21557113883986     -4.21557113883986     -4.53614979900609      h
    3.76707486506118     -0.15083409818401    -11.73245705538598      h
    6.28947677589653     -0.44634310658105     -7.27939060277163      h
   -0.15083409818401      3.76707486506118    -11.73245705538598      h
   -0.44634310658105      6.28947677589653     -7.27939060277163      h
   -4.21557113883986      4.21557113883986     -4.53614979900609      h
   -6.28947677589653      0.44634310658105     -7.27939060277163      h
   -3.76707486506118      0.15083409818401    -11.73245705538598      h
   -0.44634310658105     -6.28947677589653      7.27939060277163      h
   -4.21557113883986     -4.21557113883986      4.53614979900609      h
   -6.28947677589653     -0.44634310658105      7.27939060277163      h
   -3.76707486506118     -0.15083409818401     11.73245705538598      h
   -0.15083409818401     -3.76707486506118     11.73245705538598      h
    0.15083409818401      3.76707486506118     11.73245705538598      h
    0.44634310658105      6.28947677589653      7.27939060277163      h
    4.21557113883986      4.21557113883986      4.53614979900609      h
    3.76707486506118      0.15083409818401     11.73245705538598      h
    6.28947677589653      0.44634310658105      7.27939060277163      h
  0.00000000000000D+00  0.00000000000000D+00  0.00000000000000D+00
  0.00000000000000D+00  0.00000000000000D+00  -.41069775347493D-02
  0.00000000000000D+00  0.00000000000000D+00  0.41069775347493D-02
  0.60249741740637D-03  0.60249741740570D-03  -.24917344883129D-02
  -.60249741740748D-03  -.60249741740748D-03  -.24917344883129D-02
  0.60249741740570D-03  -.60249741740581D-03  0.24917344883129D-02
  -.60249741740748D-03  0.60249741740692D-03  0.24917344883129D-02
  0.38804577412732D-03  -.10938602855148D-02  -.92233685513854D-03
  0.89002532558746D-03  -.89002532558702D-03  -.77578597784012D-03
  0.10938602855148D-02  -.38804577412599D-03  -.92233685513854D-03
  0.13012354928357D-02  -.10441902385416D-03  0.49313218050240D-03
  0.10441902385594D-03  -.13012354928348D-02  0.49313218050240D-03
  -.10938602855148D-02  0.38804577412721D-03  -.92233685513854D-03
  -.89002532558835D-03  0.89002532558879D-03  -.77578597784012D-03
  -.38804577412610D-03  0.10938602855148D-02  -.92233685513854D-03
  -.10441902385505D-03  0.13012354928348D-02  0.49313218050240D-03
  -.13012354928357D-02  0.10441902385594D-03  0.49313218050240D-03
  0.10938602855148D-02  0.38804577412599D-03  0.92233685513854D-03
  0.13012354928357D-02  0.10441902385416D-03  -.49313218050240D-03
  0.10441902385594D-03  0.13012354928348D-02  -.49313218050240D-03
  0.38804577412732D-03  0.10938602855148D-02  0.92233685513854D-03
  0.89002532558724D-03  0.89002532558702D-03  0.77578597784012D-03
  -.38804577412610D-03  -.10938602855148D-02  0.92233685513854D-03
  -.10441902385505D-03  -.13012354928348D-02  -.49313218050240D-03
  -.13012354928357D-02  -.10441902385594D-03  -.49313218050240D-03
  -.10938602855148D-02  -.38804577412721D-03  0.92233685513854D-03
  -.89002532558813D-03  -.89002532558879D-03  0.77578597784012D-03
  -.34715800204399D-03  -.53380134516079D-03  0.40001712256510D-03
  -.66542412384063D-03  -.29273242100025D-03  -.67979161392806D-03
  0.18533208851235D-03  -.18533208851279D-03  0.59555379148524D-03
  0.29273242100092D-03  0.66542412384019D-03  -.67979161392806D-03
  0.53380134516168D-03  0.34715800204310D-03  0.40001712256510D-03
  0.66542412384019D-03  0.29273242100070D-03  -.67979161392806D-03
  0.34715800204310D-03  0.53380134516168D-03  0.40001712256510D-03
  -.18533208851323D-03  0.18533208851246D-03  0.59555379148524D-03
  -.53380134516079D-03  -.34715800204399D-03  0.40001712256510D-03
  -.29273242100025D-03  -.66542412384063D-03  -.67979161392806D-03
  0.34715800204310D-03  -.53380134516168D-03  -.40001712256510D-03
  -.18533208851312D-03  -.18533208851257D-03  -.59555379148524D-03
  -.53380134516079D-03  0.34715800204399D-03  -.40001712256510D-03
  -.29273242100025D-03  0.66542412384063D-03  0.67979161392806D-03
  0.66542412384019D-03  -.29273242100070D-03  0.67979161392806D-03
  -.66542412384063D-03  0.29273242100025D-03  0.67979161392806D-03
  -.34715800204399D-03  0.53380134516079D-03  -.40001712256510D-03
  0.18533208851235D-03  0.18533208851279D-03  -.59555379148524D-03
  0.29273242100092D-03  -.66542412384019D-03  0.67979161392806D-03
  0.53380134516168D-03  -.34715800204310D-03  -.40001712256510D-03
  cycle =      7    SCF energy =    -3966.0789660540   |dE/dxyz| =  0.011041
    0.00000000000000      0.00000000000000      0.00000000000000      mo
    0.00000000000000      0.00000000000000     -6.45708569550266      gd
    0.00000000000000      0.00000000000000      6.45708569550266      gd
    2.43331883726127      2.43331883726127     -2.55439540091208      s
   -2.43331883726127     -2.43331883726127     -2.55439540091208      s
    2.43331883726127     -2.43331883726127      2.55439540091208      s
   -2.43331883726127      2.43331883726127      2.55439540091208      s
    4.70374702374961     -1.62989511797684     -7.86675672521809      c
    3.62504582950456     -3.62504582950456     -6.42415307182023      c
    1.62989511797684     -4.70374702374961     -7.86675672521809      c
    1.47568558209971     -3.37687636320486    -10.19639107281107      c
    3.37687636320486     -1.47568558209971    -10.19639107281107      c
   -1.62989511797684      4.70374702374961     -7.86675672521809      c
   -3.62504582950456      3.62504582950456     -6.42415307182023      c
   -4.70374702374961      1.62989511797684     -7.86675672521809      c
   -3.37687636320486      1.47568558209971    -10.19639107281107      c
   -1.47568558209971      3.37687636320486    -10.19639107281107      c
    1.62989511797684      4.70374702374961      7.86675672521809      c
    1.47568558209971      3.37687636320486     10.19639107281107      c
    3.37687636320486      1.47568558209971     10.19639107281107      c
    4.70374702374961      1.62989511797684      7.86675672521809      c
    3.62504582950456      3.62504582950456      6.42415307182023      c
   -4.70374702374961     -1.62989511797684      7.86675672521809      c
   -3.37687636320486     -1.47568558209971     10.19639107281107      c
   -1.47568558209971     -3.37687636320486     10.19639107281107      c
   -1.62989511797684     -4.70374702374961      7.86675672521809      c
   -3.62504582950456     -3.62504582950456      6.42415307182023      c
    0.44761385122966     -6.28796978808098     -7.28327706025092      h
    0.15208968394192     -3.76578458999728    -11.73303571281762      h
    4.21458100453596     -4.21458100453596     -4.54130389470622      h
    3.76578458999728     -0.15208968394192    -11.73303571281762      h
    6.28796978808098     -0.44761385122966     -7.28327706025092      h
   -0.15208968394192      3.76578458999728    -11.73303571281762      h
   -0.44761385122966      6.28796978808098     -7.28327706025092      h
   -4.21458100453596      4.21458100453596     -4.54130389470622      h
   -6.28796978808098      0.44761385122966     -7.28327706025092      h
   -3.76578458999728      0.15208968394192    -11.73303571281762      h
   -0.44761385122966     -6.28796978808098      7.28327706025092      h
   -4.21458100453596     -4.21458100453596      4.54130389470622      h
   -6.28796978808098     -0.44761385122966      7.28327706025092      h
   -3.76578458999728     -0.15208968394192     11.73303571281762      h
   -0.15208968394192     -3.76578458999728     11.73303571281762      h
    0.15208968394192      3.76578458999728     11.73303571281762      h
    0.44761385122966      6.28796978808098      7.28327706025092      h
    4.21458100453596      4.21458100453596      4.54130389470622      h
    3.76578458999728      0.15208968394192     11.73303571281762      h
    6.28796978808098      0.44761385122966      7.28327706025092      h
  0.00000000000000D+00  0.00000000000000D+00  0.00000000000000D+00
  0.00000000000000D+00  0.00000000000000D+00  0.21396720591793D-02
  0.00000000000000D+00  0.00000000000000D+00  -.21396720591793D-02
  -.97113030404361D-03  -.97113030404472D-03  -.21324563430092D-02
  0.97113030404250D-03  0.97113030404294D-03  -.21324563430092D-02
  -.97113030404294D-03  0.97113030404417D-03  0.21324563430092D-02
  0.97113030404294D-03  -.97113030404306D-03  0.21324563430092D-02
  0.16030971032449D-02  0.93959510634178D-05  0.79798308816503D-03
  0.55264382091647D-03  -.55264382091602D-03  0.75310021331809D-03
  -.93959510643060D-05  -.16030971032435D-02  0.79798308816503D-03
  -.80544036729613D-03  -.17480409504644D-02  -.10483000549701D-02
  0.17480409504671D-02  0.80544036729702D-03  -.10483000549701D-02
  0.93959510634178D-05  0.16030971032452D-02  0.79798308816503D-03
  -.55264382091735D-03  0.55264382091780D-03  0.75310021331809D-03
  -.16030971032441D-02  -.93959510634178D-05  0.79798308816503D-03
  -.17480409504653D-02  -.80544036729613D-03  -.10483000549701D-02
  0.80544036729702D-03  0.17480409504662D-02  -.10483000549701D-02
  -.93959510643060D-05  0.16030971032435D-02  -.79798308816503D-03
  -.80544036729613D-03  0.17480409504644D-02  0.10483000549701D-02
  0.17480409504671D-02  -.80544036729702D-03  0.10483000549701D-02
  0.16030971032449D-02  -.93959510634178D-05  -.79798308816503D-03
  0.55264382091624D-03  0.55264382091647D-03  -.75310021331809D-03
  -.16030971032441D-02  0.93959510634178D-05  -.79798308816503D-03
  -.17480409504653D-02  0.80544036729613D-03  0.10483000549701D-02
  0.80544036729702D-03  -.17480409504662D-02  0.10483000549701D-02
  0.93959510634178D-05  -.16030971032452D-02  -.79798308816503D-03
  -.55264382091713D-03  -.55264382091824D-03  -.75310021331809D-03
  0.76051177570680D-03  0.44700482555449D-03  -.43407429132358D-03
  0.18045205646189D-04  -.24420252384494D-03  -.41196846979741D-03
  -.11334899121596D-03  0.11334899121507D-03  -.14611396763398D-02
  0.24420252384560D-03  -.18045205646633D-04  -.41196846979741D-03
  -.44700482555360D-03  -.76051177570768D-03  -.43407429132358D-03
  -.18045205646633D-04  0.24420252384538D-03  -.41196846979741D-03
  -.76051177570768D-03  -.44700482555360D-03  -.43407429132358D-03
  0.11334899121529D-03  -.11334899121584D-03  -.14611396763398D-02
  0.44700482555449D-03  0.76051177570680D-03  -.43407429132358D-03
  -.24420252384494D-03  0.18045205646633D-04  -.41196846979741D-03
  -.76051177570768D-03  0.44700482555360D-03  0.43407429132358D-03
  0.11334899121518D-03  0.11334899121596D-03  0.14611396763398D-02
  0.44700482555449D-03  -.76051177570680D-03  0.43407429132358D-03
  -.24420252384494D-03  -.18045205646633D-04  0.41196846979741D-03
  -.18045205646633D-04  -.24420252384538D-03  0.41196846979741D-03
  0.18045205646189D-04  0.24420252384494D-03  0.41196846979741D-03
  0.76051177570680D-03  -.44700482555449D-03  0.43407429132358D-03
  -.11334899121596D-03  -.11334899121507D-03  0.14611396763398D-02
  0.24420252384560D-03  0.18045205646633D-04  0.41196846979741D-03
  -.44700482555360D-03  0.76051177570768D-03  0.43407429132358D-03
  cycle =      8    SCF energy =    -3966.0791167040   |dE/dxyz| =  0.007812
    0.00000000000000      0.00000000000000      0.00000000000000      mo
    0.00000000000000      0.00000000000000     -6.44772570643335      gd
    0.00000000000000      0.00000000000000      6.44772570643335      gd
    2.43487340728232      2.43487340728232     -2.54483500445422      s
   -2.43487340728232     -2.43487340728232     -2.54483500445422      s
    2.43487340728232     -2.43487340728232      2.54483500445422      s
   -2.43487340728232      2.43487340728232      2.54483500445422      s
    4.69934347922018     -1.62627047457304     -7.86650549160370      c
    3.62160426168664     -3.62160426168664     -6.42224303443645      c
    1.62627047457304     -4.69934347922018     -7.86650549160370      c
    1.47523738010279     -3.37229444077502    -10.19433428117229      c
    3.37229444077502     -1.47523738010279    -10.19433428117229      c
   -1.62627047457304      4.69934347922018     -7.86650549160370      c
   -3.62160426168664      3.62160426168664     -6.42224303443645      c
   -4.69934347922018      1.62627047457304     -7.86650549160370      c
   -3.37229444077502      1.47523738010279    -10.19433428117229      c
   -1.47523738010279      3.37229444077502    -10.19433428117229      c
    1.62627047457304      4.69934347922018      7.86650549160370      c
    1.47523738010279      3.37229444077502     10.19433428117229      c
    3.37229444077502      1.47523738010279     10.19433428117229      c
    4.69934347922018      1.62627047457304      7.86650549160370      c
    3.62160426168664      3.62160426168664      6.42224303443645      c
   -4.69934347922018     -1.62627047457304      7.86650549160370      c
   -3.37229444077502     -1.47523738010279     10.19433428117229      c
   -1.47523738010279     -3.37229444077502     10.19433428117229      c
   -1.62627047457304     -4.69934347922018      7.86650549160370      c
   -3.62160426168664     -3.62160426168664      6.42224303443645      c
    0.44682026119497     -6.28792324627764     -7.28332216592184      h
    0.15270558204800     -3.76493406185310    -11.73177526810891      h
    4.21434473140687     -4.21434473140687     -4.54018979284113      h
    3.76493406185310     -0.15270558204800    -11.73177526810891      h
    6.28792324627764     -0.44682026119497     -7.28332216592184      h
   -0.15270558204800      3.76493406185310    -11.73177526810891      h
   -0.44682026119497      6.28792324627764     -7.28332216592184      h
   -4.21434473140687      4.21434473140687     -4.54018979284113      h
   -6.28792324627764      0.44682026119497     -7.28332216592184      h
   -3.76493406185310      0.15270558204800    -11.73177526810891      h
   -0.44682026119497     -6.28792324627764      7.28332216592184      h
   -4.21434473140687     -4.21434473140687      4.54018979284113      h
   -6.28792324627764     -0.44682026119497      7.28332216592184      h
   -3.76493406185310     -0.15270558204800     11.73177526810891      h
   -0.15270558204800     -3.76493406185310     11.73177526810891      h
    0.15270558204800      3.76493406185310     11.73177526810891      h
    0.44682026119497      6.28792324627764      7.28332216592184      h
    4.21434473140687      4.21434473140687      4.54018979284113      h
    3.76493406185310      0.15270558204800     11.73177526810891      h
    6.28792324627764      0.44682026119497      7.28332216592184      h
  0.00000000000000D+00  0.00000000000000D+00  0.00000000000000D+00
  0.00000000000000D+00  0.00000000000000D+00  0.22291711952775D-02
  0.00000000000000D+00  0.00000000000000D+00  -.22291711952775D-02
  -.11978156404461D-02  -.11978156404471D-02  -.15116500693808D-02
  0.11978156404450D-02  0.11978156404453D-02  -.15116500693808D-02
  -.11978156404453D-02  0.11978156404466D-02  0.15116500693808D-02
  0.11978156404453D-02  -.11978156404455D-02  0.15116500693808D-02
  0.67354624044530D-03  0.67826686312777D-04  -.33311898770449D-03
  0.39653374241677D-03  -.39653374241677D-03  0.73663227132137D-03
  -.67826686313666D-04  -.67354624044397D-03  -.33311898770449D-03
  0.11290271766642D-02  -.21330255973151D-03  -.25271189036236D-03
  0.21330255973417D-03  -.11290271766642D-02  -.25271189036236D-03
  0.67826686312777D-04  0.67354624044519D-03  -.33311898770449D-03
  -.39653374241766D-03  0.39653374241855D-03  0.73663227132137D-03
  -.67354624044408D-03  -.67826686313666D-04  -.33311898770449D-03
  -.21330255973240D-03  0.11290271766642D-02  -.25271189036236D-03
  -.11290271766642D-02  0.21330255973329D-03  -.25271189036236D-03
  -.67826686313666D-04  0.67354624044397D-03  0.33311898770449D-03
  0.11290271766642D-02  0.21330255973151D-03  0.25271189036236D-03
  0.21330255973417D-03  0.11290271766642D-02  0.25271189036236D-03
  0.67354624044530D-03  -.67826686312777D-04  0.33311898770449D-03
  0.39653374241699D-03  0.39653374241677D-03  -.73663227132137D-03
  -.67354624044408D-03  0.67826686313666D-04  0.33311898770449D-03
  -.21330255973240D-03  -.11290271766642D-02  0.25271189036236D-03
  -.11290271766642D-02  -.21330255973329D-03  0.25271189036236D-03
  0.67826686312777D-04  -.67354624044519D-03  0.33311898770449D-03
  -.39653374241744D-03  -.39653374241855D-03  -.73663227132137D-03
  0.55243030575314D-03  -.90242647136307D-04  -.17076059457177D-03
  -.99360854185715D-04  -.42154044366982D-03  -.53128307426853D-03
  0.65150600625730D-04  -.65150600626507D-04  -.11045565106285D-02
  0.42154044367049D-03  0.99360854185271D-04  -.53128307426853D-03
  0.90242647137195D-04  -.55243030575403D-03  -.17076059457177D-03
  0.99360854185271D-04  0.42154044367049D-03  -.53128307426853D-03
  -.55243030575403D-03  0.90242647137195D-04  -.17076059457177D-03
  -.65150600626396D-04  0.65150600625730D-04  -.11045565106285D-02
  -.90242647136307D-04  0.55243030575314D-03  -.17076059457177D-03
  -.42154044366982D-03  -.99360854185715D-04  -.53128307426853D-03
  -.55243030575403D-03  -.90242647137195D-04  0.17076059457177D-03
  -.65150600626396D-04  -.65150600625730D-04  0.11045565106285D-02
  -.90242647136307D-04  -.55243030575314D-03  0.17076059457177D-03
  -.42154044366982D-03  0.99360854185715D-04  0.53128307426853D-03
  0.99360854185271D-04  -.42154044367049D-03  0.53128307426853D-03
  -.99360854185715D-04  0.42154044366982D-03  0.53128307426853D-03
  0.55243030575314D-03  0.90242647136307D-04  0.17076059457177D-03
  0.65150600625619D-04  0.65150600626396D-04  0.11045565106285D-02
  0.42154044367049D-03  -.99360854185271D-04  0.53128307426853D-03
  0.90242647137195D-04  0.55243030575403D-03  0.17076059457177D-03
  cycle =      9    SCF energy =    -3966.0793169190   |dE/dxyz| =  0.006847
    0.00000000000000      0.00000000000000      0.00000000000000      mo
    0.00000000000000      0.00000000000000     -6.44163039527194      gd
    0.00000000000000      0.00000000000000      6.44163039527194      gd
    2.44032094864373      2.44032094864373     -2.52935277202079      s
   -2.44032094864373     -2.44032094864373     -2.52935277202079      s
    2.44032094864373     -2.44032094864373      2.52935277202079      s
   -2.44032094864373      2.44032094864373      2.52935277202079      s
    4.69323427839498     -1.62110807696557     -7.86475109076773      c
    3.61682211893549     -3.61682211893549     -6.42006606154077      c
    1.62110807696557     -4.69323427839498     -7.86475109076773      c
    1.47099036011759     -3.36670207319492    -10.19078543969392      c
    3.36670207319492     -1.47099036011759    -10.19078543969392      c
   -1.62110807696557      4.69323427839498     -7.86475109076773      c
   -3.61682211893549      3.61682211893549     -6.42006606154077      c
   -4.69323427839498      1.62110807696557     -7.86475109076773      c
   -3.36670207319492      1.47099036011759    -10.19078543969392      c
   -1.47099036011759      3.36670207319492    -10.19078543969392      c
    1.62110807696557      4.69323427839498      7.86475109076773      c
    1.47099036011759      3.36670207319492     10.19078543969392      c
    3.36670207319492      1.47099036011759     10.19078543969392      c
    4.69323427839498      1.62110807696557      7.86475109076773      c
    3.61682211893549      3.61682211893549      6.42006606154077      c
   -4.69323427839498     -1.62110807696557      7.86475109076773      c
   -3.36670207319492     -1.47099036011759     10.19078543969392      c
   -1.47099036011759     -3.36670207319492     10.19078543969392      c
   -1.62110807696557     -4.69323427839498      7.86475109076773      c
   -3.61682211893549     -3.61682211893549      6.42006606154077      c
    0.44477860210017     -6.28686333813430     -7.28322765622685      h
    0.15319948439311     -3.76278516212828    -11.72939226735260      h
    4.21342966363021     -4.21342966363021     -4.53712493071677      h
    3.76278516212828     -0.15319948439311    -11.72939226735260      h
    6.28686333813430     -0.44477860210017     -7.28322765622685      h
   -0.15319948439311      3.76278516212828    -11.72939226735260      h
   -0.44477860210017      6.28686333813430     -7.28322765622685      h
   -4.21342966363021      4.21342966363021     -4.53712493071677      h
   -6.28686333813430      0.44477860210017     -7.28322765622685      h
   -3.76278516212828      0.15319948439311    -11.72939226735260      h
   -0.44477860210017     -6.28686333813430      7.28322765622685      h
   -4.21342966363021     -4.21342966363021      4.53712493071677      h
   -6.28686333813430     -0.44477860210017      7.28322765622685      h
   -3.76278516212828     -0.15319948439311     11.72939226735260      h
   -0.15319948439311     -3.76278516212828     11.72939226735260      h
    0.15319948439311      3.76278516212828     11.72939226735260      h
    0.44477860210017      6.28686333813430      7.28322765622685      h
    4.21342966363021      4.21342966363021      4.53712493071677      h
    3.76278516212828      0.15319948439311     11.72939226735260      h
    6.28686333813430      0.44477860210017      7.28322765622685      h
  0.00000000000000D+00  0.00000000000000D+00  0.00000000000000D+00
  0.00000000000000D+00  0.00000000000000D+00  0.11678563090773D-02
  0.00000000000000D+00  0.00000000000000D+00  -.11678563090773D-02
  -.10579277650150D-02  -.10579277650162D-02  -.63112248010855D-03
  0.10579277650139D-02  0.10579277650127D-02  -.63112248010855D-03
  -.10579277650145D-02  0.10579277650156D-02  0.63112248010855D-03
  0.10579277650145D-02  -.10579277650145D-02  0.63112248010855D-03
  -.45128727640820D-03  -.12219403322788D-03  -.10627403536168D-02
  -.45188796574891D-04  0.45188796575557D-04  -.26478566358357D-03
  0.12219403322611D-03  0.45128727640953D-03  -.10627403536168D-02
  0.13299920525025D-02  0.10423189366193D-03  0.53986687181151D-04
  -.10423189366016D-03  -.13299920525016D-02  0.53986687181151D-04
  -.12219403322700D-03  -.45128727640831D-03  -.10627403536168D-02
  0.45188796574447D-04  -.45188796573781D-04  -.26478566358357D-03
  0.45128727640942D-03  0.12219403322788D-03  -.10627403536168D-02
  0.10423189366193D-03  0.13299920525034D-02  0.53986687181151D-04
  -.13299920525025D-02  -.10423189366104D-03  0.53986687181151D-04
  0.12219403322611D-03  -.45128727640953D-03  0.10627403536168D-02
  0.13299920525025D-02  -.10423189366193D-03  -.53986687181151D-04
  -.10423189366016D-03  0.13299920525016D-02  -.53986687181151D-04
  -.45128727640820D-03  0.12219403322788D-03  0.10627403536168D-02
  -.45188796575335D-04  -.45188796574891D-04  0.26478566358357D-03
  0.45128727640942D-03  -.12219403322788D-03  0.10627403536168D-02
  0.10423189366193D-03  -.13299920525034D-02  -.53986687181151D-04
  -.13299920525025D-02  0.10423189366104D-03  -.53986687181151D-04
  -.12219403322700D-03  0.45128727640831D-03  0.10627403536168D-02
  0.45188796574447D-04  0.45188796573559D-04  0.26478566358357D-03
  0.31977132106675D-03  -.63789650781843D-03  -.21831097315905D-04
  0.32981073492833D-03  -.41428030955304D-03  -.17331984337421D-03
  0.45524446639433D-03  -.45524446639522D-03  -.11308677512467D-03
  0.41428030955371D-03  -.32981073492877D-03  -.17331984337421D-03
  0.63789650781931D-03  -.31977132106764D-03  -.21831097315905D-04
  -.32981073492877D-03  0.41428030955371D-03  -.17331984337421D-03
  -.31977132106764D-03  0.63789650781931D-03  -.21831097315905D-04
  -.45524446639456D-03  0.45524446639444D-03  -.11308677512467D-03
  -.63789650781843D-03  0.31977132106675D-03  -.21831097315905D-04
  -.41428030955304D-03  0.32981073492833D-03  -.17331984337421D-03
  -.31977132106764D-03  -.63789650781931D-03  0.21831097315905D-04
  -.45524446639511D-03  -.45524446639433D-03  0.11308677512467D-03
  -.63789650781843D-03  -.31977132106675D-03  0.21831097315905D-04
  -.41428030955304D-03  -.32981073492833D-03  0.17331984337421D-03
  -.32981073492877D-03  -.41428030955371D-03  0.17331984337421D-03
  0.32981073492833D-03  0.41428030955304D-03  0.17331984337421D-03
  0.31977132106675D-03  0.63789650781843D-03  0.21831097315905D-04
  0.45524446639433D-03  0.45524446639478D-03  0.11308677512467D-03
  0.41428030955371D-03  0.32981073492877D-03  0.17331984337421D-03
  0.63789650781931D-03  0.31977132106764D-03  0.21831097315905D-04
  cycle =     10    SCF energy =    -3966.0794959870   |dE/dxyz| =  0.006711
    0.00000000000000      0.00000000000000      0.00000000000000      mo
    0.00000000000000      0.00000000000000     -6.42372776312966      gd
    0.00000000000000      0.00000000000000      6.42372776312966      gd
    2.45293282239225      2.45293282239225     -2.50352362630207      s
   -2.45293282239225     -2.45293282239225     -2.50352362630207      s
    2.45293282239225     -2.45293282239225      2.50352362630207      s
   -2.45293282239225      2.45293282239225      2.50352362630207      s
    4.68408679996237     -1.61148661044242     -7.85781211002045      c
    3.60804022540710     -3.60804022540710     -6.41417098179875      c
    1.61148661044242     -4.68408679996237     -7.85781211002045      c
    1.46171243716308     -3.35648461896298    -10.18426884218689      c
    3.35648461896298     -1.46171243716308    -10.18426884218689      c
   -1.61148661044242      4.68408679996237     -7.85781211002045      c
   -3.60804022540710      3.60804022540710     -6.41417098179875      c
   -4.68408679996237      1.61148661044242     -7.85781211002045      c
   -3.35648461896298      1.46171243716308    -10.18426884218689      c
   -1.46171243716308      3.35648461896298    -10.18426884218689      c
    1.61148661044242      4.68408679996237      7.85781211002045      c
    1.46171243716308      3.35648461896298     10.18426884218689      c
    3.35648461896298      1.46171243716308     10.18426884218689      c
    4.68408679996237      1.61148661044242      7.85781211002045      c
    3.60804022540710      3.60804022540710      6.41417098179875      c
   -4.68408679996237     -1.61148661044242      7.85781211002045      c
   -3.35648461896298     -1.46171243716308     10.18426884218689      c
   -1.46171243716308     -3.35648461896298     10.18426884218689      c
   -1.61148661044242     -4.68408679996237      7.85781211002045      c
   -3.60804022540710     -3.60804022540710      6.41417098179875      c
    0.44025798534821     -6.28368744128964     -7.28303719717519      h
    0.15148645074537     -3.75849045134117    -11.72682775259215      h
    4.21037969363658     -4.21037969363658     -4.53283224854953      h
    3.75849045134117     -0.15148645074537    -11.72682775259215      h
    6.28368744128964     -0.44025798534821     -7.28303719717519      h
   -0.15148645074537      3.75849045134117    -11.72682775259215      h
   -0.44025798534821      6.28368744128964     -7.28303719717519      h
   -4.21037969363658      4.21037969363658     -4.53283224854953      h
   -6.28368744128964      0.44025798534821     -7.28303719717519      h
   -3.75849045134117      0.15148645074537    -11.72682775259215      h
   -0.44025798534821     -6.28368744128964      7.28303719717519      h
   -4.21037969363658     -4.21037969363658      4.53283224854953      h
   -6.28368744128964     -0.44025798534821      7.28303719717519      h
   -3.75849045134117     -0.15148645074537     11.72682775259215      h
   -0.15148645074537     -3.75849045134117     11.72682775259215      h
    0.15148645074537      3.75849045134117     11.72682775259215      h
    0.44025798534821      6.28368744128964      7.28303719717519      h
    4.21037969363658      4.21037969363658      4.53283224854953      h
    3.75849045134117      0.15148645074537     11.72682775259215      h
    6.28368744128964      0.44025798534821      7.28303719717519      h
  0.00000000000000D+00  0.00000000000000D+00  0.00000000000000D+00
  0.00000000000000D+00  0.00000000000000D+00  0.43878829849020D-03
  0.00000000000000D+00  0.00000000000000D+00  -.43878829849020D-03
  -.36859427141700D-03  -.36859427141778D-03  0.36577568454232D-03
  0.36859427141589D-03  0.36859427141600D-03  0.36577568454232D-03
  -.36859427141778D-03  0.36859427141755D-03  -.36577568454232D-03
  0.36859427141600D-03  -.36859427141644D-03  -.36577568454232D-03
  -.45696890052865D-03  0.11890062773556D-03  -.41779831935251D-03
  -.62378643211147D-03  0.62378643211236D-03  -.10126386629139D-02
  -.11890062773734D-03  0.45696890052999D-03  -.41779831935251D-03
  0.11933734495573D-02  0.64880085320418D-03  -.32503842640552D-03
  -.64880085320240D-03  -.11933734495564D-02  -.32503842640552D-03
  0.11890062773556D-03  -.45696890052876D-03  -.41779831935251D-03
  0.62378643211058D-03  -.62378643211058D-03  -.10126386629139D-02
  0.45696890052987D-03  -.11890062773645D-03  -.41779831935251D-03
  0.64880085320329D-03  0.11933734495573D-02  -.32503842640552D-03
  -.11933734495573D-02  -.64880085320240D-03  -.32503842640552D-03
  -.11890062773734D-03  -.45696890052999D-03  0.41779831935251D-03
  0.11933734495573D-02  -.64880085320418D-03  0.32503842640552D-03
  -.64880085320240D-03  0.11933734495564D-02  0.32503842640552D-03
  -.45696890052865D-03  -.11890062773556D-03  0.41779831935251D-03
  -.62378643211214D-03  -.62378643211192D-03  0.10126386629139D-02
  0.45696890052987D-03  0.11890062773645D-03  0.41779831935251D-03
  0.64880085320329D-03  -.11933734495573D-02  0.32503842640552D-03
  -.11933734495573D-02  0.64880085320240D-03  0.32503842640552D-03
  0.11890062773556D-03  0.45696890052876D-03  0.41779831935251D-03
  0.62378643211125D-03  0.62378643211014D-03  0.10126386629139D-02
  0.40765290633527D-03  -.74243634913618D-03  -.25001007827163D-03
  0.66459915855521D-03  -.49554399519636D-03  -.11978578884175D-03
  0.74644144408564D-03  -.74644144408653D-03  0.42261006820965D-03
  0.49554399519702D-03  -.66459915855566D-03  -.11978578884175D-03
  0.74243634913707D-03  -.40765290633615D-03  -.25001007827163D-03
  -.66459915855566D-03  0.49554399519702D-03  -.11978578884175D-03
  -.40765290633660D-03  0.74243634913707D-03  -.25001007827163D-03
  -.74644144408653D-03  0.74644144408564D-03  0.42261006820965D-03
  -.74243634913618D-03  0.40765290633527D-03  -.25001007827163D-03
  -.49554399519636D-03  0.66459915855521D-03  -.11978578884175D-03
  -.40765290633660D-03  -.74243634913707D-03  0.25001007827163D-03
  -.74644144408653D-03  -.74644144408564D-03  -.42261006820965D-03
  -.74243634913618D-03  -.40765290633527D-03  0.25001007827163D-03
  -.49554399519636D-03  -.66459915855521D-03  0.11978578884175D-03
  -.66459915855566D-03  -.49554399519702D-03  0.11978578884175D-03
  0.66459915855521D-03  0.49554399519636D-03  0.11978578884175D-03
  0.40765290633527D-03  0.74243634913618D-03  0.25001007827163D-03
  0.74644144408564D-03  0.74644144408653D-03  -.42261006820965D-03
  0.49554399519702D-03  0.66459915855566D-03  0.11978578884175D-03
  0.74243634913707D-03  0.40765290633615D-03  0.25001007827163D-03
  cycle =     11    SCF energy =    -3966.0795894750   |dE/dxyz| =  0.005217
    0.00000000000000      0.00000000000000      0.00000000000000      mo
    0.00000000000000      0.00000000000000     -6.42349650452371      gd
    0.00000000000000      0.00000000000000      6.42349650452371      gd
    2.45993151233696      2.45993151233696     -2.49432758900702      s
   -2.45993151233696     -2.45993151233696     -2.49432758900702      s
    2.45993151233696     -2.45993151233696      2.49432758900702      s
   -2.45993151233696      2.45993151233696      2.49432758900702      s
    4.68115767201926     -1.60901477723212     -7.85480903630025      c
    3.60661199239282     -3.60661199239282     -6.41046570976109      c
    1.60901477723212     -4.68115767201926     -7.85480903630025      c
    1.45588600832943     -3.35315138692954    -10.18017719140556      c
    3.35315138692954     -1.45588600832943    -10.18017719140556      c
   -1.60901477723212      4.68115767201926     -7.85480903630025      c
   -3.60661199239282      3.60661199239282     -6.41046570976109      c
   -4.68115767201926      1.60901477723212     -7.85480903630025      c
   -3.35315138692954      1.45588600832943    -10.18017719140556      c
   -1.45588600832943      3.35315138692954    -10.18017719140556      c
    1.60901477723212      4.68115767201926      7.85480903630025      c
    1.45588600832943      3.35315138692954     10.18017719140556      c
    3.35315138692954      1.45588600832943     10.18017719140556      c
    4.68115767201926      1.60901477723212      7.85480903630025      c
    3.60661199239282      3.60661199239282      6.41046570976109      c
   -4.68115767201926     -1.60901477723212      7.85480903630025      c
   -3.35315138692954     -1.45588600832943     10.18017719140556      c
   -1.45588600832943     -3.35315138692954     10.18017719140556      c
   -1.60901477723212     -4.68115767201926      7.85480903630025      c
   -3.60661199239282     -3.60661199239282      6.41046570976109      c
    0.43655115227058     -6.28088164130961     -7.28169006784407      h
    0.14870063661992     -3.75531836951106    -11.72531298248686      h
    4.20726128129875     -4.20726128129875     -4.53072799257209      h
    3.75531836951106     -0.14870063661992    -11.72531298248686      h
    6.28088164130961     -0.43655115227058     -7.28169006784407      h
   -0.14870063661992      3.75531836951106    -11.72531298248686      h
   -0.43655115227058      6.28088164130961     -7.28169006784407      h
   -4.20726128129875      4.20726128129875     -4.53072799257209      h
   -6.28088164130961      0.43655115227058     -7.28169006784407      h
   -3.75531836951106      0.14870063661992    -11.72531298248686      h
   -0.43655115227058     -6.28088164130961      7.28169006784407      h
   -4.20726128129875     -4.20726128129875      4.53072799257209      h
   -6.28088164130961     -0.43655115227058      7.28169006784407      h
   -3.75531836951106     -0.14870063661992     11.72531298248686      h
   -0.14870063661992     -3.75531836951106     11.72531298248686      h
    0.14870063661992      3.75531836951106     11.72531298248686      h
    0.43655115227058      6.28088164130961      7.28169006784407      h
    4.20726128129875      4.20726128129875      4.53072799257209      h
    3.75531836951106      0.14870063661992     11.72531298248686      h
    6.28088164130961      0.43655115227058      7.28169006784407      h
  0.00000000000000D+00  0.00000000000000D+00  0.00000000000000D+00
  0.00000000000000D+00  0.00000000000000D+00  -.71249302953236D-03
  0.00000000000000D+00  0.00000000000000D+00  0.71249302953236D-03
  0.31833732664843D-03  0.31833732665021D-03  0.62177138131503D-03
  -.31833732665132D-03  -.31833732665021D-03  0.62177138131503D-03
  0.31833732664843D-03  -.31833732664965D-03  -.62177138131503D-03
  -.31833732665199D-03  0.31833732665076D-03  -.62177138131503D-03
  -.76191999618391D-03  -.50072096753340D-05  -.46926758968535D-03
  -.16348792360787D-03  0.16348792360876D-03  0.22913525727652D-03
  0.50072096744458D-05  0.76191999618525D-03  -.46926758968535D-03
  -.45007270182751D-04  -.31911676636920D-03  -.19369617299603D-03
  0.31911676637097D-03  0.45007270183639D-04  -.19369617299603D-03
  -.50072096753340D-05  -.76191999618402D-03  -.46926758968535D-03
  0.16348792360787D-03  -.16348792360654D-03  0.22913525727652D-03
  0.76191999618513D-03  0.50072096753340D-05  -.46926758968535D-03
  -.31911676637009D-03  -.45007270183639D-04  -.19369617299603D-03
  0.45007270182751D-04  0.31911676637097D-03  -.19369617299603D-03
  0.50072096744458D-05  -.76191999618525D-03  0.46926758968535D-03
  -.45007270182751D-04  0.31911676636920D-03  0.19369617299603D-03
  0.31911676637097D-03  -.45007270183639D-04  0.19369617299603D-03
  -.76191999618391D-03  0.50072096753340D-05  0.46926758968535D-03
  -.16348792360810D-03  -.16348792360832D-03  -.22913525727652D-03
  0.76191999618513D-03  -.50072096753340D-05  0.46926758968535D-03
  -.31911676637009D-03  0.45007270183639D-04  0.19369617299603D-03
  0.45007270182751D-04  -.31911676637097D-03  0.19369617299603D-03
  -.50072096753340D-05  0.76191999618402D-03  0.46926758968535D-03
  0.16348792360765D-03  0.16348792360654D-03  -.22913525727652D-03
  0.29915244205325D-03  -.81911178928173D-03  -.33531828077915D-03
  0.74710106584375D-03  -.45337167330883D-03  -.26391149799654D-03
  0.47077766982340D-03  -.47077766982473D-03  -.33813170147745D-03
  0.45337167330928D-03  -.74710106584419D-03  -.26391149799654D-03
  0.81911178928262D-03  -.29915244205414D-03  -.33531828077915D-03
  -.74710106584419D-03  0.45337167330950D-03  -.26391149799654D-03
  -.29915244205370D-03  0.81911178928262D-03  -.33531828077915D-03
  -.47077766982473D-03  0.47077766982340D-03  -.33813170147745D-03
  -.81911178928173D-03  0.29915244205281D-03  -.33531828077915D-03
  -.45337167330883D-03  0.74710106584375D-03  -.26391149799654D-03
  -.29915244205370D-03  -.81911178928262D-03  0.33531828077915D-03
  -.47077766982473D-03  -.47077766982340D-03  0.33813170147745D-03
  -.81911178928173D-03  -.29915244205281D-03  0.33531828077915D-03
  -.45337167330883D-03  -.74710106584375D-03  0.26391149799654D-03
  -.74710106584419D-03  -.45337167330950D-03  0.26391149799654D-03
  0.74710106584375D-03  0.45337167330883D-03  0.26391149799654D-03
  0.29915244205325D-03  0.81911178928173D-03  0.33531828077915D-03
  0.47077766982340D-03  0.47077766982473D-03  0.33813170147745D-03
  0.45337167330928D-03  0.74710106584419D-03  0.26391149799654D-03
  0.81911178928262D-03  0.29915244205414D-03  0.33531828077915D-03
  cycle =     12    SCF energy =    -3966.0796528580   |dE/dxyz| =  0.005174
    0.00000000000000      0.00000000000000      0.00000000000000      mo
    0.00000000000000      0.00000000000000     -6.42338680130026      gd
    0.00000000000000      0.00000000000000      6.42338680130026      gd
    2.46381585079204      2.46381585079204     -2.49059177209962      s
   -2.46381585079204     -2.46381585079204     -2.49059177209962      s
    2.46381585079204     -2.46381585079204      2.49059177209962      s
   -2.46381585079204      2.46381585079204      2.49059177209962      s
    4.68108699835307     -1.60800267590292     -7.85197585483283      c
    3.60628138187628     -3.60628138187628     -6.40917909178441      c
    1.60800267590292     -4.68108699835307     -7.85197585483283      c
    1.45246766317078     -3.35056293098974    -10.17733346182561      c
    3.35056293098974     -1.45246766317078    -10.17733346182561      c
   -1.60800267590292      4.68108699835307     -7.85197585483283      c
   -3.60628138187628      3.60628138187628     -6.40917909178441      c
   -4.68108699835307      1.60800267590292     -7.85197585483283      c
   -3.35056293098974      1.45246766317078    -10.17733346182561      c
   -1.45246766317078      3.35056293098974    -10.17733346182561      c
    1.60800267590292      4.68108699835307      7.85197585483283      c
    1.45246766317078      3.35056293098974     10.17733346182561      c
    3.35056293098974      1.45246766317078     10.17733346182561      c
    4.68108699835307      1.60800267590292      7.85197585483283      c
    3.60628138187628      3.60628138187628      6.40917909178441      c
   -4.68108699835307     -1.60800267590292      7.85197585483283      c
   -3.35056293098974     -1.45246766317078     10.17733346182561      c
   -1.45246766317078     -3.35056293098974     10.17733346182561      c
   -1.60800267590292     -4.68108699835307      7.85197585483283      c
   -3.60628138187628     -3.60628138187628      6.40917909178441      c
    0.43347090700101     -6.27755318942762     -7.28004262054010      h
    0.14530516426026     -3.75242375830783    -11.72388841161980      h
    4.20438541102177     -4.20438541102177     -4.52843402577079      h
    3.75242375830783     -0.14530516426026    -11.72388841161980      h
    6.27755318942762     -0.43347090700101     -7.28004262054010      h
   -0.14530516426026      3.75242375830783    -11.72388841161980      h
   -0.43347090700101      6.27755318942762     -7.28004262054010      h
   -4.20438541102177      4.20438541102177     -4.52843402577079      h
   -6.27755318942762      0.43347090700101     -7.28004262054010      h
   -3.75242375830783      0.14530516426026    -11.72388841161980      h
   -0.43347090700101     -6.27755318942762      7.28004262054010      h
   -4.20438541102177     -4.20438541102177      4.52843402577079      h
   -6.27755318942762     -0.43347090700101      7.28004262054010      h
   -3.75242375830783     -0.14530516426026     11.72388841161980      h
   -0.14530516426026     -3.75242375830783     11.72388841161980      h
    0.14530516426026      3.75242375830783     11.72388841161980      h
    0.43347090700101      6.27755318942762      7.28004262054010      h
    4.20438541102177      4.20438541102177      4.52843402577079      h
    3.75242375830783      0.14530516426026     11.72388841161980      h
    6.27755318942762      0.43347090700101      7.28004262054010      h
  0.00000000000000D+00  0.00000000000000D+00  0.00000000000000D+00
  0.00000000000000D+00  0.00000000000000D+00  -.10864482955177D-02
  0.00000000000000D+00  0.00000000000000D+00  0.10864482955177D-02
  0.69097122411166D-03  0.69097122411144D-03  0.56506892779851D-03
  -.69097122411277D-03  -.69097122411321D-03  0.56506892779851D-03
  0.69097122411144D-03  -.69097122411110D-03  -.56506892779851D-03
  -.69097122411321D-03  0.69097122411221D-03  -.56506892779851D-03
  0.16403153413985D-03  0.21624939686227D-03  0.34235383899262D-03
  -.14168620257982D-03  0.14168620258048D-03  0.14384004624546D-03
  -.21624939686316D-03  -.16403153413852D-03  0.34235383899262D-03
  -.34294991417294D-03  -.35065017471236D-03  -.28759678902968D-03
  0.35065017471414D-03  0.34294991417472D-03  -.28759678902968D-03
  0.21624939686227D-03  0.16403153413974D-03  0.34235383899262D-03
  0.14168620257937D-03  -.14168620257871D-03  0.14384004624546D-03
  -.16403153413863D-03  -.21624939686227D-03  0.34235383899262D-03
  -.35065017471325D-03  -.34294991417383D-03  -.28759678902968D-03
  0.34294991417472D-03  0.35065017471414D-03  -.28759678902968D-03
  -.21624939686316D-03  0.16403153413852D-03  -.34235383899262D-03
  -.34294991417294D-03  0.35065017471236D-03  0.28759678902968D-03
  0.35065017471414D-03  -.34294991417472D-03  0.28759678902968D-03
  0.16403153413985D-03  -.21624939686227D-03  -.34235383899262D-03
  -.14168620258026D-03  -.14168620257982D-03  -.14384004624546D-03
  -.16403153413863D-03  0.21624939686227D-03  -.34235383899262D-03
  -.35065017471325D-03  0.34294991417383D-03  0.28759678902968D-03
  0.34294991417472D-03  -.35065017471414D-03  0.28759678902968D-03
  0.21624939686227D-03  -.16403153413974D-03  -.34235383899262D-03
  0.14168620257937D-03  0.14168620257848D-03  -.14384004624546D-03
  0.52522354061857D-03  -.31467800886720D-03  -.59361047108064D-03
  0.55032616433870D-03  -.50373648591528D-03  -.57792006987878D-03
  0.34473928156942D-03  -.34473928157031D-03  -.51476462690658D-03
  0.50373648591595D-03  -.55032616433914D-03  -.57792006987878D-03
  0.31467800886809D-03  -.52522354061946D-03  -.59361047108064D-03
  -.55032616433914D-03  0.50373648591595D-03  -.57792006987878D-03
  -.52522354061946D-03  0.31467800886809D-03  -.59361047108064D-03
  -.34473928157031D-03  0.34473928156942D-03  -.51476462690658D-03
  -.31467800886720D-03  0.52522354061857D-03  -.59361047108064D-03
  -.50373648591528D-03  0.55032616433914D-03  -.57792006987878D-03
  -.52522354061946D-03  -.31467800886809D-03  0.59361047108064D-03
  -.34473928157031D-03  -.34473928156942D-03  0.51476462690658D-03
  -.31467800886720D-03  -.52522354061857D-03  0.59361047108064D-03
  -.50373648591528D-03  -.55032616433914D-03  0.57792006987878D-03
  -.55032616433914D-03  -.50373648591595D-03  0.57792006987878D-03
  0.55032616433870D-03  0.50373648591528D-03  0.57792006987878D-03
  0.52522354061857D-03  0.31467800886720D-03  0.59361047108064D-03
  0.34473928156942D-03  0.34473928157031D-03  0.51476462690658D-03
  0.50373648591595D-03  0.55032616433914D-03  0.57792006987878D-03
  0.31467800886809D-03  0.52522354061946D-03  0.59361047108064D-03
  cycle =     13    SCF energy =    -3966.0797263970   |dE/dxyz| =  0.007425
    0.00000000000000      0.00000000000000      0.00000000000000      mo
    0.00000000000000      0.00000000000000     -6.42057926464512      gd
    0.00000000000000      0.00000000000000      6.42057926464512      gd
    2.46770774627598      2.46770774627598     -2.48615513556922      s
   -2.46770774627598     -2.46770774627598     -2.48615513556922      s
    2.46770774627598     -2.46770774627598      2.48615513556922      s
   -2.46770774627598      2.46770774627598      2.48615513556922      s
    4.68037959453931     -1.60689697822620     -7.84879606895429      c
    3.60618898753931     -3.60618898753931     -6.40686649045042      c
    1.60689697822620     -4.68037959453931     -7.84879606895429      c
    1.44770968268868     -3.34692046956993    -10.17305615372705      c
    3.34692046956993     -1.44770968268868    -10.17305615372705      c
   -1.60689697822620      4.68037959453931     -7.84879606895429      c
   -3.60618898753931      3.60618898753931     -6.40686649045042      c
   -4.68037959453931      1.60689697822620     -7.84879606895429      c
   -3.34692046956993      1.44770968268868    -10.17305615372705      c
   -1.44770968268868      3.34692046956993    -10.17305615372705      c
    1.60689697822620      4.68037959453931      7.84879606895429      c
    1.44770968268868      3.34692046956993     10.17305615372705      c
    3.34692046956993      1.44770968268868     10.17305615372705      c
    4.68037959453931      1.60689697822620      7.84879606895429      c
    3.60618898753931      3.60618898753931      6.40686649045042      c
   -4.68037959453931     -1.60689697822620      7.84879606895429      c
   -3.34692046956993     -1.44770968268868     10.17305615372705      c
   -1.44770968268868     -3.34692046956993     10.17305615372705      c
   -1.60689697822620     -4.68037959453931      7.84879606895429      c
   -3.60618898753931     -3.60618898753931      6.40686649045042      c
    0.42833686304943     -6.27244459145832     -7.27675688094950      h
    0.13988561199451     -3.74745736029845    -11.72069573339270      h
    4.19968970656983     -4.19968970656983     -4.52489648145280      h
    3.74745736029845     -0.13988561199451    -11.72069573339270      h
    6.27244459145832     -0.42833686304943     -7.27675688094950      h
   -0.13988561199451      3.74745736029845    -11.72069573339270      h
   -0.42833686304943      6.27244459145832     -7.27675688094950      h
   -4.19968970656983      4.19968970656983     -4.52489648145280      h
   -6.27244459145832      0.42833686304943     -7.27675688094950      h
   -3.74745736029845      0.13988561199451    -11.72069573339270      h
   -0.42833686304943     -6.27244459145832      7.27675688094950      h
   -4.19968970656983     -4.19968970656983      4.52489648145280      h
   -6.27244459145832     -0.42833686304943      7.27675688094950      h
   -3.74745736029845     -0.13988561199451     11.72069573339270      h
   -0.13988561199451     -3.74745736029845     11.72069573339270      h
    0.13988561199451      3.74745736029845     11.72069573339270      h
    0.42833686304943      6.27244459145832      7.27675688094950      h
    4.19968970656983      4.19968970656983      4.52489648145280      h
    3.74745736029845      0.13988561199451     11.72069573339270      h
    6.27244459145832      0.42833686304943      7.27675688094950      h
  0.00000000000000D+00  0.00000000000000D+00  0.00000000000000D+00
  0.00000000000000D+00  0.00000000000000D+00  -.13605429205876D-02
  0.00000000000000D+00  0.00000000000000D+00  0.13605429205876D-02
  0.10435572647883D-02  0.10435572647900D-02  0.57465436677573D-03
  -.10435572647894D-02  -.10435572647900D-02  0.57465436677573D-03
  0.10435572647900D-02  -.10435572647896D-02  -.57465436677573D-03
  -.10435572647918D-02  0.10435572647907D-02  -.57465436677573D-03
  0.78727612023111D-03  0.22086581964942D-03  0.80421349826931D-03
  0.13499746748558D-03  -.13499746748535D-03  0.59492455332943D-03
  -.22086581964942D-03  -.78727612022977D-03  0.80421349826931D-03
  -.78128347697248D-03  -.55908991495457D-03  -.20453863760039D-03
  0.55908991495723D-03  0.78128347697248D-03  -.20453863760039D-03
  0.22086581964942D-03  0.78727612023100D-03  0.80421349826931D-03
  -.13499746748602D-03  0.13499746748713D-03  0.59492455332943D-03
  -.78727612022989D-03  -.22086581964853D-03  0.80421349826931D-03
  -.55908991495546D-03  -.78128347697159D-03  -.20453863760039D-03
  0.78128347697248D-03  0.55908991495635D-03  -.20453863760039D-03
  -.22086581964942D-03  0.78727612022977D-03  -.80421349826931D-03
  -.78128347697248D-03  0.55908991495457D-03  0.20453863760039D-03
  0.55908991495723D-03  -.78128347697248D-03  0.20453863760039D-03
  0.78727612023111D-03  -.22086581964942D-03  -.80421349826931D-03
  0.13499746748558D-03  0.13499746748513D-03  -.59492455332943D-03
  -.78727612022989D-03  0.22086581964853D-03  -.80421349826931D-03
  -.55908991495546D-03  0.78128347697159D-03  0.20453863760039D-03
  0.78128347697248D-03  -.55908991495635D-03  0.20453863760039D-03
  0.22086581964942D-03  -.78727612023100D-03  -.80421349826931D-03
  -.13499746748602D-03  -.13499746748735D-03  -.59492455332943D-03
  0.60947434539926D-03  0.77015237959444D-04  -.76772819028348D-03
  0.34650203133735D-03  -.53131677417517D-03  -.90925438012235D-03
  0.62834036002712D-04  -.62834036003712D-04  -.99923598611973D-03
  0.53131677417584D-03  -.34650203133779D-03  -.90925438012235D-03
  -.77015237958555D-04  -.60947434540015D-03  -.76772819028348D-03
  -.34650203133779D-03  0.53131677417584D-03  -.90925438012235D-03
  -.60947434540015D-03  -.77015237958555D-04  -.76772819028348D-03
  -.62834036003601D-04  0.62834036002934D-04  -.99923598611973D-03
  0.77015237959444D-04  0.60947434539926D-03  -.76772819028348D-03
  -.53131677417517D-03  0.34650203133735D-03  -.90925438012235D-03
  -.60947434540015D-03  0.77015237958555D-04  0.76772819028348D-03
  -.62834036003601D-04  -.62834036002490D-04  0.99923598611973D-03
  0.77015237959444D-04  -.60947434539926D-03  0.76772819028348D-03
  -.53131677417517D-03  -.34650203133735D-03  0.90925438012235D-03
  -.34650203133779D-03  -.53131677417584D-03  0.90925438012235D-03
  0.34650203133735D-03  0.53131677417517D-03  0.90925438012235D-03
  0.60947434539926D-03  -.77015237959444D-04  0.76772819028348D-03
  0.62834036002823D-04  0.62834036003823D-04  0.99923598611973D-03
  0.53131677417584D-03  0.34650203133779D-03  0.90925438012235D-03
  -.77015237958555D-04  0.60947434540015D-03  0.76772819028348D-03
  cycle =     14    SCF energy =    -3966.0800022420   |dE/dxyz| =  0.007134
    0.00000000000000      0.00000000000000      0.00000000000000      mo
    0.00000000000000      0.00000000000000     -6.40358500348398      gd
    0.00000000000000      0.00000000000000      6.40358500348398      gd
    2.46973353749989      2.46973353749989     -2.48122406255578      s
   -2.46973353749989     -2.46973353749989     -2.48122406255578      s
    2.46973353749989     -2.46973353749989      2.48122406255578      s
   -2.46973353749989      2.46973353749989      2.48122406255578      s
    4.67766885951246     -1.60396030286187     -7.84332226318782      c
    3.60600832947024     -3.60600832947024     -6.40266142186904      c
    1.60396030286187     -4.67766885951246     -7.84332226318782      c
    1.43831302809859     -3.33746910974480    -10.16310007103120      c
    3.33746910974480     -1.43831302809859    -10.16310007103120      c
   -1.60396030286187      4.67766885951246     -7.84332226318782      c
   -3.60600832947024      3.60600832947024     -6.40266142186904      c
   -4.67766885951246      1.60396030286187     -7.84332226318782      c
   -3.33746910974480      1.43831302809859    -10.16310007103120      c
   -1.43831302809859      3.33746910974480    -10.16310007103120      c
    1.60396030286187      4.67766885951246      7.84332226318782      c
    1.43831302809859      3.33746910974480     10.16310007103120      c
    3.33746910974480      1.43831302809859     10.16310007103120      c
    4.67766885951246      1.60396030286187      7.84332226318782      c
    3.60600832947024      3.60600832947024      6.40266142186904      c
   -4.67766885951246     -1.60396030286187      7.84332226318782      c
   -3.33746910974480     -1.43831302809859     10.16310007103120      c
   -1.43831302809859     -3.33746910974480     10.16310007103120      c
   -1.60396030286187     -4.67766885951246      7.84332226318782      c
   -3.60600832947024     -3.60600832947024      6.40266142186904      c
    0.41368905711561     -6.25832949756264     -7.26501010887214      h
    0.12430425992297     -3.73198461258254    -11.70757705618405      h
    4.18720943209063     -4.18720943209063     -4.51282695303829      h
    3.73198461258254     -0.12430425992297    -11.70757705618405      h
    6.25832949756264     -0.41368905711561     -7.26501010887214      h
   -0.12430425992297      3.73198461258254    -11.70757705618405      h
   -0.41368905711561      6.25832949756264     -7.26501010887214      h
   -4.18720943209063      4.18720943209063     -4.51282695303829      h
   -6.25832949756264      0.41368905711561     -7.26501010887214      h
   -3.73198461258254      0.12430425992297    -11.70757705618405      h
   -0.41368905711561     -6.25832949756264      7.26501010887214      h
   -4.18720943209063     -4.18720943209063      4.51282695303829      h
   -6.25832949756264     -0.41368905711561      7.26501010887214      h
   -3.73198461258254     -0.12430425992297     11.70757705618405      h
   -0.12430425992297     -3.73198461258254     11.70757705618405      h
    0.12430425992297      3.73198461258254     11.70757705618405      h
    0.41368905711561      6.25832949756264      7.26501010887214      h
    4.18720943209063      4.18720943209063      4.51282695303829      h
    3.73198461258254      0.12430425992297     11.70757705618405      h
    6.25832949756264      0.41368905711561      7.26501010887214      h
  0.00000000000000D+00  0.00000000000000D+00  0.00000000000000D+00
  0.00000000000000D+00  0.00000000000000D+00  -.26761221032112D-03
  0.00000000000000D+00  0.00000000000000D+00  0.26761221032112D-03
  0.95244211294598D-03  0.95244211294521D-03  0.37944989874950D-03
  -.95244211294709D-03  -.95244211294698D-03  0.37944989874950D-03
  0.95244211294521D-03  -.95244211294543D-03  -.37944989874950D-03
  -.95244211294698D-03  0.95244211294654D-03  -.37944989874950D-03
  0.12912478429478D-02  -.11164231766614D-04  0.49002044136337D-03
  0.49575784853184D-03  -.49575784853162D-03  0.40970495045300D-03
  0.11164231766614D-04  -.12912478429464D-02  0.49002044136337D-03
  -.75642225418182D-03  -.40420169637656D-03  -.65584289488108D-06
  0.40420169637922D-03  0.75642225418271D-03  -.65584289488108D-06
  -.11164231766614D-04  0.12912478429481D-02  0.49002044136337D-03
  -.49575784853229D-03  0.49575784853295D-03  0.40970495045300D-03
  -.12912478429461D-02  0.11164231767502D-04  0.49002044136337D-03
  -.40420169637745D-03  -.75642225418182D-03  -.65584289488108D-06
  0.75642225418271D-03  0.40420169637922D-03  -.65584289488108D-06
  0.11164231766614D-04  0.12912478429464D-02  -.49002044136337D-03
  -.75642225418182D-03  0.40420169637656D-03  0.65584289488108D-06
  0.40420169637922D-03  -.75642225418271D-03  0.65584289488108D-06
  0.12912478429478D-02  0.11164231766614D-04  -.49002044136337D-03
  0.49575784853140D-03  0.49575784853184D-03  -.40970495045300D-03
  -.12912478429461D-02  -.11164231767502D-04  -.49002044136337D-03
  -.40420169637745D-03  0.75642225418182D-03  0.65584289488108D-06
  0.75642225418271D-03  -.40420169637922D-03  0.65584289488108D-06
  -.11164231766614D-04  -.12912478429481D-02  -.49002044136337D-03
  -.49575784853229D-03  -.49575784853317D-03  -.40970495045300D-03
  0.40517520637140D-03  0.42499233141768D-03  -.67137691528463D-03
  0.18668457355364D-03  -.49336323410598D-03  -.98378479087735D-03
  -.24484512560985D-03  0.24484512560929D-03  -.76278094663440D-03
  0.49336323410665D-03  -.18668457355409D-03  -.98378479087735D-03
  -.42499233141680D-03  -.40517520637229D-03  -.67137691528463D-03
  -.18668457355409D-03  0.49336323410665D-03  -.98378479087735D-03
  -.40517520637229D-03  -.42499233141680D-03  -.67137691528463D-03
  0.24484512560941D-03  -.24484512560963D-03  -.76278094663440D-03
  0.42499233141768D-03  0.40517520637140D-03  -.67137691528463D-03
  -.49336323410598D-03  0.18668457355364D-03  -.98378479087735D-03
  -.40517520637229D-03  0.42499233141680D-03  0.67137691528463D-03
  0.24484512560941D-03  0.24484512560963D-03  0.76278094663440D-03
  0.42499233141768D-03  -.40517520637140D-03  0.67137691528463D-03
  -.49336323410598D-03  -.18668457355364D-03  0.98378479087735D-03
  -.18668457355409D-03  -.49336323410665D-03  0.98378479087735D-03
  0.18668457355364D-03  0.49336323410598D-03  0.98378479087735D-03
  0.40517520637140D-03  -.42499233141768D-03  0.67137691528463D-03
  -.24484512560974D-03  -.24484512560918D-03  0.76278094663440D-03
  0.49336323410665D-03  0.18668457355409D-03  0.98378479087735D-03
  -.42499233141680D-03  0.40517520637229D-03  0.67137691528463D-03
$end
