$optinfo
 gdiistep   on
 trostep    off
 calchess   off
 iteration  14
 ndiis       6
 itrvec      0
 tradius    2.323790007724E-01
 actrad     3.414178223677E-02
 energyo   -3.966080002242E+03
 predengy  -1.062984333495E-04
 trnvec
  0.000000000000D+00  0.000000000000D+00  0.000000000000D+00
  0.000000000000D+00  0.000000000000D+00  0.000000000000D+00
  0.000000000000D+00  0.000000000000D+00  0.000000000000D+00
  0.000000000000D+00  0.000000000000D+00  0.000000000000D+00
  0.000000000000D+00  0.000000000000D+00  0.000000000000D+00
  0.000000000000D+00  0.000000000000D+00  0.000000000000D+00
  0.000000000000D+00  0.000000000000D+00  0.000000000000D+00
  0.000000000000D+00  0.000000000000D+00  0.000000000000D+00
  0.000000000000D+00  0.000000000000D+00  0.000000000000D+00
  0.000000000000D+00  0.000000000000D+00  0.000000000000D+00
  0.000000000000D+00  0.000000000000D+00  0.000000000000D+00
  0.000000000000D+00  0.000000000000D+00  0.000000000000D+00
  0.000000000000D+00  0.000000000000D+00  0.000000000000D+00
  0.000000000000D+00  0.000000000000D+00  0.000000000000D+00
  0.000000000000D+00  0.000000000000D+00  0.000000000000D+00
  0.000000000000D+00  0.000000000000D+00  0.000000000000D+00
  0.000000000000D+00  0.000000000000D+00  0.000000000000D+00
  0.000000000000D+00  0.000000000000D+00  0.000000000000D+00
  0.000000000000D+00  0.000000000000D+00  0.000000000000D+00
  0.000000000000D+00  0.000000000000D+00  0.000000000000D+00
  0.000000000000D+00  0.000000000000D+00  0.000000000000D+00
  0.000000000000D+00  0.000000000000D+00  0.000000000000D+00
  0.000000000000D+00  0.000000000000D+00  0.000000000000D+00
  0.000000000000D+00  0.000000000000D+00  0.000000000000D+00
  0.000000000000D+00  0.000000000000D+00  0.000000000000D+00
  0.000000000000D+00  0.000000000000D+00  0.000000000000D+00
  0.000000000000D+00  0.000000000000D+00  0.000000000000D+00
  0.000000000000D+00  0.000000000000D+00  0.000000000000D+00
  0.000000000000D+00  0.000000000000D+00  0.000000000000D+00
  0.000000000000D+00  0.000000000000D+00  0.000000000000D+00
  0.000000000000D+00  0.000000000000D+00  0.000000000000D+00
  0.000000000000D+00  0.000000000000D+00  0.000000000000D+00
  0.000000000000D+00  0.000000000000D+00  0.000000000000D+00
  0.000000000000D+00  0.000000000000D+00  0.000000000000D+00
  0.000000000000D+00  0.000000000000D+00  0.000000000000D+00
  0.000000000000D+00  0.000000000000D+00  0.000000000000D+00
  0.000000000000D+00  0.000000000000D+00  0.000000000000D+00
  0.000000000000D+00  0.000000000000D+00  0.000000000000D+00
  0.000000000000D+00  0.000000000000D+00  0.000000000000D+00
  0.000000000000D+00  0.000000000000D+00  0.000000000000D+00
  0.000000000000D+00  0.000000000000D+00  0.000000000000D+00
  0.000000000000D+00  0.000000000000D+00  0.000000000000D+00
  0.000000000000D+00  0.000000000000D+00  0.000000000000D+00
  0.000000000000D+00  0.000000000000D+00  0.000000000000D+00
  0.000000000000D+00  0.000000000000D+00  0.000000000000D+00
  0.000000000000D+00  0.000000000000D+00  0.000000000000D+00
  0.000000000000D+00  0.000000000000D+00  0.000000000000D+00
 displ
  0.758629398758D-15 -0.346606859278D-15 -0.235931577448D-15
  0.423218512360D-15 -0.450992903892D-15  0.329152664474D-01
  0.808321725937D-15 -0.838458335148D-15 -0.329152664474D-01
  0.210926231109D-02  0.210926231111D-02  0.152663637850D-01
 -0.210926231109D-02 -0.210926231109D-02  0.152663637850D-01
  0.210926231112D-02 -0.210926231111D-02 -0.152663637850D-01
 -0.210926231111D-02  0.210926231111D-02 -0.152663637850D-01
 -0.106780194546D-01  0.963105890529D-02  0.120991994099D-01
 -0.494746442588D-02  0.494746442587D-02  0.937409181515D-02
 -0.963105890529D-02  0.106780194546D-01  0.120991994099D-01
 -0.168957957752D-01  0.195561369381D-01  0.182993148730D-01
 -0.195561369381D-01  0.168957957752D-01  0.182993148730D-01
  0.963105890529D-02 -0.106780194546D-01  0.120991994099D-01
  0.494746442587D-02 -0.494746442586D-02  0.937409181516D-02
  0.106780194546D-01 -0.963105890529D-02  0.120991994100D-01
  0.195561369381D-01 -0.168957957752D-01  0.182993148730D-01
  0.168957957752D-01 -0.195561369381D-01  0.182993148730D-01
 -0.963105890529D-02 -0.106780194546D-01 -0.120991994100D-01
 -0.168957957752D-01 -0.195561369381D-01 -0.182993148730D-01
 -0.195561369381D-01 -0.168957957752D-01 -0.182993148730D-01
 -0.106780194546D-01 -0.963105890529D-02 -0.120991994100D-01
 -0.494746442587D-02 -0.494746442588D-02 -0.937409181515D-02
  0.106780194546D-01  0.963105890529D-02 -0.120991994100D-01
  0.195561369381D-01  0.168957957752D-01 -0.182993148730D-01
  0.168957957752D-01  0.195561369381D-01 -0.182993148730D-01
  0.963105890529D-02  0.106780194546D-01 -0.120991994099D-01
  0.494746442587D-02  0.494746442587D-02 -0.937409181515D-02
 -0.263307802284D-01  0.250142388005D-01  0.218741544631D-01
 -0.280382959967D-01  0.298959045601D-01  0.271895031887D-01
 -0.215557389840D-01  0.215557389840D-01  0.221470895489D-01
 -0.298959045601D-01  0.280382959967D-01  0.271895031887D-01
 -0.250142388005D-01  0.263307802284D-01  0.218741544632D-01
  0.280382959967D-01 -0.298959045601D-01  0.271895031887D-01
  0.263307802284D-01 -0.250142388005D-01  0.218741544632D-01
  0.215557389840D-01 -0.215557389840D-01  0.221470895489D-01
  0.250142388005D-01 -0.263307802284D-01  0.218741544632D-01
  0.298959045601D-01 -0.280382959967D-01  0.271895031887D-01
  0.263307802284D-01  0.250142388005D-01 -0.218741544632D-01
  0.215557389840D-01  0.215557389840D-01 -0.221470895489D-01
  0.250142388005D-01  0.263307802284D-01 -0.218741544632D-01
  0.298959045601D-01  0.280382959967D-01 -0.271895031887D-01
  0.280382959967D-01  0.298959045601D-01 -0.271895031887D-01
 -0.280382959967D-01 -0.298959045601D-01 -0.271895031887D-01
 -0.263307802284D-01 -0.250142388005D-01 -0.218741544632D-01
 -0.215557389840D-01 -0.215557389840D-01 -0.221470895489D-01
 -0.298959045601D-01 -0.280382959967D-01 -0.271895031887D-01
 -0.250142388005D-01 -0.263307802284D-01 -0.218741544632D-01
 dxyz
 -0.369778549322D-31  0.000000000000D+00  0.000000000000D+00
  0.000000000000D+00  0.616297582204D-32  0.329152664474D-01
 -0.123259516441D-31 -0.123259516441D-31 -0.329152664474D-01
  0.210926231110D-02  0.210926231110D-02  0.152663637850D-01
 -0.210926231110D-02 -0.210926231110D-02  0.152663637850D-01
  0.210926231110D-02 -0.210926231110D-02 -0.152663637850D-01
 -0.210926231110D-02  0.210926231110D-02 -0.152663637850D-01
 -0.106780194546D-01  0.963105890529D-02  0.120991994099D-01
 -0.494746442587D-02  0.494746442587D-02  0.937409181515D-02
 -0.963105890529D-02  0.106780194546D-01  0.120991994099D-01
 -0.168957957752D-01  0.195561369381D-01  0.182993148730D-01
 -0.195561369381D-01  0.168957957752D-01  0.182993148730D-01
  0.963105890529D-02 -0.106780194546D-01  0.120991994099D-01
  0.494746442587D-02 -0.494746442587D-02  0.937409181515D-02
  0.106780194546D-01 -0.963105890529D-02  0.120991994099D-01
  0.195561369381D-01 -0.168957957752D-01  0.182993148730D-01
  0.168957957752D-01 -0.195561369381D-01  0.182993148730D-01
 -0.963105890529D-02 -0.106780194546D-01 -0.120991994099D-01
 -0.168957957752D-01 -0.195561369381D-01 -0.182993148730D-01
 -0.195561369381D-01 -0.168957957752D-01 -0.182993148730D-01
 -0.106780194546D-01 -0.963105890529D-02 -0.120991994099D-01
 -0.494746442587D-02 -0.494746442587D-02 -0.937409181515D-02
  0.106780194546D-01  0.963105890529D-02 -0.120991994099D-01
  0.195561369381D-01  0.168957957752D-01 -0.182993148730D-01
  0.168957957752D-01  0.195561369381D-01 -0.182993148730D-01
  0.963105890529D-02  0.106780194546D-01 -0.120991994099D-01
  0.494746442587D-02  0.494746442587D-02 -0.937409181515D-02
 -0.263307802284D-01  0.250142388005D-01  0.218741544632D-01
 -0.280382959967D-01  0.298959045601D-01  0.271895031887D-01
 -0.215557389840D-01  0.215557389840D-01  0.221470895489D-01
 -0.298959045601D-01  0.280382959967D-01  0.271895031887D-01
 -0.250142388005D-01  0.263307802284D-01  0.218741544632D-01
  0.280382959967D-01 -0.298959045601D-01  0.271895031887D-01
  0.263307802284D-01 -0.250142388005D-01  0.218741544632D-01
  0.215557389840D-01 -0.215557389840D-01  0.221470895489D-01
  0.250142388005D-01 -0.263307802284D-01  0.218741544632D-01
  0.298959045601D-01 -0.280382959967D-01  0.271895031887D-01
  0.263307802284D-01  0.250142388005D-01 -0.218741544632D-01
  0.215557389840D-01  0.215557389840D-01 -0.221470895489D-01
  0.250142388005D-01  0.263307802284D-01 -0.218741544632D-01
  0.298959045601D-01  0.280382959967D-01 -0.271895031887D-01
  0.280382959967D-01  0.298959045601D-01 -0.271895031887D-01
 -0.280382959967D-01 -0.298959045601D-01 -0.271895031887D-01
 -0.263307802284D-01 -0.250142388005D-01 -0.218741544632D-01
 -0.215557389840D-01 -0.215557389840D-01 -0.221470895489D-01
 -0.298959045601D-01 -0.280382959967D-01 -0.271895031887D-01
 -0.250142388005D-01 -0.263307802284D-01 -0.218741544632D-01
 grado
  0.000000000000D+00  0.000000000000D+00  0.000000000000D+00
  0.000000000000D+00  0.000000000000D+00 -0.267612210321D-03
  0.000000000000D+00  0.000000000000D+00  0.267612210321D-03
  0.952442112946D-03  0.952442112945D-03  0.379449898750D-03
 -0.952442112947D-03 -0.952442112947D-03  0.379449898750D-03
  0.952442112945D-03 -0.952442112945D-03 -0.379449898750D-03
 -0.952442112947D-03  0.952442112947D-03 -0.379449898750D-03
  0.129124784295D-02 -0.111642317666D-04  0.490020441363D-03
  0.495757848532D-03 -0.495757848532D-03  0.409704950453D-03
  0.111642317666D-04 -0.129124784295D-02  0.490020441363D-03
 -0.756422254182D-03 -0.404201696377D-03 -0.655842894881D-06
  0.404201696379D-03  0.756422254183D-03 -0.655842894881D-06
 -0.111642317666D-04  0.129124784295D-02  0.490020441363D-03
 -0.495757848532D-03  0.495757848533D-03  0.409704950453D-03
 -0.129124784295D-02  0.111642317675D-04  0.490020441363D-03
 -0.404201696377D-03 -0.756422254182D-03 -0.655842894881D-06
  0.756422254183D-03  0.404201696379D-03 -0.655842894881D-06
  0.111642317666D-04  0.129124784295D-02 -0.490020441363D-03
 -0.756422254182D-03  0.404201696377D-03  0.655842894881D-06
  0.404201696379D-03 -0.756422254183D-03  0.655842894881D-06
  0.129124784295D-02  0.111642317666D-04 -0.490020441363D-03
  0.495757848531D-03  0.495757848532D-03 -0.409704950453D-03
 -0.129124784295D-02 -0.111642317675D-04 -0.490020441363D-03
 -0.404201696377D-03  0.756422254182D-03  0.655842894881D-06
  0.756422254183D-03 -0.404201696379D-03  0.655842894881D-06
 -0.111642317666D-04 -0.129124784295D-02 -0.490020441363D-03
 -0.495757848532D-03 -0.495757848533D-03 -0.409704950453D-03
  0.405175206371D-03  0.424992331418D-03 -0.671376915285D-03
  0.186684573554D-03 -0.493363234106D-03 -0.983784790877D-03
 -0.244845125610D-03  0.244845125609D-03 -0.762780946634D-03
  0.493363234107D-03 -0.186684573554D-03 -0.983784790877D-03
 -0.424992331417D-03 -0.405175206372D-03 -0.671376915285D-03
 -0.186684573554D-03  0.493363234107D-03 -0.983784790877D-03
 -0.405175206372D-03 -0.424992331417D-03 -0.671376915285D-03
  0.244845125609D-03 -0.244845125610D-03 -0.762780946634D-03
  0.424992331418D-03  0.405175206371D-03 -0.671376915285D-03
 -0.493363234106D-03  0.186684573554D-03 -0.983784790877D-03
 -0.405175206372D-03  0.424992331417D-03  0.671376915285D-03
  0.244845125609D-03  0.244845125610D-03  0.762780946634D-03
  0.424992331418D-03 -0.405175206371D-03  0.671376915285D-03
 -0.493363234106D-03 -0.186684573554D-03  0.983784790877D-03
 -0.186684573554D-03 -0.493363234107D-03  0.983784790877D-03
  0.186684573554D-03  0.493363234106D-03  0.983784790877D-03
  0.405175206371D-03 -0.424992331418D-03  0.671376915285D-03
 -0.244845125610D-03 -0.244845125609D-03  0.762780946634D-03
  0.493363234107D-03  0.186684573554D-03  0.983784790877D-03
 -0.424992331417D-03  0.405175206372D-03  0.671376915285D-03
$end
