$dipgrad          cartesian dipole gradients
  0.75108755198256D+00  0.23016680385625D-15  0.93182094527446D-17
  0.25656289159154D-15  0.75108755198257D+00  -.29293787447843D-16
  -.12578439266726D-17  -.16484108186516D-16  0.22059033843152D+01
  0.10056042411190D+01  -.64952070831787D+00  0.44027075029791D-16
  -.64952070831788D+00  0.10056042411189D+01  -.43149043786996D-15
  0.23362829870739D-16  -.75864921785884D-16  0.26682016311297D+01
  0.10056042411189D+01  0.64952070831782D+00  -.16128354348669D-15
  0.64952070831786D+00  0.10056042411190D+01  0.12705494208815D-18
  -.10057457457461D-15  -.44077053476272D-16  0.26682016311297D+01
  -.45814742147939D+00  -.29908099448994D+00  0.40703969406143D+00
  -.29908099448992D+00  -.45814742147940D+00  0.40703969406143D+00
  0.21588602213892D+00  0.21588602213893D+00  -.15908813622464D+01
  -.45814742147939D+00  -.29908099448992D+00  -.40703969406143D+00
  -.29908099448993D+00  -.45814742147940D+00  -.40703969406143D+00
  -.21588602213892D+00  -.21588602213893D+00  -.15908813622464D+01
  -.45814742147941D+00  0.29908099448992D+00  -.40703969406143D+00
  0.29908099448992D+00  -.45814742147941D+00  0.40703969406143D+00
  -.21588602213892D+00  0.21588602213893D+00  -.15908813622464D+01
  -.45814742147941D+00  0.29908099448993D+00  0.40703969406143D+00
  0.29908099448992D+00  -.45814742147942D+00  -.40703969406143D+00
  0.21588602213893D+00  -.21588602213893D+00  -.15908813622464D+01
  -.16841041853686D+00  0.70051134332748D-01  0.18281248260339D+00
  0.11379337093750D+00  -.15964033470754D+00  -.16997133534018D+00
  0.95831987399829D-01  -.14168133449681D+00  -.11950278840388D+00
  -.19064161504853D+00  0.19462053278806D+00  0.12504800376536D+00
  0.19462053278804D+00  -.19064161504853D+00  -.12504800376536D+00
  0.52910660485528D-01  -.52910660485524D-01  -.26924908170152D+00
  -.15964033470754D+00  0.11379337093751D+00  0.16997133534018D+00
  0.70051134332749D-01  -.16841041853686D+00  -.18281248260339D+00
  0.14168133449682D+00  -.95831987399822D-01  -.11950278840388D+00
  -.15851587786945D+00  0.15244790260015D+00  0.11451352137677D+00
  0.15839707387110D+00  -.15849587037528D+00  -.23997147025010D+00
  0.63998493736685D-01  -.11712096325559D+00  -.10895572508746D+00
  -.15849587037528D+00  0.15839707387109D+00  0.23997147025010D+00
  0.15244790260015D+00  -.15851587786945D+00  -.11451352137677D+00
  0.11712096325559D+00  -.63998493736678D-01  -.10895572508746D+00
  -.15964033470754D+00  0.11379337093752D+00  -.16997133534018D+00
  0.70051134332753D-01  -.16841041853685D+00  0.18281248260339D+00
  -.14168133449681D+00  0.95831987399826D-01  -.11950278840387D+00
  -.19064161504852D+00  0.19462053278806D+00  -.12504800376536D+00
  0.19462053278806D+00  -.19064161504853D+00  0.12504800376536D+00
  -.52910660485528D-01  0.52910660485526D-01  -.26924908170152D+00
  -.16841041853686D+00  0.70051134332757D-01  -.18281248260338D+00
  0.11379337093751D+00  -.15964033470754D+00  0.16997133534018D+00
  -.95831987399817D-01  0.14168133449681D+00  -.11950278840388D+00
  -.15849587037528D+00  0.15839707387110D+00  -.23997147025010D+00
  0.15244790260016D+00  -.15851587786946D+00  0.11451352137677D+00
  -.11712096325559D+00  0.63998493736682D-01  -.10895572508746D+00
  -.15851587786945D+00  0.15244790260016D+00  -.11451352137677D+00
  0.15839707387110D+00  -.15849587037528D+00  0.23997147025010D+00
  -.63998493736685D-01  0.11712096325559D+00  -.10895572508746D+00
  -.15964033470754D+00  -.11379337093751D+00  -.16997133534018D+00
  -.70051134332751D-01  -.16841041853686D+00  -.18281248260339D+00
  -.14168133449681D+00  -.95831987399829D-01  -.11950278840388D+00
  -.15851587786946D+00  -.15244790260016D+00  -.11451352137676D+00
  -.15839707387110D+00  -.15849587037528D+00  -.23997147025010D+00
  -.63998493736683D-01  -.11712096325558D+00  -.10895572508746D+00
  -.15849587037528D+00  -.15839707387110D+00  -.23997147025010D+00
  -.15244790260017D+00  -.15851587786945D+00  -.11451352137677D+00
  -.11712096325559D+00  -.63998493736682D-01  -.10895572508746D+00
  -.16841041853686D+00  -.70051134332753D-01  -.18281248260339D+00
  -.11379337093750D+00  -.15964033470753D+00  -.16997133534018D+00
  -.95831987399830D-01  -.14168133449681D+00  -.11950278840388D+00
  -.19064161504852D+00  -.19462053278805D+00  -.12504800376536D+00
  -.19462053278805D+00  -.19064161504852D+00  -.12504800376536D+00
  -.52910660485524D-01  -.52910660485525D-01  -.26924908170152D+00
  -.16841041853686D+00  -.70051134332756D-01  0.18281248260338D+00
  -.11379337093751D+00  -.15964033470753D+00  0.16997133534018D+00
  0.95831987399824D-01  0.14168133449682D+00  -.11950278840388D+00
  -.15849587037528D+00  -.15839707387110D+00  0.23997147025010D+00
  -.15244790260015D+00  -.15851587786946D+00  0.11451352137677D+00
  0.11712096325558D+00  0.63998493736686D-01  -.10895572508746D+00
  -.15851587786945D+00  -.15244790260014D+00  0.11451352137677D+00
  -.15839707387110D+00  -.15849587037528D+00  0.23997147025010D+00
  0.63998493736686D-01  0.11712096325558D+00  -.10895572508746D+00
  -.15964033470754D+00  -.11379337093752D+00  0.16997133534018D+00
  -.70051134332755D-01  -.16841041853686D+00  0.18281248260339D+00
  0.14168133449682D+00  0.95831987399830D-01  -.11950278840388D+00
  -.19064161504853D+00  -.19462053278806D+00  0.12504800376536D+00
  -.19462053278805D+00  -.19064161504852D+00  0.12504800376536D+00
  0.52910660485524D-01  0.52910660485525D-01  -.26924908170152D+00
  0.58090545017354D-01  -.10202626418743D+00  -.23151993211888D-01
  -.69612085374451D-01  0.45906895336951D-01  0.89014699441451D-01
  -.28137974844069D-02  0.69794763056478D-01  0.90734222862948D-01
  0.40520354588759D-01  -.65860885339476D-01  -.14264543988995D+00
  -.53679126639561D-01  0.10440704502884D+00  0.28278945526103D-01
  -.85377837520185D-01  0.46208062761763D-03  -.67816668646267D-02
  0.10435268948976D+00  -.52361157849545D-01  -.81308626096429D-01
  -.52361157849544D-01  0.10435268948977D+00  0.81308626096429D-01
  -.63076712643674D-01  0.63076712643670D-01  0.13565697292801D-01
  0.10440704502884D+00  -.53679126639563D-01  -.28278945526102D-01
  -.65860885339476D-01  0.40520354588758D-01  0.14264543988995D+00
  -.46208062761519D-03  0.85377837520183D-01  -.67816668646271D-02
  0.45906895336953D-01  -.69612085374451D-01  -.89014699441452D-01
  -.10202626418743D+00  0.58090545017355D-01  0.23151993211890D-01
  -.69794763056474D-01  0.28137974844069D-02  0.90734222862948D-01
  0.40520354588760D-01  -.65860885339476D-01  0.14264543988995D+00
  -.53679126639561D-01  0.10440704502884D+00  -.28278945526102D-01
  0.85377837520185D-01  -.46208062761466D-03  -.67816668646267D-02
  0.58090545017353D-01  -.10202626418744D+00  0.23151993211890D-01
  -.69612085374452D-01  0.45906895336952D-01  -.89014699441451D-01
  0.28137974844069D-02  -.69794763056475D-01  0.90734222862948D-01
  0.10435268948976D+00  -.52361157849544D-01  0.81308626096429D-01
  -.52361157849543D-01  0.10435268948977D+00  -.81308626096429D-01
  0.63076712643676D-01  -.63076712643676D-01  0.13565697292797D-01
  0.45906895336954D-01  -.69612085374451D-01  0.89014699441451D-01
  -.10202626418744D+00  0.58090545017356D-01  -.23151993211889D-01
  0.69794763056478D-01  -.28137974844069D-02  0.90734222862948D-01
  0.10440704502884D+00  -.53679126639563D-01  0.28278945526102D-01
  -.65860885339477D-01  0.40520354588759D-01  -.14264543988995D+00
  0.46208062761819D-03  -.85377837520183D-01  -.67816668646262D-02
  0.58090545017350D-01  0.10202626418744D+00  -.23151993211889D-01
  0.69612085374452D-01  0.45906895336952D-01  -.89014699441451D-01
  -.28137974844069D-02  -.69794763056478D-01  0.90734222862947D-01
  0.10435268948976D+00  0.52361157849543D-01  -.81308626096429D-01
  0.52361157849543D-01  0.10435268948976D+00  -.81308626096429D-01
  -.63076712643671D-01  -.63076712643672D-01  0.13565697292795D-01
  0.45906895336951D-01  0.69612085374452D-01  -.89014699441451D-01
  0.10202626418744D+00  0.58090545017355D-01  -.23151993211889D-01
  -.69794763056476D-01  -.28137974844069D-02  0.90734222862948D-01
  0.10440704502885D+00  0.53679126639564D-01  -.28278945526102D-01
  0.65860885339477D-01  0.40520354588763D-01  -.14264543988995D+00
  -.46208062761683D-03  -.85377837520184D-01  -.67816668646254D-02
  0.40520354588755D-01  0.65860885339476D-01  -.14264543988996D+00
  0.53679126639562D-01  0.10440704502884D+00  -.28278945526102D-01
  -.85377837520186D-01  -.46208062761804D-03  -.67816668646266D-02
  0.40520354588763D-01  0.65860885339478D-01  0.14264543988995D+00
  0.53679126639562D-01  0.10440704502885D+00  0.28278945526102D-01
  0.85377837520185D-01  0.46208062761715D-03  -.67816668646267D-02
  0.58090545017356D-01  0.10202626418743D+00  0.23151993211892D-01
  0.69612085374450D-01  0.45906895336951D-01  0.89014699441451D-01
  0.28137974844069D-02  0.69794763056478D-01  0.90734222862947D-01
  0.10435268948976D+00  0.52361157849547D-01  0.81308626096429D-01
  0.52361157849543D-01  0.10435268948977D+00  0.81308626096429D-01
  0.63076712643668D-01  0.63076712643677D-01  0.13565697292798D-01
  0.10440704502884D+00  0.53679126639563D-01  0.28278945526101D-01
  0.65860885339476D-01  0.40520354588759D-01  0.14264543988995D+00
  0.46208062761753D-03  0.85377837520182D-01  -.67816668646263D-02
  0.45906895336952D-01  0.69612085374451D-01  0.89014699441450D-01
  0.10202626418743D+00  0.58090545017354D-01  0.23151993211888D-01
  0.69794763056475D-01  0.28137974844069D-02  0.90734222862948D-01
$end
