$energy      SCF               SCFKIN            SCFPOT
     1 -2512.169572850      2402.953170018     -4915.122742867
     2 -2512.169571549      2402.952950376     -4915.122521926
     3 -2512.169569850      2402.952947634     -4915.122517484
     4 -2512.169569545      2402.953459624     -4915.123029170
     5 -2512.169572063      2402.955531291     -4915.125103354
     6 -2512.169572225      2402.955300267     -4915.124872491
     7 -2512.169572605      2402.954723527     -4915.124296132
     8 -2512.169572389      2402.953776594     -4915.123348983
$end
