$hessapprox internal
  0.432939414071D+00  0.139899591318D-03  0.432957993432D+00  0.202051070805D-03
 -0.150515353293D-05  0.433340295161D+00  0.213666412263D-04 -0.961799142691D-04
 -0.205442926042D-03  0.361182651722D+00 -0.974604420892D-04  0.252910047133D-04
 -0.427901651692D-04 -0.155091133386D-03  0.362480608997D+00 -0.230274522321D-05
  0.294689801418D-03  0.127686355386D-03  0.279411111225D-03 -0.160522190648D-03
  0.199494927304D+00 -0.539156603116D-03  0.543305529932D-03  0.362066047524D-03
  0.346479524582D-02  0.264469986965D-03 -0.112913593192D-02  0.191470165500D+00
 -0.317261795746D-03  0.700470182577D-04  0.357886059211D-04  0.265540417508D-03
  0.123027834359D-03 -0.193702037139D-04  0.242975459779D-03  0.200607161398D+00
  0.119322121875D-02 -0.865138703950D-04 -0.118924469040D-03  0.325499579507D-02
 -0.687692902096D-03 -0.522699389939D-02 -0.202251924664D-02 -0.312455028267D-02
  0.341222399994D+00 -0.238950711669D-02  0.106006861296D-03 -0.386909479555D-03
 -0.657684382030D-02  0.607670861143D-03  0.476746041799D-02  0.124753136724D-01
  0.574594168261D-02  0.920399202407D-01  0.342452752361D+00  0.171137259401D-02
  0.854817063411D-03  0.215715214289D-02  0.179441547646D-01  0.100429919680D-02
 -0.254252895328D-02 -0.410937060770D-01 -0.597926494736D-02 -0.298241252269D-01
  0.215830774629D-01  0.282233622762D+00  0.136752088920D-02 -0.143885601666D-03
  0.308529054484D-03  0.151095511177D-02 -0.181845497374D-03  0.321453892390D-04
 -0.417270681473D-02 -0.235343517182D-02 -0.137401513364D-03 -0.117117275571D-02
 -0.101362680859D-01  0.524596308170D+00 -0.357515349661D-02 -0.610669538601D-04
 -0.151699912488D-02 -0.134310043616D-01 -0.143648144929D-03  0.223880377270D-02
  0.336444798852D-01  0.860096225886D-02 -0.159808904657D-01 -0.469600956044D-02
  0.880203263636D-01 -0.232997228650D-01  0.454260978127D+00  0.645545791309D-03
  0.172873036886D-03  0.535251289122D-03  0.575479281573D-02  0.224544954192D-03
 -0.118845987510D-02 -0.141636946383D-01 -0.247265627081D-02 -0.706889807112D-02
 -0.152481252989D-02 -0.544818418824D-01 -0.351875866889D-01 -0.358507964944D-02
  0.392018403757D+00 -0.216198673264D-02 -0.210213807399D-03 -0.122431021057D-02
 -0.922591333999D-02 -0.403269224903D-03 -0.548913237540D-03  0.281196455882D-01
  0.542695237752D-02 -0.317603427684D-01  0.770630287882D-01  0.961707701794D-01
 -0.159101405568D-01 -0.566552760480D-01  0.323236891847D-01  0.418413455299D+00
  0.104888966236D-02 -0.875819594276D-04 -0.167867809950D-03  0.175431489244D-02
 -0.811117981810D-03 -0.535365854667D-02  0.392756424544D-02 -0.234781383244D-02
 -0.139350596940D+00  0.113834634940D+00 -0.893288547328D-02 -0.263206408218D-02
 -0.118970102065D-01 -0.165856529439D-01 -0.577631991724D-01  0.358800073925D+00
 -0.239354191687D-03  0.152545896188D-03  0.278405585521D-03  0.300739150474D-02
  0.296487550513D-03 -0.102533095241D-02 -0.361513802148D-02  0.735204817820D-04
 -0.254415533229D-01  0.362133557517D-01 -0.272629804072D-01  0.711812687957D-02
  0.655026316288D-01  0.759596288716D-01  0.166938055893D-01 -0.611473826840D-02
  0.399336659077D+00  0.185464145101D-03  0.620716283700D-04 -0.168925238591D-03
 -0.588028624378D-03 -0.450305122935D-03 -0.244763917958D-02  0.533324548216D-02
 -0.151273615950D-03 -0.127578128288D+00  0.553259238214D-01 -0.630755758884D-02
 -0.167457047174D-02  0.469613928002D-02  0.513305299631D-02 -0.236254343827D-02
 -0.905660074853D-01 -0.245707555284D-01  0.353305005217D+00  0.419119379150D-03
  0.244721776860D-02  0.288823473409D-04 -0.709207157967D-02 -0.228288448244D-02
 -0.500975593013D-02  0.140387606490D-02  0.105103660982D-02  0.180309626090D-01
 -0.361044253935D-01 -0.345070453704D-01  0.402754059203D-02 -0.416032010383D-01
  0.156644451873D-01  0.181898785451D-02 -0.812307766487D-02  0.532047437480D-02
  0.633263428916D-02  0.154642290422D+00
$end
