$coord
    0.00000000000000      0.00000000000000      0.00000000000000      mo
    0.00000000000000      0.00000000000000     -6.38172021455547      dy
    0.00000000000000      0.00000000000000      6.38172021455547      dy
    2.38781908918119      2.38781908918119     -2.50242621642505      s
   -2.38781908918119     -2.38781908918119     -2.50242621642505      s
    2.38781908918119     -2.38781908918119      2.50242621642505      s
   -2.38781908918119      2.38781908918119      2.50242621642505      s
    4.63803044996941     -1.58454337863469     -7.62263773061480      c
    3.57724810734267     -3.57724810734267     -6.19747848904226      c
    1.58454337863469     -4.63803044996941     -7.62263773061480      c
    1.40417655177944     -3.29726552518984     -9.92836816939853      c
    3.29726552518984     -1.40417655177944     -9.92836816939853      c
   -1.58454337863469      4.63803044996941     -7.62263773061480      c
   -3.57724810734267      3.57724810734267     -6.19747848904226      c
   -4.63803044996941      1.58454337863469     -7.62263773061480      c
   -3.29726552518984      1.40417655177944     -9.92836816939853      c
   -1.40417655177944      3.29726552518984     -9.92836816939853      c
    1.58454337863469      4.63803044996941      7.62263773061480      c
    1.40417655177944      3.29726552518984      9.92836816939853      c
    3.29726552518984      1.40417655177944      9.92836816939853      c
    4.63803044996941      1.58454337863469      7.62263773061480      c
    3.57724810734267      3.57724810734267      6.19747848904226      c
   -4.63803044996941     -1.58454337863469      7.62263773061480      c
   -3.29726552518984     -1.40417655177944      9.92836816939853      c
   -1.40417655177944     -3.29726552518984      9.92836816939853      c
   -1.58454337863469     -4.63803044996941      7.62263773061480      c
   -3.57724810734267     -3.57724810734267      6.19747848904226      c
    0.37864544388445     -6.17324021631274     -7.02324216905790      h
    0.06846252503235     -3.65902882117194    -11.43096438430814      h
    4.12526208792974     -4.12526208792974     -4.30900818575853      h
    3.65902882117194     -0.06846252503235    -11.43096438430814      h
    6.17324021631274     -0.37864544388445     -7.02324216905790      h
   -0.06846252503235      3.65902882117194    -11.43096438430814      h
   -0.37864544388445      6.17324021631274     -7.02324216905790      h
   -4.12526208792974      4.12526208792974     -4.30900818575853      h
   -6.17324021631274      0.37864544388445     -7.02324216905790      h
   -3.65902882117194      0.06846252503235    -11.43096438430814      h
   -0.37864544388445     -6.17324021631274      7.02324216905790      h
   -4.12526208792974     -4.12526208792974      4.30900818575853      h
   -6.17324021631274     -0.37864544388445      7.02324216905790      h
   -3.65902882117194     -0.06846252503235     11.43096438430814      h
   -0.06846252503235     -3.65902882117194     11.43096438430814      h
    0.06846252503235      3.65902882117194     11.43096438430814      h
    0.37864544388445      6.17324021631274      7.02324216905790      h
    4.12526208792974      4.12526208792974      4.30900818575853      h
    3.65902882117194      0.06846252503235     11.43096438430814      h
    6.17324021631274      0.37864544388445      7.02324216905790      h
$user-defined bonds
$end
