# Excitation spectrum ; written at 2020-08-24 10:10:18
#     Exc.     energy (Eh)   energy (eV)   energy (cm-1)   energy (nm)     Osc.(vel)      Osc.(len) 
       1 a        0.017076       0.46467        3747.839      2668.204     0.00002832     0.00000011
       2 a        0.028728       0.78172        6305.019      1586.038     0.01058570     0.01704113
       3 a        0.056538       1.53848       12408.676       805.888     0.00024390     0.00056396
       4 a        0.057587       1.56703       12638.963       791.204     0.00043668     0.00104583
       5 a        0.075643       2.05835       16601.738       602.347     0.01226172     0.01243665
       6 a        0.080387       2.18745       17642.963       566.798     0.00005068     0.00011487
       7 a        0.080699       2.19592       17711.287       564.612     0.00085343     0.00086077
       8 a        0.083536       2.27314       18334.118       545.431     0.00001641     0.00003963
       9 a        0.084828       2.30828       18617.557       537.127     0.00209115     0.00182132
      10 a        0.085023       2.31359       18660.345       535.896     0.00241022     0.00221699
      11 a        0.085562       2.32826       18778.654       532.520     0.00206875     0.00193569
      12 a        0.086443       2.35223       18972.007       527.092     0.00008034     0.00005157
      13 a        0.088251       2.40144       19368.880       516.292     0.00082053     0.00079691
      14 a        0.088493       2.40802       19422.016       514.880     0.00097736     0.00094222
      15 a        0.089775       2.44290       19703.303       507.529     0.00194370     0.00142929
      16 a        0.091181       2.48117       20012.017       499.700     0.00133781     0.00097657
      17 a        0.092325       2.51229       20262.945       493.512     0.00098613     0.00081163
      18 a        0.092548       2.51837       20312.042       492.319     0.01112805     0.01143911
      19 a        0.093055       2.53216       20423.239       489.638     0.00002186     0.00006484
      20 a        0.093823       2.55306       20591.855       485.629     0.00288207     0.00273452
      21 a        0.094004       2.55798       20631.514       484.695     0.00081321     0.00080257
      22 a        0.094120       2.56112       20656.860       484.101     0.00124937     0.00122756
      23 a        0.094679       2.57635       20779.629       481.241     0.00006220     0.00005393
      24 a        0.094928       2.58313       20834.312       479.977     0.00000042     0.00000058
      25 a        0.096410       2.62346       21159.614       472.598     0.06310499     0.06445356
      26 a        0.096900       2.63679       21267.131       470.209     0.02237796     0.02204120
      27 a        0.097524       2.65376       21403.987       467.203     0.00041588     0.00036589
      28 a        0.097781       2.66077       21460.518       465.972     0.00030878     0.00034616
      29 a        0.097833       2.66218       21471.954       465.724     0.00188270     0.00152945
      30 a        0.097968       2.66584       21501.443       465.085     0.00412589     0.00386408
      31 a        0.098103       2.66951       21531.042       464.446     0.00038230     0.00037655
      32 a        0.098698       2.68570       21661.601       461.646     0.00064538     0.00056977
      33 a        0.100343       2.73046       22022.651       454.078     0.00063068     0.00059310
      34 a        0.100445       2.73325       22045.182       453.614     0.00057739     0.00056771
      35 a        0.101051       2.74975       22178.238       450.892     0.00011211     0.00011899
      36 a        0.104020       2.83053       22829.783       438.024     0.00097497     0.00146175
      37 a        0.104207       2.83561       22870.764       437.239     0.00048273     0.00040721
      38 a        0.106758       2.90503       23430.630       426.792     0.00004778     0.00006015
      39 a        0.107210       2.91732       23529.768       424.994     0.00000205     0.00000172
      40 a        0.107329       2.92056       23555.939       424.521     0.01559345     0.01526315
      41 a        0.107437       2.92350       23579.642       424.095     0.00002606     0.00002453
      42 a        0.107502       2.92527       23593.887       423.839     0.00002541     0.00001241
      43 a        0.109770       2.98700       24091.795       415.079     0.00016316     0.00015896
      44 a        0.109827       2.98853       24104.153       414.866     0.00057646     0.00061671
      45 a        0.110031       2.99410       24149.042       414.095     0.00073762     0.00079277
      46 a        0.110045       2.99448       24152.136       414.042     0.00045212     0.00058676
      47 a        0.110549       3.00819       24262.705       412.155     0.00000352     0.00001027
      48 a        0.110599       3.00955       24273.667       411.969     0.00000762     0.00001972
      49 a        0.110831       3.01587       24324.654       411.106     0.00000153     0.00000001
      50 a        0.117437       3.19563       25774.518       387.980     0.00069708     0.00065476
      51 a        0.118012       3.21127       25900.611       386.091     0.00006652     0.00001889
      52 a        0.118038       3.21199       25906.434       386.005     0.00078257     0.00079909
      53 a        0.119663       3.25620       26263.053       380.763     0.00028229     0.00016020
      54 a        0.120461       3.27791       26438.114       378.242     0.00022194     0.00016828
      55 a        0.120847       3.28841       26522.805       377.034     0.00063216     0.00051414
      56 a        0.121134       3.29622       26585.818       376.140     0.00014355     0.00009721
      57 a        0.122362       3.32965       26855.445       372.364     0.00000536     0.00000095
      58 a        0.122612       3.33644       26910.236       371.606     0.00147821     0.00144770
      59 a        0.122646       3.33736       26917.596       371.504     0.04073126     0.04026053
      60 a        0.122975       3.34631       26989.826       370.510     0.00135808     0.00111902
      61 a        0.123284       3.35472       27057.662       369.581     0.00182222     0.00156286
      62 a        0.124042       3.37535       27224.051       367.322     0.00070905     0.00071128
      63 a        0.124866       3.39777       27404.844       364.899     0.00047582     0.00032437
      64 a        0.126146       3.43260       27685.783       361.196     0.00478889     0.00445102
      65 a        0.126197       3.43401       27697.126       361.048     0.00025159     0.00019698
      66 a        0.126508       3.44245       27765.224       360.163     0.00072176     0.00048776
      67 a        0.126637       3.44597       27793.610       359.795     0.00012319     0.00017335
      68 a        0.126928       3.45388       27857.419       358.971     0.00361382     0.00373195
      69 a        0.127114       3.45895       27898.342       358.444     0.00000173     0.00000472
      70 a        0.127462       3.46842       27974.701       357.466     0.00015586     0.00003829
      71 a        0.128141       3.48688       28123.597       355.573     0.00116512     0.00105592
      72 a        0.128362       3.49290       28172.120       354.961     0.00024106     0.00017061
      73 a        0.128390       3.49367       28178.387       354.882     0.00030949     0.00036086
      74 a        0.128762       3.50381       28260.096       353.856     0.00097207     0.00140691
      75 a        0.129821       3.53262       28492.496       350.970     0.00248287     0.00355344
      76 a        0.130296       3.54555       28596.772       349.690     0.00000230     0.00006794
      77 a        0.130496       3.55098       28640.568       349.155     0.01734844     0.01700256
      78 a        0.131033       3.56560       28758.482       347.723     0.00012009     0.00010215
      79 a        0.131247       3.57141       28805.389       347.157     0.00432727     0.00489039
      80 a        0.132036       3.59290       28978.661       345.082     0.00000221     0.00009486
      81 a        0.132298       3.60001       29036.055       344.399     0.00068930     0.00109677
      82 a        0.132719       3.61147       29128.444       343.307     0.00043167     0.00043857
      83 a        0.132833       3.61457       29153.438       343.013     0.00011709     0.00007966
      84 a        0.134043       3.64751       29419.124       339.915     0.00304663     0.00449469
      85 a        0.134964       3.67255       29621.089       337.597     0.00317452     0.00392273
      86 a        0.136002       3.70080       29848.972       335.020     0.00091506     0.00099902
      87 a        0.136355       3.71041       29926.487       334.152     0.00004691     0.00004217
      88 a        0.137055       3.72945       30080.032       332.446     0.00015772     0.00032156
      89 a        0.137341       3.73723       30142.757       331.755     0.00078363     0.00109532
      90 a        0.137383       3.73839       30152.125       331.652     0.00026970     0.00029148
      91 a        0.137702       3.74707       30222.140       330.883     0.00007094     0.00008074
      92 a        0.138216       3.76105       30334.932       329.653     0.00102202     0.00121632
      93 a        0.139071       3.78431       30522.534       327.627     0.00027443     0.00043441
      94 a        0.139626       3.79942       30644.394       326.324     0.00024000     0.00006518
      95 a        0.139953       3.80832       30716.161       325.562     0.00092204     0.00099156
      96 a        0.140390       3.82020       30811.976       324.549     0.00052040     0.00068509
      97 a        0.140509       3.82346       30838.246       324.273     0.00122893     0.00138306
      98 a        0.140858       3.83293       30914.683       323.471     0.00073525     0.00045192
      99 a        0.141915       3.86170       31146.733       321.061     0.00001171     0.00002809
     100 a        0.142268       3.87131       31224.219       320.264     0.00082686     0.00104174
