# Electronic transition moments of , IRREP a   electric dipole (length) / electric dipole (velocity) / magnetic dipole
 -.61451803641764E-05   0.18660152694346E-06   -.49875585353648E-01   -.33327828139724E-05   0.51013148410264E-05   -.31129277366069E-02   -.14115845463651E-07   -.18462182685069E-07   -.10287830322259E-03
 -.33671713067709E+00   -.67322114519310E-01   0.36771565734748E+00   -.86919628358882E-01   0.35316978244073E-05   -.17024050084745E-05
 0.12862703034594E+00   -.73224299310134E+00   0.49009489088901E-06   0.12815341684489E+00   -.93454086713431E+00   -.47518421977579E-06   0.23368241238419E-03   0.28583000377900E-04   0.37323335574544E-09
 0.95055612999285E-05   -.30833858047629E-04   -.11949551841867E-05   0.90810490112331E-05   -.11410958089498E+00   -.41509164941908E+00
 -.32913500478939E-05   -.47682185485338E-05   -.80441244635630E-01   -.18359569019160E-05   -.59615124337837E-05   -.12232045596569E+00   -.19118593001776E-07   -.10575822001662E-07   0.14100842223238E-02
 0.50740994936957E-01   -.17716769877603E+00   -.23335374451534E+00   -.19471430206045E+00   -.93895071204556E-05   0.55039303495795E-06
 0.71466981012367E-01   0.79162822496438E-01   0.18613448808426E-06   0.98922237084521E-01   0.13211899324315E+00   -.19075107230897E-05   0.13736331479197E-02   0.36945465112310E-03   0.33074756166086E-07
 0.12214079792602E-04   -.23393990192156E-04   -.56219395761475E-05   -.18308014624845E-04   0.16829256617133E+00   0.29953159212968E+00
 0.56283753887707E-01   -.48987926965858E+00   0.29142133936414E-05   0.59279471204167E-01   -.49305614998002E+00   0.16754520585773E-05   -.49237456499665E-04   0.21110508474104E-04   -.42719484214427E-07
 0.37670741964210E-04   0.34517416317518E-04   -.20724489252855E-04   -.50877261637892E-04   0.10367427495902E+00   -.85523082977178E-01
 -.21366306975240E-05   0.48109595285563E-03   -.30748730952546E-01   0.39962435674919E-04   0.48415315197248E-03   -.46294448709416E-01   -.30985603046998E-05   -.21122109092579E-07   -.88772192442496E-03
 0.27156893471327E+00   -.27829399650905E-01   -.35630559225082E+00   -.74574087661775E-01   -.13224224925830E-03   0.10936679513940E-02
 0.68040696167000E-02   -.12576529099917E+00   -.10624952520176E-03   -.48791320692030E-02   -.12639552079843E+00   -.16211532885754E-03   0.83307618416715E-03   -.10058928191498E-04   -.31825894867080E-05
 0.10166304772727E-02   -.43082612265714E-04   -.13225651579491E-02   -.34192692127751E-03   0.39192622453725E-01   -.35914680470214E+00
 -.95489479701194E-05   0.63375308199288E-04   0.17165553022849E-01   -.85297734010044E-05   0.61790609246558E-04   0.26675946812588E-01   0.27215785273638E-06   0.69337908385689E-07   -.36022368460310E-03
 0.45120998942540E+00   -.54347301820095E+00   -.49822305666886E+00   0.37415961442288E+00   -.15535243828671E-03   0.19276128990581E-03
 -.76261266048807E-03   0.17319987143188E-03   -.19229405963889E+00   -.73442302615850E-03   0.15292513659848E-03   -.17945928170006E+00   0.27084057510661E-05   0.14281435707650E-06   -.59544621666902E-03
 -.23677514641006E+00   -.30515732687888E+00   0.70554589064157E-01   0.18982606370134E+01   -.99746417928380E-03   0.65616008558063E-02
 0.20104218716853E+00   -.45862340038100E-01   -.72352483302419E-03   0.19360618102126E+00   -.40361675283923E-01   -.67253288067351E-03   -.73917631637628E-03   -.39187671537008E-04   -.21425214117538E-05
 -.85294589798866E-03   -.98164953543922E-03   0.26661780001658E-03   0.71585120246865E-02   0.27435439517636E+00   -.17519173122907E+01
 -.13112041800956E-02   0.19043627895609E+00   -.23857632387173E-04   0.24432692203598E-02   0.18419793237101E+00   -.32084399387623E-04   0.60305104201650E-03   0.10272493841109E-03   -.59661401897215E-06
 -.61661611165526E-03   -.75401922388014E-03   0.49963766284877E-03   0.11273741375189E-03   -.36722178284480E+00   -.47808089095747E-01
 0.12666630614924E-04   0.20724092422218E-03   -.37338132137786E-01   0.16867580550211E-04   0.20083717532618E-03   -.29914453174316E-01   0.85501981191322E-06   0.14063507203348E-06   0.86081623642611E-03
 0.45360692285306E+00   0.79005064076437E+00   -.38001968808893E+00   -.22626261740424E+00   -.39061238538400E-03   0.18014753731559E-03
 -.11788393864628E+00   0.70592519054412E-02   0.36723397544949E-03   -.11631643019145E+00   0.39258202190294E-02   0.36094849014979E-03   -.10723644576552E-02   -.13405228900020E-03   -.23972408905879E-05
 -.89592163660516E-03   0.21072524826771E-02   0.24730794304436E-03   0.29965876004521E-02   0.98773418386471E-01   -.12701625425275E+01
 -.31528906318345E-03   -.26696343357113E-04   -.12871124378757E+00   -.31512872104237E-03   -.33782372596674E-04   -.12637616211121E+00   -.31149800240425E-05   -.50366503932966E-06   0.89623482428998E-03
 0.35273355616146E+00   -.70146710976976E+00   -.10863250338124E+00   -.10923176965715E+01   0.37010455871173E-03   -.35185948366940E-02
 -.18011337886158E+00   0.59457252632578E-02   -.10192540636139E-03   -.15443650964277E+00   0.55270495652425E-02   -.91131328974512E-04   -.37011830032322E-03   0.18478733175355E-02   0.11337872397580E-06
 0.99553020386158E-04   -.63041483333666E-03   -.99652971770212E-04   0.41594725478024E-04   -.23079228335705E+00   -.12480126698717E-01
 0.16128269412219E-04   0.59479780746822E-04   -.14835053030657E+00   0.11737881445657E-04   0.62386116995434E-04   -.12674873624978E+00   0.46202557453988E-06   -.22224082898906E-05   -.21024303223662E-03
 0.10690216664016E+00   -.10068492624081E+01   -.89924333718424E-01   0.55452995561510E+00   -.20639583834453E-03   0.34789178156147E-03
 -.11629381148793E+00   0.49974128403452E-01   0.11521230254338E-03   -.10560381788209E+00   0.45103991174709E-01   0.96455466898511E-04   -.89024466433562E-04   -.18878234947779E-02   -.16508202502870E-06
 -.14788191146387E-03   0.80393937688727E-03   0.30346132753961E-04   -.26423825393016E-03   -.28021160427464E+00   0.31188377675645E-02
 -.63905844899548E-01   0.41985281528352E+00   0.41043790108131E-04   -.71768199261569E-01   0.42456005523871E+00   0.69703947665686E-04   0.95754059471969E-03   0.18916780773557E-05   0.27164092411606E-05
 -.80718536508640E-03   -.27670647656691E-03   0.95476566758664E-03   -.11797963072442E-03   -.12306094764504E+00   -.77229670746394E-01
 0.98721112808696E-04   -.97077624847266E-03   0.18747091925303E-01   0.11670378768321E-03   -.98361548558260E-03   0.32315280078620E-01   -.17528115448176E-05   -.10428676495416E-06   0.13083711626279E-02
 -.39982436840267E+00   -.14184816971764E+00   0.48400578370427E+00   -.54497963757607E-01   0.23876008770650E-03   0.31799517035152E-03
 -.35598310112682E-03   -.21806468917396E-03   0.21465542866702E+00   -.35655659205988E-03   -.21890112832463E-03   0.20908819521672E+00   -.52617006968746E-05   -.72549222175995E-06   -.19692091631806E-02
 -.26021273902344E+00   0.29449444589249E+00   -.16718884726579E-01   0.16586139601950E+01   0.75813701294565E-03   -.43011156612431E-02
 -.78900049985796E-01   -.82162605988693E-01   -.55504268693377E-03   -.80909472642069E-01   -.79118875624306E-01   -.53491423714409E-03   -.15492120561045E-02   -.38197652312975E-03   0.43919905639699E-05
 -.11065571333788E-03   -.78222095123769E-03   0.69044965793632E-03   -.36196511302439E-02   0.22000246763393E+00   -.11458840530053E+01
 -.13871928414422E+00   -.25851766881471E-01   -.23157278035840E-03   -.13661717473815E+00   -.29993055910481E-01   -.23223688437606E-03   -.14712451671619E-02   -.13027360067562E-03   0.21163996728284E-05
 0.31202443121195E-03   0.12188143620745E-03   0.12439595675188E-03   -.17821435758962E-02   0.23468169777847E+00   -.13910968854708E+01
 0.14732535420371E-03   -.15576789656679E-03   0.31391070257915E-01   0.13939222980777E-03   -.14109494901851E-03   0.29228857056693E-01   -.17056129869918E-06   -.62862330637362E-06   0.36675852580805E-04
 0.67500218042672E-01   0.33636219540023E+00   -.10851739857427E-01   0.92547503380071E-01   -.88613364444909E-05   0.62710493773088E-03
 0.75141979000484E-04   0.84971978961971E-04   0.25660602337211E-02   0.76464748247493E-04   0.87889588029236E-04   -.30305754065625E-02   0.95510068788116E-06   0.88762913566764E-07   -.64171228546789E-03
 -.10300693020078E+01   0.62223186170694E+00   0.90285216917559E+00   0.41128775484706E+00   -.65307770847146E-04   0.98272305775754E-03
 0.10223371955907E+00   -.98557977105291E+00   0.44657152072207E-05   0.98174959088736E-01   -.99657542876525E+00   -.38528589286337E-06   0.87521188473744E-03   0.26858749437622E-03   -.24542545813681E-06
 -.15135140078519E-03   0.87611876003408E-03   0.33558977544851E-03   -.26642755555648E-03   0.19146882819717E+00   -.26578175493792E+00
 -.44579797469636E-01   0.58687310414648E+00   -.36865201256063E-04   -.44581206160308E-01   0.58241470801486E+00   -.48661529860713E-04   0.20587148579824E-03   0.50708773428191E-03   -.82647898052431E-06
 -.10592563622725E-02   -.13400112421082E-02   0.99588021879253E-03   0.97719918590766E-04   -.43909963081378E+00   -.12870125470477E+00
 -.20283490572308E-03   0.30015086979273E-03   -.79977595758323E-01   -.19502765305976E-03   0.30018915702513E-03   -.75017099779958E-01   0.31008784639913E-06   -.99426941152565E-07   -.39565256514302E-03
 -.31680503251983E-01   0.17853052148605E+01   0.41235208064007E+00   0.72357013718324E+00   -.14421536941753E-03   0.16395779612716E-02
 0.29032161556301E-03   0.38021473872365E-03   0.68822561506512E-01   0.27760808884834E-03   0.38218344618271E-03   0.72869706431247E-01   -.85706816015507E-06   0.46528090438843E-06   0.89146385749502E-03
 0.64085145287547E+00   0.21971004343569E+01   -.43203129562217E+00   -.86084560807780E+00   0.19215459006582E-05   -.30142138748265E-02
 -.94046520356535E-03   0.65863446981297E-03   -.16989561374514E+00   -.90608374247159E-03   0.64060247768246E-03   -.15312921244574E+00   0.34505915660061E-05   0.56769245389231E-06   0.87078382676390E-04
 0.16736394261724E+00   0.60842780462718E-01   -.46219786314809E+00   0.15229263116493E+01   -.14735489218335E-02   0.81136627493276E-02
 -.20940577713636E+00   0.13899805268943E+00   0.95377927469251E-03   -.20172354666999E+00   0.13590581558446E+00   0.88003291723775E-03   0.67938050236689E-03   0.42459188048744E-04   0.12834840823803E-05
 0.40710079608792E-03   0.15075479488039E-02   0.98960788448214E-03   -.88784035445933E-02   -.27210298604421E+00   0.18194781016807E+01
 -.21519217266703E-03   -.25379577105962E-03   -.76454841663374E-01   -.21040904138412E-03   -.23319962861974E-03   -.75877411790248E-01   0.27094552071531E-06   -.33349015073968E-06   -.15237914517936E-03
 -.45552379186294E+00   0.11022240512827E+01   -.12552815309727E+00   0.42273410610894E+00   -.10851665526438E-02   0.22159281175454E-02
 0.62174905200560E-01   0.77088617679263E-01   -.23854729501330E-03   0.60507067706143E-01   0.70697962592624E-01   -.23417565902622E-03   -.80517561481097E-04   0.20821825834099E-03   -.37569167550606E-06
 -.12746586992412E-02   0.31016228187119E-02   -.50603568552014E-03   0.13609587234218E-02   0.38005516264547E+00   -.65239822257198E+00
 -.94257195276861E-01   0.23301211110978E-01   0.77639832680782E-03   -.91861963886178E-01   0.20662485477860E-01   0.77028429986364E-03   -.68397592514303E-03   0.26692767964412E-04   -.47906470400590E-05
 -.27281174273282E-02   0.45715194882139E-02   0.56393435656516E-03   0.65606262727168E-02   0.52242368427742E-01   -.86472553486422E+00
 0.78900981172162E-03   -.16366827956293E-03   0.92853400330182E-01   0.76877414384842E-03   -.14346260572775E-03   0.92071956008905E-01   0.57161205868995E-05   -.70371831984354E-07   -.58139895002673E-03
 -.33825383437168E+00   0.54674457759124E+00   0.77526506568863E-01   0.79480344763188E+00   -.46546955677812E-03   0.70371020042862E-02
 -.12982881599526E-01   0.38672097115366E-01   0.15453758322669E-04   -.18466865084720E-01   0.37753231398080E-01   0.15121981265610E-04   0.16125640205419E-03   0.16397660216245E-02   0.26574089366435E-07
 0.10321277208503E-03   -.34932689549616E-03   0.34991120629389E-04   -.12160436444387E-03   -.11632361253296E+00   -.63001036166747E-01
 -.10196202624722E+00   0.60519264557982E-01   -.69144209959248E-03   -.96604048007786E-01   0.10837948218687E+00   -.63399536591763E-03   0.18768224366544E-03   -.18967023254865E-04   -.19211128822831E-05
 -.42545080568617E-02   0.92166602333885E-02   -.23402512433404E-02   0.44114922757484E-02   -.75013495290000E+00   0.65702602885248E+00
 -.88844013414865E-03   0.53051114009425E-03   0.83352388018784E-01   -.83996144944868E-03   0.94065754892457E-03   0.76550691870958E-01   0.16654352799670E-05   -.26011129941345E-06   0.21902795983969E-03
 0.50204980130782E+00   -.11212010548130E+01   0.26186279181323E+00   -.50498449688320E+00   -.65161275689820E-02   0.57146606529950E-02
 0.32672253175631E-02   0.25704611493181E-01   -.23110532503691E-04   -.44142936350827E-03   0.29068648927529E-01   -.15289347366074E-04   -.15002063019592E-03   -.46835621180532E-03   -.56526505127661E-07
 -.67390944481474E-03   0.13908329938980E-03   0.66002228513295E-03   0.10806239439230E-03   0.75051478395257E-02   -.94994792629745E-01
 0.27229686927108E-04   -.40255604186750E-04   -.53598727820738E-02   0.15799874912555E-04   -.34499810653548E-04   -.49075550793926E-02   -.40126214911544E-06   -.10125090896105E-05   -.92012285076268E-04
 0.65072668083623E-01   -.10331362174350E+01   -.26410465785296E+00   0.23658011624783E+00   0.11239823133007E-03   -.40471163406754E-03
 0.42637417988551E-01   -.46487866126263E+00   -.65176396757524E-05   0.39090247239278E-01   -.46020206194412E+00   -.31578632115460E-06   0.20365172233901E-03   0.30604295021521E-04   -.22382928463232E-06
 -.36258898198317E-03   -.13757276918515E-02   0.11560991189436E-03   0.38223550025674E-03   0.88021191294401E-02   -.30837147394713E+00
 -.28554867312321E-04   0.14815948189301E-03   0.19072927422825E-01   -.24132402155354E-04   0.14923050831678E-03   0.18504477398471E-01   0.38015448362533E-07   0.15336768728278E-06   -.18730337114631E-03
 -.47265716950388E+00   -.10992947887790E+01   0.34748827183192E+00   -.10625591777809E-01   -.78774242929136E-04   0.29147781895550E-03
 0.35598750392178E-04   -.42497118202982E-03   0.18824408762152E-01   0.25825157874964E-04   -.40880969101739E-03   0.13153518923703E-01   -.90125864087724E-07   -.82643689190067E-06   0.17246237043538E-03
 0.21658444185587E+00   0.14416736785682E+01   0.11497426884613E+00   -.41042426005242E+00   -.71876395116975E-04   -.56031017714901E-03
 0.93915503280857E-03   0.89298470182645E-03   0.47200887730256E-01   0.94312099260155E-03   0.94200931258943E-03   0.46588072173069E-01   -.12839041867238E-05   0.32887220733405E-05   -.16370218158592E-03
 0.34444963905204E+00   -.37560277780443E+00   0.27501436308343E+00   -.37801576675529E+00   0.19271574731169E-02   -.47768947190555E-02
 0.81760165851599E-01   0.34468878886657E-01   -.58855178458169E-03   0.83993990316189E-01   0.36981134550011E-01   -.59795110979461E-03   -.21193621848518E-03   0.76849151124431E-04   0.15199765914708E-05
 -.32942511927379E-02   0.69532473203716E-02   -.28029312042771E-02   0.35109090056022E-02   0.93766188601455E-01   -.10224146172911E+00
 0.15928269394671E-01   0.98972297892646E-01   0.25147420279489E-02   0.10277301694880E-01   0.10340899968788E+00   0.29002933656794E-02   0.23534915074818E-03   0.87193956682614E-03   0.54745846449873E-05
 -.72180559248974E-02   -.80378187258289E-01   -.30022545484089E-02   0.11177615699335E-01   0.13699488744707E+00   -.66835111811994E+00
 0.43792400578962E-03   0.34270745867112E-02   -.78427093787157E-01   0.23321729984069E-03   0.35765511594622E-02   -.89359768454296E-01   0.87520013241179E-05   0.31421745397829E-04   -.13137014667556E-03
 0.15840841017177E+00   0.22977455510980E+01   0.33605881691762E-01   -.25869137876770E+00   0.45448775780789E-02   -.23094509590626E-01
 -.38560603207836E-05   0.49841084954876E-04   -.69124955624041E-02   -.15379453087561E-04   0.50360006270458E-04   -.11802442960101E-01   0.51840702954326E-06   0.21735793789329E-05   -.55525792612755E-03
 -.93135664865099E+00   0.51670890011216E-01   0.94893810051221E+00   -.16889739024948E+00   -.23232692035570E-03   0.36670712883094E-04
 -.60010315593918E-02   0.82061884458688E-02   0.10732105932213E-03   -.15461556009414E-01   0.53235014485465E-02   0.12264690775800E-03   0.35789904474212E-03   0.17655060754355E-02   0.65064465693903E-06
 0.16002230935408E-02   0.34613279612366E-02   -.27040103193287E-03   -.26743654942541E-03   -.21913403803836E+00   0.20877740809888E+00
 0.11750194360412E-04   -.12417651048939E-03   0.45561719509400E-02   0.16104770228392E-05   -.12946666014996E-03   0.41001546739290E-03   0.31269448153316E-06   0.17535373031137E-05   -.21939031135126E-03
 -.27874369790795E+00   -.42292862797100E+01   -.27965577660867E+00   0.12815903324881E+00   -.27051362843420E-03   0.34487371722449E-03
 -.21085522690240E-01   -.91973315604165E-01   -.97489528420205E-05   -.55268687647927E-02   -.91282586243836E-01   -.49207132532420E-05   0.66044368405809E-04   -.88250144651041E-04   0.18336407018205E-07
 0.68876083282776E-04   -.56016762936853E-04   -.74700492245318E-04   -.15810174771560E-04   0.79834087664304E-01   -.12111883395420E+00
 -.47152406199336E-04   -.54118936957053E-03   -.29072858746733E-01   -.19335015897569E-05   -.54910813042717E-03   -.15484384135585E-01   0.35250377157382E-06   0.12151838012145E-05   -.11004904466576E-04
 -.40623745869504E-01   0.18514669043819E+00   0.26878142858480E-01   -.11868050442940E+00   0.56255506394678E-03   0.70089311948650E-04
 -.99875379773527E-02   -.99221677058115E-01   0.16018869816631E-03   -.10496718695882E-02   -.10076441072294E+00   0.82257745874204E-04   0.78891345730210E-04   0.20990553351992E-03   0.11543810490705E-07
 0.12214545661628E-03   -.10460941856991E-02   -.46803528982874E-04   0.66450272087090E-03   0.10201393952562E+00   0.12475430108437E-01
 -.56721302831980E-01   0.17922969266252E-01   -.56086986342224E-05   -.42901329047667E-01   0.12946000570134E-01   -.18658980775814E-05   0.71242242170418E-03   0.10311875187281E-04   -.89595831504933E-07
 -.41118224926293E-04   -.15678819675526E-03   0.32403603522081E-04   0.19524651717213E-04   -.90096207495600E-01   0.26711780309333E+00
 -.19785838934358E-05   0.33498480149530E-05   0.52570620502522E-01   -.26606829242419E-05   0.35297592476404E-05   0.45776647001236E-01   0.64175134945781E-07   0.36917923229248E-07   0.61033466637316E-03
 0.88273758091699E-01   -.28174909365302E-01   -.80132381166404E-01   -.24138424089418E+00   -.22374692864532E-04   0.47113420092045E-04
 0.24359243499720E-01   0.85166053411933E-01   -.30698857822743E-04   0.19889689215035E-01   0.77370032816584E-01   -.27672468967751E-04   -.28661501322220E-03   -.10508129667192E-03   -.53832211816276E-07
 0.23714059282500E-03   -.22852222789920E-03   -.25002009085562E-03   0.88920109561185E-04   -.22158319516715E-01   0.17338907475912E+00
 0.15716393243758E-04   0.51133383961529E-04   0.42160674428918E-01   0.15790145530409E-04   0.47322127601423E-04   0.34694774368163E-01   0.23060689477085E-07   0.18271360625652E-06   -.44056085985182E-03
 -.61677196639718E+00   0.31707382158452E-01   0.71191247182832E+00   -.10395719199329E+00   -.33427982490702E-04   0.16706775044331E-03
 -.30309748710605E-05   -.35902068782569E-03   -.80983194009616E-02   -.13558895181273E-04   -.35312278431159E-03   -.33901680219766E-02   -.15137518577837E-06   -.11065130375043E-05   -.64172683972914E-03
 -.38374796435463E+00   -.37328929436019E+00   0.52634203200752E+00   -.63363278252306E-01   0.12136504188984E-04   -.36971454371005E-03
 -.56338842468557E-01   -.12210625804505E+00   -.50698681814136E-04   -.57116543474007E-01   -.12020162260633E+00   -.53050729414376E-04   -.44716484465044E-04   -.62803231926569E-03   0.86852457534177E-06
 0.19315876480579E-03   0.83600971987839E-03   -.56555485069734E-03   0.25069211333903E-03   -.51097009720755E-01   -.57688121060840E-01
 -.56888586110739E-01   0.70350678652258E+00   -.86709967495098E-06   -.61549762569464E-01   0.69900823648355E+00   0.36433553047578E-06   0.68247877530301E-05   -.22162121739664E-04   -.12942944298901E-06
 -.12732248056354E-03   -.29341151341396E-03   0.12855309135765E-03   -.37830812917263E-04   -.35788833226530E+00   0.14070393345100E+00
 -.53376847750840E-04   -.10086158414792E-03   0.12870632986041E+00   -.50831993474949E-04   -.10063864239896E-03   0.11683035150107E+00   -.81579884279083E-07   -.36195281389921E-06   0.16525800525906E-03
 0.29999201372368E+00   -.10926998811797E+00   -.79511597903572E-01   -.26083682382783E+00   -.19566494605333E-04   -.25639839543253E-04
 -.12094443818916E+00   -.86852928101080E-01   -.11477426824976E-03   -.10576984723472E+00   -.88476457006388E-01   -.10839403683258E-03   0.17999665703188E-03   0.22200000991073E-03   -.58960326658160E-06
 0.12289558025408E-03   -.16414815852221E-03   -.18313666477395E-03   0.14503289787912E-03   -.61114038209595E-01   0.27269767488787E+00
 -.12573056443085E-03   -.24459473872807E-04   0.92597348739844E-01   -.10826744494116E-03   -.28957340681632E-04   0.92743130873666E-01   0.15194053973159E-06   0.16277016591622E-07   0.32235311105129E-03
 -.44538709994714E+00   -.46563920979805E-01   0.55645868186955E+00   -.15723416706081E+00   -.23561020612062E-04   0.36146481496543E-03
 0.73466512487572E-01   -.17850847847348E-01   0.65845228378573E-04   0.60795569283070E-01   -.14160327059738E-01   0.63396211187173E-04   -.11941598258690E-03   0.39408322098124E-03   0.37602438275775E-06
 -.61687716054122E-04   -.40596573212240E-05   0.20957903722167E-03   -.60699523355583E-04   -.17577423318303E-01   -.24143452678232E+00
 0.42034924356936E-01   0.23489944717477E+00   0.78355799845312E-04   0.22085351330866E-01   0.22899641397799E+00   0.62259631312620E-04   -.81342664293405E-03   0.53294979986351E-03   0.16059814491548E-05
 -.38309448941161E-04   0.57609160290349E-03   -.11817414136542E-02   -.60272751722578E-03   -.74742561079316E-01   0.33958074739802E+00
 0.10789430636687E-03   0.66090672392120E-03   -.54681253192512E-01   0.47662892354173E-04   0.65420256756711E-03   -.48382424581799E-01   -.29996416212703E-05   0.17091073491227E-05   -.35088818821067E-03
 0.45861394698815E-01   0.14950867160308E+00   0.32507006782976E+00   0.13224518910883E+00   0.57758512833553E-04   0.67489491373623E-03
 -.31563688288495E-04   0.10503964209375E-03   0.92508668837282E-01   -.59828146332210E-04   0.11983152342035E-03   0.76048570188365E-01   -.26282932826073E-05   0.18721251003168E-05   -.12689256765215E-05
 0.63169140842388E+00   -.73885525358904E+00   -.27840090082979E+00   0.14987018929148E+00   0.72461340254095E-03   -.40350127001850E-03
 -.20404598831103E-03   -.38197425296537E-01   0.22276274353167E-03   0.64566567734420E-02   -.44850056701442E-01   0.18803414882838E-03   0.66149753891751E-03   -.36183775687664E-03   -.84179612081247E-06
 0.16979883233635E-02   -.22616785652658E-02   -.21624912293670E-03   0.80704792775121E-03   -.21137018014312E+00   0.16585079801181E+00
 -.30307458423474E-01   -.20442273614899E+00   -.66953032484478E-04   -.31801327685686E-01   -.20758593779210E+00   -.81052617950300E-04   -.92686241704467E-03   0.60223930557556E-03   0.35287456309517E-05
 0.10691286499768E-02   0.36038132627789E-02   -.16629664507420E-02   -.69347727053211E-03   0.25906424250171E+00   -.36042851814032E+00
 -.10256852836463E-04   -.45376000848190E-03   -.45005334746266E-02   -.40303601011670E-04   -.46703471031352E-03   0.74445372247002E-02   -.36998467649934E-05   0.16495015033418E-05   -.13192089630678E-02
 -.55798995866289E+00   -.10974100426865E+01   0.68990446566217E+00   0.27618805521390E+00   0.78398508461736E-03   -.11389187683960E-02
 -.31715590599304E-04   0.22695687825875E-03   -.42826950494714E-01   -.35728238749117E-04   0.23075408809275E-03   -.21225188585725E-01   0.14677523285697E-06   -.33754074506501E-06   -.23659457818446E-03
 -.11360404777248E+00   0.51030450382987E+00   0.98384872937877E-02   0.55918958654799E+00   -.75602934182148E-04   0.26934016465075E-03
 0.11516696256683E+00   -.19374757649301E-01   0.68361851015382E-04   0.10927868888282E+00   -.20461478769286E-01   0.72602595985468E-04   -.16013558021301E-02   -.61841135512506E-03   0.10162372636996E-05
 0.11746891293498E-04   0.91483937697865E-03   -.21405674748254E-03   0.62729705834328E-04   0.17405749138932E+00   -.45202775978718E+00
 -.52086583775670E-01   0.10113220303787E-01   -.13099236477441E-02   -.43572823770410E-01   0.96528455929363E-02   -.13985196287414E-02   0.63997567376686E-05   0.80310990337757E-03   -.19961631006593E-04
 0.43301980269805E-02   0.54734856130249E-02   -.10989111469823E-01   0.72516891037759E-02   -.91989030631900E-01   0.10204324226146E+00
 -.10382981314905E-02   0.17305239042176E-03   0.60122370436147E-01   -.85090633191828E-03   0.16145541264164E-03   0.64925213160396E-01   -.11581217560661E-05   0.17364801229617E-04   0.91458434737678E-03
 -.21246183863291E+00   -.25464745588842E+00   0.51536025552790E+00   -.32994019780159E+00   -.18964098407201E-02   0.19242521980301E-02
 -.13261221598716E-03   0.15709385980152E-03   0.10641397793345E+00   -.13943288182448E-03   0.16013005743202E-03   0.12802180608145E+00   0.12047148531422E-05   0.19369614696012E-06   0.15465596391194E-02
 -.43876621875864E+00   0.44556257084676E+00   0.53274818497151E+00   -.18243561378780E+00   -.15067854441651E-03   0.49637270782071E-03
 -.95920647250026E-01   0.13959634226068E+00   0.10605794597454E-06   -.14656703365636E+00   0.13991323524769E+00   -.20071670676309E-04   0.84920867686699E-03   -.64663589211625E-03   -.28965017909450E-06
 0.36580214935553E-04   0.21800565737813E-03   -.10529898740503E-03   -.17555061226017E-03   -.14548776777766E+00   -.24533319546241E-01
 -.74317845569324E-04   0.52844274458421E-03   0.51214342371860E-02   -.42408421238898E-04   0.53331215033686E-03   -.27961782742523E-01   -.12522829506540E-05   0.79384168881985E-07   -.64172159293009E-03
 -.81971218295797E-01   0.44314814984812E+00   0.27761467331112E+00   -.11329123910512E+00   0.86424095522330E-04   0.87647168293090E-03
 0.71460241105880E-01   -.44080248483655E+00   0.52118826150704E-04   0.56015194286621E-01   -.43852022868327E+00   0.25985554156946E-04   0.83432231898861E-03   0.25588439512063E-03   -.85058022287527E-06
 0.56324938194196E-03   -.11214318706000E-02   0.79729550129343E-03   0.19222728914280E-03   0.71639184333299E-01   -.81860600998727E+00
 0.21072283061734E-03   -.93953222462138E-03   -.37064436660167E-01   0.20518761128424E-03   -.96493759714939E-03   -.34180855440636E-01   0.17516192902269E-05   0.37496667077986E-06   0.37011360047929E-03
 -.60063102085653E+00   0.15904120661507E+01   -.33683571626520E+00   -.18779609621245E+00   -.51523521428535E-03   -.10336800259823E-02
 -.59949974723499E-01   0.21415330006563E+00   -.77185086970125E-04   -.60329216114799E-01   0.22858646279333E+00   -.68691684791920E-04   -.43204663819893E-03   0.32883210460180E-04   0.83776168534302E-06
 -.11391446340854E-02   0.25534397958775E-02   -.71368512468421E-03   -.53008769059773E-03   0.34497341724948E+00   0.78509067387412E-01
 -.13858453873186E-04   0.18625491896410E-04   -.50100718096505E-02   0.44292998237334E-05   0.18797407953385E-04   0.32826892253014E-01   -.28284952872825E-06   0.13047112015519E-07   0.54379321256001E-03
 0.46018820690310E-01   0.10955856132114E-02   -.28616733558711E-01   0.32625763573888E+00   0.82991475187135E-04   0.38773461729459E-03
 -.36534602474690E-01   0.80501996382038E-01   0.12259999606970E-04   -.72155583094712E-01   0.85022461265147E-01   0.33861229584777E-04   0.87400900595498E-04   -.30399654412058E-03   0.35757046053784E-06
 -.26817785766880E-04   -.72323434243770E-04   0.86962504777025E-04   0.12874569812037E-03   -.59463509871326E-01   -.51021923048317E+00
 -.82053843148795E-02   0.69364370742639E-01   -.20569009301674E-03   -.14496594117505E-01   0.68895786930829E-01   -.15689975031729E-03   -.24940873502658E-03   0.24594281448078E-03   0.12597892911392E-05
 -.49059563490627E-03   0.48484308530714E-02   -.27121625108851E-02   0.17135194973956E-03   -.13753803107958E+00   0.35604593471051E-01
 -.31889300974937E-04   0.49335431043189E-03   0.36358576492705E-01   -.61971346391128E-04   0.48883532928378E-03   0.29988778365327E-01   -.17204232522703E-05   0.16457795918830E-05   -.21490549499604E-03
 0.58046885198735E-01   -.72995228851542E+00   0.41411950560046E+00   -.20141687474415E-01   -.87169105113868E-03   0.55725827210838E-03
 0.85860786677316E-04   -.26037974193161E-04   0.18464309426449E+00   0.98856631451511E-04   -.26365431630114E-04   0.22427087778255E+00   0.11066949656248E-05   0.13178287397529E-06   -.20368995468228E-02
 -.15767385748675E+00   -.50053051503005E+00   0.14486731309541E+00   0.81273977182968E+00   0.14837219041630E-03   0.26377106297207E-03
 0.18643303910902E+00   -.22905178403589E-01   -.95066279530779E-04   0.20775748391553E+00   -.20843203099330E-01   -.10706904251521E-03   0.22641468857320E-02   0.33701086575409E-03   0.91699086524329E-06
 0.10045647586366E-03   -.26622462273323E-04   -.41642987923352E-04   -.50242346696943E-03   0.14412009290951E+00   0.64185869901228E+00
 -.42543649611295E-02   0.10037084103700E+00   -.54456026218661E-04   -.55983015622239E-02   0.10481921623652E+00   -.47937407146570E-04   -.48858665460159E-03   -.15536034362359E-03   -.48768702776132E-06
 0.14037085658288E-05   -.42268293928058E-02   0.69641791683463E-03   -.12139760895723E-02   -.91810534788320E-01   0.23479949173958E+00
 0.34043103421365E-04   0.42768806925038E-03   0.22711888617955E-01   0.35555107105494E-04   0.44833467096642E-03   0.21533680106955E-01   -.96108247308841E-06   -.65001652040740E-06   -.14536245625810E-05
 -.26246919458506E-01   0.10200577469158E+01   -.16335633378631E+00   0.27679266264512E+00   -.35768900373154E-03   0.11968230942008E-02
 -.98729603803234E-06   0.32356586886214E-04   0.41547830155746E-01   0.31922527355861E-05   0.37096718197220E-04   0.59323459742577E-01   0.85585113048184E-07   0.25703412190612E-07   -.96534421906361E-04
 -.21107686599168E+00   0.14531380960222E+01   -.50183030104469E-01   -.17684560438665E+00   -.95951408085110E-04   -.40562686162688E-05
 0.91686783531904E-01   -.12334779968505E-01   0.93614276293785E-05   0.10906566605178E+00   -.82153418870655E-02   0.73476554423296E-05   0.23930657180437E-03   0.56920153122156E-03   0.20326444893423E-06
 0.73648326137183E-04   -.16099165937556E-02   0.11983614357633E-03   0.39363365611062E-03   0.44421055527687E-01   0.16532353001910E+00
 -.32584740583854E-04   0.24799292345648E-04   0.54264749108971E-01   -.41662037191433E-04   0.24888547501128E-04   0.56413683821030E-01   0.17145885641872E-07   -.33738455091991E-06   0.51167803182906E-03
 0.84456496811902E-01   -.25500164148931E+01   0.40340036988505E+00   0.57449276242347E+00   -.47591734108823E-04   -.15543219317636E-03
 0.14051234679089E-03   -.21955130826748E-03   0.27796528198963E-01   0.15702813500626E-03   -.24162316622072E-03   0.29654178611360E-01   0.14975925762499E-06   0.47373839974498E-06   -.10235373895873E-03
 -.11053562621847E-01   0.52382623684410E+00   0.97603406813528E-01   -.64376036795602E-02   0.63560300236077E-03   0.13956899492252E-02
 -.32009484758551E-01   0.10033425958497E+00   0.10331704106090E-03   -.35596143082536E-01   0.10923884974151E+00   0.11222981262860E-03   -.14166201178981E-03   -.51314656551392E-04   -.82250574530576E-06
 -.80325863823505E-04   0.15227628823019E-02   0.26789411579343E-03   -.34962081767277E-03   -.22066081187245E+00   -.41721676704939E+00
 0.17272707894169E-04   -.10618783158799E-03   0.54405578531584E-01   0.23511394277444E-04   -.11447682652174E-03   0.68450162203677E-01   0.45968499880675E-06   0.57395790333097E-07   -.64991547014196E-03
 -.13872713071003E+00   -.78378916907900E-01   0.49778325441680E-01   -.92594169583307E-02   0.20370282862128E-03   0.48116831771597E-03
 -.29634098232343E-04   0.16114731443195E-04   -.50776708788490E-01   -.30371549545140E-04   0.16387434034604E-04   -.26462315953684E-01   0.73609077621923E-07   -.47252070384420E-06   -.14065082072954E-02
 -.59775542007790E-02   0.15911993883426E+00   -.20010769272146E+00   0.90282990391473E+00   -.20334659303890E-05   0.15135353813158E-04
 0.77881420281752E-01   0.61779507101726E-01   -.22546329902303E-03   0.78269789978051E-01   0.67090642720061E-01   -.23185861445085E-03   0.17824795579982E-03   0.12255835520662E-02   0.14344874679032E-05
 0.70506692269986E-04   -.15119128910359E-02   0.13069309343540E-03   -.14153801529147E-02   -.40328010839824E-01   0.34289888717081E+00
 -.56257578828554E-01   -.48927214966048E-01   0.11852622968056E-02   -.64808516971678E-01   -.55840300550802E-01   0.12653949170408E-02   -.82187099820995E-03   0.12533363837027E-02   -.94852594923762E-05
 -.73023829961566E-03   0.80156169017757E-02   -.97553189913379E-03   0.88490904206045E-02   0.32841481475603E-01   -.67842096014578E+00
 0.65608058793495E-03   0.65991582574624E-03   0.11453612188151E+00   0.75689020276057E-03   0.74430272131421E-03   0.12150582593954E+00   0.92755701385164E-05   -.10355679579319E-04   -.87721068939927E-03
 -.72442433523710E-01   0.75440650561498E+00   -.88677579999875E-01   0.81605759983930E+00   -.45554684766300E-03   0.80200365234488E-02
 0.88448123429058E-01   0.25685006490729E-02   0.64796376401956E-04   0.69299626335899E-01   0.31731619662271E-02   0.75526413330402E-04   -.10441153245802E-02   -.67194240858619E-03   -.58117766181200E-06
 -.78810884606229E-04   0.39317256202599E-03   -.70538644394170E-04   0.50380877648747E-03   -.17542080261145E-01   -.59643535415971E+00
 0.21584275468844E-03   -.35277570778623E-03   -.11117954943687E-01   0.23975695084784E-03   -.39856058652154E-03   -.17224591493434E-01   0.37658550410374E-05   0.23293254148035E-06   -.12950906009989E-03
 0.94761007330064E-01   0.29740497118794E+00   0.67995033314506E-01   -.21356475677680E-01   0.12451102290724E-02   0.37783695883303E-02
 0.35317806331782E-01   -.86432613904207E-01   0.43712743931722E-04   0.40655569808752E-01   -.96595380761185E-01   0.79138880201153E-04   0.75346698368863E-03   0.34655205516636E-04   0.61729489112775E-06
 -.53633485612946E-03   -.10590005002571E-02   -.37686129108416E-03   0.43234481351207E-03   0.25323896176588E+00   0.74176469319457E+00
