$coord
   -0.00000000000000     -0.00000000000000      0.00000000000000  mo
    0.00000000000000     -0.00000000000000     -6.51178661005482  y
   -0.00000000000000     -0.00000000000000      6.51178661005482  y
    3.32122743049784      0.02864041517368     -2.62814071834570  s
   -3.32122743049784     -0.02864041517368     -2.62814071834570  s
    0.02864041517368     -3.32122743049784      2.62814071834570  s
   -0.02864041517368      3.32122743049784      2.62814071834570  s
    2.26508374340816     -4.25641061671873     -7.86701261991173  c
    0.18593040638643     -5.00363888379268     -6.34555454370422  c
   -2.06457725885912     -4.41419548144040     -7.67634582016070  c
   -1.38254486060396     -3.28887932317413    -10.01671012035971  c
    1.30228035868869     -3.19526845298385    -10.13594449086338  c
    2.06457725885912      4.41419548144040     -7.67634582016070  c
   -0.18593040638643      5.00363888379268     -6.34555454370422  c
   -2.26508374340816      4.25641061671873     -7.86701261991173  c
   -1.30228035868869      3.19526845298385    -10.13594449086338  c
    1.38254486060396      3.28887932317413    -10.01671012035971  c
    4.25641061671873      2.26508374340816      7.86701261991173  c
    3.19526845298385      1.30228035868869     10.13594449086338  c
    3.28887932317413     -1.38254486060396     10.01671012035971  c
    4.41419548144040     -2.06457725885912      7.67634582016070  c
    5.00363888379268      0.18593040638643      6.34555454370422  c
   -4.41419548144040      2.06457725885912      7.67634582016070  c
   -3.28887932317413      1.38254486060396     10.01671012035971  c
   -3.19526845298385     -1.30228035868869     10.13594449086338  c
   -4.25641061671873     -2.26508374340816      7.86701261991173  c
   -5.00363888379268     -0.18593040638643      6.34555454370422  c
   -3.97967057309489     -4.73145786998166     -6.98919957287986  h
   -2.68239277682145     -2.64588193255222    -11.47977991151919  h
    0.29782675108315     -5.80482825428149     -4.45274723371496  h
    2.41859822591932     -2.46292765195673    -11.70441955500118  h
    4.25151081994781     -4.43666494628020     -7.35305025693026  h
    2.68239277682145      2.64588193255222    -11.47977991151919  h
    3.97967057309489      4.73145786998166     -6.98919957287986  h
   -0.29782675108315      5.80482825428149     -4.45274723371496  h
   -4.25151081994781      4.43666494628020     -7.35305025693026  h
   -2.41859822591932      2.46292765195673    -11.70441955500118  h
   -4.43666494628020     -4.25151081994781      7.35305025693026  h
   -5.80482825428149     -0.29782675108315      4.45274723371496  h
   -4.73145786998166      3.97967057309489      6.98919957287986  h
   -2.64588193255222      2.68239277682145     11.47977991151919  h
   -2.46292765195673     -2.41859822591932     11.70441955500118  h
    2.46292765195673      2.41859822591932     11.70441955500118  h
    4.43666494628020      4.25151081994781      7.35305025693026  h
    5.80482825428149      0.29782675108315      4.45274723371496  h
    2.64588193255222     -2.68239277682145     11.47977991151919  h
    4.73145786998166     -3.97967057309489      6.98919957287986  h
$user-defined bonds
$redundant
     number_of_atoms            47
     degrees_of_freedom         33
     internal_coordinates       51
     frozen_coordinates          0
# definitions of redundant internals
   1 k  2.0000000000000 stre  11   29           val=   2.06001
   2 k  2.0000000000000 stre   9   30           val=   2.05843
   3 k  2.0000000000000 stre  12   31           val=   2.05976
   4 k  2.0000000000000 stre  10   28           val=   2.05923
   5 k  2.0000000000000 stre   8   32           val=   2.05974
   6 k -1.4142118519154 bend  10   30    9      val=   0.04763
        1.4142147817468 bend   8   30    9
        0.0011785545614 bend   2   30    9
   7 k -1.4142111114140 bend   8   31   12      val=   0.18685
        1.4141994132740 bend  11   31   12
        0.0068521418980 bend   2   31   12
   8 k -1.4142223260278 bend   9   28   10      val=   0.50230
        1.4142008011418 bend  11   28   10
        0.0033625309902 bend   2   28   10
   9 k -1.4142125580444 bend  10   29   11      val=   0.20990
        1.4141984325758 bend  12   29   11
        0.0067552919936 bend   2   29   11
  10 k -1.4142229190469 bend   9   32    8      val=   0.43758
        1.4142027258053 bend  12   32    8
        0.0020458659784 bend   2   32    8
  11 k  0.0552729340700 bend  10   30    9      val= 115.48761
        0.0536073288312 bend   8   30    9
        1.9985172396191 bend   2   30    9
  12 k  0.0264292021788 bend   9   28   10      val= 116.42042
        0.0216749191220 bend  11   28   10
        1.9997079024581 bend   2   28   10
  13 k -0.0114274757280 bend   8   31   12      val= 113.84026
       -0.0211173608286 bend  11   31   12
        1.9998558622736 bend   2   31   12
  14 k -0.0187500727408 bend  10   29   11      val= 112.22684
       -0.0283024112712 bend  12   29   11
        1.9997118313118 bend   2   29   11
  15 k  0.0200422798422 bend   9   32    8      val= 116.47128
        0.0171495040962 bend  12   32    8
        1.9998260428167 bend   2   32    8
  16 k  0.6030226891555 tors   1    4    2    5 val= 130.68165
        0.6030226891555 tors   1    4    2    8
        0.6030226891555 tors   1    4    2    9
        0.6030226891555 tors   1    4    2   10
        0.6030226891555 tors   1    4    2   11
        0.6030226891555 tors   1    4    2   12
        0.6030226891555 tors   1    4    2   13
        0.6030226891555 tors   1    4    2   14
        0.6030226891555 tors   1    4    2   15
        0.6030226891555 tors   1    4    2   16
        0.6030226891555 tors   1    4    2   17
  17 k  0.4714045207910 tors  10   11    2    4 val=  93.52331
        0.4714045207910 tors  10   11    2    5
        0.4714045207910 tors  10   11    2    8
        0.4714045207910 tors  10   11    2    9
        0.4714045207910 tors  10   11    2   13
        0.4714045207910 tors  10   11    2   14
        0.4714045207910 tors  10   11    2   15
        0.4714045207910 tors  10   11    2   16
        0.4714045207910 tors  10   11    2   17
        0.4714045207910 tors  12   11    2    4
        0.4714045207910 tors  12   11    2    5
        0.4714045207910 tors  12   11    2    8
        0.4714045207910 tors  12   11    2    9
        0.4714045207910 tors  12   11    2   13
        0.4714045207910 tors  12   11    2   14
        0.4714045207910 tors  12   11    2   15
        0.4714045207910 tors  12   11    2   16
        0.4714045207910 tors  12   11    2   17
  18 k  0.4714045207910 tors   8   12    2    4 val=  82.64459
        0.4714045207910 tors   8   12    2    5
        0.4714045207910 tors   8   12    2    9
        0.4714045207910 tors   8   12    2   10
        0.4714045207910 tors   8   12    2   13
        0.4714045207910 tors   8   12    2   14
        0.4714045207910 tors   8   12    2   15
        0.4714045207910 tors   8   12    2   16
        0.4714045207910 tors   8   12    2   17
        0.4714045207910 tors  11   12    2    4
        0.4714045207910 tors  11   12    2    5
        0.4714045207910 tors  11   12    2    9
        0.4714045207910 tors  11   12    2   10
        0.4714045207910 tors  11   12    2   13
        0.4714045207910 tors  11   12    2   14
        0.4714045207910 tors  11   12    2   15
        0.4714045207910 tors  11   12    2   16
        0.4714045207910 tors  11   12    2   17
  19 k  0.4714045207910 tors   9    8    2    4 val=  70.15627
        0.4714045207910 tors   9    8    2    5
        0.4714045207910 tors   9    8    2   10
        0.4714045207910 tors   9    8    2   11
        0.4714045207910 tors   9    8    2   13
        0.4714045207910 tors   9    8    2   14
        0.4714045207910 tors   9    8    2   15
        0.4714045207910 tors   9    8    2   16
        0.4714045207910 tors   9    8    2   17
        0.4714045207910 tors  12    8    2    4
        0.4714045207910 tors  12    8    2    5
        0.4714045207910 tors  12    8    2   10
        0.4714045207910 tors  12    8    2   11
        0.4714045207910 tors  12    8    2   13
        0.4714045207910 tors  12    8    2   14
        0.4714045207910 tors  12    8    2   15
        0.4714045207910 tors  12    8    2   16
        0.4714045207910 tors  12    8    2   17
  20 k  0.4714045207910 tors   9   10    2    4 val=  85.88813
        0.4714045207910 tors   9   10    2    5
        0.4714045207910 tors   9   10    2    8
        0.4714045207910 tors   9   10    2   12
        0.4714045207910 tors   9   10    2   13
        0.4714045207910 tors   9   10    2   14
        0.4714045207910 tors   9   10    2   15
        0.4714045207910 tors   9   10    2   16
        0.4714045207910 tors   9   10    2   17
        0.4714045207910 tors  11   10    2    4
        0.4714045207910 tors  11   10    2    5
        0.4714045207910 tors  11   10    2    8
        0.4714045207910 tors  11   10    2   12
        0.4714045207910 tors  11   10    2   13
        0.4714045207910 tors  11   10    2   14
        0.4714045207910 tors  11   10    2   15
        0.4714045207910 tors  11   10    2   16
        0.4714045207910 tors  11   10    2   17
  21 k  0.5000000000000 tors   8    9    2    4 val=  41.80276
        0.5000000000000 tors   8    9    2    5
        0.5000000000000 tors   8    9    2   11
        0.5000000000000 tors   8    9    2   12
        0.5000000000000 tors   8    9    2   13
        0.5000000000000 tors   8    9    2   15
        0.5000000000000 tors   8    9    2   16
        0.5000000000000 tors   8    9    2   17
        0.5000000000000 tors  10    9    2    4
        0.5000000000000 tors  10    9    2    5
        0.5000000000000 tors  10    9    2   11
        0.5000000000000 tors  10    9    2   12
        0.5000000000000 tors  10    9    2   13
        0.5000000000000 tors  10    9    2   15
        0.5000000000000 tors  10    9    2   16
        0.5000000000000 tors  10    9    2   17
  22 k  2.0000000000000 stre   1    4           val=   4.23539
  23 k  1.4142135623731 bend   5    4    1      val= 103.29180
  24 k  2.0000000000000 stre   2    4           val=   5.11019
  25 k  2.0000000000000 stre   2   11           val=   5.00126
  26 k  2.0000000000000 stre   2   12           val=   5.00402
  27 k  2.0000000000000 stre  11   12           val=   2.68910
  28 k  2.0000000000000 stre   2    8           val=   5.00842
  29 k  2.0000000000000 stre  12    8           val=   2.68348
  30 k  2.0000000000000 stre   2   10           val=   5.01037
  31 k  2.0000000000000 stre  11   10           val=   2.68492
  32 k  2.0000000000000 stre   2    9           val=   5.00985
  33 k  2.0000000000000 stre   8    9           val=   2.68255
  34 k  2.0000000000000 stre  10    9           val=   2.68016
  35 k -0.3482724287615 bend   5    4    2      val=  70.63829
       -0.0498492635385 bend  11    4    2
       -0.0329126010957 bend  11    5    2
        0.4269892582479 bend  17   11    2
        0.3706218751738 bend  16   11    2
       -0.0244274492206 bend  12    4    2
       -0.0337737168836 bend  12    5    2
        0.4141539793984 bend  12   16    2
       -0.1317665734030 bend   8    4    2
       -0.2423211021103 bend   8    5    2
        0.1207508291525 bend   8   11    2
        0.3770066603099 bend   8   17    2
        0.4855050707297 bend   8   16    2
        0.5612735928057 bend   8   15    2
       -0.2471589560315 bend  10    4    2
       -0.1391582653401 bend  10    5    2
        0.3870145748160 bend  10   16    2
        0.1199511342969 bend  10   12    2
        0.0527000734882 bend  10    8    2
        0.4963550563252 bend  13   11    2
        0.2661850193556 bend  13    8    2
        0.5666528502925 bend  13   10    2
       -0.2069559628370 bend   9    4    2
       -0.2134332973143 bend   9    5    2
        0.0706500737607 bend   9   11    2
        0.4318527273280 bend   9   17    2
        0.4476783531644 bend   9   16    2
        0.0738917342392 bend   9   12    2
        0.2176661366968 bend   9   13    2
        0.2618252877218 bend  14    8    2
  36 k -0.1209313094898 bend   5    4    2      val=   3.90594
       -0.2339890233372 bend  11    4    2
       -0.0175433762179 bend  11    5    2
        0.4442658347120 bend  17   11    2
       -0.1864967380004 bend  16   11    2
        0.1870898774094 bend  12    4    2
        0.4210236397408 bend  12    5    2
       -0.8002315074296 bend  12   16    2
        0.0464165592540 bend   8    4    2
        0.1565356262421 bend   8    5    2
       -0.2169493570495 bend   8   11    2
        0.1073476477956 bend   8   17    2
       -0.4932957518683 bend   8   16    2
       -0.2236421797650 bend   8   15    2
       -0.2648938620742 bend  10    4    2
       -0.0910470022884 bend  10    5    2
       -0.1764330541706 bend  10   16    2
        0.4802105057691 bend  10   12    2
        0.0396625464191 bend  10    8    2
        0.4553742859580 bend  13   11    2
        0.0497543325422 bend  13    8    2
        0.4748904903233 bend  13   10    2
       -0.0740591097901 bend   9    4    2
        0.0062379524865 bend   9    5    2
       -0.2134323489550 bend   9   11    2
        0.2924408973786 bend   9   17    2
       -0.4009628346217 bend   9   16    2
        0.4838435824865 bend   9   12    2
        0.1520067690937 bend   9   13    2
       -0.0855342672702 bend  14    8    2
  37 k -0.3612368628757 bend   5    4    2      val=  10.37627
        0.5538760885435 bend  11    4    2
        0.1499852089674 bend  11    5    2
       -0.6794151638458 bend  17   11    2
       -0.5812543739399 bend  16   11    2
        0.3437415406666 bend  12    4    2
        0.0668439679302 bend  12    5    2
       -0.3735228291597 bend  12   16    2
        0.0672347204759 bend   8    4    2
       -0.3922520618951 bend   8    5    2
        0.4243959617719 bend   8   11    2
       -0.1496958120299 bend   8   17    2
        0.0585430095257 bend   8   16    2
        0.4704155757338 bend   8   15    2
        0.0394801948828 bend  10    4    2
       -0.1886810279675 bend  10    5    2
       -0.0607474590770 bend  10   16    2
        0.2550365364278 bend  10   12    2
        0.0287723150442 bend  10    8    2
       -0.1886127345338 bend  13   11    2
        0.1800473045559 bend  13    8    2
        0.2854385379997 bend  13   10    2
        0.0502924927725 bend   9    4    2
       -0.2918504105065 bend   9    5    2
        0.5319239665566 bend   9   11    2
       -0.2442119239010 bend   9   17    2
       -0.0468778227984 bend   9   16    2
        0.3441367282221 bend   9   12    2
        0.0941729048907 bend   9   13    2
        0.2065196663869 bend  14    8    2
  38 k -0.1121969620287 bend   5    4    2      val=   3.31721
       -0.4412428268844 bend  11    4    2
        0.5981504500322 bend  11    5    2
       -0.3780402869675 bend  17   11    2
       -0.1902303620854 bend  16   11    2
       -0.4440709364089 bend  12    4    2
        0.6296396795109 bend  12    5    2
        0.0409645589943 bend  12   16    2
       -0.6016815958728 bend   8    4    2
        0.5057553781645 bend   8    5    2
        0.1666587426517 bend   8   11    2
       -0.0362421700572 bend   8   17    2
        0.1512873770340 bend   8   16    2
        0.2486753663468 bend   8   15    2
       -0.6201918147666 bend  10    4    2
        0.5786951924001 bend  10    5    2
       -0.0309858800320 bend  10   16    2
        0.0398976240844 bend  10   12    2
       -0.0000787385544 bend  10    8    2
       -0.1909043409236 bend  13   11    2
        0.0615264677047 bend  13    8    2
       -0.0070060906190 bend  13   10    2
       -0.6906883981308 bend   9    4    2
        0.6096183176038 bend   9    5    2
        0.2402645469926 bend   9   11    2
       -0.1425463421494 bend   9   17    2
        0.0552811670893 bend   9   16    2
        0.0427119394003 bend   9   12    2
       -0.0190432000180 bend   9   13    2
        0.1244247126232 bend  14    8    2
  39 k  0.0374365612112 bend   5    4    2      val=  -0.10893
        0.1529027911583 bend  11    4    2
        0.0703542773531 bend  11    5    2
       -0.3581177360478 bend  17   11    2
       -0.0122062017639 bend  16   11    2
       -0.1187216047330 bend  12    4    2
       -0.1395080045589 bend  12    5    2
        0.3696147614587 bend  12   16    2
        0.1823670933240 bend   8    4    2
        0.3541894683850 bend   8    5    2
       -0.0100943829853 bend   8   11    2
       -0.5422499290367 bend   8   17    2
       -0.1770733902309 bend   8   16    2
       -0.6898221460424 bend   8   15    2
       -0.3193602191853 bend  10    4    2
       -0.2818910878029 bend  10    5    2
        0.5152388195791 bend  10   16    2
        0.1363912712390 bend  10   12    2
        0.1219877145927 bend  10    8    2
        0.2113583961714 bend  13   11    2
       -0.0551980127436 bend  13    8    2
        0.7694741894924 bend  13   10    2
        0.0051198621332 bend   9    4    2
        0.0215847771422 bend   9    5    2
        0.1834221465747 bend   9   11    2
       -0.2142517817720 bend   9   17    2
        0.1737211310257 bend   9   16    2
       -0.2075341115718 bend   9   12    2
        0.1681426546218 bend   9   13    2
       -0.2750573450139 bend  14    8    2
  40 k  0.8010146158553 bend   5    4    2      val=  -5.63067
       -0.0499121187568 bend  11    4    2
       -0.3901155185285 bend  11    5    2
        0.0573054326056 bend  17   11    2
       -0.1180596205495 bend  16   11    2
       -0.3558370253245 bend  12    4    2
       -0.0463853722236 bend  12    5    2
       -0.0418602537428 bend  12   16    2
       -0.5559224915015 bend   8    4    2
        0.0772844782349 bend   8    5    2
        0.4690400710695 bend   8   11    2
       -0.0352169385959 bend   8   17    2
        0.2098177409106 bend   8   16    2
        0.4780208830822 bend   8   15    2
        0.1645645257333 bend  10    4    2
       -0.4738249939185 bend  10    5    2
       -0.1421579046202 bend  10   16    2
        0.4151236644661 bend  10   12    2
        0.5950851416879 bend  10    8    2
        0.1634515810195 bend  13   11    2
       -0.3316049992351 bend  13    8    2
        0.2779787826303 bend  13   10    2
        0.1156741775780 bend   9    4    2
        0.1492460671698 bend   9    5    2
       -0.1036242080340 bend   9   11    2
       -0.2032193694200 bend   9   17    2
       -0.2273377695664 bend   9   16    2
       -0.0878178429587 bend   9   12    2
       -0.3027011549513 bend   9   13    2
       -0.2092946715823 bend  14    8    2
  41 k -0.6407789389883 bend   5    4    2      val=  -5.64868
        0.1104582742730 bend  11    4    2
        0.1019201666789 bend  11    5    2
        0.2325207502646 bend  17   11    2
        0.1224728464318 bend  16   11    2
        0.1277294674061 bend  12    4    2
        0.1342343097516 bend  12    5    2
        0.1826987075594 bend  12   16    2
        0.0095089721680 bend   8    4    2
        0.3019043878965 bend   8    5    2
        0.2344540343203 bend   8   11    2
       -0.2966340705795 bend   8   17    2
       -0.0456059961984 bend   8   16    2
       -0.2200276462646 bend   8   15    2
        0.3225030881814 bend  10    4    2
        0.0288580057903 bend  10    5    2
       -0.3191347904514 bend  10   16    2
        0.1571199649460 bend  10   12    2
        0.7693089596918 bend  10    8    2
       -0.0449644589343 bend  13   11    2
       -0.8412427665728 bend  13    8    2
       -0.3006237891495 bend  13   10    2
       -0.3136013831327 bend   9    4    2
       -0.3030575497622 bend   9    5    2
        0.3129428396688 bend   9   11    2
        0.4217475174262 bend   9   17    2
        0.4430815603087 bend   9   16    2
        0.3194912005051 bend   9   12    2
       -0.2807579053128 bend   9   13    2
       -0.2049525726862 bend  14    8    2
  42 k  0.9113114354810 bend   5    4    2      val=   6.18287
       -0.1123805249540 bend  11    4    2
       -0.3102453609930 bend  11    5    2
       -0.0975818333027 bend  17   11    2
       -0.1132907238917 bend  16   11    2
       -0.3031127664614 bend  12    4    2
       -0.1447288182354 bend  12    5    2
       -0.1046535820131 bend  12   16    2
       -0.0639898540372 bend   8    4    2
        0.0814230945749 bend   8    5    2
       -0.1265669682083 bend   8   11    2
       -0.0803208251126 bend   8   17    2
       -0.1568392652535 bend   8   16    2
       -0.2348546399438 bend   8   15    2
        0.0651110349191 bend  10    4    2
       -0.0892911789020 bend  10    5    2
       -0.0551997010168 bend  10   16    2
       -0.0876702840919 bend  10   12    2
       -0.2538105154232 bend  10    8    2
       -0.1180376855470 bend  13   11    2
        0.1243497850842 bend  13    8    2
       -0.1490605125794 bend  13   10    2
       -0.4350027460080 bend   9    4    2
       -0.4013918784946 bend   9    5    2
        0.5937393198481 bend   9   11    2
        0.4621298596498 bend   9   17    2
        0.4927803653213 bend   9   16    2
        0.6001043768803 bend   9   12    2
        0.2986479825895 bend   9   13    2
        0.3544657490858 bend  14    8    2
  43 k  0.0155120542184 bend   5    4    2      val=   2.22543
        0.0960221916377 bend  11    4    2
       -0.1424216239160 bend  11    5    2
        0.1116643436341 bend  17   11    2
       -0.0178937934214 bend  16   11    2
        0.1157134849940 bend  12    4    2
       -0.0733127033852 bend  12    5    2
       -0.1221396001665 bend  12   16    2
       -0.4327868264455 bend   8    4    2
        0.2748096125807 bend   8    5    2
        0.6000950794010 bend   8   11    2
       -0.2801529007879 bend   8   17    2
        0.0141453056715 bend   8   16    2
        0.2627064117508 bend   8   15    2
       -0.2834889273463 bend  10    4    2
        0.4237913873691 bend  10    5    2
        0.2384608157976 bend  10   16    2
       -0.5275509330250 bend  10   12    2
       -0.0122514470589 bend  10    8    2
       -0.0360052649294 bend  13   11    2
        0.0075652240038 bend  13    8    2
       -0.2350478744870 bend  13   10    2
        0.3677198797189 bend   9    4    2
       -0.4038725294161 bend   9    5    2
       -0.1689706618810 bend   9   11    2
        0.2216713899050 bend   9   17    2
       -0.1644138825023 bend   9   16    2
        0.2044526039629 bend   9   12    2
        1.0187363366409 bend   9   13    2
       -0.9309607807470 bend  14    8    2
  44 k -0.0494720715795 bend   5    4    2      val=   0.21502
        0.3568594994373 bend  11    4    2
       -0.5990663811438 bend  11    5    2
        0.6314921949348 bend  17   11    2
       -0.0004415513740 bend  16   11    2
        0.4359675184429 bend  12    4    2
       -0.2244145289265 bend  12    5    2
       -0.4306943429409 bend  12   16    2
       -0.0898375348597 bend   8    4    2
        0.1320951831242 bend   8    5    2
        0.5844913840413 bend   8   11    2
       -0.3639095655113 bend   8   17    2
       -0.2835969832241 bend   8   16    2
       -0.0232059356919 bend   8   15    2
       -0.1789944789228 bend  10    4    2
        0.2195119658008 bend  10    5    2
        0.2739178270614 bend  10   16    2
       -0.4853600056761 bend  10   12    2
       -0.1135248930917 bend  10    8    2
        0.3175167961671 bend  13   11    2
        0.0754692947291 bend  13    8    2
       -0.0702268979129 bend  13   10    2
       -0.4301112580474 bend   9    4    2
        0.4729010404731 bend   9    5    2
        0.2794469772416 bend   9   11    2
       -0.3744354956159 bend   9   17    2
        0.1791088149098 bend   9   16    2
       -0.2097549579263 bend   9   12    2
       -0.3649606264183 bend   9   13    2
        0.4031259868517 bend  14    8    2
  45 k -0.1845155489170 bend   5    4    2      val=   4.24867
        0.4730641680975 bend  11    4    2
       -0.5203577195136 bend  11    5    2
        0.4571007687334 bend  17   11    2
       -0.2863549218079 bend  16   11    2
       -0.6970104866599 bend  12    4    2
        0.6172021764565 bend  12    5    2
        0.5800788712186 bend  12   16    2
        0.2982400746477 bend   8    4    2
       -0.0909930711116 bend   8    5    2
        0.2722439804295 bend   8   11    2
       -0.3086620851427 bend   8   17    2
        0.2713049191049 bend   8   16    2
       -0.2570845175459 bend   8   15    2
       -0.0290412008741 bend  10    4    2
        0.2101102057006 bend  10    5    2
       -0.4384357859961 bend  10   16    2
        0.4623104099014 bend  10   12    2
       -0.4096322588450 bend  10    8    2
        0.1561171573000 bend  13   11    2
        0.2401526784232 bend  13    8    2
       -0.2129922743477 bend  13   10    2
        0.1172027853412 bend   9    4    2
       -0.0360849968618 bend   9    5    2
        0.0533019506257 bend   9   11    2
       -0.1809260268913 bend   9   17    2
       -0.2150026513888 bend   9   16    2
        0.0781808660530 bend   9   12    2
        0.1699218986313 bend   9   13    2
        0.0443197476356 bend  14    8    2
  46 k  2.0000000000000 bend   2    1    4      val=  87.81655
  47 k  2.0000000000000 bend  12    9    8      val= 108.15662
  48 k  2.0000000000000 bend   8   10    9      val= 107.93495
  49 k  2.0000000000000 bend  11    9   10      val= 108.16113
  50 k  2.0000000000000 bend  12   10   11      val= 107.87005
  51 k  2.0000000000000 bend  11    8   12      val= 107.87629
        33 non zero eigenvalues  of BmBt
           1           2.347762065    1    0
         1
           2           2.347569683    2    0
         2
           3           2.172005425    3    0
         3
           4           2.091670162    4    0
         4
           5           2.085753290    5    0
         5
           6           2.022566195    6    0
         6
           7           1.502503519    7    0
         7
           8           1.499432124    8    0
         8
           9           1.024676365    9    0
         9
          10           1.023368169   10    0
        10
          11           0.715571479   11    0
        11
          12           0.577297896   12    0
        12
          13           0.576799751   13    0
        13
          14           0.575121836   14    0
        14
          15           0.574000540   15    0
        15
          16           5.548709756    0    0
         0.000000000         0.000000000         0.000000000         0.000000000
         0.000000000         0.000000000         0.000000000         0.000000000
         0.000000000         0.000000000         0.000000000         0.000000000
         0.000000000         0.000000000         0.000000000         0.000215581
        -0.041183150         0.032983595         0.235090653        -0.240374949
         0.014016128        -0.003883957        -0.027658419        -0.459125768
         0.431878442         0.448974745         0.045609355         0.111314527
         0.019480353         0.083077481         0.017070893        -0.117972561
        -0.005901211        -0.007601467        -0.495328771        -0.004025547
        -0.011071808        -0.003498714         0.001601413         0.010352811
        -0.003263542         0.004086381        -0.000859519        -0.000949425
        -0.004394037        -0.046615459        -0.001197340         0.016665551
         0.000741159        -0.008449445        -0.007754299
          17           1.402203246    0    0
         0.000000000         0.000000000         0.000000000         0.000000000
         0.000000000         0.000000000         0.000000000         0.000000000
         0.000000000         0.000000000         0.000000000         0.000000000
         0.000000000         0.000000000         0.000000000         0.055447285
         0.350950642         0.030847953        -0.335291576         0.263812478
        -0.402475470         0.059739998        -0.059937807        -0.222705897
         0.056317811         0.067736754        -0.175547638        -0.008685159
        -0.108620916         0.153409515         0.147705771         0.086300989
        -0.030358244         0.517635250        -0.031685358        -0.034541931
        -0.006896606        -0.043084328         0.026099385         0.021476677
         0.061226372         0.066643593        -0.115282719        -0.001634086
        -0.050953167         0.018471099         0.119812138        -0.098226564
        -0.178933372         0.109241519         0.048046135
          18           1.397953758    0    0
         0.000000000         0.000000000         0.000000000         0.000000000
         0.000000000         0.000000000         0.000000000         0.000000000
         0.000000000         0.000000000         0.000000000         0.000000000
         0.000000000         0.000000000         0.000000000        -0.060427108
        -0.018399636        -0.359583533        -0.253954161         0.347231628
         0.390169532         0.065864238        -0.053927868        -0.199808643
         0.052801089         0.049003401        -0.189414885         0.157003057
         0.136199903        -0.010759586        -0.098790576         0.080052930
         0.528495536        -0.049006883        -0.033544505         0.016395423
        -0.054300423         0.027175324        -0.008645697         0.022061328
         0.068305072         0.061826714         0.110038511        -0.025457957
        -0.053669746         0.014159196        -0.187462692        -0.087432032
         0.107636970         0.054980838         0.112343382
          19           1.287658550    0    0
         0.000000000         0.000000000         0.000000000         0.000000000
         0.000000000         0.000000000         0.000000000         0.000000000
         0.000000000         0.000000000         0.000000000         0.000000000
         0.000000000         0.000000000         0.000000000         0.005785609
         0.076560692        -0.061910379         0.018117274        -0.031625050
        -0.001336380         0.777558219         0.119415070         0.383575780
         0.102449522         0.099590799         0.139344013         0.042245300
        -0.053204904         0.036489376        -0.046561309        -0.018388794
         0.055020289         0.062194519        -0.115540194        -0.041771785
        -0.115599494        -0.040423515         0.016353439         0.217490325
        -0.071730641         0.169634590         0.001609157        -0.001794440
         0.005120163        -0.236544184        -0.006066470         0.009673726
        -0.004119827        -0.005227527         0.005760759
          20           1.259845354    0    0
         0.000000000         0.000000000         0.000000000         0.000000000
         0.000000000         0.000000000         0.000000000         0.000000000
         0.000000000         0.000000000         0.000000000         0.000000000
         0.000000000         0.000000000         0.000000000         0.040131544
         0.181165658         0.188614555        -0.136435824        -0.147800298
        -0.110048572        -0.002816194        -0.001133433        -0.003632778
         0.154598612        -0.157035654        -0.013903377         0.034176176
        -0.414280404        -0.033874842         0.442249797        -0.005052116
         0.311348762        -0.335169758         0.000630635        -0.070700317
         0.032606928        -0.029585989         0.188983168        -0.027540646
        -0.014159579         0.004188390         0.056465503        -0.034682426
         0.006727398         0.001282812        -0.092126260         0.007485700
         0.085542552        -0.305191402         0.304541717
          21           1.248380453    0    0
         0.000000000         0.000000000         0.000000000         0.000000000
         0.000000000         0.000000000         0.000000000         0.000000000
         0.000000000         0.000000000         0.000000000         0.000000000
         0.000000000         0.000000000         0.000000000         0.004614108
        -0.008590663         0.009369210        -0.018713326         0.018089768
        -0.000628368        -0.103578885        -0.025085397        -0.078379300
         0.011586826         0.004015074         0.506652653        -0.101091823
        -0.473975131        -0.105709552        -0.452518970         0.136034550
         0.199124841         0.163019987        -0.003043551        -0.029199267
        -0.101389228        -0.035944974        -0.001698319        -0.050428038
         0.112722997         0.022255500        -0.000018283         0.016034630
         0.113741049         0.037452410         0.186805291        -0.253940619
         0.196577361        -0.071932191        -0.057115793
          22           1.038261365    0    0
         0.000000000         0.000000000         0.000000000         0.000000000
         0.000000000         0.000000000         0.000000000         0.000000000
         0.000000000         0.000000000         0.000000000         0.000000000
         0.000000000         0.000000000         0.000000000         0.014334845
         0.157283904        -0.094426865         0.021029226        -0.122139458
         0.061013264         0.283108970        -0.177681473        -0.471954779
        -0.213901835        -0.294326214        -0.190063234        -0.059854392
        -0.240542655        -0.104652425        -0.318874209        -0.245181146
        -0.260342440        -0.129925962         0.042621201        -0.106780140
        -0.167443271        -0.058470086        -0.016257546         0.088516622
        -0.075503923         0.004890966        -0.003380884         0.017371456
        -0.009647839         0.065005136        -0.154410363         0.138637560
        -0.088087088        -0.002551870         0.106206415
          23           1.023259948    0    0
         0.000000000         0.000000000         0.000000000         0.000000000
         0.000000000         0.000000000         0.000000000         0.000000000
         0.000000000         0.000000000         0.000000000         0.000000000
         0.000000000         0.000000000         0.000000000        -0.025149396
        -0.133449295        -0.177781235         0.271816900         0.229009080
        -0.299850777         0.064717844        -0.031928330        -0.084090424
        -0.247811096         0.154913857        -0.031563624        -0.155181454
        -0.249296348         0.123160400         0.142798201        -0.058599017
         0.260992395        -0.355870692         0.006902848         0.219476817
        -0.101803144        -0.047165652         0.101133398        -0.005670414
        -0.032743669         0.010259974         0.001731223        -0.111443158
         0.015585937         0.008881920         0.153564510         0.034874276
        -0.205260610         0.293686168        -0.277261908
          24           0.960126982    0    0
         0.000000000         0.000000000         0.000000000         0.000000000
         0.000000000         0.000000000         0.000000000         0.000000000
         0.000000000         0.000000000         0.000000000         0.000000000
         0.000000000         0.000000000         0.000000000        -0.003554456
        -0.266375971         0.262361627        -0.109774922         0.115893279
         0.004335763         0.281179989        -0.095527886        -0.239136089
         0.014206497         0.020700318        -0.215129498        -0.272473644
         0.127973406        -0.279725272         0.115190969         0.240938172
        -0.138475640        -0.151751077         0.006175228         0.014998136
         0.076022565         0.030628684        -0.024041986        -0.055109884
        -0.152684832         0.177696583         0.006888854        -0.000967241
        -0.032571773         0.010247612         0.279326844        -0.325518618
         0.284703950        -0.115467652        -0.122266123
          25           0.785075470    0    0
         0.000000000         0.000000000         0.000000000         0.000000000
         0.000000000         0.000000000         0.000000000         0.000000000
         0.000000000         0.000000000         0.000000000         0.000000000
         0.000000000         0.000000000         0.000000000        -0.018353799
        -0.087011007         0.064920718         0.128290757        -0.135424313
         0.001429516         0.200307659        -0.193826055        -0.363131515
        -0.163018061        -0.185634772         0.457381227         0.193682735
         0.253787592         0.222900665         0.251229067         0.272987414
         0.142714034         0.135843875         0.241766384         0.044231282
         0.089241243         0.043601348         0.018656932         0.182848016
        -0.014796011         0.042647787         0.011886023         0.012956386
         0.063689335         0.120128347        -0.029594658         0.127187274
        -0.024979925        -0.037881498        -0.034985028
          26           0.699095544    0    0
         0.000000000         0.000000000         0.000000000         0.000000000
         0.000000000         0.000000000         0.000000000         0.000000000
         0.000000000         0.000000000         0.000000000         0.000000000
         0.000000000         0.000000000         0.000000000        -0.685174888
        -0.153499952        -0.173226538        -0.151423458        -0.148593160
        -0.188422813         0.004015081         0.003899470         0.005630844
         0.059272781        -0.053743758        -0.008709853        -0.010792787
        -0.060243441        -0.010895851         0.028814278        -0.016619659
        -0.060312424         0.049778380        -0.009490771         0.099491399
        -0.186099200         0.568100316         0.048499733        -0.005723082
         0.000470673         0.000494312        -0.000283378         0.066896950
        -0.011147124        -0.004405900         0.005259979        -0.002230953
        -0.005417732        -0.045618024         0.048163152
          27           0.553547727    0    0
         0.000000000         0.000000000         0.000000000         0.000000000
         0.000000000         0.000000000         0.000000000         0.000000000
         0.000000000         0.000000000         0.000000000         0.000000000
         0.000000000         0.000000000         0.000000000         0.056073507
        -0.172890580        -0.182710462        -0.007325959         0.013366802
         0.221562204        -0.001661540         0.000722373         0.000944761
         0.352711952        -0.302177886         0.000090568        -0.576614396
        -0.075686967         0.548068758         0.080276786        -0.018912149
        -0.072282290         0.064740402        -0.002338838         0.023717260
         0.002355755        -0.058396890        -0.046190867         0.002708903
         0.006165635        -0.000525094         0.055209941         0.019927003
        -0.007517199        -0.000325332         0.040170500        -0.001996785
        -0.033955510        -0.027469678         0.023191358
          28           0.513171848    0    0
         0.000000000         0.000000000         0.000000000         0.000000000
         0.000000000         0.000000000         0.000000000         0.000000000
         0.000000000         0.000000000         0.000000000         0.000000000
         0.000000000         0.000000000         0.000000000        -0.262222168
         0.396520322         0.396216307         0.286188287         0.291308226
         0.472011822         0.002764328        -0.000606871        -0.000865377
        -0.156372197         0.150793792         0.011241201        -0.126720484
        -0.113067457         0.127539798         0.105070868        -0.010200458
        -0.034035013         0.030681720        -0.002774871        -0.141396700
        -0.013167358         0.268913803        -0.054276781         0.009937636
         0.004103848        -0.004149067         0.010912789        -0.134849479
         0.023197557        -0.000028073         0.059915104         0.003118624
        -0.060861689         0.004303254        -0.007384304
          29           0.457207467    0    0
         0.000000000         0.000000000         0.000000000         0.000000000
         0.000000000         0.000000000         0.000000000         0.000000000
         0.000000000         0.000000000         0.000000000         0.000000000
         0.000000000         0.000000000         0.000000000        -0.003296428
        -0.026125489         0.013733093         0.214056850        -0.265089863
         0.018373250        -0.025920336         0.081175228         0.066281902
        -0.189153540        -0.132171950        -0.370017375         0.145134839
        -0.153770734         0.219841316        -0.133058336         0.673946940
         0.041409520         0.046770202        -0.250784730        -0.036157370
        -0.078690500        -0.021352096        -0.002288518        -0.058425097
        -0.070271201        -0.070716667         0.003325938         0.003247266
        -0.019078044        -0.077425661        -0.025987475        -0.090094354
        -0.034628252         0.074241884         0.077012216
          30           0.424712577    0    0
         0.000000000         0.000000000         0.000000000         0.000000000
         0.000000000         0.000000000         0.000000000         0.000000000
         0.000000000         0.000000000         0.000000000         0.000000000
         0.000000000         0.000000000         0.000000000        -0.042119626
         0.012385522         0.030291296         0.404843493         0.370620430
        -0.098277658         0.002027135         0.006938993         0.004497068
         0.481463306        -0.506540862        -0.027447352         0.286392819
        -0.018770315        -0.240371162        -0.010344586         0.039269333
        -0.033431466         0.032051501        -0.022496440         0.128788680
        -0.045543169         0.018256399        -0.088920932        -0.000111941
        -0.011105792        -0.002554068        -0.086903505        -0.106863384
         0.013736771        -0.007717021         0.034991761        -0.006079027
        -0.037668473         0.048063771        -0.036458631
          31           0.374855142    0    0
         0.000000000         0.000000000         0.000000000         0.000000000
         0.000000000         0.000000000         0.000000000         0.000000000
         0.000000000         0.000000000         0.000000000         0.000000000
         0.000000000         0.000000000         0.000000000         0.001530965
        -0.322395239         0.309686319        -0.132207639         0.111229324
         0.001139973         0.034073659         0.024924999         0.009105545
        -0.168508627        -0.160082518        -0.067067531         0.440281185
        -0.092817152         0.464607908        -0.093768892        -0.392102939
         0.005787370         0.004001480        -0.119123509        -0.003183264
         0.028408208         0.011989456        -0.035950372        -0.184303023
        -0.046625081         0.165369501         0.003661730         0.017611536
         0.044181604        -0.034598962         0.098219217        -0.157366290
         0.100747502        -0.024771042        -0.020657185
          32           0.247226772    0    0
         0.000000000         0.000000000         0.000000000         0.000000000
         0.000000000         0.000000000         0.000000000         0.000000000
         0.000000000         0.000000000         0.000000000         0.000000000
         0.000000000         0.000000000         0.000000000        -0.013241304
         0.039500298        -0.029921435        -0.098828431         0.096632106
        -0.001208268        -0.002339417        -0.048574006        -0.006090832
         0.316928894         0.322196723        -0.006345061         0.254213726
        -0.099754662         0.250257178        -0.110838237         0.228310486
        -0.256120235        -0.261781873         0.525905146        -0.101582897
        -0.275510272        -0.072233724        -0.028236166        -0.111660035
        -0.202641991        -0.027009959        -0.003595057        -0.003029293
        -0.017421750         0.055919545         0.013677495         0.063516450
         0.019659185        -0.048073777        -0.048728150
          33           0.015268617    0    0
         0.000000000         0.000000000         0.000000000         0.000000000
         0.000000000         0.000000000         0.000000000         0.000000000
         0.000000000         0.000000000         0.000000000         0.000000000
         0.000000000         0.000000000         0.000000000         0.003568454
        -0.023008139         0.019463197         0.045308199        -0.043624312
         0.001124181         0.286713510        -0.504145302         0.250746405
         0.078677220         0.081731835        -0.071558088         0.016198802
        -0.039209340         0.012220820        -0.035814085        -0.010795961
         0.034441616         0.038899953        -0.088771112         0.044463271
         0.133455830         0.036872445        -0.015896748        -0.315621491
         0.186668815        -0.285804170        -0.007814293         0.005199712
         0.008863180         0.569145248        -0.019287219        -0.012601620
        -0.020419025         0.024958570         0.027434276
$end
