$energy      SCF               SCFKIN            SCFPOT
     1 -2512.149800682      2402.919360748     -4915.069161430
     2 -2512.149800781      2402.919351819     -4915.069152600
     3 -2512.153165178      2402.938505327     -4915.091670504
     4 -2512.153431146      2402.949876889     -4915.103308035
     5 -2512.153462967      2402.955123213     -4915.108586180
     6 -2512.153494414      2402.977987124     -4915.131481539
     7 -2512.153499238      2402.983664768     -4915.137164006
     8 -2512.153499307      2402.985615773     -4915.139115079
     9 -2512.153500098      2402.986029576     -4915.139529675
    10 -2512.153504338      2402.984412931     -4915.137917269
    11 -2512.153506315      2402.983652400     -4915.137158715
    12 -2512.153506572      2402.983197228     -4915.136703799
    13 -2512.153506612      2402.982905003     -4915.136411614
$end
