$grad          cartesian gradients
  cycle =      2    SCF energy =    -2512.1498007810   |dE/dxyz| =  0.015598
    0.00000000000000      0.00000000000000      0.00000000000000      mo
    0.00000000000000      0.00000000000000     -6.31029506600304      y
    0.00000000000000      0.00000000000000      6.31029506600304      y
    3.41901633054344      0.04316479837579     -2.47293646139909      s
   -3.41901633054344     -0.04316479837579     -2.47293646139909      s
    0.04316479837579     -3.41901633054344      2.47293646139909      s
   -0.04316479837579      3.41901633054344      2.47293646139909      s
    2.26712305288615     -4.26433415528763     -7.64814120002259      c
    0.18435492467763     -5.01232035127496     -6.12713877903538      c
   -2.06754147883880     -4.42136019068571     -7.46013164413222      c
   -1.38260798926773     -3.29703534033116     -9.80385603494477      c
    1.30417248773782     -3.20388864238103     -9.92182755971191      c
    2.06754147883880      4.42136019068571     -7.46013164413222      c
   -0.18435492467763      5.01232035127496     -6.12713877903538      c
   -2.26712305288615      4.26433415528763     -7.64814120002259      c
   -1.30417248773782      3.20388864238103     -9.92182755971191      c
    1.38260798926773      3.29703534033116     -9.80385603494477      c
    4.26433415528763      2.26712305288615      7.64814120002259      c
    3.20388864238103      1.30417248773782      9.92182755971191      c
    3.29703534033116     -1.38260798926773      9.80385603494477      c
    4.42136019068571     -2.06754147883880      7.46013164413222      c
    5.01232035127496      0.18435492467763      6.12713877903538      c
   -4.42136019068571      2.06754147883880      7.46013164413222      c
   -3.29703534033116      1.38260798926773      9.80385603494477      c
   -3.20388864238103     -1.30417248773782      9.92182755971191      c
   -4.26433415528763     -2.26712305288615      7.64814120002259      c
   -5.01232035127496     -0.18435492467763      6.12713877903538      c
   -3.98601202017298     -4.74244700819340     -6.77763841154308      h
   -2.68293917920579     -2.65449470642828    -11.26986996225023      h
    0.29418024074078     -5.81593013418812     -4.23236959182905      h
    2.42303854755218     -2.47227609628816    -11.49183196944029      h
    4.25585463213698     -4.44880302795869     -7.13612555585953      h
    2.68293917920579      2.65449470642828    -11.26986996225023      h
    3.98601202017298      4.74244700819340     -6.77763841154308      h
   -0.29418024074078      5.81593013418812     -4.23236959182905      h
   -4.25585463213698      4.44880302795869     -7.13612555585953      h
   -2.42303854755218      2.47227609628816    -11.49183196944029      h
   -4.44880302795869     -4.25585463213698      7.13612555585953      h
   -5.81593013418812     -0.29418024074078      4.23236959182905      h
   -4.74244700819340      3.98601202017298      6.77763841154308      h
   -2.65449470642828      2.68293917920579     11.26986996225023      h
   -2.47227609628816     -2.42303854755218     11.49183196944029      h
    2.47227609628816      2.42303854755218     11.49183196944029      h
    4.44880302795869      4.25585463213698      7.13612555585953      h
    5.81593013418812      0.29418024074078      4.23236959182905      h
    2.65449470642828     -2.68293917920579     11.26986996225023      h
    4.74244700819340     -3.98601202017298      6.77763841154308      h
  0.00000000000000D+00  0.00000000000000D+00  0.00000000000000D+00
  0.00000000000000D+00  0.00000000000000D+00  0.50790199663351D-02
  0.00000000000000D+00  0.00000000000000D+00  -.50790199663351D-02
  0.32002637785649D-02  0.10006287287218D-03  0.53938058042187D-02
  -.32002637785649D-02  -.10006287287384D-03  0.53938058042187D-02
  0.10006287287295D-03  -.32002637785649D-02  -.53938058042187D-02
  -.10006287287417D-03  0.32002637785649D-02  -.53938058042187D-02
  0.94144516308425D-03  -.30414080919638D-04  0.86755276753436D-03
  -.26535130587479D-04  -.53968935053539D-03  0.39320897986439D-03
  -.73185035014589D-03  -.50033430198937D-04  0.84496771195886D-03
  0.12193595607402D-03  0.27710943016057D-03  -.67636857207987D-03
  -.26941102631195D-03  0.29434915922844D-03  -.82927929250243D-03
  0.73185035014589D-03  0.50033430200158D-04  0.84496771195886D-03
  0.26535130587202D-04  0.53968935053539D-03  0.39320897986439D-03
  -.94144516308425D-03  0.30414080918306D-04  0.86755276753436D-03
  0.26941102631284D-03  -.29434915922932D-03  -.82927929250243D-03
  -.12193595607357D-03  -.27710943016013D-03  -.67636857207987D-03
  0.30414080918306D-04  0.94144516308425D-03  -.86755276753436D-03
  -.29434915922932D-03  -.26941102631284D-03  0.82927929250243D-03
  -.27710943015968D-03  0.12193595607357D-03  0.67636857207987D-03
  0.50033430200158D-04  -.73185035014589D-03  -.84496771195886D-03
  0.53968935053539D-03  -.26535130587202D-04  -.39320897986439D-03
  -.50033430198937D-04  0.73185035014589D-03  -.84496771195886D-03
  0.27710943016057D-03  -.12193595607402D-03  0.67636857207987D-03
  0.29434915922844D-03  0.26941102631195D-03  0.82927929250243D-03
  -.30414080919638D-04  -.94144516308425D-03  -.86755276753436D-03
  -.53968935053539D-03  0.26535130587424D-04  -.39320897986439D-03
  -.88414020462357D-03  -.27754064694607D-03  0.12156672593155D-03
  -.50494688166580D-03  0.24069058804876D-03  -.58364029314184D-03
  0.19808427223600D-04  -.44319648344260D-03  0.80484200460784D-03
  0.44907019904405D-03  0.28196875571918D-03  -.62720013738993D-03
  0.86835904260285D-03  -.21000354512130D-03  0.54970536224164D-04
  0.50494688166580D-03  -.24069058804832D-03  -.58364029314184D-03
  0.88414020462357D-03  0.27754064694696D-03  0.12156672593155D-03
  -.19808427224044D-04  0.44319648344260D-03  0.80484200460784D-03
  -.86835904260285D-03  0.21000354512024D-03  0.54970536224164D-04
  -.44907019904317D-03  -.28196875571962D-03  -.62720013738993D-03
  -.21000354512124D-03  -.86835904260285D-03  -.54970536224164D-04
  -.44319648344260D-03  -.19808427223600D-04  -.80484200460784D-03
  -.27754064694596D-03  0.88414020462357D-03  -.12156672593155D-03
  0.24069058804876D-03  0.50494688166580D-03  0.58364029314184D-03
  0.28196875571918D-03  -.44907019904361D-03  0.62720013738993D-03
  -.28196875571962D-03  0.44907019904361D-03  0.62720013738993D-03
  0.21000354512024D-03  0.86835904260285D-03  -.54970536224164D-04
  0.44319648344260D-03  0.19808427224044D-04  -.80484200460784D-03
  -.24069058804832D-03  -.50494688166580D-03  0.58364029314184D-03
  0.27754064694696D-03  -.88414020462357D-03  -.12156672593155D-03
  cycle =      3    SCF energy =    -2512.1531651780   |dE/dxyz| =  0.006455
    0.00000000000000      0.00000000000000      0.00000000000000      mo
    0.00000000000000      0.00000000000000     -6.47684240618068      y
    0.00000000000000      0.00000000000000      6.47684240618068      y
    3.35152009103843      0.04230728562233     -2.58299071435329      s
   -3.35152009103843     -0.04230728562233     -2.58299071435329      s
    0.04230728562233     -3.35152009103843      2.58299071435329      s
   -0.04230728562233      3.35152009103843      2.58299071435329      s
    2.26645401842684     -4.26477287001023     -7.81282934475669      c
    0.18428513806687     -5.01148495918380     -6.29304314134978      c
   -2.06703178770587     -4.42165130572294     -7.62481766572240      c
   -1.38199802664682     -3.30104899405107     -9.96694735948466      c
    1.30365490022602     -3.20821193568730    -10.08477331216227      c
    2.06703178770587      4.42165130572294     -7.62481766572240      c
   -0.18428513806687      5.01148495918380     -6.29304314134978      c
   -2.26645401842684      4.26477287001023     -7.81282934475669      c
   -1.30365490022602      3.20821193568730    -10.08477331216227      c
    1.38199802664682      3.30104899405107     -9.96694735948466      c
    4.26477287001023      2.26645401842684      7.81282934475669      c
    3.20821193568730      1.30365490022602     10.08477331216227      c
    3.30104899405107     -1.38199802664682      9.96694735948466      c
    4.42165130572294     -2.06703178770587      7.62481766572240      c
    5.01148495918380      0.18428513806687      6.29304314134978      c
   -4.42165130572294      2.06703178770587      7.62481766572240      c
   -3.30104899405107      1.38199802664682      9.96694735948466      c
   -3.20821193568730     -1.30365490022602     10.08477331216227      c
   -4.26477287001023     -2.26645401842684      7.81282934475669      c
   -5.01148495918380     -0.18428513806687      6.29304314134978      c
   -3.98341637990586     -4.73913582091423     -6.94076345245846      h
   -2.68090750033677     -2.66046391779336    -11.43258837732981      h
    0.29418786130937     -5.81248317107128     -4.39934392883573      h
    2.42127779504235     -2.47892966449647    -11.65438699463599      h
    4.25314328168154     -4.44600633935398     -7.29939523397944      h
    2.68090750033677      2.66046391779336    -11.43258837732981      h
    3.98341637990586      4.73913582091423     -6.94076345245846      h
   -0.29418786130937      5.81248317107128     -4.39934392883573      h
   -4.25314328168154      4.44600633935398     -7.29939523397944      h
   -2.42127779504235      2.47892966449647    -11.65438699463599      h
   -4.44600633935398     -4.25314328168154      7.29939523397944      h
   -5.81248317107128     -0.29418786130937      4.39934392883573      h
   -4.73913582091423      3.98341637990586      6.94076345245846      h
   -2.66046391779336      2.68090750033677     11.43258837732981      h
   -2.47892966449647     -2.42127779504235     11.65438699463599      h
    2.47892966449647      2.42127779504235     11.65438699463599      h
    4.44600633935398      4.25314328168154      7.29939523397944      h
    5.81248317107128      0.29418786130937      4.39934392883573      h
    2.66046391779336     -2.68090750033677     11.43258837732981      h
    4.73913582091423     -3.98341637990586      6.94076345245846      h
  0.00000000000000D+00  0.00000000000000D+00  0.00000000000000D+00
  0.00000000000000D+00  0.00000000000000D+00  -.10871889108821D-02
  0.00000000000000D+00  0.00000000000000D+00  0.10871889108821D-02
  0.15976089022738D-02  0.70088796983891D-04  0.23159711697516D-02
  -.15976089022738D-02  -.70088796985446D-04  0.23159711697516D-02
  0.70088796984613D-04  -.15976089022738D-02  -.23159711697516D-02
  -.70088796985834D-04  0.15976089022738D-02  -.23159711697516D-02
  0.87861054652283D-03  0.15996634616622D-03  0.20114106186853D-03
  -.21962530789010D-04  -.39730353474310D-03  -.10486774148966D-03
  -.78538368975511D-03  0.95483586878609D-04  0.18975020352840D-03
  0.31507780403839D-04  -.15431157621881D-03  0.61382552649647D-04
  -.88246608041853D-04  -.20670547711266D-03  0.20330781191902D-05
  0.78538368975511D-03  -.95483586877498D-04  0.18975020352840D-03
  0.21962530788733D-04  0.39730353474299D-03  -.10486774148966D-03
  -.87861054652283D-03  -.15996634616755D-03  0.20114106186853D-03
  0.88246608042741D-04  0.20670547711177D-03  0.20330781191902D-05
  -.31507780402951D-04  0.15431157621970D-03  0.61382552649647D-04
  -.15996634616766D-03  0.87861054652283D-03  -.20114106186853D-03
  0.20670547711177D-03  -.88246608042741D-04  -.20330781191902D-05
  0.15431157621970D-03  0.31507780402951D-04  -.61382552649647D-04
  -.95483586877498D-04  -.78538368975511D-03  -.18975020352840D-03
  0.39730353474310D-03  -.21962530788733D-04  0.10486774148966D-03
  0.95483586878720D-04  0.78538368975511D-03  -.18975020352840D-03
  -.15431157621881D-03  -.31507780403839D-04  -.61382552649647D-04
  -.20670547711266D-03  0.88246608041853D-04  -.20330781191902D-05
  0.15996634616633D-03  -.87861054652283D-03  -.20114106186853D-03
  -.39730353474310D-03  0.21962530789010D-04  0.10486774148966D-03
  -.16285885439649D-03  -.47432252247348D-04  -.83068666351105D-04
  -.11869250990726D-03  0.29905141135433D-04  -.75021921237983D-04
  -.97987019606061D-05  -.16283315126686D-03  0.14862685311368D-03
  0.11178743865070D-03  0.33442676641293D-04  -.81247754025071D-04
  0.15181803526421D-03  -.32287800660780D-04  -.76492028913466D-04
  0.11869250990726D-03  -.29905141134989D-04  -.75021921237983D-04
  0.16285885439649D-03  0.47432252248236D-04  -.83068666351105D-04
  0.97987019601620D-05  0.16283315126686D-03  0.14862685311368D-03
  -.15181803526421D-03  0.32287800659780D-04  -.76492028913466D-04
  -.11178743864981D-03  -.33442676641737D-04  -.81247754025071D-04
  -.32287800660780D-04  -.15181803526421D-03  0.76492028913466D-04
  -.16283315126686D-03  0.97987019606061D-05  -.14862685311368D-03
  -.47432252247348D-04  0.16285885439649D-03  0.83068666351105D-04
  0.29905141135433D-04  0.11869250990726D-03  0.75021921237983D-04
  0.33442676641293D-04  -.11178743865026D-03  0.81247754025071D-04
  -.33442676641737D-04  0.11178743865026D-03  0.81247754025071D-04
  0.32287800659780D-04  0.15181803526421D-03  0.76492028913466D-04
  0.16283315126686D-03  -.97987019601620D-05  -.14862685311368D-03
  -.29905141134989D-04  -.11869250990726D-03  0.75021921237983D-04
  0.47432252248236D-04  -.16285885439649D-03  0.83068666351105D-04
  cycle =      4    SCF energy =    -2512.1534311460   |dE/dxyz| =  0.004749
    0.00000000000000      0.00000000000000      0.00000000000000      mo
    0.00000000000000      0.00000000000000     -6.52405279981229      y
    0.00000000000000      0.00000000000000      6.52405279981229      y
    3.32988211741847      0.04169883103199     -2.61701753042852      s
   -3.32988211741847     -0.04169883103199     -2.61701753042852      s
    0.04169883103199     -3.32988211741847      2.61701753042852      s
   -0.04169883103199      3.32988211741847      2.61701753042852      s
    2.26506603697516     -4.26536253717041     -7.86019937869161      c
    0.18429749325219     -5.01010852595392     -6.33912788392148      c
   -2.06576976571503     -4.42203550303746     -7.67211040811374      c
   -1.38165675197261     -3.30127636174374    -10.01398265900748      c
    1.30333260896467     -3.20830062832754    -10.13172993043430      c
    2.06576976571503      4.42203550303746     -7.67211040811374      c
   -0.18429749325219      5.01010852595392     -6.33912788392148      c
   -2.26506603697516      4.26536253717041     -7.86019937869161      c
   -1.30333260896467      3.20830062832754    -10.13172993043430      c
    1.38165675197261      3.30127636174374    -10.01398265900748      c
    4.26536253717041      2.26506603697516      7.86019937869161      c
    3.20830062832754      1.30333260896467     10.13172993043430      c
    3.30127636174374     -1.38165675197261     10.01398265900748      c
    4.42203550303746     -2.06576976571503      7.67211040811374      c
    5.01010852595392      0.18429749325219      6.33912788392148      c
   -4.42203550303746      2.06576976571503      7.67211040811374      c
   -3.30127636174374      1.38165675197261     10.01398265900748      c
   -3.20830062832754     -1.30333260896467     10.13172993043430      c
   -4.26536253717041     -2.26506603697516      7.86019937869161      c
   -5.01010852595392     -0.18429749325219      6.33912788392148      c
   -3.98151759468798     -4.73838240637544     -6.98687576152410      h
   -2.68032457707716     -2.66095854624708    -11.47939713979186      h
    0.29436560326205     -5.80811673159285     -4.44480646580970      h
    2.42074546161854     -2.47918757849601    -11.70106416524816      h
    4.25120562676999     -4.44582634099445     -7.34586442870900      h
    2.68032457707716      2.66095854624708    -11.47939713979186      h
    3.98151759468798      4.73838240637544     -6.98687576152410      h
   -0.29436560326205      5.80811673159285     -4.44480646580970      h
   -4.25120562676999      4.44582634099445     -7.34586442870900      h
   -2.42074546161854      2.47918757849601    -11.70106416524816      h
   -4.44582634099445     -4.25120562676999      7.34586442870900      h
   -5.80811673159285     -0.29436560326205      4.44480646580970      h
   -4.73838240637544      3.98151759468798      6.98687576152410      h
   -2.66095854624708      2.68032457707716     11.47939713979186      h
   -2.47918757849601     -2.42074546161854     11.70106416524816      h
    2.47918757849601      2.42074546161854     11.70106416524816      h
    4.44582634099445      4.25120562676999      7.34586442870900      h
    5.80811673159285      0.29436560326205      4.44480646580970      h
    2.66095854624708     -2.68032457707716     11.47939713979186      h
    4.73838240637544     -3.98151759468798      6.98687576152410      h
  0.00000000000000D+00  0.00000000000000D+00  0.00000000000000D+00
  0.00000000000000D+00  0.00000000000000D+00  -.24284982750897D-02
  0.00000000000000D+00  0.00000000000000D+00  0.24284982750897D-02
  0.89861353293230D-03  0.58887363970472D-04  0.12073449397323D-02
  -.89861353293230D-03  -.58887363972027D-04  0.12073449397323D-02
  0.58887363971194D-04  -.89861353293230D-03  -.12073449397323D-02
  -.58887363972415D-04  0.89861353293230D-03  -.12073449397323D-02
  0.34291185825186D-03  0.31525284041045D-05  0.24035812009160D-04
  -.14629752850881D-04  -.28648503581896D-03  0.32633699241558D-04
  -.31153546252050D-03  -.36866813886482D-04  0.10903139753715D-04
  0.13056247915699D-03  -.13429955445510D-03  0.93241119746068D-04
  -.14310439367415D-03  -.17961507180697D-03  0.91754224682550D-04
  0.31153546252050D-03  0.36866813887593D-04  0.10903139753715D-04
  0.14629752850603D-04  0.28648503581885D-03  0.32633699241558D-04
  -.34291185825186D-03  -.31525284054368D-05  0.24035812009160D-04
  0.14310439367504D-03  0.17961507180608D-03  0.91754224682550D-04
  -.13056247915610D-03  0.13429955445599D-03  0.93241119746068D-04
  -.31525284054368D-05  0.34291185825186D-03  -.24035812009160D-04
  0.17961507180608D-03  -.14310439367504D-03  -.91754224682550D-04
  0.13429955445599D-03  0.13056247915610D-03  -.93241119746068D-04
  0.36866813887593D-04  -.31153546252050D-03  -.10903139753715D-04
  0.28648503581896D-03  -.14629752850603D-04  -.32633699241558D-04
  -.36866813886371D-04  0.31153546252050D-03  -.10903139753715D-04
  -.13429955445510D-03  -.13056247915699D-03  -.93241119746068D-04
  -.17961507180697D-03  0.14310439367415D-03  -.91754224682550D-04
  0.31525284042155D-05  -.34291185825186D-03  -.24035812009160D-04
  -.28648503581896D-03  0.14629752850825D-04  -.32633699241558D-04
  0.22671359560800D-04  -.10606829753734D-04  -.80574560566760D-04
  -.84560245023901D-05  0.65576813821355D-05  0.15044243772966D-04
  -.13816553887158D-04  -.32208986291860D-04  0.58510118976507D-05
  0.14389853870700D-04  0.10424249833774D-04  0.16186546089703D-04
  -.32601008572275D-04  -.12979922874301D-04  -.68655243665616D-04
  0.84560245023901D-05  -.65576813816914D-05  0.15044243772966D-04
  -.22671359560800D-04  0.10606829754511D-04  -.80574560566760D-04
  0.13816553886714D-04  0.32208986291860D-04  0.58510118976507D-05
  0.32601008572275D-04  0.12979922873302D-04  -.68655243665616D-04
  -.14389853870034D-04  -.10424249834218D-04  0.16186546089703D-04
  -.12979922874301D-04  0.32601008572275D-04  0.68655243665616D-04
  -.32208986291860D-04  0.13816553887158D-04  -.58510118976507D-05
  -.10606829753623D-04  -.22671359560800D-04  0.80574560566760D-04
  0.65576813821355D-05  0.84560245023901D-05  -.15044243772966D-04
  0.10424249833774D-04  -.14389853870700D-04  -.16186546089703D-04
  -.10424249834218D-04  0.14389853870478D-04  -.16186546089703D-04
  0.12979922873302D-04  -.32601008572275D-04  0.68655243665616D-04
  0.32208986291860D-04  -.13816553886714D-04  -.58510118976507D-05
  -.65576813816914D-05  -.84560245023901D-05  -.15044243772966D-04
  0.10606829754622D-04  0.22671359560800D-04  0.80574560566760D-04
  cycle =      5    SCF energy =    -2512.1534629670   |dE/dxyz| =  0.003816
    0.00000000000000      0.00000000000000      0.00000000000000      mo
    0.00000000000000      0.00000000000000     -6.52730684818081      y
    0.00000000000000      0.00000000000000      6.52730684818081      y
    3.32579948163282      0.04108144138209     -2.62340729771243      s
   -3.32579948163282     -0.04108144138209     -2.62340729771243      s
    0.04108144138209     -3.32579948163282      2.62340729771243      s
   -0.04108144138209      3.32579948163282      2.62340729771243      s
    2.26444678994570     -4.26506108016194     -7.86426527093284      c
    0.18434842576690     -5.00887055547518     -6.34241631015893      c
   -2.06522209205988     -4.42161489986658     -7.67605569341449      c
   -1.38168816343878     -3.30033241245703    -10.01804401114840      c
    1.30332686599892     -3.20718868279072    -10.13577462516037      c
    2.06522209205988      4.42161489986658     -7.67605569341449      c
   -0.18434842576690      5.00887055547518     -6.34241631015893      c
   -2.26444678994570      4.26506108016194     -7.86426527093284      c
   -1.30332686599892      3.20718868279072    -10.13577462516037      c
    1.38168816343878      3.30033241245703    -10.01804401114840      c
    4.26506108016194      2.26444678994570      7.86426527093284      c
    3.20718868279072      1.30332686599892     10.13577462516037      c
    3.30033241245703     -1.38168816343878     10.01804401114840      c
    4.42161489986658     -2.06522209205988      7.67605569341449      c
    5.00887055547518      0.18434842576690      6.34241631015893      c
   -4.42161489986658      2.06522209205988      7.67605569341449      c
   -3.30033241245703      1.38168816343878     10.01804401114840      c
   -3.20718868279072     -1.30332686599892     10.13577462516037      c
   -4.26506108016194     -2.26444678994570      7.86426527093284      c
   -5.00887055547518     -0.18434842576690      6.34241631015893      c
   -3.98085739152629     -4.73697869509174     -6.98963249026984      h
   -2.68042678920755     -2.66006948487489    -11.48338482405320      h
    0.29463047140119     -5.80576597124398     -4.44776552151612      h
    2.42076170205101     -2.47816352527035    -11.70508980485786      h
    4.25056202920752     -4.44464733936339     -7.34894410682321      h
    2.68042678920755      2.66006948487489    -11.48338482405320      h
    3.98085739152629      4.73697869509174     -6.98963249026984      h
   -0.29463047140119      5.80576597124398     -4.44776552151612      h
   -4.25056202920752      4.44464733936339     -7.34894410682321      h
   -2.42076170205101      2.47816352527035    -11.70508980485786      h
   -4.44464733936339     -4.25056202920752      7.34894410682321      h
   -5.80576597124398     -0.29463047140119      4.44776552151612      h
   -4.73697869509174      3.98085739152629      6.98963249026984      h
   -2.66006948487489      2.68042678920755     11.48338482405320      h
   -2.47816352527035     -2.42076170205101     11.70508980485786      h
    2.47816352527035      2.42076170205101     11.70508980485786      h
    4.44464733936339      4.25056202920752      7.34894410682321      h
    5.80576597124398      0.29463047140119      4.44776552151612      h
    2.66006948487489     -2.68042678920755     11.48338482405320      h
    4.73697869509174     -3.98085739152629      6.98963249026984      h
  0.00000000000000D+00  0.00000000000000D+00  0.00000000000000D+00
  0.00000000000000D+00  0.00000000000000D+00  -.21886322624416D-02
  0.00000000000000D+00  0.00000000000000D+00  0.21886322624416D-02
  0.68878741617695D-03  0.54479176891997D-04  0.79486681437668D-03
  -.68878741617695D-03  -.54479176893552D-04  0.79486681437668D-03
  0.54479176892719D-04  -.68878741617695D-03  -.79486681437668D-03
  -.54479176893940D-04  0.68878741617695D-03  -.79486681437668D-03
  0.32795423101639D-04  -.11383462466252D-03  0.77121354289389D-05
  -.11915356190606D-05  -.21973634013628D-03  0.16708775676388D-03
  -.47600666556846D-04  -.12531484262113D-03  -.86697222281273D-05
  0.10326532404736D-03  -.50754519347773D-04  0.19758325291441D-05
  -.93841595297572D-04  -.67070100773226D-04  0.24381153214570D-04
  0.47600666556846D-04  0.12531484262235D-03  -.86697222281273D-05
  0.11915356187830D-05  0.21973634013617D-03  0.16708775676388D-03
  -.32795423101639D-04  0.11383462466130D-03  0.77121354289389D-05
  0.93841595298461D-04  0.67070100772337D-04  0.24381153214570D-04
  -.10326532404648D-03  0.50754519348661D-04  0.19758325291441D-05
  0.11383462466108D-03  0.32795423101639D-04  -.77121354289389D-05
  0.67070100772337D-04  -.93841595298461D-04  -.24381153214570D-04
  0.50754519348661D-04  0.10326532404648D-03  -.19758325291441D-05
  0.12531484262224D-03  -.47600666556846D-04  0.86697222281273D-05
  0.21973634013628D-03  -.11915356187830D-05  -.16708775676388D-03
  -.12531484262102D-03  0.47600666556846D-04  0.86697222281273D-05
  -.50754519347773D-04  -.10326532404736D-03  -.19758325291441D-05
  -.67070100772781D-04  0.93841595297572D-04  -.24381153214570D-04
  -.11383462466241D-03  -.32795423101639D-04  -.77121354289389D-05
  -.21973634013628D-03  0.11915356190051D-05  -.16708775676388D-03
  0.44973908015500D-05  -.40776225753714D-05  -.20971045747054D-04
  0.52489100772490D-05  0.10100187411100D-04  0.56867004047945D-05
  -.85001792685668D-05  0.38440949055030D-05  -.12509486007506D-04
  -.13982991526884D-05  0.13890793325366D-04  0.89110943815029D-05
  -.79800161536525D-05  -.63785269123207D-05  -.18732188100556D-04
  -.52489100772490D-05  -.10100187410655D-04  0.56867004047945D-05
  -.44973908015500D-05  0.40776225762595D-05  -.20971045747054D-04
  0.85001792681227D-05  -.38440949055030D-05  -.12509486007506D-04
  0.79800161536525D-05  0.63785269113215D-05  -.18732188100556D-04
  0.13982991533545D-05  -.13890793325810D-04  0.89110943815029D-05
  -.63785269123207D-05  0.79800161536525D-05  0.18732188100556D-04
  0.38440949055030D-05  0.85001792685668D-05  0.12509486007506D-04
  -.40776225753714D-05  -.44973908015500D-05  0.20971045747054D-04
  0.10100187411100D-04  -.52489100772490D-05  -.56867004047945D-05
  0.13890793325366D-04  0.13982991526884D-05  -.89110943815029D-05
  -.13890793325810D-04  -.13982991529105D-05  -.89110943815029D-05
  0.63785269113215D-05  -.79800161536525D-05  0.18732188100556D-04
  -.38440949055030D-05  -.85001792681227D-05  0.12509486007506D-04
  -.10100187410655D-04  0.52489100772490D-05  -.56867004047945D-05
  0.40776225762595D-05  0.44973908015500D-05  0.20971045747054D-04
  cycle =      6    SCF energy =    -2512.1534944140   |dE/dxyz| =  0.001175
    0.00000000000000      0.00000000000000      0.00000000000000      mo
    0.00000000000000      0.00000000000000     -6.51177664112333      y
    0.00000000000000      0.00000000000000      6.51177664112333      y
    3.32272370966158      0.03885367102817     -2.62697185920356      s
   -3.32272370966158     -0.03885367102817     -2.62697185920356      s
    0.03885367102817     -3.32272370966158      2.62697185920356      s
   -0.03885367102817      3.32272370966158      2.62697185920356      s
    2.26417923677467     -4.26220263732477     -7.85226330438399      c
    0.18455094648697     -5.00549713697273     -6.33006634609131      c
   -2.06497921151906     -4.41866462648961     -7.66365231783290      c
   -1.38199891378255     -3.29690336821161    -10.00558072304767      c
    1.30342795052528     -3.20353191574138    -10.12340120508813      c
    2.06497921151906      4.41866462648961     -7.66365231783290      c
   -0.18455094648697      5.00549713697273     -6.33006634609131      c
   -2.26417923677467      4.26220263732477     -7.85226330438399      c
   -1.30342795052528      3.20353191574138    -10.12340120508813      c
    1.38199891378255      3.29690336821161    -10.00558072304767      c
    4.26220263732477      2.26417923677467      7.85226330438399      c
    3.20353191574138      1.30342795052528     10.12340120508813      c
    3.29690336821161     -1.38199891378255     10.00558072304767      c
    4.41866462648961     -2.06497921151906      7.66365231783290      c
    5.00549713697273      0.18455094648697      6.33006634609131      c
   -4.41866462648961      2.06497921151906      7.66365231783290      c
   -3.29690336821161      1.38199891378255     10.00558072304767      c
   -3.20353191574138     -1.30342795052528     10.12340120508813      c
   -4.26220263732477     -2.26417923677467      7.85226330438399      c
   -5.00549713697273     -0.18455094648697      6.33006634609131      c
   -3.98028669981855     -4.73215751532820     -6.97495476554132      h
   -2.68089752370377     -2.65675333954048    -11.47077289586415      h
    0.29543852976148     -5.80232569787599     -4.43544303873593      h
    2.42072740011124     -2.47499629661641    -11.69295358369055      h
    4.25018662181955     -4.43970244225176     -7.33503662440055      h
    2.68089752370377      2.65675333954048    -11.47077289586415      h
    3.98028669981855      4.73215751532820     -6.97495476554132      h
   -0.29543852976148      5.80232569787599     -4.43544303873593      h
   -4.25018662181955      4.43970244225176     -7.33503662440055      h
   -2.42072740011124      2.47499629661641    -11.69295358369055      h
   -4.43970244225176     -4.25018662181955      7.33503662440055      h
   -5.80232569787599     -0.29543852976148      4.43544303873593      h
   -4.73215751532820      3.98028669981855      6.97495476554132      h
   -2.65675333954048      2.68089752370377     11.47077289586415      h
   -2.47499629661641     -2.42072740011124     11.69295358369055      h
    2.47499629661641      2.42072740011124     11.69295358369055      h
    4.43970244225176      4.25018662181955      7.33503662440055      h
    5.80232569787599      0.29543852976148      4.43544303873593      h
    2.65675333954048     -2.68089752370377     11.47077289586415      h
    4.73215751532820     -3.98028669981855      6.97495476554132      h
  0.00000000000000D+00  0.00000000000000D+00  0.00000000000000D+00
  0.00000000000000D+00  0.00000000000000D+00  -.53294016275873D-03
  0.00000000000000D+00  0.00000000000000D+00  0.53294016275873D-03
  0.19545483197891D-03  0.43897634805112D-04  -.10698134491172D-04
  -.19545483197891D-03  -.43897634806667D-04  -.10698134491172D-04
  0.43897634805834D-04  -.19545483197891D-03  0.10698134491172D-04
  -.43897634807055D-04  0.19545483197891D-03  0.10698134491172D-04
  -.19757183983327D-03  -.14873416514838D-03  -.16714075180335D-04
  0.22336230710018D-04  -.43644056096137D-04  0.18501261166382D-03
  0.92658613875862D-04  -.11030589870420D-03  -.42679559434600D-04
  -.63600973093436D-04  0.46378272493541D-04  -.37223965137390D-04
  0.11250477469371D-03  0.78913702776795D-04  0.23502061251790D-04
  -.92658613875862D-04  0.11030589870531D-03  -.42679559434600D-04
  -.22336230710296D-04  0.43644056096026D-04  0.18501261166382D-03
  0.19757183983327D-03  0.14873416514716D-03  -.16714075180335D-04
  -.11250477469282D-03  -.78913702777683D-04  0.23502061251790D-04
  0.63600973094324D-04  -.46378272492653D-04  -.37223965137390D-04
  0.14873416514705D-03  -.19757183983327D-03  0.16714075180335D-04
  -.78913702777239D-04  0.11250477469282D-03  -.23502061251790D-04
  -.46378272492653D-04  -.63600973094324D-04  0.37223965137390D-04
  0.11030589870531D-03  0.92658613875862D-04  0.42679559434600D-04
  0.43644056096137D-04  0.22336230710296D-04  -.18501261166382D-03
  -.11030589870409D-03  -.92658613875862D-04  0.42679559434600D-04
  0.46378272493541D-04  0.63600973093436D-04  0.37223965137390D-04
  0.78913702776795D-04  -.11250477469371D-03  -.23502061251790D-04
  -.14873416514838D-03  0.19757183983327D-03  0.16714075180335D-04
  -.43644056096137D-04  -.22336230710074D-04  -.18501261166382D-03
  -.26893817793194D-04  0.26391400272718D-04  0.76853446102865D-04
  0.81482695541979D-05  -.77650198406776D-05  -.27624404981275D-05
  0.10562350597487D-04  0.11019247999400D-04  -.14642670070231D-04
  -.11789954597052D-04  -.14549779140616D-04  -.41288577001808D-06
  0.37763849622507D-04  0.31098240676375D-04  0.67582781093867D-04
  -.81482695541979D-05  0.77650198408996D-05  -.27624404981275D-05
  0.26893817793194D-04  -.26391400271830D-04  0.76853446102865D-04
  -.10562350597931D-04  -.11019247999400D-04  -.14642670070231D-04
  -.37763849622507D-04  -.31098240677430D-04  0.67582781093867D-04
  0.11789954597718D-04  0.14549779140172D-04  -.41288577001808D-06
  0.31098240676430D-04  -.37763849622507D-04  -.67582781093867D-04
  0.11019247999400D-04  -.10562350597487D-04  0.14642670070231D-04
  0.26391400272829D-04  0.26893817793194D-04  -.76853446102865D-04
  -.77650198404555D-05  -.81482695541979D-05  0.27624404981275D-05
  -.14549779140616D-04  0.11789954597052D-04  0.41288577001808D-06
  0.14549779140172D-04  -.11789954597274D-04  0.41288577001808D-06
  -.31098240677430D-04  0.37763849622507D-04  -.67582781093867D-04
  -.11019247999400D-04  0.10562350597931D-04  0.14642670070231D-04
  0.77650198408996D-05  0.81482695541979D-05  0.27624404981275D-05
  -.26391400271830D-04  -.26893817793194D-04  -.76853446102865D-04
  cycle =      7    SCF energy =    -2512.1534992380   |dE/dxyz| =  0.000833
    0.00000000000000      0.00000000000000      0.00000000000000      mo
    0.00000000000000      0.00000000000000     -6.51357706969210      y
    0.00000000000000      0.00000000000000      6.51357706969210      y
    3.32063463447379      0.03820925100186     -2.62914136449902      s
   -3.32063463447379     -0.03820925100186     -2.62914136449902      s
    0.03820925100186     -3.32063463447379      2.62914136449902      s
   -0.03820925100186      3.32063463447379      2.62914136449902      s
    2.26452539326465     -4.26122830511189     -7.85532191819941      c
    0.18461438944563     -5.00516005982020     -6.33347556738782      c
   -2.06515820893903     -4.41784579447854     -7.66662617488287      c
   -1.38186722982000     -3.29625661168027    -10.00825446193042      c
    1.30320454610569     -3.20302003046437    -10.12620039233006      c
    2.06515820893903      4.41784579447854     -7.66662617488287      c
   -0.18461438944563      5.00516005982020     -6.33347556738782      c
   -2.26452539326465      4.26122830511189     -7.85532191819941      c
   -1.30320454610569      3.20302003046437    -10.12620039233006      c
    1.38186722982000      3.29625661168027    -10.00825446193042      c
    4.26122830511189      2.26452539326465      7.85532191819941      c
    3.20302003046437      1.30320454610569     10.12620039233006      c
    3.29625661168027     -1.38186722982000     10.00825446193042      c
    4.41784579447854     -2.06515820893903      7.66662617488287      c
    5.00516005982020      0.18461438944563      6.33347556738782      c
   -4.41784579447854      2.06515820893903      7.66662617488287      c
   -3.29625661168027      1.38186722982000     10.00825446193042      c
   -3.20302003046437     -1.30320454610569     10.12620039233006      c
   -4.26122830511189     -2.26452539326465      7.85532191819941      c
   -5.00516005982020     -0.18461438944563      6.33347556738782      c
   -3.98044636576576     -4.73290422153854     -6.97913321434894      h
   -2.68072770659851     -2.65560922001683    -11.47328373578712      h
    0.29545144143999     -5.80259146977516     -4.43904399690998      h
    2.42030912625918     -2.47381305026936    -11.69562793491209      h
    4.25051736092757     -4.44015078098052     -7.33931225485708      h
    2.68072770659851      2.65560922001683    -11.47328373578712      h
    3.98044636576576      4.73290422153854     -6.97913321434894      h
   -0.29545144143999      5.80259146977516     -4.43904399690998      h
   -4.25051736092757      4.44015078098052     -7.33931225485708      h
   -2.42030912625918      2.47381305026936    -11.69562793491209      h
   -4.44015078098052     -4.25051736092757      7.33931225485708      h
   -5.80259146977516     -0.29545144143999      4.43904399690998      h
   -4.73290422153854      3.98044636576576      6.97913321434894      h
   -2.65560922001683      2.68072770659851     11.47328373578712      h
   -2.47381305026936     -2.42030912625918     11.69562793491209      h
    2.47381305026936      2.42030912625918     11.69562793491209      h
    4.44015078098052      4.25051736092757      7.33931225485708      h
    5.80259146977516      0.29545144143999      4.43904399690998      h
    2.65560922001683     -2.68072770659851     11.47328373578712      h
    4.73290422153854     -3.98044636576576      6.97913321434894      h
  0.00000000000000D+00  0.00000000000000D+00  0.00000000000000D+00
  0.00000000000000D+00  0.00000000000000D+00  -.49152172583433D-03
  0.00000000000000D+00  0.00000000000000D+00  0.49152172583433D-03
  0.13318863128831D-04  0.41675548712872D-04  -.73893755021981D-04
  -.13318863128831D-04  -.41675548714426D-04  -.73893755021981D-04
  0.41675548713593D-04  -.13318863128831D-04  0.73893755021981D-04
  -.41675548714815D-04  0.13318863128831D-04  0.73893755021981D-04
  -.14843411880960D-04  -.23684374338195D-04  -.37189296912654D-04
  -.66649368490879D-06  -.30986162913416D-04  0.10345819910995D-03
  -.44563003266163D-04  -.15874050343090D-05  -.64274830163136D-04
  0.50967668685953D-04  -.16637904157513D-04  0.71788232961723D-04
  -.14563769111131D-04  -.19615042168297D-04  0.12339853724708D-03
  0.44563003266163D-04  0.15874050355302D-05  -.64274830163136D-04
  0.66649368463123D-06  0.30986162913305D-04  0.10345819910995D-03
  0.14843411880960D-04  0.23684374336863D-04  -.37189296912654D-04
  0.14563769112019D-04  0.19615042167409D-04  0.12339853724708D-03
  -.50967668685065D-04  0.16637904158401D-04  0.71788232961723D-04
  0.23684374336752D-04  -.14843411880960D-04  0.37189296912654D-04
  0.19615042167409D-04  -.14563769112019D-04  -.12339853724708D-03
  0.16637904158401D-04  0.50967668685065D-04  -.71788232961723D-04
  0.15874050355302D-05  -.44563003266163D-04  0.64274830163136D-04
  0.30986162913416D-04  -.66649368463123D-06  -.10345819910995D-03
  -.15874050343090D-05  0.44563003266163D-04  0.64274830163136D-04
  -.16637904157513D-04  -.50967668685953D-04  -.71788232961723D-04
  -.19615042168297D-04  0.14563769111131D-04  -.12339853724708D-03
  -.23684374338084D-04  0.14843411880960D-04  0.37189296912654D-04
  -.30986162913416D-04  0.66649368490879D-06  -.10345819910995D-03
  0.17711691846500D-04  0.63546946716952D-05  0.20058520972643D-04
  0.22904417340541D-05  -.29414660449589D-05  0.17767205986452D-05
  0.66288993582631D-05  0.52254057847367D-05  -.27171224115108D-06
  -.33334756064374D-05  -.56083318031863D-05  -.72922824312371D-06
  -.14915776579194D-04  0.91158308387906D-05  0.18616678126526D-04
  -.22904417340541D-05  0.29414660454030D-05  0.17767205986452D-05
  -.17711691846500D-04  -.63546946709181D-05  0.20058520972643D-04
  -.66288993587071D-05  -.52254057847367D-05  -.27171224115108D-06
  0.14915776579194D-04  -.91158308398454D-05  0.18616678126526D-04
  0.33334756071035D-05  0.56083318027422D-05  -.72922824312371D-06
  0.91158308387906D-05  0.14915776579194D-04  -.18616678126526D-04
  0.52254057847367D-05  -.66288993582631D-05  0.27171224115108D-06
  0.63546946718063D-05  -.17711691846500D-04  -.20058520972643D-04
  -.29414660449589D-05  -.22904417340541D-05  -.17767205986452D-05
  -.56083318031863D-05  0.33334756064374D-05  0.72922824312371D-06
  0.56083318027422D-05  -.33334756066594D-05  0.72922824312371D-06
  -.91158308398454D-05  -.14915776579194D-04  -.18616678126526D-04
  -.52254057847367D-05  0.66288993587071D-05  0.27171224115108D-06
  0.29414660454030D-05  0.22904417340541D-05  -.17767205986452D-05
  -.63546946709181D-05  0.17711691846500D-04  -.20058520972643D-04
  cycle =      8    SCF energy =    -2512.1534993070   |dE/dxyz| =  0.000767
    0.00000000000000      0.00000000000000      0.00000000000000      mo
    0.00000000000000      0.00000000000000     -6.51178885629999      y
    0.00000000000000      0.00000000000000      6.51178885629999      y
    3.32055486503432      0.03744857097935     -2.62857176624635      s
   -3.32055486503432     -0.03744857097935     -2.62857176624635      s
    0.03744857097935     -3.32055486503432      2.62857176624635      s
   -0.03744857097935      3.32055486503432      2.62857176624635      s
    2.26474973641645     -4.26037937513415     -7.85491559890142      c
    0.18470608263411     -5.00485225771794     -6.33322668718942      c
   -2.06521096279117     -4.41715221683173     -7.66609742617881      c
   -1.38181120764846     -3.29541015788670    -10.00762291836170      c
    1.30304888286751     -3.20223483171607    -10.12570748382115      c
    2.06521096279117      4.41715221683173     -7.66609742617881      c
   -0.18470608263411      5.00485225771794     -6.33322668718942      c
   -2.26474973641645      4.26037937513415     -7.85491559890142      c
   -1.30304888286751      3.20223483171607    -10.12570748382115      c
    1.38181120764846      3.29541015788670    -10.00762291836170      c
    4.26037937513415      2.26474973641645      7.85491559890142      c
    3.20223483171607      1.30304888286751     10.12570748382115      c
    3.29541015788670     -1.38181120764846     10.00762291836170      c
    4.41715221683173     -2.06521096279117      7.66609742617881      c
    5.00485225771794      0.18470608263411      6.33322668718942      c
   -4.41715221683173      2.06521096279117      7.66609742617881      c
   -3.29541015788670      1.38181120764846     10.00762291836170      c
   -3.20223483171607     -1.30304888286751     10.12570748382115      c
   -4.26037937513415     -2.26474973641645      7.85491559890142      c
   -5.00485225771794     -0.18470608263411      6.33322668718942      c
   -3.98059914791809     -4.73331080809055     -6.97944713692240      h
   -2.68070686631295     -2.65424916142389    -11.47242757716645      h
    0.29550877313386     -5.80298257137254     -4.43905579023070      h
    2.42002698513850     -2.47228967222016    -11.69491981627499      h
    4.25085952124835     -4.44033326699504     -7.33982338616010      h
    2.68070686631295      2.65424916142389    -11.47242757716645      h
    3.98059914791809      4.73331080809055     -6.97944713692240      h
   -0.29550877313386      5.80298257137254     -4.43905579023070      h
   -4.25085952124835      4.44033326699504     -7.33982338616010      h
   -2.42002698513850      2.47228967222016    -11.69491981627499      h
   -4.44033326699504     -4.25085952124835      7.33982338616010      h
   -5.80298257137254     -0.29550877313386      4.43905579023070      h
   -4.73331080809055      3.98059914791809      6.97944713692240      h
   -2.65424916142389      2.68070686631295     11.47242757716645      h
   -2.47228967222016     -2.42002698513850     11.69491981627499      h
    2.47228967222016      2.42002698513850     11.69491981627499      h
    4.44033326699504      4.25085952124835      7.33982338616010      h
    5.80298257137254      0.29550877313386      4.43905579023070      h
    2.65424916142389     -2.68070686631295     11.47242757716645      h
    4.73331080809055     -3.98059914791809      6.97944713692240      h
  0.00000000000000D+00  0.00000000000000D+00  0.00000000000000D+00
  0.00000000000000D+00  0.00000000000000D+00  -.34850694185162D-03
  0.00000000000000D+00  0.00000000000000D+00  0.34850694185162D-03
  -.61803147469952D-04  0.39842461483641D-04  -.54016799961865D-04
  0.61803147469952D-04  -.39842461485196D-04  -.54016799961865D-04
  0.39842461484363D-04  0.61803147469952D-04  0.54016799961865D-04
  -.39842461485584D-04  -.61803147469952D-04  0.54016799961865D-04
  0.78522187893171D-04  0.39620808941154D-04  -.12180633490289D-04
  -.17258183498681D-04  -.28821667133250D-04  0.98313296839514D-04
  -.10054064835963D-03  0.49693777499416D-04  -.37589640658808D-04
  0.11464357893098D-03  -.30484731460501D-04  0.79882676686349D-04
  -.91274698220456D-04  -.52252791509666D-04  0.11353383575097D-03
  0.10054064835963D-03  -.49693777498305D-04  -.37589640658808D-04
  0.17258183498403D-04  0.28821667133139D-04  0.98313296839514D-04
  -.78522187893171D-04  -.39620808942487D-04  -.12180633490289D-04
  0.91274698221344D-04  0.52252791508778D-04  0.11353383575097D-03
  -.11464357893010D-03  0.30484731461389D-04  0.79882676686349D-04
  -.39620808942598D-04  0.78522187893171D-04  0.12180633490289D-04
  0.52252791508778D-04  -.91274698221344D-04  -.11353383575097D-03
  0.30484731461389D-04  0.11464357893010D-03  -.79882676686349D-04
  -.49693777498305D-04  -.10054064835963D-03  0.37589640658808D-04
  0.28821667133250D-04  -.17258183498403D-04  -.98313296839514D-04
  0.49693777499527D-04  0.10054064835963D-03  0.37589640658808D-04
  -.30484731460501D-04  -.11464357893098D-03  -.79882676686349D-04
  -.52252791509666D-04  0.91274698220456D-04  -.11353383575097D-03
  0.39620808941265D-04  -.78522187893171D-04  0.12180633490289D-04
  -.28821667133250D-04  0.17258183498681D-04  -.98313296839514D-04
  0.13461780014712D-04  -.11820892909409D-04  -.76613537971504D-05
  -.27754328453256D-05  0.44713669000718D-05  -.21436950352616D-05
  0.17413538663247D-05  -.81067224599884D-06  0.66335765316339D-05
  0.23323354094718D-05  0.59412872841502D-05  -.48228508542358D-05
  -.13184919037013D-04  -.10223306707302D-04  -.66460490625309D-05
  0.27754328453256D-05  -.44713668996277D-05  -.21436950352616D-05
  -.13461780014712D-04  0.11820892910186D-04  -.76613537971504D-05
  -.17413538667133D-05  0.81067224599884D-06  0.66335765316339D-05
  0.13184919037013D-04  0.10223306706247D-04  -.66460490625309D-05
  -.23323354088056D-05  -.59412872845943D-05  -.48228508542358D-05
  -.10223306707247D-04  0.13184919037013D-04  0.66460490625309D-05
  -.81067224599884D-06  -.17413538662692D-05  -.66335765316339D-05
  -.11820892909298D-04  -.13461780014712D-04  0.76613537971504D-05
  0.44713669000718D-05  0.27754328453256D-05  0.21436950352616D-05
  0.59412872841502D-05  -.23323354094718D-05  0.48228508542358D-05
  -.59412872845943D-05  0.23323354092497D-05  0.48228508542358D-05
  0.10223306706247D-04  -.13184919037013D-04  0.66460490625309D-05
  0.81067224599884D-06  0.17413538667133D-05  -.66335765316339D-05
  -.44713668996277D-05  -.27754328453256D-05  0.21436950352616D-05
  0.11820892910297D-04  0.13461780014712D-04  0.76613537971504D-05
  cycle =      9    SCF energy =    -2512.1535000980   |dE/dxyz| =  0.000744
    0.00000000000000      0.00000000000000      0.00000000000000      mo
    0.00000000000000      0.00000000000000     -6.51082904475392      y
    0.00000000000000      0.00000000000000      6.51082904475392      y
    3.32058465223820      0.03627595665848     -2.62808232536873      s
   -3.32058465223820     -0.03627595665848     -2.62808232536873      s
    0.03627595665848     -3.32058465223820      2.62808232536873      s
   -0.03627595665848      3.32058465223820      2.62808232536873      s
    2.26488420483420     -4.25946303000204     -7.85586841434863      c
    0.18486287497418     -5.00451958734383     -6.33427773418619      c
   -2.06513264300457     -4.41643329136278     -7.66684909370789      c
   -1.38180957491590     -3.29429611855620    -10.00829930584584      c
    1.30290107720351     -3.20113389786841    -10.12656669164494      c
    2.06513264300457      4.41643329136278     -7.66684909370789      c
   -0.18486287497418      5.00451958734383     -6.33427773418619      c
   -2.26488420483420      4.25946303000204     -7.85586841434863      c
   -1.30290107720351      3.20113389786841    -10.12656669164494      c
    1.38180957491590      3.29429611855620    -10.00829930584584      c
    4.25946303000204      2.26488420483420      7.85586841434863      c
    3.20113389786841      1.30290107720351     10.12656669164494      c
    3.29429611855620     -1.38180957491590     10.00829930584584      c
    4.41643329136278     -2.06513264300457      7.66684909370789      c
    5.00451958734383      0.18486287497418      6.33427773418619      c
   -4.41643329136278      2.06513264300457      7.66684909370789      c
   -3.29429611855620      1.38180957491590     10.00829930584584      c
   -3.20113389786841     -1.30290107720351     10.12656669164494      c
   -4.25946303000204     -2.26488420483420      7.85586841434863      c
   -5.00451958734383     -0.18486287497418      6.33427773418619      c
   -3.98063959861455     -4.73333155491319     -6.98081392766388      h
   -2.68080843932882     -2.65259055339290    -11.47277197850574      h
    0.29566805741140     -5.80355689434145     -4.44049142568601      h
    2.41977470337225     -2.47039033178008    -11.69547695963700      h
    4.25114455807217     -4.44011125375470     -7.34155303219688      h
    2.68080843932882      2.65259055339290    -11.47277197850574      h
    3.98063959861455      4.73333155491319     -6.98081392766388      h
   -0.29566805741140      5.80355689434145     -4.44049142568601      h
   -4.25114455807217      4.44011125375470     -7.34155303219688      h
   -2.41977470337225      2.47039033178008    -11.69547695963700      h
   -4.44011125375470     -4.25114455807217      7.34155303219688      h
   -5.80355689434145     -0.29566805741140      4.44049142568601      h
   -4.73333155491319      3.98063959861455      6.98081392766388      h
   -2.65259055339290      2.68080843932882     11.47277197850574      h
   -2.47039033178008     -2.41977470337225     11.69547695963700      h
    2.47039033178008      2.41977470337225     11.69547695963700      h
    4.44011125375470      4.25114455807217      7.34155303219688      h
    5.80355689434145      0.29566805741140      4.44049142568601      h
    2.65259055339290     -2.68080843932882     11.47277197850574      h
    4.73333155491319     -3.98063959861455      6.98081392766388      h
  0.00000000000000D+00  0.00000000000000D+00  0.00000000000000D+00
  0.00000000000000D+00  0.00000000000000D+00  -.24261378553203D-03
  0.00000000000000D+00  0.00000000000000D+00  0.24261378553203D-03
  -.10372358273614D-03  0.35572692274388D-04  -.20938955442862D-04
  0.10372358273614D-03  -.35572692275943D-04  -.20938955442862D-04
  0.35572692275110D-04  0.10372358273614D-03  0.20938955442862D-04
  -.35572692276331D-04  -.10372358273614D-03  0.20938955442862D-04
  0.11108086407852D-03  0.70984800588203D-04  0.29019982189737D-04
  -.27665427362766D-04  -.21997608592117D-04  0.10592302863976D-03
  -.10072666106353D-03  0.69122457906357D-04  0.61363606005393D-05
  0.14365710085285D-03  -.28386579023820D-04  0.47716988579527D-04
  -.13059497779455D-03  -.62324264127778D-04  0.60621774410130D-04
  0.10072666106353D-03  -.69122457905246D-04  0.61363606005393D-05
  0.27665427362489D-04  0.21997608592006D-04  0.10592302863976D-03
  -.11108086407852D-03  -.70984800589535D-04  0.29019982189737D-04
  0.13059497779544D-03  0.62324264126890D-04  0.60621774410130D-04
  -.14365710085196D-03  0.28386579024708D-04  0.47716988579527D-04
  -.70984800589424D-04  0.11108086407852D-03  -.29019982189737D-04
  0.62324264126890D-04  -.13059497779544D-03  -.60621774410130D-04
  0.28386579024708D-04  0.14365710085196D-03  -.47716988579527D-04
  -.69122457905135D-04  -.10072666106353D-03  -.61363606005393D-05
  0.21997608592117D-04  -.27665427362489D-04  -.10592302863976D-03
  0.69122457906357D-04  0.10072666106353D-03  -.61363606005393D-05
  -.28386579023820D-04  -.14365710085285D-03  -.47716988579527D-04
  -.62324264127778D-04  0.13059497779455D-03  -.60621774410130D-04
  0.70984800588092D-04  -.11108086407852D-03  -.29019982189737D-04
  -.21997608592117D-04  0.27665427362766D-04  -.10592302863976D-03
  -.51936093692362D-06  -.21210633647795D-04  -.26306819938204D-04
  -.22502875705044D-05  0.98002768631478D-05  -.30815100782178D-05
  -.45281949945242D-05  -.73280605508153D-05  0.33957556593300D-05
  0.19909128847750D-05  0.14183148090652D-04  -.24283710509110D-05
  -.24923900623364D-05  -.21605186209750D-04  -.24406512095343D-04
  0.22502875705044D-05  -.98002768627037D-05  -.30815100782178D-05
  0.51936093692362D-06  0.21210633648683D-04  -.26306819938204D-04
  0.45281949940801D-05  0.73280605508153D-05  0.33957556593300D-05
  0.24923900623364D-05  0.21605186208695D-04  -.24406512095343D-04
  -.19909128841089D-05  -.14183148090874D-04  -.24283710509110D-05
  -.21605186209750D-04  0.24923900623364D-05  0.24406512095343D-04
  -.73280605508153D-05  0.45281949945242D-05  -.33957556593300D-05
  -.21210633647795D-04  0.51936093692362D-06  0.26306819938204D-04
  0.98002768631478D-05  0.22502875705044D-05  0.30815100782178D-05
  0.14183148090430D-04  -.19909128847750D-05  0.24283710509110D-05
  -.14183148091096D-04  0.19909128845530D-05  0.24283710509110D-05
  0.21605186208695D-04  -.24923900623364D-05  0.24406512095343D-04
  0.73280605508153D-05  -.45281949940801D-05  -.33957556593300D-05
  -.98002768627037D-05  -.22502875705044D-05  0.30815100782178D-05
  0.21210633648683D-04  -.51936093692362D-06  0.26306819938204D-04
  cycle =     10    SCF energy =    -2512.1535043380   |dE/dxyz| =  0.000467
    0.00000000000000      0.00000000000000      0.00000000000000      mo
    0.00000000000000      0.00000000000000     -6.51105435653413      y
    0.00000000000000      0.00000000000000      6.51105435653413      y
    3.32091933596933      0.03253408057311     -2.62773427772247      s
   -3.32091933596933     -0.03253408057311     -2.62773427772247      s
    0.03253408057311     -3.32091933596933      2.62773427772247      s
   -0.03253408057311      3.32091933596933      2.62773427772247      s
    2.26489433265715     -4.25742591580400     -7.86171640652354      c
    0.18539127407288     -5.00368152781581     -6.34020703641904      c
   -2.06466025882311     -4.41486700642856     -7.67200548034015      c
   -1.38206895419854     -3.29122808067162    -10.01315632197833      c
    1.30265970542145     -3.19789909449560    -10.13190123766017      c
    2.06466025882311      4.41486700642856     -7.67200548034015      c
   -0.18539127407288      5.00368152781581     -6.34020703641904      c
   -2.26489433265715      4.25742591580400     -7.86171640652354      c
   -1.30265970542145      3.19789909449560    -10.13190123766017      c
    1.38206895419854      3.29122808067162    -10.01315632197833      c
    4.25742591580400      2.26489433265715      7.86171640652354      c
    3.19789909449560      1.30265970542145     10.13190123766017      c
    3.29122808067162     -1.38206895419854     10.01315632197833      c
    4.41486700642856     -2.06466025882311      7.67200548034015      c
    5.00368152781581      0.18539127407288      6.34020703641904      c
   -4.41486700642856      2.06466025882311      7.67200548034015      c
   -3.29122808067162      1.38206895419854     10.01315632197833      c
   -3.19789909449560     -1.30265970542145     10.13190123766017      c
   -4.25742591580400     -2.26489433265715      7.86171640652354      c
   -5.00368152781581     -0.18539127407288      6.34020703641904      c
   -3.98025704659556     -4.73177628175424     -6.98603104183068      h
   -2.68152769554154     -2.64861055475165    -11.47674686215221      h
    0.29646187881516     -5.80464143531134     -4.44729574081654      h
    2.41942295118605     -2.46589646083933    -11.70022102385705      h
    4.25140642101650     -4.43792715640146     -7.34806707041624      h
    2.68152769554154      2.64861055475165    -11.47674686215221      h
    3.98025704659556      4.73177628175424     -6.98603104183068      h
   -0.29646187881516      5.80464143531134     -4.44729574081654      h
   -4.25140642101650      4.43792715640146     -7.34806707041624      h
   -2.41942295118605      2.46589646083933    -11.70022102385705      h
   -4.43792715640146     -4.25140642101650      7.34806707041624      h
   -5.80464143531134     -0.29646187881516      4.44729574081654      h
   -4.73177628175424      3.98025704659556      6.98603104183068      h
   -2.64861055475165      2.68152769554154     11.47674686215221      h
   -2.46589646083933     -2.41942295118605     11.70022102385705      h
    2.46589646083933      2.41942295118605     11.70022102385705      h
    4.43792715640146      4.25140642101650      7.34806707041624      h
    5.80464143531134      0.29646187881516      4.44729574081654      h
    2.64861055475165     -2.68152769554154     11.47674686215221      h
    4.73177628175424     -3.98025704659556      6.98603104183068      h
  0.00000000000000D+00  0.00000000000000D+00  0.00000000000000D+00
  0.00000000000000D+00  0.00000000000000D+00  -.84707812592733D-04
  0.00000000000000D+00  0.00000000000000D+00  0.84707812592733D-04
  -.68918488111969D-04  0.30941529889028D-04  0.28710685659128D-04
  0.68918488111969D-04  -.30941529890582D-04  0.28710685659128D-04
  0.30941529889750D-04  0.68918488111969D-04  -.28710685659128D-04
  -.30941529890971D-04  -.68918488111969D-04  -.28710685659128D-04
  -.67479868626208D-06  0.36329123474843D-04  0.98174714122212D-04
  -.19763371521986D-04  0.29225943572908D-04  0.83600574400933D-04
  0.23291718536100D-04  0.27800111792708D-04  0.74624163195036D-04
  0.61740267546018D-04  -.68642959156762D-05  -.53149608826519D-04
  -.53923517794097D-04  -.33717289119828D-04  -.64190468856751D-04
  -.23291718536100D-04  -.27800111791598D-04  0.74624163195036D-04
  0.19763371521653D-04  -.29225943573019D-04  0.83600574400933D-04
  0.67479868626208D-06  -.36329123476175D-04  0.98174714122212D-04
  0.53923517794985D-04  0.33717289118940D-04  -.64190468856751D-04
  -.61740267545130D-04  0.68642959165643D-05  -.53149608826519D-04
  -.36329123476175D-04  -.67479868626208D-06  -.98174714122212D-04
  0.33717289118940D-04  -.53923517794985D-04  0.64190468856751D-04
  0.68642959165643D-05  0.61740267545130D-04  0.53149608826519D-04
  -.27800111791487D-04  0.23291718536100D-04  -.74624163195036D-04
  -.29225943572908D-04  -.19763371521653D-04  -.83600574400933D-04
  0.27800111792708D-04  -.23291718536100D-04  -.74624163195036D-04
  -.68642959156762D-05  -.61740267546018D-04  0.53149608826519D-04
  -.33717289119828D-04  0.53923517794097D-04  0.64190468856751D-04
  0.36329123474843D-04  0.67479868626208D-06  -.98174714122212D-04
  0.29225943572908D-04  0.19763371521930D-04  -.83600574400933D-04
  -.21588304541353D-04  -.49307021721123D-06  -.32017044335975D-04
  0.50108318299102D-05  0.68187836426148D-05  0.88841159007202D-06
  -.14057139240742D-04  -.14277696414933D-04  -.13926234066375D-04
  -.17535853620299D-05  0.11056749192440D-04  0.75023802650342D-05
  0.16725922050487D-04  -.62538038770321D-05  -.28304260693890D-04
  -.50108318299102D-05  -.68187836421707D-05  0.88841159007202D-06
  0.21588304541353D-04  0.49307021798839D-06  -.32017044335975D-04
  0.14057139240298D-04  0.14277696414933D-04  -.13926234066375D-04
  -.16725922050487D-04  0.62538038759774D-05  -.28304260693890D-04
  0.17535853626960D-05  -.11056749192884D-04  0.75023802650342D-05
  -.62538038770321D-05  -.16725922050487D-04  0.28304260693890D-04
  -.14277696414933D-04  0.14057139240797D-04  0.13926234066375D-04
  -.49307021710021D-06  0.21588304541353D-04  0.32017044335975D-04
  0.68187836426148D-05  -.50108318299102D-05  -.88841159007202D-06
  0.11056749192440D-04  0.17535853620299D-05  -.75023802650342D-05
  -.11056749192884D-04  -.17535853622519D-05  -.75023802650342D-05
  0.62538038759774D-05  0.16725922050487D-04  0.28304260693890D-04
  0.14277696414933D-04  -.14057139240353D-04  0.13926234066375D-04
  -.68187836421707D-05  0.50108318299102D-05  -.88841159007202D-06
  0.49307021809941D-06  -.21588304541353D-04  0.32017044335975D-04
  cycle =     11    SCF energy =    -2512.1535063150   |dE/dxyz| =  0.000361
    0.00000000000000      0.00000000000000      0.00000000000000      mo
    0.00000000000000      0.00000000000000     -6.51184988747871      y
    0.00000000000000      0.00000000000000      6.51184988747871      y
    3.32105070849734      0.02940517889589     -2.62805849404870      s
   -3.32105070849734     -0.02940517889589     -2.62805849404870      s
    0.02940517889589     -3.32105070849734      2.62805849404870      s
   -0.02940517889589      3.32105070849734      2.62805849404870      s
    2.26494927831120     -4.25603586663874     -7.86692155636219      c
    0.18582187964723     -5.00314045045556     -6.34549515035609      c
   -2.06442165578592     -4.41379365334195     -7.67658641917026      c
   -1.38236726145790     -3.28891239655450    -10.01724898281314      c
    1.30245926355719     -3.19540191047464    -10.13634729696222      c
    2.06442165578592      4.41379365334195     -7.67658641917026      c
   -0.18582187964723      5.00314045045556     -6.34549515035609      c
   -2.26494927831120      4.25603586663874     -7.86692155636219      c
   -1.30245926355719      3.19540191047464    -10.13634729696222      c
    1.38236726145790      3.28891239655450    -10.01724898281314      c
    4.25603586663874      2.26494927831120      7.86692155636219      c
    3.19540191047464      1.30245926355719     10.13634729696222      c
    3.28891239655450     -1.38236726145790     10.01724898281314      c
    4.41379365334195     -2.06442165578592      7.67658641917026      c
    5.00314045045556      0.18582187964723      6.34549515035609      c
   -4.41379365334195      2.06442165578592      7.67658641917026      c
   -3.28891239655450      1.38236726145790     10.01724898281314      c
   -3.19540191047464     -1.30245926355719     10.13634729696222      c
   -4.25603586663874     -2.26494927831120      7.86692155636219      c
   -5.00314045045556     -0.18582187964723      6.34549515035609      c
   -3.97986829464685     -4.73061712197439     -6.99015698631831      h
   -2.68220281353162     -2.64581134660098    -11.48026167470617      h
    0.29730847457759     -5.80490404174184     -4.45293276570540      h
    2.41909301964661     -2.46286704119690    -11.70448294411259      h
    4.25151724150513     -4.43611236125995     -7.35334979733428      h
    2.68220281353162      2.64581134660098    -11.48026167470617      h
    3.97986829464685      4.73061712197439     -6.99015698631831      h
   -0.29730847457759      5.80490404174184     -4.45293276570540      h
   -4.25151724150513      4.43611236125995     -7.35334979733428      h
   -2.41909301964661      2.46286704119690    -11.70448294411259      h
   -4.43611236125995     -4.25151724150513      7.35334979733428      h
   -5.80490404174184     -0.29730847457759      4.45293276570540      h
   -4.73061712197439      3.97986829464685      6.99015698631831      h
   -2.64581134660098      2.68220281353162     11.48026167470617      h
   -2.46286704119690     -2.41909301964661     11.70448294411259      h
    2.46286704119690      2.41909301964661     11.70448294411259      h
    4.43611236125995      4.25151724150513      7.35334979733428      h
    5.80490404174184      0.29730847457759      4.45293276570540      h
    2.64581134660098     -2.68220281353162     11.48026167470617      h
    4.73061712197439     -3.97986829464685      6.99015698631831      h
  0.00000000000000D+00  0.00000000000000D+00  0.00000000000000D+00
  0.00000000000000D+00  0.00000000000000D+00  0.29239755431343D-04
  0.00000000000000D+00  0.00000000000000D+00  -.29239755431343D-04
  -.14529058865342D-04  0.26226688715048D-04  0.22881368568317D-04
  0.14529058865342D-04  -.26226688716602D-04  0.22881368568317D-04
  0.26226688715769D-04  0.14529058865342D-04  -.22881368568317D-04
  -.26226688716990D-04  -.14529058865342D-04  -.22881368568317D-04
  -.60707506476909D-04  0.12842074932684D-04  0.76332922756883D-04
  -.58920832505249D-05  0.66975233305011D-04  0.11850008777792D-04
  0.61408052924428D-04  0.14037310304693D-04  0.47159893629800D-04
  -.91423278250069D-05  -.10548611010464D-04  -.58175875326416D-04
  0.25589793183123D-04  -.26379380125174D-04  -.56800879185914D-04
  -.61408052924428D-04  -.14037310303583D-04  0.47159893629800D-04
  0.58920832502474D-05  -.66975233305122D-04  0.11850008777792D-04
  0.60707506476909D-04  -.12842074934016D-04  0.76332922756883D-04
  -.25589793182235D-04  0.26379380124286D-04  -.56800879185914D-04
  0.91423278258951D-05  0.10548611011352D-04  -.58175875326416D-04
  -.12842074934127D-04  -.60707506476909D-04  -.76332922756883D-04
  0.26379380124286D-04  0.25589793182235D-04  0.56800879185914D-04
  0.10548611011352D-04  -.91423278258951D-05  0.58175875326416D-04
  -.14037310303472D-04  0.61408052924428D-04  -.47159893629800D-04
  -.66975233305011D-04  -.58920832502474D-05  -.11850008777792D-04
  0.14037310304693D-04  -.61408052924428D-04  -.47159893629800D-04
  -.10548611010464D-04  0.91423278250069D-05  0.58175875326416D-04
  -.26379380125174D-04  -.25589793183123D-04  0.56800879185914D-04
  0.12842074932795D-04  0.60707506476909D-04  -.76332922756883D-04
  0.66975233305011D-04  0.58920832504694D-05  -.11850008777792D-04
  -.14993414304332D-04  0.15812549879257D-04  -.24873297191030D-04
  0.55018866440548D-06  0.37974853883682D-06  0.24136247920303D-05
  -.11793685994521D-04  -.93782448553625D-05  -.86206864930993D-05
  0.45545054010443D-05  0.12689287556267D-05  0.68029704527461D-05
  0.99886744617805D-05  0.11332432330868D-04  -.20389490146266D-04
  -.55018866440548D-06  -.37974853839273D-06  0.24136247920303D-05
  0.14993414304332D-04  -.15812549878369D-04  -.24873297191030D-04
  0.11793685994077D-04  0.93782448553625D-05  -.86206864930993D-05
  -.99886744617805D-05  -.11332432331868D-04  -.20389490146266D-04
  -.45545054003782D-05  -.12689287560708D-05  0.68029704527461D-05
  0.11332432330868D-04  -.99886744617805D-05  0.20389490146266D-04
  -.93782448553625D-05  0.11793685994577D-04  0.86206864930993D-05
  0.15812549879368D-04  0.14993414304332D-04  0.24873297191030D-04
  0.37974853883682D-06  -.55018866440548D-06  -.24136247920303D-05
  0.12689287556267D-05  -.45545054010443D-05  -.68029704527461D-05
  -.12689287560708D-05  0.45545054008223D-05  -.68029704527461D-05
  -.11332432331868D-04  0.99886744617805D-05  0.20389490146266D-04
  0.93782448553625D-05  -.11793685994133D-04  0.86206864930993D-05
  -.37974853839273D-06  0.55018866440548D-06  -.24136247920303D-05
  -.15812549878369D-04  -.14993414304332D-04  0.24873297191030D-04
  cycle =     12    SCF energy =    -2512.1535065720   |dE/dxyz| =  0.000195
    0.00000000000000      0.00000000000000      0.00000000000000      mo
    0.00000000000000      0.00000000000000     -6.51194066615524      y
    0.00000000000000      0.00000000000000      6.51194066615524      y
    3.32116790320935      0.02893152555558     -2.62816207500297      s
   -3.32116790320935     -0.02893152555558     -2.62816207500297      s
    0.02893152555558     -3.32116790320935      2.62816207500297      s
   -0.02893152555558      3.32116790320935      2.62816207500297      s
    2.26500392664003     -4.25614916398476     -7.86732317839572      c
    0.18588180139694     -5.00329050327837     -6.34587209706943      c
   -2.06449408830280     -4.41391058909408     -7.67682757691186      c
   -1.38246498170713     -3.28878259268234    -10.01730454722881      c
    1.30239249050564     -3.19520699896722    -10.13645292317256      c
    2.06449408830280      4.41391058909408     -7.67682757691186      c
   -0.18588180139694      5.00329050327837     -6.34587209706943      c
   -2.26500392664003      4.25614916398476     -7.86732317839572      c
   -1.30239249050564      3.19520699896722    -10.13645292317256      c
    1.38246498170713      3.28878259268234    -10.01730454722881      c
    4.25614916398476      2.26500392664003      7.86732317839572      c
    3.19520699896722      1.30239249050564     10.13645292317256      c
    3.28878259268234     -1.38246498170713     10.01730454722881      c
    4.41391058909408     -2.06449408830280      7.67682757691186      c
    5.00329050327837      0.18588180139694      6.34587209706943      c
   -4.41391058909408      2.06449408830280      7.67682757691186      c
   -3.28878259268234      1.38246498170713     10.01730454722881      c
   -3.19520699896722     -1.30239249050564     10.13645292317256      c
   -4.25614916398476     -2.26500392664003      7.86732317839572      c
   -5.00329050327837     -0.18588180139694      6.34587209706943      c
   -3.97976439725449     -4.73083401773639     -6.98999007698430      h
   -2.68232607451667     -2.64576169542683    -11.48033618225729      h
    0.29758076879906     -5.80466133279818     -4.45313364340687      h
    2.41890717341504     -2.46283883492786    -11.70476024306526      h
    4.25149908214931     -4.43616198175969     -7.35349100819838      h
    2.68232607451667      2.64576169542683    -11.48033618225729      h
    3.97976439725449      4.73083401773639     -6.98999007698430      h
   -0.29758076879906      5.80466133279818     -4.45313364340687      h
   -4.25149908214931      4.43616198175969     -7.35349100819838      h
   -2.41890717341504      2.46283883492786    -11.70476024306526      h
   -4.43616198175969     -4.25149908214931      7.35349100819838      h
   -5.80466133279818     -0.29758076879906      4.45313364340687      h
   -4.73083401773639      3.97976439725449      6.98999007698430      h
   -2.64576169542683      2.68232607451667     11.48033618225729      h
   -2.46283883492786     -2.41890717341504     11.70476024306526      h
    2.46283883492786      2.41890717341504     11.70476024306526      h
    4.43616198175969      4.25149908214931      7.35349100819838      h
    5.80466133279818      0.29758076879906      4.45313364340687      h
    2.64576169542683     -2.68232607451667     11.48033618225729      h
    4.73083401773639     -3.97976439725449      6.98999007698430      h
  0.00000000000000D+00  0.00000000000000D+00  0.00000000000000D+00
  0.00000000000000D+00  0.00000000000000D+00  0.28542033571499D-04
  0.00000000000000D+00  0.00000000000000D+00  -.28542033571499D-04
  0.14733496939812D-04  0.20429069423900D-04  0.53114861593428D-05
  -.14733496939812D-04  -.20429069425454D-04  0.53114861593428D-05
  0.20429069424621D-04  -.14733496939812D-04  -.53114861593428D-05
  -.20429069425842D-04  0.14733496939812D-04  -.53114861593428D-05
  -.36289322387972D-04  0.45000350601399D-05  0.24969879558689D-04
  -.50017025205462D-05  0.53998721270987D-04  -.35014562582703D-05
  0.19400070457642D-04  0.18500229886254D-04  -.51373961684753D-05
  -.78176883020475D-05  -.98162926773782D-05  -.27411102290653D-04
  0.31981185800056D-04  -.15744484485047D-04  -.68756790971847D-05
  -.19400070457642D-04  -.18500229885032D-04  -.51373961684753D-05
  0.50017025202687D-05  -.53998721271098D-04  -.35014562582703D-05
  0.36289322387972D-04  -.45000350614721D-05  0.24969879558689D-04
  -.31981185799168D-04  0.15744484484159D-04  -.68756790971847D-05
  0.78176883029357D-05  0.98162926782663D-05  -.27411102290653D-04
  -.45000350614721D-05  -.36289322387972D-04  -.24969879558689D-04
  0.15744484484159D-04  0.31981185799168D-04  0.68756790971847D-05
  0.98162926782663D-05  -.78176883029357D-05  0.27411102290653D-04
  -.18500229885143D-04  0.19400070457642D-04  0.51373961684753D-05
  -.53998721270987D-04  -.50017025202687D-05  0.35014562582703D-05
  0.18500229886365D-04  -.19400070457642D-04  0.51373961684753D-05
  -.98162926773782D-05  0.78176883020475D-05  0.27411102290653D-04
  -.15744484485047D-04  -.31981185800056D-04  0.68756790971847D-05
  0.45000350601399D-05  0.36289322387972D-04  -.24969879558689D-04
  0.53998721270987D-04  0.50017025205462D-05  0.35014562582703D-05
  -.49003491384703D-05  0.10544309582139D-04  -.98784585429446D-05
  -.22836938211590D-05  -.32443131963156D-05  0.24905051358992D-05
  -.39464832122804D-05  0.15071342898132D-05  0.28044604047928D-05
  0.52407071731153D-05  -.42116768934619D-05  0.29915454748952D-05
  0.34226187244357D-05  0.10374251891654D-04  -.79426491896850D-05
  0.22836938211590D-05  0.32443131967597D-05  0.24905051358992D-05
  0.49003491384703D-05  -.10544309581362D-04  -.98784585429446D-05
  0.39464832118363D-05  -.15071342898132D-05  0.28044604047928D-05
  -.34226187244357D-05  -.10374251892709D-04  -.79426491896850D-05
  -.52407071724492D-05  0.42116768930178D-05  0.29915454748952D-05
  0.10374251891709D-04  -.34226187244357D-05  0.79426491896850D-05
  0.15071342898132D-05  0.39464832122804D-05  -.28044604047928D-05
  0.10544309582250D-04  0.49003491384703D-05  0.98784585429446D-05
  -.32443131963156D-05  0.22836938211590D-05  -.24905051358992D-05
  -.42116768934619D-05  -.52407071731153D-05  -.29915454748952D-05
  0.42116768930178D-05  0.52407071728933D-05  -.29915454748952D-05
  -.10374251892709D-04  0.34226187244357D-05  0.79426491896850D-05
  -.15071342898132D-05  -.39464832118363D-05  -.28044604047928D-05
  0.32443131967597D-05  -.22836938211590D-05  -.24905051358992D-05
  -.10544309581362D-04  -.49003491384703D-05  0.98784585429446D-05
$end
