$hessapprox internal
  0.430541102865D+00 -0.235611859600D-03  0.431738277100D+00 -0.142288842103D-03
 -0.222029994710D-03  0.430637918886D+00  0.369528435134D-03  0.246111402564D-03
  0.491034235307D-03  0.430490236566D+00  0.403634721809D-03  0.380997865066D-03
  0.556800783981D-03 -0.101749586604D-02  0.429817893192D+00  0.308992945677D-03
  0.120322479274D-03  0.257315165466D-03 -0.102137325960D-03 -0.129146689042D-03
  0.358509418752D+00  0.249884207930D-03  0.805525823397D-03  0.366180224413D-03
 -0.746396023337D-03 -0.693563987022D-03 -0.299046960346D-02  0.360482770429D+00
 -0.762458588713D-03 -0.704709253309D-03 -0.662767408884D-03  0.344830596370D-03
  0.295659308804D-03  0.123847207538D-01  0.809135212197D-02  0.326279905003D+00
  0.396100520016D-04  0.568392684092D-03  0.135073008907D-03 -0.445475625699D-03
 -0.366720837839D-03 -0.104304184078D-02 -0.967619746798D-04  0.246248550034D-02
  0.362207242308D+00 -0.558872892125D-03 -0.718189813229D-03 -0.503102302268D-03
  0.292769265220D-03  0.210654818864D-03  0.984395397892D-02  0.612267323633D-02
 -0.285326344024D-01  0.169762186034D-02  0.339918690194D+00  0.240770784309D-03
 -0.137555415105D-02 -0.359968353117D-04  0.325515726670D-03  0.298081825335D-04
 -0.302923945158D-02 -0.409121934247D-02  0.105831146631D-01 -0.241991651180D-02
  0.909716194680D-02  0.202670988984D+00 -0.119522867083D-02 -0.214348891802D-02
 -0.185298251662D-02  0.442638772357D-02  0.489089543013D-02 -0.136898098047D-02
  0.352358270456D-03  0.523272421114D-02  0.590093341653D-04  0.452028328029D-02
 -0.374911478219D-03  0.181604821019D+00  0.164438654294D-03  0.108541090106D-02
  0.468670979310D-03 -0.151300317655D-02 -0.151895580282D-02  0.180719999863D-02
  0.167847096512D-02 -0.629292805767D-02  0.992924974835D-03 -0.538298983557D-02
 -0.647375140567D-03  0.543972810069D-02  0.198579073641D+00  0.163356182787D-03
  0.704927048138D-03  0.355003165025D-03 -0.100951901512D-02 -0.102418397292D-02
  0.708047657740D-03  0.690016795410D-03 -0.265270247567D-02  0.472202298730D-03
 -0.234733224060D-02 -0.623341495868D-03  0.354208528540D-02 -0.861325373981D-03
  0.199475793964D+00 -0.103064816184D-02 -0.236083380139D-02 -0.173115868072D-02
  0.440172579828D-02  0.478418575736D-02 -0.213358534661D-02 -0.753510160321D-03
  0.791442952534D-02 -0.598272360663D-03  0.679576033814D-02  0.271117687939D-03
 -0.178573687437D-01  0.502172211036D-02  0.318743763919D-02  0.182830375886D+00
  0.175625741585D-02  0.134192653083D-02  0.205838918321D-02 -0.205986311956D-02
 -0.200807363032D-02 -0.601484473659D-02 -0.543404046685D-02  0.199123964153D-01
 -0.262669275201D-02  0.151683466012D-01 -0.123656395087D-02  0.574328327841D-02
 -0.386369680735D-02 -0.461197285615D-02  0.216480674339D-02  0.189293921967D+00
 -0.999616793527D-03 -0.684823342873D-03 -0.120585049796D-02  0.199116478571D-02
  0.215884720633D-02  0.275488692133D-02  0.403747022432D-02 -0.889723962179D-02
  0.221851606458D-02 -0.694875297709D-02 -0.367358261050D-03 -0.825397188328D-02
  0.254847936281D-02  0.223270285556D-02 -0.698000314469D-02  0.585064480455D-01
  0.324132296475D+00 -0.135091617004D-02 -0.189670612639D-02 -0.188961139079D-02
  0.384099456143D-02  0.415422107699D-02  0.138164756927D-02  0.288643323384D-02
 -0.367945163950D-02  0.139599824878D-02 -0.252089183237D-02  0.535296657819D-03
 -0.156102407359D-01  0.421136142574D-02  0.316180097780D-02 -0.141522602961D-01
  0.473122538591D-01 -0.360593288347D-01  0.326487549261D+00  0.745166905883D-03
  0.313308399807D-02  0.155564319920D-02 -0.398526868688D-02 -0.398507049205D-02
  0.249131391174D-02  0.198000159571D-02 -0.101766812986D-01  0.147450005837D-02
 -0.910184944744D-02 -0.393398066631D-02  0.155019795507D-01 -0.215270889178D-02
 -0.110471328320D-02  0.140040096957D-01  0.396482480147D-01  0.385204641950D-01
  0.403982566114D-01  0.367032447683D+00 -0.439638451341D-05  0.158134886828D-05
 -0.824434611757D-05  0.298091611010D-04  0.195325080421D-04  0.183172337627D-04
  0.495151896171D-04 -0.101838671243D-03  0.422516690596D-04 -0.685862791199D-04
 -0.550306802331D-04 -0.377006310875D-04  0.638953925297D-04  0.656351845915D-04
  0.180787302810D-04  0.173521108914D-02 -0.395190078000D-01  0.402453573835D-01
 -0.580324653199D-03  0.464459080897D+00 -0.102381189034D-03  0.136953763437D-02
  0.194490289744D-03 -0.134721897879D-02 -0.123861693209D-02  0.112198587861D-02
  0.240375027121D-02 -0.499370524464D-02  0.181907321727D-02 -0.452480181362D-02
 -0.296998763879D-02  0.252933691910D-02  0.445539513519D-03  0.298345595665D-03
  0.181636192284D-02 -0.393578195267D-02 -0.134084597954D-01 -0.109867006893D-01
  0.274725286610D-01 -0.684502575837D-03  0.514762585535D+00 -0.583240817740D-03
  0.110976036477D-02 -0.408680536362D-03  0.241619620187D-03  0.398760264751D-03
  0.680640364914D-02  0.792075500844D-02 -0.216737762395D-01  0.424641429613D-02
 -0.176764314160D-01  0.154991980999D-02 -0.144014039329D-02 -0.115120825023D-02
 -0.314499069050D-03 -0.772983298574D-03 -0.691663504583D-01 -0.618575376398D-01
 -0.642583643009D-01  0.858405576981D-01 -0.148506682231D-01 -0.908053647253D-02
  0.326446737555D+00 -0.753383745221D-04 -0.394917988594D-03 -0.137247282169D-03
  0.410953482046D-03  0.371048692796D-03  0.219656751325D-02  0.122311002486D-02
 -0.588260842046D-02  0.182070990838D-03 -0.451208533113D-02  0.321224913782D-02
  0.666596101238D-04 -0.165440677722D-02 -0.919868343867D-03  0.685157923528D-03
 -0.195966107274D-01 -0.325897335755D-01  0.142604840395D-01  0.131142235553D-01
  0.651015675213D-01 -0.114085653784D-02 -0.101714061359D-01  0.386405741510D+00
  0.218438253061D-02  0.156469471180D-02  0.257767761259D-02 -0.343394257302D-02
 -0.426573925198D-02 -0.283279310247D-02 -0.477021157114D-02  0.879167278912D-02
 -0.236641301136D-02  0.724546603504D-02  0.172483146298D-02  0.178663394328D-01
 -0.606389183403D-02 -0.444346640603D-02  0.176254067924D-01 -0.389071377397D-01
 -0.108177880507D-01  0.141790152785D-02  0.342334176809D-01  0.649739928173D-03
 -0.428646209574D-01 -0.226936563188D-01  0.203175904700D-03  0.365201156744D+00
 -0.922335859587D-03 -0.212042087336D-02 -0.952651312466D-03  0.495008434352D-03
 -0.112504358101D-04  0.188639132693D-01  0.108875411442D-01 -0.539570971900D-01
  0.262172541967D-02 -0.418222284761D-01  0.205342453213D-01  0.104159749791D-01
 -0.121426415889D-01 -0.561126572670D-02  0.158932545652D-01  0.243499982201D-01
 -0.927155762130D-02  0.201774550337D-02  0.375495762037D-01 -0.738862373236D-03
 -0.133025974506D-01 -0.128026993342D+00 -0.235877943507D-01 -0.242666404046D-01
  0.350246240194D+00 -0.502642942418D-03 -0.215336246529D-02 -0.744927794824D-03
  0.161786985068D-02  0.163856200499D-02  0.948689180106D-02  0.405066935368D-02
 -0.248036517652D-01 -0.328468562512D-03 -0.191245324858D-01  0.142328020020D-01
  0.102007179265D-02 -0.729928748456D-02 -0.404358473844D-02  0.314857646290D-02
 -0.403669725072D-01  0.286895179840D-01 -0.298827727643D-02 -0.170219040689D-01
  0.134670805375D-01  0.108541339807D-02  0.678441509263D-02 -0.222428081787D-01
  0.201118015970D-01 -0.249466980781D-01  0.159975893074D+00  0.199206161980D-03
  0.524997513675D-03  0.293180993115D-03 -0.628018688629D-03 -0.666525111894D-03
 -0.139716967476D-02 -0.731841935244D-03  0.356942310183D-02 -0.611871826303D-05
  0.270707110410D-02 -0.213362755674D-02  0.146014858065D-02  0.620032816306D-03
  0.274942592933D-03  0.103671368220D-02  0.432254527416D-02  0.475075011793D-01
 -0.514355065317D-01  0.992243184045D-03  0.287481096168D-01 -0.450113200590D-03
  0.137978701810D-02  0.347227541362D-02 -0.441795584268D-02  0.370567435510D-02
  0.231956216077D-01  0.462297921016D+00  0.451158825770D-03  0.147182140089D-02
  0.650691765341D-03 -0.121929485999D-02 -0.116913357539D-02 -0.529721575414D-02
 -0.243425132047D-02  0.141139419824D-01  0.528987345665D-05  0.107125442099D-01
 -0.763784363567D-02  0.531920341422D-03  0.326322966442D-02  0.149833609303D-02
 -0.122642422057D-02 -0.278204138256D-02  0.262472986238D-01 -0.277609492972D-01
  0.977112385987D-02  0.527939652134D-02  0.477702603922D-02 -0.248210429023D-03
  0.447124830076D-01 -0.141264713120D-01  0.145213088670D-01  0.131328593124D-01
  0.192737396477D-01  0.229307401491D+00 -0.276297175951D-02 -0.567353646390D-02
 -0.370677556597D-02  0.651680744900D-02  0.683442633487D-02  0.180241202019D-01
  0.104450915118D-01 -0.488281504133D-01  0.144421100491D-02 -0.372655958838D-01
  0.223925224819D-01 -0.141071340043D-01 -0.558298046645D-02 -0.122172086810D-02
 -0.811013051130D-02 -0.157445970932D-01  0.535971514976D-01  0.449645830492D-01
 -0.637971339192D-01 -0.103879082281D-02  0.257934282256D-02  0.194329231535D-01
  0.502997228031D-02  0.868591203457D-01 -0.328559376400D-01 -0.490322004670D-01
  0.736382840142D-02  0.262282347776D-01  0.331004299936D+00  0.598657758095D-04
  0.961107766414D-03  0.297313266251D-03 -0.983783386095D-03 -0.965673755963D-03
  0.143590190777D-02  0.169879600928D-02 -0.535262426517D-02  0.110584643462D-02
 -0.458489780853D-02 -0.140486397436D-02  0.348496251841D-02 -0.375978203297D-03
 -0.853159395863D-04  0.322681392436D-02  0.517348061639D-02 -0.221938414788D-02
  0.824194342248D-02 -0.199298493280D-02  0.380423406805D-01  0.146900186791D-02
  0.188027614378D-01 -0.804565416543D-01 -0.414850830271D-02 -0.103558338924D-01
  0.155818302815D-01  0.959587478290D-02 -0.611824705345D-01 -0.360608446913D-02
  0.390919421770D+00  0.391037034945D-03  0.157501952459D-02  0.880989708341D-03
 -0.171199148679D-02 -0.183848538977D-02  0.756152995790D-02  0.518778386004D-02
 -0.235033808585D-01  0.207923567657D-02 -0.190517889247D-01  0.359124278597D-02
  0.116178020008D-01 -0.502394134609D-02 -0.246589384890D-02  0.122980821356D-01
  0.988255791670D-02  0.114687467382D-01  0.179382023968D-01 -0.540943113092D-02
 -0.508282239425D-03 -0.104336873847D-01  0.429572173127D-01  0.804372044289D-02
 -0.828948076368D-01 -0.247078290876D-01 -0.173673133838D-01  0.799238801612D-03
  0.123348909596D-01 -0.228982908196D-01 -0.238906266517D-02  0.385257355943D+00
 -0.275993743262D-03 -0.470009170185D-03 -0.328544705145D-03 -0.137582699351D-03
 -0.456275879013D-03  0.377033409178D-02  0.185617777243D-02 -0.115667376525D-01
  0.504918493657D-03 -0.867331944638D-02  0.399138858127D-02  0.376449738388D-02
 -0.151995545945D-02  0.578084220477D-05  0.583472252881D-02  0.167618831098D+00
 -0.319115738559D-01 -0.236260889094D-01 -0.101953141099D-01 -0.110164341714D-02
 -0.751196115479D-02 -0.797953688288D-02  0.378489212576D-02  0.827226339189D-02
 -0.381540955749D-01  0.179495183705D-01 -0.233020608489D-02 -0.153714421277D-02
  0.300177963403D-01 -0.241177045768D-02  0.242864751608D-02  0.343043551533D+00
 -0.149715880008D-03  0.126969617962D-02 -0.458528183147D-03  0.149741670935D-02
  0.191220575636D-02 -0.283884082652D-02 -0.371073106365D-03  0.744473892473D-02
  0.555564472155D-03  0.538868812872D-02 -0.215693752164D-02 -0.810676139465D-02
  0.481843163751D-02  0.268016836705D-02 -0.987020699051D-02 -0.512416644920D-02
  0.352922911288D-01  0.267991387919D-01  0.664801948674D-01  0.228786354319D-03
  0.270427020198D-02  0.478469515948D-01  0.514804346379D-02  0.203253590473D-01
  0.768410262970D-02 -0.164227110524D-01  0.232280858240D-02  0.421766337977D-02
 -0.178794445917D-01  0.506269327878D-02  0.414450142360D-02  0.122911603277D-01
  0.204808318272D+00
$end
