$coord
    0.00000000000000      0.00000000000000      0.00000000000000  mo
   -0.00000000000000      0.00000000000000     -6.31081549572521  y
   -0.00000000000000     -0.00000000000000      6.31081549572521  y
    2.41778820296808      2.41778820296808     -2.47292415318528  s
   -2.41778820296808     -2.41778820296808     -2.47292415318528  s
    2.41778820296808     -2.41778820296808      2.47292415318528  s
   -2.41778820296808      2.41778820296808      2.47292415318528  s
    4.60493994140578     -1.53828582939703     -7.55499772273251  c
    3.54609448459082     -3.54609448459082     -6.12801923437417  c
    1.53828582939703     -4.60493994140578     -7.55499772273251  c
    1.34700241739962     -3.24775177119543     -9.86370809793550  c
    3.24775177119543     -1.34700241739962     -9.86370809793550  c
   -1.53828582939703      4.60493994140578     -7.55499772273251  c
   -3.54609448459082      3.54609448459082     -6.12801923437417  c
   -4.60493994140578      1.53828582939703     -7.55499772273251  c
   -3.24775177119543      1.34700241739962     -9.86370809793550  c
   -1.34700241739962      3.24775177119543     -9.86370809793550  c
    1.53828582939703      4.60493994140578      7.55499772273251  c
    1.34700241739962      3.24775177119543      9.86370809793550  c
    3.24775177119543      1.34700241739962      9.86370809793550  c
    4.60493994140578      1.53828582939703      7.55499772273251  c
    3.54609448459082      3.54609448459082      6.12801923437417  c
   -4.60493994140578     -1.53828582939703      7.55499772273251  c
   -3.24775177119543     -1.34700241739962      9.86370809793550  c
   -1.34700241739962     -3.24775177119543      9.86370809793550  c
   -1.53828582939703     -4.60493994140578      7.55499772273251  c
   -3.54609448459082     -3.54609448459082      6.12801923437417  c
    0.33538158507824     -6.16622141720647     -6.95775965573408  h
    0.00416399900856     -3.61643970433358    -11.38167704932107  h
    4.11577885042034     -4.11577885042034     -4.23326520349065  h
    3.61643970433358     -0.00416399900856    -11.38167704932107  h
    6.16622141720647     -0.33538158507824     -6.95775965573408  h
   -0.00416399900856      3.61643970433358    -11.38167704932107  h
   -0.33538158507824      6.16622141720647     -6.95775965573408  h
   -4.11577885042034      4.11577885042034     -4.23326520349065  h
   -6.16622141720647      0.33538158507824     -6.95775965573408  h
   -3.61643970433358      0.00416399900856    -11.38167704932107  h
   -0.33538158507824     -6.16622141720647      6.95775965573408  h
   -4.11577885042034     -4.11577885042034      4.23326520349065  h
   -6.16622141720647     -0.33538158507824      6.95775965573408  h
   -3.61643970433358     -0.00416399900856     11.38167704932107  h
   -0.00416399900856     -3.61643970433358     11.38167704932107  h
    0.00416399900856      3.61643970433358     11.38167704932107  h
    0.33538158507824      6.16622141720647      6.95775965573408  h
    4.11577885042034      4.11577885042034      4.23326520349065  h
    3.61643970433358      0.00416399900856     11.38167704932107  h
    6.16622141720647      0.33538158507824      6.95775965573408  h
$user-defined bonds
$redundant
     number_of_atoms            47
     degrees_of_freedom         19
     internal_coordinates       29
     frozen_coordinates          0
# definitions of redundant internals
   1 k  2.8284271247462 stre  11   29           val=   2.05995
   2 k  2.8284271247462 stre   8   32           val=   2.05943
   3 k  2.0000000000000 stre   9   30           val=   2.05893
   4 k -2.0000140285688 bend   9   32    8      val=   0.38755
        1.9999837250387 bend  12   32    8
        0.0029975170288 bend   2   32    8
   5 k -1.9999989288443 bend  10   29   11      val=   0.19240
        1.9999802811099 bend  12   29   11
        0.0091191991566 bend   2   29   11
   6 k  0.0539661376624 bend  10   30    9      val= 115.67994
        0.0539661376624 bend   8   30    9
        1.9985432974974 bend   2   30    9
   7 k -0.0221141104702 bend  10   29   11      val= 112.84624
       -0.0350095567488 bend  12   29   11
        2.8281239889818 bend   2   29   11
   8 k  0.0324537759665 bend   9   32    8      val= 116.64014
        0.0282155939847 bend  12   32    8
        2.8281001808072 bend   2   32    8
   9 k  0.6666666666667 tors  10   11    2    4 val=  95.55471
        0.6666666666667 tors  10   11    2    5
        0.6666666666667 tors  10   11    2    8
        0.6666666666667 tors  10   11    2    9
        0.6666666666667 tors  10   11    2   13
        0.6666666666667 tors  10   11    2   14
        0.6666666666667 tors  10   11    2   15
        0.6666666666667 tors  10   11    2   16
        0.6666666666667 tors  10   11    2   17
        0.6666666666667 tors  12   11    2    4
        0.6666666666667 tors  12   11    2    5
        0.6666666666667 tors  12   11    2    8
        0.6666666666667 tors  12   11    2    9
        0.6666666666667 tors  12   11    2   13
        0.6666666666667 tors  12   11    2   14
        0.6666666666667 tors  12   11    2   15
        0.6666666666667 tors  12   11    2   16
        0.6666666666667 tors  12   11    2   17
  10 k  0.6666666666667 tors   9    8    2    4 val=  71.96294
        0.6666666666667 tors   9    8    2    5
        0.6666666666667 tors   9    8    2   10
        0.6666666666667 tors   9    8    2   11
        0.6666666666667 tors   9    8    2   13
        0.6666666666667 tors   9    8    2   14
        0.6666666666667 tors   9    8    2   15
        0.6666666666667 tors   9    8    2   16
        0.6666666666667 tors   9    8    2   17
        0.6666666666667 tors  12    8    2    4
        0.6666666666667 tors  12    8    2    5
        0.6666666666667 tors  12    8    2   10
        0.6666666666667 tors  12    8    2   11
        0.6666666666667 tors  12    8    2   13
        0.6666666666667 tors  12    8    2   14
        0.6666666666667 tors  12    8    2   15
        0.6666666666667 tors  12    8    2   16
        0.6666666666667 tors  12    8    2   17
  11 k  2.0000000000000 stre   1    4           val=   4.21980
  12 k  1.4142135623731 bend   5    4    1      val= 108.24870
  13 k  2.0000000000000 stre   2    4           val=   5.14012
  14 k  2.8284271247462 stre   2   11           val=   4.99854
  15 k  2.0000000000000 stre  11   12           val=   2.68807
  16 k  2.8284271247462 stre   2    8           val=   5.01196
  17 k  2.8284271247462 stre  12    8           val=   2.68490
  18 k  2.0000000000000 stre   2    9           val=   5.01827
  19 k  2.8284271247462 stre   8    9           val=   2.68118
  20 k -0.6245031911665 bend   5    4    2      val=  66.47581
       -0.0695584579871 bend  11    4    2
       -0.0389967825860 bend  12    4    2
        0.6414110941154 bend  16   11    2
        0.7249296849733 bend  17   11    2
       -0.2213780912163 bend   8    4    2
       -0.4214402870848 bend   8    5    2
        0.1984833847117 bend   8   11    2
        0.8405757286095 bend   8   16    2
        0.6567635827850 bend   8   17    2
        0.4569568710366 bend  13    8    2
        0.9605301941990 bend  15    8    2
        0.0840229806221 bend  10    8    2
       -0.3582744270472 bend   9    4    2
        0.1176420876395 bend   9   11    2
        0.7549740470552 bend   9   16    2
        0.4082624511800 bend  14    8    2
  21 k  1.0861885725052 bend   5    4    2      val=   4.38728
       -0.4835747940931 bend  11    4    2
       -0.5480251419638 bend  12    4    2
        0.6937376584438 bend  16   11    2
        0.6485782332160 bend  17   11    2
       -0.2126003475093 bend   8    4    2
        0.2616328814289 bend   8    5    2
       -0.2757654054672 bend   8   11    2
        0.1705742808764 bend   8   16    2
        0.1456326527970 bend   8   17    2
       -0.2892761564715 bend  13    8    2
       -0.2738637034799 bend  15    8    2
        0.1521523839985 bend  10    8    2
        0.1254000020101 bend   9    4    2
       -0.4884177006694 bend   9   11    2
        0.2063751197059 bend   9   16    2
       -0.2054651965030 bend  14    8    2
  22 k -0.5684138678099 bend   5    4    2      val= -16.76062
        0.1302293876350 bend  11    4    2
        0.0942120983427 bend  12    4    2
        0.0746063613228 bend  16   11    2
        0.1687702561667 bend  17   11    2
       -0.2767604774096 bend   8    4    2
        0.3506486282897 bend   8    5    2
        0.5010333877150 bend   8   11    2
        0.0940599036294 bend   8   16    2
       -0.3173260962571 bend   8   17    2
       -1.1089275241835 bend  13    8    2
        0.0828309236835 bend  15    8    2
        1.2792230431468 bend  10    8    2
       -0.0860970225403 bend   9    4    2
        0.0603805788214 bend   9   11    2
        0.1340092569779 bend   9   16    2
       -0.5277850532134 bend  14    8    2
  23 k  1.0157679447958 bend   5    4    2      val=  19.60373
        0.0941242122898 bend  11    4    2
       -0.3341586175224 bend  12    4    2
       -0.5936413669792 bend  16   11    2
       -0.4448854942068 bend  17   11    2
       -0.6372088872188 bend   8    4    2
       -0.1327496566305 bend   8    5    2
        0.6432562871690 bend   8   11    2
        0.1913988943965 bend   8   16    2
       -0.0261007724448 bend   8   17    2
        0.1636371071831 bend  13    8    2
        0.8070574826216 bend  15    8    2
        0.3146265916444 bend  10    8    2
       -0.0812940997915 bend   9    4    2
        0.4139380353903 bend   9   11    2
       -0.1807031559400 bend   9   16    2
        0.1099933858307 bend  14    8    2
  24 k  0.3877199780609 bend   5    4    2      val=   7.45630
       -0.0436584563061 bend  11    4    2
       -0.1336325663590 bend  12    4    2
       -0.0662716301157 bend  16   11    2
       -0.0521166323935 bend  17   11    2
        0.1862624493204 bend   8    4    2
        0.2906778110345 bend   8    5    2
       -0.2290955560396 bend   8   11    2
       -0.3730096370914 bend   8   16    2
       -0.3230266851217 bend   8   17    2
       -0.3060230684210 bend  13    8    2
       -0.6988899082519 bend  15    8    2
       -0.0904477629328 bend  10    8    2
       -1.1444761624916 bend   9    4    2
        1.4798413867627 bend   9   11    2
        1.4011069676649 bend   9   16    2
        0.5533041861268 bend  14    8    2
  25 k -0.2199693368878 bend   5    4    2      val=  -0.94682
        0.9598421722981 bend  11    4    2
       -1.2415153467668 bend  12    4    2
       -0.4039984842614 bend  16   11    2
        1.1222733001803 bend  17   11    2
        0.3600906642615 bend   8    4    2
        0.0149495770824 bend   8    5    2
        0.7711621582773 bend   8   11    2
        0.4486033926565 bend   8   16    2
       -0.7548875756286 bend   8   17    2
        0.1549612836455 bend  13    8    2
       -0.4635092273746 bend  15    8    2
       -0.4564419119100 bend  10    8    2
        0.0552954755777 bend   9    4    2
        0.1040396060853 bend   9   11    2
       -0.3008094470448 bend   9   16    2
        0.0627537773014 bend  14    8    2
  26 k  2.0000000000000 bend   2    1    4      val=  84.17705
  27 k  2.8284271247462 bend  12    9    8      val= 108.14206
  28 k  2.0000000000000 bend   8   10    9      val= 107.95152
  29 k  2.8284271247462 bend  12   10   11      val= 107.88200
        19 non zero eigenvalues  of BmBt
           1           2.349648174    1    0
         1
           2           2.091976450    2    0
         2
           3           2.022601767    3    0
         3
           4           1.504464411    4    0
         4
           5           1.025376253    5    0
         5
           6           0.716768218    6    0
         6
           7           0.577896922    7    0
         7
           8           0.576087455    8    0
         8
           9           5.448438416    0    0
         0.000000000         0.000000000         0.000000000         0.000000000
         0.000000000         0.000000000         0.000000000         0.000000000
        -0.053145112         0.341449817         0.001077203        -0.028623402
        -0.463932204         0.628378645         0.047557802         0.138486752
         0.027901521        -0.119445316        -0.009714225        -0.479772020
         0.013709614        -0.000286647         0.000849278        -0.002272859
        -0.003840107        -0.047482181        -0.000431414         0.017511710
        -0.011946378
          10           1.406250310    0    0
         0.000000000         0.000000000         0.000000000         0.000000000
         0.000000000         0.000000000         0.000000000         0.000000000
         0.328502703        -0.600603387         0.120928758        -0.074928744
        -0.279535760         0.118848376        -0.255558927         0.145640512
         0.046445247         0.118114498         0.484378839        -0.060818054
         0.077387883         0.065312693         0.024464459         0.121009059
        -0.066360667         0.012969547        -0.066827242        -0.132600585
         0.160592014
          11           1.291016197    0    0
         0.000000000         0.000000000         0.000000000         0.000000000
         0.000000000         0.000000000         0.000000000         0.000000000
         0.067011016         0.048045197         0.770848708         0.130534205
         0.422996788         0.137092796         0.117259463         0.045908456
        -0.026495730        -0.019039429         0.051430013        -0.151139056
         0.213589257        -0.050302561         0.178247955         0.058154046
         0.010703741        -0.241254897        -0.000448341         0.011757496
        -0.007856481
          12           1.239700264    0    0
         0.000000000         0.000000000         0.000000000         0.000000000
         0.000000000         0.000000000         0.000000000         0.000000000
         0.022673079         0.033606974         0.063736821         0.018467266
         0.057483871        -0.031451368        -0.520275034         0.145644573
         0.636050056        -0.150842138        -0.271283391         0.004261654
        -0.051414795        -0.041639676         0.083542890        -0.086540446
        -0.118670838        -0.024957575        -0.287121133         0.266862537
         0.098129330
          13           1.022984474    0    0
         0.000000000         0.000000000         0.000000000         0.000000000
         0.000000000         0.000000000         0.000000000         0.000000000
         0.156643600         0.086616231         0.341287840        -0.184608919
        -0.484317497        -0.366432715        -0.188985315        -0.153601439
        -0.416138599        -0.230522271        -0.281354506         0.023100903
         0.202201565        -0.058828717         0.016578140        -0.045887364
        -0.000434864         0.058259214        -0.135073435         0.106415081
         0.059677293
          14           0.962284585    0    0
         0.000000000         0.000000000         0.000000000         0.000000000
         0.000000000         0.000000000         0.000000000         0.000000000
         0.394388965         0.167908782        -0.220827716         0.078313786
         0.195961635        -0.047091488         0.230417025         0.380877728
        -0.219621656        -0.249850237         0.203709367         0.008069146
         0.051584922         0.208522069        -0.083576917        -0.113813084
         0.049136851        -0.010280199        -0.404711523         0.329752830
         0.170987635
          15           0.761734906    0    0
         0.000000000         0.000000000         0.000000000         0.000000000
         0.000000000         0.000000000         0.000000000         0.000000000
        -0.123712885         0.186904828         0.225971374        -0.192611370
        -0.349578834        -0.273931510         0.437815972         0.302842230
         0.371634331         0.300169414         0.191993912         0.206012009
         0.002740110         0.029852788         0.190647606        -0.009154653
         0.066900355         0.115323594        -0.032862508         0.120432126
        -0.052488319
          16           0.450509855    0    0
         0.000000000         0.000000000         0.000000000         0.000000000
         0.000000000         0.000000000         0.000000000         0.000000000
        -0.001146906         0.344451882        -0.044367578         0.089322456
         0.072899952        -0.194189986        -0.388392287         0.223759725
        -0.225390466         0.681170889         0.055782437        -0.239208221
         0.033488627        -0.052408685        -0.093319823        -0.095589795
        -0.027059837        -0.081740510        -0.048121383        -0.090448338
         0.112747937
          17           0.375713261    0    0
         0.000000000         0.000000000         0.000000000         0.000000000
         0.000000000         0.000000000         0.000000000         0.000000000
        -0.443663394        -0.154207342         0.005837804         0.034335842
         0.017477470        -0.228690017        -0.095187576         0.654833445
        -0.151376939        -0.363316902         0.002625375        -0.122173913
        -0.057400657        -0.184471669        -0.062329385         0.172259825
         0.030126274        -0.038092361         0.135285527        -0.160317156
        -0.024593391
          18           0.237505534    0    0
         0.000000000         0.000000000         0.000000000         0.000000000
         0.000000000         0.000000000         0.000000000         0.000000000
        -0.069495003         0.147064309        -0.031374333         0.056524590
         0.009972033        -0.450922497        -0.001178471        -0.349806926
         0.166668757        -0.230502485         0.371489102        -0.537918359
        -0.207939285         0.220720212         0.137953899         0.103054751
         0.025292656        -0.057304301        -0.017653620        -0.070231703
         0.067236856
          19           0.014851038    0    0
         0.000000000         0.000000000         0.000000000         0.000000000
         0.000000000         0.000000000         0.000000000         0.000000000
         0.049929862        -0.072039848        -0.278379162         0.501631061
        -0.250366046        -0.119237990         0.093087995        -0.021699336
         0.056600149         0.024825401        -0.069214251         0.068238304
         0.337816916        -0.143323968         0.312528717         0.081533096
         0.002358994        -0.567366911         0.018385585         0.031546272
        -0.040702535
$end
