# Excitation spectrum ; written at 2020-07-31 20:27:37
#     Exc.     energy (Eh)   energy (eV)   energy (cm-1)   energy (nm)     Osc.(vel)      Osc.(len) 
       1 a        0.014527       0.39531        3188.358      3136.411     0.00546712     0.00000489
       2 a        0.014529       0.39534        3188.672      3136.102     0.00546889     0.00000488
       3 a        0.015192       0.41340        3334.285      2999.143     0.00159275     0.00000273
       4 a        0.015195       0.41347        3334.827      2998.656     0.00158879     0.00000273
       5 a        0.018272       0.49721        4010.270      2493.597     0.00123762     0.00000162
       6 a        0.018272       0.49721        4010.298      2493.580     0.00123616     0.00000163
       7 a        0.022691       0.61746        4980.157      2007.969     0.00268899     0.00001060
       8 a        0.022693       0.61752        4980.596      2007.792     0.00269238     0.00001061
       9 a        0.023549       0.64081        5168.493      1934.800     0.00000000     0.00000000
      10 a        0.023690       0.64465        5199.427      1923.289     0.00000000     0.00000000
      11 a        0.024153       0.65724        5301.016      1886.431     0.00000000     0.00000000
      12 a        0.027016       0.73515        5929.368      1686.520     0.00523966     0.00000009
      13 a        0.027017       0.73516        5929.456      1686.495     0.00523538     0.00000009
      14 a        0.027222       0.74074        5974.445      1673.796     0.00360498     0.00014242
      15 a        0.027273       0.74213        5985.721      1670.643     0.00000127     0.00000005
      16 a        0.027610       0.75130        6059.624      1650.267     0.00000000     0.00000000
      17 a        0.028606       0.77840        6278.200      1592.813     0.00000000     0.00000000
      18 a        0.035276       0.95992        7742.273      1291.610     0.01941095     0.06042389
      19 a        0.053650       1.45989       11774.827       849.269     0.00010765     0.00001595
      20 a        0.053654       1.46000       11775.657       849.210     0.00010665     0.00001611
      21 a        0.057361       1.56087       12589.236       794.329     0.00000003     0.00000000
      22 a        0.057571       1.56659       12635.370       791.429     0.00704273     0.00056503
      23 a        0.064223       1.74760       14095.332       709.455     0.00000000     0.00000000
      24 a        0.064342       1.75083       14121.394       708.145     0.00000000     0.00000000
      25 a        0.065392       1.77939       14351.786       696.777     0.00000004     0.00000025
      26 a        0.065600       1.78507       14397.578       694.561     0.00016833     0.00112249
      27 a        0.065606       1.78523       14398.852       694.500     0.00017206     0.00111928
      28 a        0.066271       1.80332       14544.757       687.533     0.00484595     0.04650074
      29 a        0.067867       1.84676       14895.127       671.361     0.01224444     0.00020898
      30 a        0.067876       1.84699       14896.990       671.277     0.01224380     0.00021011
      31 a        0.069793       1.89917       15317.838       652.834     0.00017372     0.00011775
      32 a        0.069794       1.89920       15318.110       652.822     0.00017686     0.00011721
      33 a        0.076898       2.09250       16877.191       592.516     0.00644361     0.00903740
      34 a        0.077238       2.10176       16951.838       589.907     0.00000012     0.00000021
      35 a        0.081761       2.22482       17944.421       557.276     0.00006620     0.01324760
      36 a        0.081961       2.23027       17988.324       555.916     0.00000000     0.00000002
      37 a        0.086209       2.34586       18920.637       528.523     0.00484061     0.00004603
      38 a        0.086226       2.34632       18924.338       528.420     0.00483140     0.00004613
      39 a        0.089301       2.43001       19599.360       510.221     0.00132083     0.00032253
      40 a        0.089322       2.43058       19603.924       510.102     0.00130733     0.00032210
      41 a        0.090569       2.46450       19877.568       503.080     0.00000000     0.00000000
      42 a        0.095778       2.60625       21020.852       475.718     0.00376151     0.00176819
      43 a        0.095795       2.60672       21024.627       475.633     0.00375320     0.00176295
      44 a        0.096906       2.63695       21268.443       470.180     0.00000000     0.00000000
      45 a        0.098650       2.68439       21651.079       461.871     0.00000000     0.00000000
      46 a        0.100085       2.72346       21966.213       455.245     0.00000015     0.00000001
      47 a        0.100109       2.72411       21971.454       455.136     0.00428864     0.00014406
      48 a        0.100113       2.72423       21972.372       455.117     0.00432984     0.00016634
      49 a        0.100421       2.73259       22039.849       453.724     0.00026127     0.00103352
      50 a        0.100434       2.73294       22042.621       453.667     0.00021453     0.00101029
      51 a        0.100574       2.73675       22073.377       453.034     0.00000000     0.00000000
      52 a        0.101037       2.74936       22175.095       450.956     0.01691467     0.00104717
      53 a        0.101315       2.75693       22236.119       449.719     0.00291288     0.00000058
      54 a        0.101317       2.75697       22236.471       449.712     0.00290767     0.00000060
      55 a        0.101960       2.77447       22377.587       446.876     0.00000000     0.00000000
      56 a        0.104702       2.84910       22979.513       435.170     0.00019798     0.00012286
      57 a        0.104703       2.84910       22979.564       435.169     0.00023389     0.00013313
      58 a        0.105213       2.86299       23091.542       433.059     0.00000001     0.00000010
      59 a        0.105375       2.86741       23127.203       432.391     0.00200232     0.00060795
      60 a        0.105388       2.86774       23129.913       432.341     0.00196755     0.00063694
      61 a        0.105412       2.86842       23135.364       432.239     0.00550404     0.18895259
      62 a        0.107571       2.92715       23609.095       423.566     0.00000001     0.00000002
      63 a        0.107833       2.93429       23666.645       422.536     0.02827573     0.00043299
      64 a        0.107838       2.93443       23667.795       422.515     0.02824890     0.00043272
      65 a        0.108729       2.95867       23863.294       419.054     0.00000000     0.00000000
      66 a        0.108785       2.96020       23875.653       418.837     0.00000000     0.00000000
      67 a        0.109725       2.98578       24081.938       415.249     0.00000012     0.00251519
      68 a        0.109728       2.98585       24082.535       415.239     0.00000016     0.00251747
      69 a        0.111186       3.02551       24402.412       409.796     0.01680214     0.00004409
      70 a        0.111188       3.02558       24402.941       409.787     0.01679876     0.00004361
      71 a        0.111820       3.04277       24541.605       407.471     0.00000075     0.00000020
      72 a        0.112005       3.04782       24582.327       406.796     0.01253085     0.00003375
      73 a        0.112009       3.04792       24583.102       406.783     0.01258551     0.00003373
      74 a        0.112103       3.05047       24603.714       406.443     0.00129158     0.00776184
      75 a        0.112130       3.05121       24609.685       406.344     0.00000047     0.00000133
      76 a        0.113233       3.08123       24851.836       402.385     0.00326320     0.00227551
      77 a        0.113241       3.08145       24853.553       402.357     0.00327019     0.00227451
      78 a        0.114751       3.12254       25184.992       397.062     0.00000000     0.00000000
      79 a        0.116196       3.16186       25502.124       392.124     0.01231783     0.00035512
      80 a        0.116198       3.16191       25502.506       392.118     0.01238261     0.00035929
      81 a        0.116751       3.17695       25623.845       390.261     0.00000000     0.00000002
      82 a        0.117446       3.19586       25776.317       387.953     0.00000001     0.00104720
      83 a        0.117451       3.19601       25777.528       387.935     0.00000000     0.00104529
      84 a        0.118232       3.21726       25948.960       385.372     0.00000712     0.00025572
      85 a        0.118267       3.21822       25956.669       385.257     0.00018258     0.00691372
      86 a        0.119083       3.24043       26135.800       382.617     0.00000000     0.00000000
      87 a        0.119786       3.25955       26290.073       380.372     0.00000000     0.00000000
      88 a        0.120191       3.27055       26378.794       379.092     0.00000000     0.00000000
      89 a        0.120591       3.28145       26466.711       377.833     0.00001217     0.00411269
      90 a        0.120594       3.28152       26467.263       377.825     0.00001405     0.00410679
      91 a        0.120659       3.28329       26481.530       377.622     0.00098578     0.00017062
      92 a        0.120672       3.28364       26484.381       377.581     0.04588150     0.00796937
      93 a        0.120856       3.28866       26524.829       377.005     0.00119751     0.00001329
      94 a        0.120870       3.28904       26527.902       376.962     0.00120783     0.00000798
      95 a        0.122460       3.33231       26876.854       372.067     0.00000007     0.00000015
      96 a        0.122510       3.33368       26887.941       371.914     0.00020365     0.00012845
      97 a        0.122511       3.33368       26887.973       371.914     0.00020068     0.00012878
      98 a        0.124123       3.37755       27241.808       367.083     0.01363549     0.00258080
      99 a        0.124125       3.37762       27242.376       367.075     0.01364964     0.00258071
     100 a        0.124588       3.39021       27343.892       365.712     0.00000005     0.00000003
