# Electronic transition moments of , IRREP a   electric dipole (length) / electric dipole (velocity) / magnetic dipole
 0.53153297707452E+00   -.53101519573263E+00   -.11366416255805E-03   -.15894152208561E-01   0.15876972393823E-01   0.36962061220591E-05   -.56208155154549E-02   -.56155935734757E-02   -.65363967519602E-08
 0.26997629758757E-05   -.27372462065812E-05   -.15958695835264E-04   0.29549102842765E-05   0.72097778502404E-01   -.72164965498875E-01
 -.53110216832530E+00   -.53156535272443E+00   -.78697536969501E-04   0.15873877740091E-01   0.15885910027500E-01   0.53631240381441E-05   0.56144714277927E-02   -.56201547265861E-02   0.31727708064127E-09
 0.15369719698081E-05   -.27465783729020E-05   0.17412712070854E-04   0.22738556654376E-05   0.72145405134165E-01   0.72075133392900E-01
 0.28008944290385E+00   0.28073274277252E+00   0.16709291333872E-05   -.11596915575033E-01   -.11625099529875E-01   -.84080179282838E-06   0.38998242838349E-02   -.39084103151394E-02   0.12101519021823E-06
 0.38741003722816E-05   -.59294561500258E-05   0.60433871855241E-05   0.89355998396025E-06   0.65508761644852E-01   0.65362734620405E-01
 -.28033444223717E+00   0.27974483347121E+00   0.83796695014719E-05   0.11616151280520E-01   -.11592893249906E-01   -.79711585530574E-06   -.39078946250605E-02   -.38986225120930E-02   0.36049600101386E-07
 -.20999287585731E-05   0.14929604753574E-05   -.94642487480552E-06   -.99790816928708E-06   0.65317950551260E-01   -.65468124544540E-01
 -.22574063052321E+00   0.22503378612141E+00   -.43723177930747E-04   -.81792352055927E-02   0.81534136990462E-02   0.76719184812403E-05   -.69224766972806E-03   -.69010054229544E-03   -.16125486704250E-07
 0.46542968081511E-05   0.40692985602145E-05   -.91256889072396E-05   0.82661213741786E-06   0.73529296297336E-01   -.73763242720132E-01
 0.22490761920564E+00   0.22559976641054E+00   -.30078334480541E-04   0.81704927404996E-02   0.81949326779583E-02   0.10689459696173E-04   0.69368298960834E-03   -.69578539478193E-03   0.42315967902135E-07
 -.50562073752856E-05   -.67908266154739E-05   0.18144056727684E-04   0.46120264995570E-06   0.73961530711221E-01   0.73730972067122E-01
 -.29817893538688E+00   -.29806802847092E+00   0.40626085328932E-04   -.18718256423968E-01   -.18714561137696E-01   -.57897708150699E-05   -.67431168475638E-03   0.67425178105842E-03   -.75059626445986E-07
 -.11730164527713E-05   -.55053006388045E-05   -.25855029894732E-04   -.60680016688166E-05   -.22584674045541E+00   -.22594080237295E+00
 0.29822884343254E+00   -.29836678954207E+00   0.51054635402562E-04   0.18720896089571E-01   -.18731075227979E-01   -.10861879632468E-04   0.67498915622856E-03   0.67556600796779E-03   -.66048845953548E-08
 0.54422163546898E-05   0.35751141648103E-05   0.25477726663490E-04   -.11359122093543E-04   -.22605670641592E+00   0.22597419082254E+00
 -.10894831110786E-03   0.29163060907454E-05   -.27225459467305E-04   0.94110378424278E-06   -.41671015103763E-06   0.18921120558693E-04   -.74606732529494E-06   0.73799066777809E-07   -.87146202925238E-05
 0.19091907449161E+00   -.19086624400513E+00   -.30553105490331E-03   -.69517919942562E-05   0.57184539551557E-05   0.38240371825475E-05
 0.96595108848874E-05   0.11406737681922E-03   0.59621620179165E-05   0.29096222879595E-06   -.32313130938527E-06   -.19695809637366E-05   0.10421078827553E-06   -.88503146946809E-06   -.95178058854232E-02
 -.13922520377793E-03   0.14194351211180E-03   -.34331846578344E-05   0.84879190837936E-06   0.52878906460840E-06   -.39910111219409E-06
 0.23098641021495E-04   -.68154543838668E-05   -.61529070871935E-04   0.35229101796393E-06   -.36894742507985E-06   0.37303142136267E-04   0.46898152312105E-06   -.68250473493276E-07   -.11725937813796E-05
 0.34855316138544E+00   -.34846333140044E+00   -.56106931950757E-03   -.13606238486519E-04   0.18924438685198E-07   0.21235053319841E-05
 -.38264981140879E+00   -.38012721288484E+00   -.23599299840378E-04   -.16116862827743E-02   -.15996456828983E-02   0.39448590585302E-05   -.55753592580935E-02   0.55388038741956E-02   -.73316891102898E-06
 0.46408385923399E-06   -.20584894114594E-05   0.15687724656794E-04   -.41036439380653E-06   0.21616605086307E-01   0.21748016626447E-01
 -.37996911623423E+00   0.38249070144124E+00   -.30583105751301E-04   -.16093312093918E-02   0.16184812995795E-02   0.43875101941306E-05   -.55386039933371E-02   -.55750841813555E-02   0.43519994504108E-06
 -.30907031655302E-05   0.40205956671239E-05   -.16845788793310E-04   -.10667859058377E-05   -.21777541128015E-01   0.21621881183463E-01
 -.31713467179155E-04   -.11376111141876E-04   0.44569749931857E+00   -.27145705738543E-06   -.24228635519160E-05   -.88587404539640E-01   -.54235110922874E-06   0.17517161931160E-06   -.55082298374703E-06
 -.25814115785994E-03   -.25841974728371E-03   -.67626067792127E-02   0.43936654540500E-01   -.22030533214018E-04   0.75673679720094E-05
 -.19333269631170E-04   0.39549385355543E-04   0.83738011912997E-02   -.13932175696568E-05   -.15466058215954E-06   -.16882589613870E-02   -.31505728412477E-06   -.48236559598919E-06   0.15701803435924E-06
 0.12980455126113E-01   0.13004442309551E-01   0.35858104932151E+00   0.78584808089542E-03   -.31107671255440E-05   -.14171383884769E-04
 -.24785424203356E-04   -.66598031719125E-04   0.96410078024424E-05   0.52344394096816E-06   0.95616199295703E-06   0.84648756649117E-05   -.12380620127984E-06   -.95286975176044E-07   0.96798056363947E-02
 -.19228499725419E-03   0.19046843025293E-03   -.11777099376447E-04   -.67495906055744E-05   -.39800746516843E-05   0.77837386107231E-06
 -.60546107755097E-04   -.21294794578798E-04   0.24356895187706E-04   0.60533752928332E-06   0.33503325663966E-06   -.50884925094440E-04   0.11742482052606E-06   0.26059072421246E-07   -.85570974673482E-05
 -.24270904418111E+00   0.24264213014612E+00   0.38920843215880E-03   0.48636434996448E-05   -.61303343465732E-05   -.69429557703196E-05
 0.45139818016945E-05   -.33234012372257E-04   0.90850421919969E+00   0.27758386493428E-05   -.11121956862337E-04   -.16029054257014E+01   -.11280826410800E-06   -.10085288341804E-06   0.12409270418050E-06
 -.55741502720769E-04   -.92311848921369E-04   -.12542490386324E-02   -.33314239844148E+00   -.10668329324200E-03   0.66351294146626E-04
 0.39158916909978E-01   0.38425072045389E-01   0.33766057950288E-05   0.15080989527019E-01   0.14779869140051E-01   0.57002720476704E-05   0.63909628652420E-03   -.62744161764269E-03   0.20840674160864E-07
 -.11535252214938E-04   0.86553683112033E-05   -.95512552874781E-05   0.40446024486375E-05   -.39211594223696E-01   -.39948964084183E-01
 -.38249139807250E-01   0.38970488288952E-01   -.12922133918848E-05   -.14879238095051E-01   0.15130094924148E-01   0.46353688247783E-05   -.62740089000643E-03   -.63893777272681E-03   0.31533388826576E-07
 0.66835858093663E-05   -.44420510928988E-05   -.26860990965018E-04   -.17325001600359E-05   -.40091335993166E-01   0.39408388571047E-01
 0.16987586869656E-04   0.56386783069142E-05   0.81589406982994E-03   0.44511673826736E-05   0.14789821804002E-05   0.35867287042485E-03   -.29026751392067E-07   -.13324896191240E-07   0.24366457399378E-07
 -.24433261399084E-02   -.25035852236474E-02   -.19538671535434E+01   0.10182141017602E-02   0.19592507809595E-05   0.20153764242175E-04
 0.86068070440474E-05   -.16539127904248E-04   0.42836535879925E+00   -.12703932258030E-06   -.42935905530407E-05   0.12133335458879E+00   0.11804352844671E-07   -.26059326740319E-07   0.32608483001426E-07
 0.26215164775378E-04   0.13610130479295E-04   0.31336080056928E-02   0.47021908516299E+00   -.46440642010535E-04   -.54110529472846E-05
 0.38864739561401E-05   -.23694970366393E-04   0.51501440283546E-05   0.56147763315139E-06   -.12572129090942E-05   0.12458183943069E-04   -.21736770005227E-08   0.10736739674408E-06   0.51233817062282E-03
 0.62973218333882E-04   -.66903084140275E-04   0.55077338427570E-04   0.29586361251984E-04   0.17435179304929E-05   -.11249451668379E-05
 -.23216712954958E-04   0.35754489473344E-05   0.11774460972817E-05   -.15472626025655E-05   0.27804647172515E-06   -.10757841686628E-04   -.11400444638494E-06   0.54390245314092E-08   -.18022650682912E-06
 0.10801633673161E+00   -.10797414006572E+00   -.49714414810124E-03   -.16132827315869E-04   -.51484783260744E-06   0.41002068273272E-05
 -.85063526965583E-04   0.26911361949831E-04   0.94998460562421E-03   -.58925520774399E-04   -.10525215438211E-04   0.24097955422112E-02   -.28513943017813E-06   0.72177162416263E-07   0.31442518052800E-07
 0.24794084066311E+00   0.24759840603824E+00   -.76263011158963E+01   0.40684536257765E-02   0.62195990926539E-04   0.14069111955535E-03
 0.49845674883468E-01   -.36938009177339E-01   -.65753741827501E-04   0.12869474517256E+00   -.95415657634239E-01   -.19012061581697E-03   0.83863153783752E-03   0.62215871354678E-03   0.13900883287061E-07
 0.62023861373286E-04   0.52915721817647E-04   -.19453839296116E-02   -.32512437064617E-03   0.27859725225362E+00   -.37565421842507E+00
 0.37425824145305E-01   0.50331450102363E-01   0.76839567600790E-04   0.95313910662485E-01   0.12847621808571E+00   0.22410873452779E-03   0.62072145974647E-03   -.83716970943938E-03   0.51291716711999E-08
 0.77955826987910E-04   0.70766462961748E-04   -.24198791765473E-02   0.39001892562532E-03   -.37559170100327E+00   -.27855230925748E+00
 0.32712986041935E-05   0.93190924372154E-04   0.33118739523842E+00   0.53120286087213E-06   -.55102815937276E-04   0.10259222938858E+01   0.90869793174124E-07   0.55238112304496E-06   0.57584123461613E-07
 -.51836032265235E-03   -.51751399289399E-03   0.14991566059160E-01   0.18291840416827E+01   0.11149355205901E-03   -.50039364059636E-04
 -.37521423038520E+00   0.36033428050031E+00   -.38151438378852E-04   0.49017996998041E-01   -.47075578529470E-01   -.12422792945019E-03   0.91309656061281E-03   0.87703260571205E-03   0.32937590000957E-08
 -.98765246002387E-05   -.12237816706918E-04   0.53076930642317E-03   -.21836011706455E-03   -.64330546804680E-01   0.67050939919263E-01
 0.36028677860292E+00   0.37519572792992E+00   -.41492305931722E-04   -.47200213080244E-01   -.49147069941516E-01   -.14336663337968E-03   -.87825250404210E-03   0.91465567184988E-03   0.50275326332935E-09
 0.12317129444141E-04   0.10501315271721E-04   -.53747043653942E-03   -.25229302845067E-03   -.66401640448967E-01   -.63838626023136E-01
 0.46399334250705E-01   0.39756804944327E-01   -.57466985824243E-06   0.38138127128406E-01   0.32805610680283E-01   0.67138631023820E-06   0.21848641828657E-03   -.18830992658730E-03   -.41806595040663E-07
 -.60787188659862E-05   0.15622279953730E-05   0.19398715230020E-04   0.27212731985331E-05   -.26477078447982E-01   -.30746971368963E-01
 -.40259627624210E-01   0.46692773756407E-01   0.14877046025714E-05   -.32714671455586E-01   0.38063945993461E-01   0.23101151752368E-05   -.18648946037521E-03   -.21740584152751E-03   -.32831970498567E-07
 0.29932444247829E-05   -.37130167608415E-05   0.19533290279862E-05   -.19840236213489E-05   -.30732624609823E-01   0.26384783036527E-01
 0.37375832946077E-05   -.73538458799970E-05   0.35452936716498E+00   -.11006880497156E-05   -.40606022637670E-05   0.41986473539871E+00   0.37323073513781E-07   0.39417127694599E-07   0.17569315060593E-07
 0.50389793475079E-03   0.50283293926597E-03   -.14877124682340E-01   0.62933486510784E+00   -.22248941693461E-04   -.19648756015144E-04
 -.77256499702957E-05   -.57255068585709E-05   0.15422713169370E-02   -.50599410247607E-05   -.17086561257433E-05   0.20160946991317E-02   -.23807946380139E-07   -.43794601994182E-08   -.21730059003175E-07
 -.91188344525148E-01   -.91063304582029E-01   0.26604169177750E+01   0.30441008271003E-02   -.79338946572175E-05   -.18633355707663E-04
 0.58327731452791E-05   -.14958056411090E-04   0.34848792416194E-01   0.25704815404771E-07   0.87329048969740E-05   -.49299401263121E+00   -.63089395921361E-07   -.64616987547068E-07   -.24783399627481E-06
 -.39724900513536E-03   0.17738777982316E-03   -.90152365057542E-03   -.23039890755035E-01   0.11937862908581E-03   -.55833690679818E-05
 -.54384907848606E-05   -.58910715742670E-05   -.50401434310870E-04   0.44677666397385E-05   0.85643946751733E-06   0.55697964099608E-03   0.14940260017025E-06   -.23330874535065E-07   -.51937233664292E-06
 -.21504090429037E+00   0.21507557983777E+00   0.18510703014895E-03   0.19180178726091E-04   -.88234951546734E-05   -.33369504505714E-04
 0.19735807139580E+00   0.21277804249725E+00   -.19555623021015E-04   0.19237040235307E-01   0.20756870288946E-01   0.60828656376701E-05   0.85804752264793E-04   -.92857980784833E-04   -.10357109751437E-07
 -.77074499108968E-05   -.76567057193019E-05   0.17224968714789E-03   -.35733580013776E-04   -.19161411594381E-01   -.17664996920723E-01
 -.21247466931624E+00   0.19723733565672E+00   -.39568880148630E-04   -.20771316249352E-01   0.19262142654983E-01   0.16901496131428E-04   -.92417907980290E-04   -.86083747996011E-04   0.27039500440323E-07
 0.37119942415650E-04   0.14614458775921E-05   -.38178631726620E-03   -.48936715987295E-04   -.17393572324307E-01   0.18733066254966E-01
 0.10931671372165E+00   -.10117317364375E+00   -.54466339331848E-05   -.54050124832178E-01   0.49960877675675E-01   0.12432294266167E-04   0.72628426472785E-03   0.67190849269257E-03   0.10605393831130E-06
 -.70863797706772E-05   0.41270292530667E-05   -.12776533743643E-04   0.14901047403033E-04   -.10912324009230E+00   0.11781893705527E+00
 -.10062759961408E+00   -.10875770757333E+00   -.20463717872600E-05   0.49952993263656E-01   0.53978904600214E-01   -.28620645006018E-05   -.67212699137007E-03   0.72653281850376E-03   0.35216571229631E-06
 0.11335728360129E-04   -.13143351931933E-04   0.74433349251830E-04   0.85342666267920E-05   -.11784062957848E+00   -.10896766790520E+00
 0.23774726274205E-04   0.54269378946996E-04   0.12240704999573E-04   -.11814547071030E-04   -.30243600911913E-04   -.16621065233689E-03   -.11028879789314E-07   0.73740963695568E-07   0.25087929950471E-02
 0.41833814694545E-03   -.42454351940204E-03   0.11142012667506E-03   0.39394185570732E-04   0.14576052494156E-03   0.38229990586561E-04
 -.18007802651484E+00   -.16273178295262E+00   -.15275149419030E-04   0.12342473018302E+00   0.11161692830347E+00   -.19172998505885E-04   0.37186328116848E-03   -.33585881135083E-03   0.13732245068442E-06
 0.28030688444141E-04   -.30394984326052E-04   -.58837010011707E-04   -.39440137064769E-04   0.16794600326760E+00   0.18612912105942E+00
 0.16255026715337E+00   -.17985130650128E+00   -.26211967516723E-04   -.11137529688874E+00   0.12329049777034E+00   -.27746382356284E-04   -.33665001900247E-03   -.37199339297580E-03   0.73271210423476E-07
 0.29922282251428E-04   -.10856833609345E-04   0.11499350395573E-03   -.84101618296455E-04   0.18637016284709E+00   -.16856981279732E+00
 -.37988635450087E-04   0.29956484607841E-04   0.34781284211686E-04   -.92991372329957E-05   0.30214509744376E-05   -.15671164534828E-03   -.30433193545072E-07   -.14561906333958E-07   0.11494820884323E-06
 0.10947366127455E+00   0.10943978527544E+00   0.98994570530299E+00   0.95838349462975E-04   0.41730750275694E-05   -.37329675934854E-04
 -.35695853928807E-05   -.77163135889899E-06   0.58681850314828E-04   0.12258908955945E-05   -.32757117431211E-05   -.10279067962483E-04   0.17388109387576E-07   -.53662623834402E-07   -.13058494052523E-02
 0.45050248431344E-03   -.42137167064912E-03   0.11502840123515E-03   0.81331145327582E-04   0.15786613585965E-04   0.98271582662494E-05
 0.14668449986517E-02   0.28561330078280E-03   -.36436818493951E-04   0.34105242355256E-03   0.79049670885358E-04   -.10140037400649E-03   0.20652227210028E-05   -.34820310143120E-06   0.14415554741416E-07
 -.42991146497589E+00   0.42997262915147E+00   0.18005825156986E-04   0.16888411522515E-04   0.65886653326795E-03   0.32819995439053E-02
 0.19904088925415E+00   -.15697780430110E+00   0.34673612960007E-04   0.36613752248866E-01   -.28600059764189E-01   0.36151559761474E-04   0.25130512304738E-03   0.20312099992272E-03   0.16467312820562E-06
 0.16839110321843E-02   -.16263901539718E-02   -.32222626286063E-03   0.89229529151033E-05   -.36277706200958E+00   0.46073171371145E+00
 0.15785193272835E+00   0.19989182453268E+00   -.39861771050914E-04   0.31009797087644E-01   0.39123543208622E-01   -.10959892308191E-04   0.17381488630904E-03   -.22188466227987E-03   -.38494474168326E-06
 0.19549444613343E-02   -.19221740234730E-02   -.18847558933707E-03   -.18997739926430E-04   0.46901574559435E+00   0.37051739435012E+00
 -.45969510373797E-01   0.42301242485420E-01   0.12114538533494E-04   -.91024035190735E-01   0.84571851684208E-01   0.31256759915072E-04   0.11155478194460E-02   0.10396642446254E-02   -.92097125784469E-07
 0.86658740549033E-04   -.11808616438890E-03   0.37230370018342E-03   -.48097576956859E-05   0.30483703639456E+00   -.32879368739101E+00
 -.38566236373319E-01   -.41432281856022E-01   0.29744416246941E-04   -.83714388761684E-01   -.89893778529168E-01   0.24836056734457E-04   0.10433260111801E-02   -.11213021982575E-02   0.16366689435688E-06
 0.22293932393175E-03   -.23643860790465E-03   0.12394905861668E-03   0.10482738923583E-04   -.31746059301955E+00   -.29544733542084E+00
 -.22784299892078E-03   -.47743620118430E-04   0.58245050676223E-04   -.59214649089138E-04   -.17772408933028E-04   -.11798709428181E-03   0.14184962657147E-05   -.42746738725228E-06   -.65127823553908E-06
 -.60269403352883E+00   0.60265521388539E+00   0.23334205691273E-03   0.21211001239865E-05   -.21632160379395E-03   -.88434291905309E-03
 0.14102339763417E-03   -.17867792852702E-03   -.50111420667988E+00   -.55958907718257E-05   -.14698476298113E-04   -.12468484996852E+00   -.59037036803531E-06   -.54199332103373E-06   -.18528672270765E-06
 -.23966831440714E-04   0.81443710155911E-04   0.41067411220663E-03   -.44605106698734E-01   -.40012460799329E-03   0.35928865137473E-03
 0.11395418818409E+00   0.17360996796281E+00   -.42861683812538E-04   0.16212361695650E-02   0.24258649708722E-02   -.12573953431681E-04   -.63705186464064E-03   0.97086741346987E-03   0.86525094354967E-06
 -.34833337979046E-03   0.37498582583376E-03   -.20805185199061E-03   0.10186587920909E-04   0.55461624770220E+00   0.36424322526050E+00
 0.17348406192191E+00   -.11380408066835E+00   0.37678366099069E-03   0.25090134207400E-02   -.16202400722294E-02   0.11139895074321E-03   -.97263735614100E-03   -.63846945605402E-03   -.29369089763222E-06
 -.32331073735054E-03   0.40536679669827E-03   -.35453780880095E-03   0.19975985619893E-04   -.36393488335511E+00   0.55500118508102E+00
 0.97693080121091E-05   0.70477512253699E-05   -.62702398851722E-04   0.68673899104800E-06   0.73864630034043E-05   -.89330083810420E-05   -.42778759108503E-08   0.15311716602640E-06   0.18303852904927E-03
 0.42610097066980E-03   -.41304864824863E-03   0.13000851514415E-03   0.14779810511088E-04   0.47374422158261E-04   0.21879972276514E-04
 0.39251131128351E-01   0.35995036906786E-01   -.37116749654509E-04   -.30859262906220E-01   -.28421110764508E-01   -.25930642550971E-03   0.82225877232636E-03   -.76064727347692E-03   -.56055240739074E-07
 0.34960841829375E-04   -.41481397696159E-04   -.27479604396628E-03   -.26846784509303E-04   0.13066774737205E+00   0.14132856689855E+00
 0.39649378768504E-01   -.42174763256711E-01   0.14386365859710E-03   -.29823271985035E-01   0.31889283037864E-01   0.91424718085415E-03   0.76405504345381E-03   0.82464908125051E-03   0.45908131276732E-07
 0.22022977905503E-04   -.22594806602339E-04   -.30678006430357E-03   0.77015214945232E-04   -.14706299816485E+00   0.13667588006286E+00
 0.20282310740104E-03   0.14251756175408E-03   0.23763859057676E-03   -.97934924174031E-04   -.70801127679338E-04   0.11798495862947E-02   -.33765854457502E-06   0.19967826439510E-06   -.26885565328191E-06
 0.85879617301881E-01   -.85867454933448E-01   -.92997272637581E-05   0.11588715830774E-03   0.23218147591695E-03   0.37373722878774E-03
 -.11408041299587E+00   -.12444244638243E+00   0.15783938154649E-02   0.62570590361173E-01   0.68214389887936E-01   0.92583681687759E-02   -.11627093983517E-03   0.12705776169098E-03   0.33869542480079E-07
 0.20641042914433E-03   -.15558187767044E-03   0.11413243992210E-03   0.93546437042487E-03   -.30297066747930E+00   -.27782604047122E+00
 -.12334554577625E+00   0.11300855590386E+00   -.44046998376502E-02   0.67592162864442E-01   -.61861956740571E-01   -.25884757277054E-01   -.10939200726232E-03   -.99068225487403E-04   0.31921845356422E-07
 0.10125115233698E-03   -.28409438915959E-04   -.88560589428553E-04   -.25697281076633E-02   0.27504453161429E+00   -.29993891523183E+00
 0.13365811572815E-02   -.25559596709236E-02   -.27984475096266E+00   -.75775441790375E-03   0.15500737316722E-02   -.16397430984993E+01   0.11735156726077E-05   0.26327994372478E-05   -.12263415120316E-05
 -.43640031664538E-03   -.42558973745919E-03   -.52232256942812E-02   -.15905409789907E+00   -.43619565886491E-02   0.28936910087649E-02
 0.55838750518450E-04   0.32288041798445E-03   0.10604018298891E-03   -.16895105499667E-04   -.71907767282686E-04   0.53508297425722E-03   -.13165725698074E-06   0.20756908341576E-06   -.25197823507391E-03
 -.32713083932433E-03   0.28790065308040E-03   0.49783477857968E-03   0.28789706348956E-04   0.54680010783617E-03   0.10200203023636E-03
 -.45922362955841E+00   -.42712955219944E+00   -.20460660764799E-05   0.56838029181647E-01   0.52843612498781E-01   -.13655140452286E-04   -.14178677615868E-02   0.13188675664092E-02   0.11394386847794E-06
 0.38978894567481E-04   -.31185850910193E-04   -.26569814932337E-04   -.15971151932454E-05   -.17820194613092E+00   -.19162376908024E+00
 0.42691520516600E+00   -.45899580924071E+00   -.77784521033361E-05   -.52853188606484E-01   0.56793625901789E-01   -.33196597432871E-04   0.13175878615302E-02   0.14166108046406E-02   0.45214758211886E-07
 -.16540626203401E-04   0.83317355507925E-05   0.69940763364531E-04   -.20270861207846E-06   -.19153680727697E+00   0.17807678245062E+00
 0.20602832079913E-03   0.10707173601185E-03   0.67134824261183E-04   -.20731624384999E-04   -.73330877871861E-06   0.48543129431247E-05   0.35368601658455E-06   -.15263979184691E-06   -.21291300203713E-03
 0.56605962596472E+00   -.56601648081602E+00   -.32140834731422E-04   0.13011385510459E-04   0.15073829513853E-03   0.23427104948772E-03
 0.40964180706958E-04   0.12104839097868E-03   -.12006813819184E-03   -.75542076450877E-05   -.14641743849583E-05   -.14880643048839E-03   0.20735004902317E-06   -.35369066354247E-06   0.19660742254552E-02
 0.61159453029178E-01   -.61171635409645E-01   0.28283935061641E-04   -.48954911997451E-04   0.73169724282471E-04   -.25850508104033E-04
 0.94392527972734E-03   -.85885232715504E-03   -.17037113914176E-03   0.14498985683997E+00   -.11559149076511E+00   -.65548018119727E-03   0.33372732690059E-03   0.26623535754026E-03   -.27301541067821E-07
 -.23209051857542E-03   -.26509793290635E-03   -.34165368690307E-02   0.12228212874377E-03   -.13223756517703E+01   0.16585996732525E+01
 -.90610995841168E-03   -.11602202892186E-02   -.12646514411822E-03   -.11564352061932E+00   -.14505354625849E+00   -.52970822862200E-03   -.26672242322741E-03   0.33443043016513E-03   -.24021715856935E-07
 0.11858023321377E-03   0.13921393497768E-03   0.14743804727113E-02   0.11813400228558E-03   -.16595168196493E+01   -.13232691802582E+01
 -.32458493322614E+00   -.34831249205739E+00   -.11563603990578E-03   0.16624533592583E-01   0.17843218137669E-01   0.15841871913493E-03   -.75883076958823E-03   0.81453937146082E-03   -.30144368514476E-07
 -.71459875005344E-04   -.16287211613205E-03   0.96091119537114E-03   -.74532329236307E-04   -.27344032667343E+00   -.25507820519515E+00
 -.34806814400277E+00   0.32476911955526E+00   0.18545917573097E-03   0.17736127165394E-01   -.16545179060183E-01   -.23237221196995E-03   -.81329458156123E-03   -.75894325545948E-03   -.17388626699687E-06
 -.23612729494196E-03   -.19473618176387E-03   0.19343209705961E-02   0.98454547478943E-04   0.25548587103350E+00   -.27395337670401E+00
 0.29908856825865E-02   -.83324372843464E-03   -.64849097021680E-03   -.15969562843698E-03   0.45679330188485E-04   -.16269457732248E-02   0.13510802218084E-04   0.36828449731452E-05   0.12727372645476E-05
 0.30605234378566E+00   0.30594971285837E+00   -.31149270069176E+01   0.13587554297000E-02   -.33512768455425E-03   0.13552842824707E-02
 0.19225274506222E+00   0.36173570780680E+00   -.14452006077843E-02   -.98571306774400E-02   -.18537745843147E-01   -.33455862969584E-02   0.85169539738910E-03   -.16030984801962E-02   -.52450532734526E-05
 -.40491797001285E-03   -.64893413407941E-03   0.53958358282655E-02   0.24187527349534E-02   0.18830675766694E+00   0.10062805965699E+00
 0.36227140506366E+00   -.19313237193590E+00   0.13685199529616E-02   -.18536494934144E-01   0.98958386037832E-02   0.31924660073852E-02   0.16061311689401E-02   0.85633772358539E-03   0.17694694419828E-05
 -.22249420016548E-02   -.23981629199641E-02   0.23469596113698E-01   -.22955622682367E-02   -.10040336954645E+00   0.18913204708506E+00
 -.15860432929031E-02   0.56819197690103E-02   0.13132879553346E+00   0.71731708710930E-04   -.27120775333002E-03   0.32226981265062E+00   -.69785181645906E-05   -.25030160078054E-04   -.17391367095929E-04
 0.15342227369457E-02   0.16769837917922E-02   -.16559170069172E-01   -.23299282056163E+00   0.32854607700525E-02   -.92872157810928E-03
 0.26100491900084E-03   0.18345194094702E-02   0.16882136544556E-02   -.20258155023791E-04   -.13284271102295E-03   0.42118741866456E-02   0.10710726701115E-05   -.78078667228176E-05   0.13994074192338E-02
 0.87694391051710E-04   -.69784292806881E-03   0.29156327121121E-02   -.28104003468482E-02   0.13300016877947E-02   0.19272381254899E-03
 0.15032176038949E+00   0.14363461881343E+00   -.24613672331828E-05   -.12554413885738E+00   -.11992638789031E+00   -.10505306685094E-04   -.10425096973556E-02   0.99587927007440E-03   0.27037454523033E-06
 0.30839541730337E-03   -.31890790539421E-03   -.23849635272003E-03   -.19425821535735E-05   0.95065205557100E+00   0.99457370316685E+00
 0.14375269951529E+00   -.15050671817775E+00   -.13862722989454E-04   -.11992315206462E+00   0.12548606730698E+00   0.13494632761261E-04   -.99495884822891E-03   -.10412861552892E-02   -.10458785437873E-06
 0.18428177263444E-03   -.15826685846977E-03   -.37249033266677E-03   0.31342297001376E-05   -.99464420834929E+00   0.94988689801624E+00
 -.11482838770696E-04   0.19504675710783E-04   0.49667776761997E-05   0.38540245790565E-04   0.76807027627808E-05   0.66857828990909E-05   0.57425750990236E-06   -.22197139236506E-06   -.44851787128041E-06
 -.73990116232630E+00   0.73987872822866E+00   -.79600349742581E-03   0.10797988755594E-03   -.27584787913823E-04   -.26256982707008E-03
 -.29052652493212E+00   0.27314407813087E+00   0.12980225148775E-05   0.49363281219521E-01   -.46341345256090E-01   0.84136265437199E-04   -.20051308011129E-03   -.18807719989644E-03   0.16627094302532E-06
 0.16597774394491E-04   -.48901406665852E-04   -.24203846648250E-02   0.25442009920381E-04   0.42497408054867E-01   -.44817397480859E-01
 -.27408031194780E+00   -.29107937384601E+00   -.12894048681991E-04   0.46740691425756E-01   0.49531491659730E-01   -.53227580957758E-04   -.18780580364266E-03   0.19968179455284E-03   -.16330821388677E-06
 0.13293722126236E-04   -.13794456372822E-03   -.20923832536939E-02   -.16027990396908E-05   -.44977834507869E-01   -.42020544312137E-01
 -.20789107753049E-03   -.34855086820092E-04   0.11319890190511E-03   0.87725913064811E-04   -.65318658426932E-04   0.46568010095244E-03   -.61757469948542E-06   0.10320012858508E-06   0.22867730384476E-06
 0.23840477894277E+00   0.23878172993355E+00   0.29989806649366E+01   0.10256048424958E-07   -.72880618787238E-03   0.20333091137902E-02
 0.24997751110572E-03   0.14869975184562E-03   0.40530754530514E-04   0.88286332601749E-01   0.74700777350208E-01   0.14613713649502E-04   0.37460034087542E-03   -.31657605021198E-03   -.66052857067082E-06
 0.77584827547890E-04   0.42838545408124E-03   0.28836718212250E-02   -.61820123725775E-04   0.30488672211986E+00   0.36022595036707E+00
 0.12720221676196E-03   0.18505668080803E-03   -.90709514577345E-04   0.74616681151070E-01   -.88215665530388E-01   -.20592126932057E-04   0.32124579978213E-03   0.37939909658691E-03   0.42346359964317E-06
 0.73340376398838E-04   0.26728645213336E-03   0.18947933284626E-02   0.11212989296494E-03   -.35892323212175E+00   0.30410679439221E+00
 0.41294046065615E-04   -.25573375206240E-04   0.95051118228055E-02   -.67746864189326E-04   0.13684607101390E-04   0.56958381215139E-01   -.35656226762581E-06   -.77222903136218E-07   0.33028152536280E-07
 0.31231071862830E-01   0.31062723950659E-01   -.20757392422537E+01   0.49186254662785E-02   0.93141307770600E-04   -.55752872871167E-03
 0.10416928483564E-04   0.29975213870814E-04   -.48121313901161E-01   -.11371400222317E-04   0.77088914899632E-05   -.29612103497964E+00   0.10635310734317E-07   0.19422143010374E-06   -.19492245460831E-06
 0.60674783759121E-02   0.60785321652672E-02   -.39763124515714E+00   -.24380722912761E-01   0.16502793480370E-03   -.91790702147701E-04
 -.10028189546652E-03   -.17328386039408E-04   0.26158991532579E-05   0.56151406390493E-04   0.96608372681041E-05   0.44600803989224E-04   0.17097958864039E-06   -.13277052503461E-06   0.13465047034020E-05
 -.34708823818107E+00   0.34699934215700E+00   0.87435117209547E-04   -.25379054289054E-04   -.19402710715726E-03   -.59532421981607E-03
 0.77038347856329E-05   0.23109002266337E-04   0.29681736210882E-04   0.36943471419493E-04   0.12221753209120E-03   -.11508901350513E-04   0.28411850234076E-06   -.10284955478398E-05   0.89510045978878E-03
 -.56252541809310E-03   0.52669647377068E-03   -.67200238216207E-03   0.72009922767313E-04   0.10706203557250E-02   0.31924099627985E-03
 -.49364214715906E-04   -.15262699674422E-04   -.69892423693132E-05   -.15318978470912E-03   -.39135778456530E-04   -.27748505705847E-04   -.10256335118478E-05   0.23071723022486E-06   -.17986367374197E-05
 -.18987611406295E+00   0.18991066987964E+00   -.73017883255666E-03   0.45256539205701E-04   -.43909775555029E-03   -.16902195622406E-02
 0.96478381971512E-02   -.75438612427890E-02   -.11952727962144E-02   -.17745107599995E+00   0.14024013468949E+00   0.66660606682050E-03   0.44375491766721E-03   0.34781894734916E-03   -.45186323738713E-07
 0.21045105721119E-02   0.20437713480181E-02   -.11147738751737E-01   -.22036390648043E-03   0.15735412395798E+01   -.19932801062164E+01
 0.82130996991715E-02   0.10318281499540E-01   0.94447011185211E-03   -.14003550668213E+00   -.17740321979395E+00   -.53065845504065E-03   0.36473527423718E-03   -.45857298601238E-03   0.19615984136219E-06
 0.10381236097517E-02   0.89929274797572E-03   -.51947984977956E-02   0.19882128328058E-03   -.19936949715271E+01   -.15749311068266E+01
 0.10297495123075E-03   -.76818875618871E-04   -.11070211356787E+00   0.11349648949998E-02   -.32626016233400E-03   0.46040441080274E-01   -.32526217619428E-05   -.10935379197544E-05   0.23050440801339E-07
 0.33492019247597E+00   0.33484788188411E+00   -.32182245370244E+01   -.18487276668394E-01   -.38120848784000E-02   0.12953969509264E-01
 0.14138271247858E-04   0.12157600704946E-03   0.75519950905711E+00   0.65055251693350E-04   0.36989372200887E-03   -.31474180585943E+00   -.45110952807335E-07   0.10118092305849E-05   0.53526395133004E-07
 0.49167183028344E-01   0.49200441274661E-01   -.47102925576467E+00   0.12624593080382E+00   0.41902995755727E-02   0.82813241163072E-03
 -.84182548640861E-01   -.88182587553589E-01   0.62610785891812E-04   -.88615259009993E-02   -.92987177743082E-02   -.72398568603910E-04   -.15733194644210E-02   0.16479395513960E-02   0.24399129546504E-06
 0.13823395759828E-03   0.59500477784517E-04   0.14047492378488E-03   0.19704391145224E-04   -.10809414649955E-01   -.94816546437158E-02
 -.88587621563978E-01   0.84506776021335E-01   -.41433660175470E-04   -.71777129037258E-02   0.68941478834869E-02   0.78382604195168E-04   -.16558851622737E-02   -.15801429709448E-02   -.15154425738411E-06
 0.12496487724801E-03   0.38527053987138E-04   0.75724442739132E-03   -.98128783030248E-05   -.10107955109586E-01   0.11053878245339E-01
 -.87639438692402E-03   -.35681559991947E-03   0.40253624844355E-04   -.12873818650896E-02   -.34783017846071E-03   0.28835890909904E-04   -.25393353464345E-04   0.78965909369043E-05   -.31418713839200E-05
 -.58242075724998E+00   0.58228772579856E+00   -.74200331043331E-03   0.55761657153657E-04   0.52362765952371E-02   0.17759204597629E-01
 -.49931219021395E-01   0.62285943715862E-03   -.11747337539367E-04   -.39655434819479E-01   0.45819394162795E-03   0.17731075582829E-06   -.95060613876561E-03   -.90180107631182E-05   0.58100329649431E-06
 0.15187285602565E-01   -.15063112598991E-01   0.23022869729153E-03   -.21184677400893E-04   -.49440763977183E-02   0.62393732492603E+00
 0.23545980081218E-03   0.49568235444797E-01   -.51797310096207E-04   0.39607450994550E-03   0.39706628232729E-01   0.63076343590161E-06   0.84203997222943E-05   -.94972455499919E-03   -.19312156012605E-05
 -.47630934702621E-02   0.48139794834493E-02   -.28096674729187E-04   -.11859317554359E-03   -.62577282356050E+00   -.56781063720647E-02
 -.35942612041618E+00   0.18866670766018E+00   -.10143408497628E-03   0.15635204848850E+00   -.82113013538290E-01   0.35724938414263E-04   -.15886854653047E-02   -.83432555176579E-03   0.83019518397410E-07
 -.74958491576573E-04   0.47698363346295E-03   -.23529573656442E-03   -.13664283261961E-03   0.16009192714578E+00   -.30036851843191E+00
 0.18874245159244E+00   0.35961942879974E+00   -.12040794171423E-03   -.82037801384617E-01   -.15638564589334E+00   0.39361390771319E-04   0.83401804783462E-03   -.15900843053910E-02   0.39321773972983E-06
 0.10399724533179E-03   -.18107913842585E-03   -.10025570685280E-03   -.13770486640156E-03   0.29350063390175E+00   0.15125437200708E+00
 -.75349615652588E-03   0.80166657077395E-04   -.28874784527650E-03   0.71418921049911E-04   0.27224660655982E-06   -.55696008751037E-03   -.12701375378201E-05   -.23499034076046E-06   0.16133418524434E-06
 -.28263339386795E+00   -.28268010347360E+00   0.14303062688322E+01   -.91996638446885E-03   0.24582846855924E-03   0.11213341665988E-02
