# Electronic excitation spectrum of , IRREP a   
#  excitation energy / cm^(-1)  oscillator strength (length rep.)
 0.31883581319336E+04   0.48879508498975E-05
 0.31886715158044E+04   0.48849426676355E-05
 0.33342854375622E+04   0.27308487134516E-05
 0.33348271584202E+04   0.27282408590396E-05
 0.40102703321971E+04   0.16247352298567E-05
 0.40102982166485E+04   0.16312744164736E-05
 0.49801565084774E+04   0.10598452796420E-04
 0.49805962223797E+04   0.10610240365311E-04
 0.51684931340670E+04   0.56372229826557E-11
 0.51994271016862E+04   0.64253269353895E-13
 0.53010162903584E+04   0.22410708849329E-10
 0.59293681599309E+04   0.92871114186794E-07
 0.59294564582968E+04   0.93827684316895E-07
 0.59744448680953E+04   0.14241834273051E-03
 0.59857207836853E+04   0.51822611563057E-07
 0.60596243081262E+04   0.13407694848411E-11
 0.62782003799764E+04   0.49387625560408E-10
 0.77422730369287E+04   0.60423891926264E-01
 0.11774826628665E+05   0.15947687472392E-04
 0.11775656813574E+05   0.16107294964763E-04
 0.12589236197553E+05   0.49203400304820E-08
 0.12635370038390E+05   0.56503166875725E-03
 0.14095332110104E+05   0.67263887291416E-11
 0.14121394183674E+05   0.50702411103089E-11
 0.14351786248699E+05   0.25331367901059E-06
 0.14397578220082E+05   0.11224858408881E-02
 0.14398851987492E+05   0.11192790040948E-02
 0.14544757400448E+05   0.46500736539245E-01
 0.14895126705293E+05   0.20898070681296E-03
 0.14896989793160E+05   0.21011211550908E-03
 0.15317837616280E+05   0.11775159593972E-03
 0.15318109771974E+05   0.11721342718322E-03
 0.16877191005188E+05   0.90373973770852E-02
 0.16951837746292E+05   0.20929849425796E-06
 0.17944421480317E+05   0.13247598742993E-01
 0.17988324249436E+05   0.16952069840135E-07
 0.18920637434374E+05   0.46030390885833E-04
 0.18924337680124E+05   0.46129446126619E-04
 0.19599360257530E+05   0.32252669512159E-03
 0.19603924269540E+05   0.32209672821825E-03
 0.19877568254536E+05   0.17316911867570E-08
 0.21020851888987E+05   0.17681906810358E-02
 0.21024627025293E+05   0.17629521887626E-02
 0.21268442929873E+05   0.15927588220737E-08
 0.21651079501601E+05   0.77533526004197E-11
 0.21966212530094E+05   0.88640754738682E-08
 0.21971454027898E+05   0.14405940589038E-03
 0.21972372321920E+05   0.16633919039815E-03
 0.22039849239558E+05   0.10335172125012E-02
 0.22042621004395E+05   0.10102941651940E-02
 0.22073376986055E+05   0.11896654225238E-08
 0.22175094846285E+05   0.10471702152832E-02
 0.22236118670819E+05   0.57502364818079E-06
 0.22236471285674E+05   0.60335759116440E-06
 0.22377586950742E+05   0.91648313013552E-11
 0.22979513260996E+05   0.12285921480288E-03
 0.22979563511798E+05   0.13312514637264E-03
 0.23091541767112E+05   0.98664999026583E-07
 0.23127202878332E+05   0.60794511373224E-03
 0.23129913463211E+05   0.63693639949754E-03
 0.23135363889727E+05   0.18895259164006E+00
 0.23609095344121E+05   0.20923981977834E-07
 0.23666644535419E+05   0.43298676677752E-03
 0.23667794579659E+05   0.43271789873919E-03
 0.23863294272225E+05   0.32901616641812E-10
 0.23875652665073E+05   0.16102110008266E-08
 0.24081937557747E+05   0.25151896358599E-02
 0.24082534799722E+05   0.25174725267986E-02
 0.24402411928039E+05   0.44087350210742E-04
 0.24402941128484E+05   0.43612904053208E-04
 0.24541605373081E+05   0.19937779073894E-06
 0.24582327199291E+05   0.33751235957514E-04
 0.24583102328695E+05   0.33731176190441E-04
 0.24603714129999E+05   0.77618396878587E-02
 0.24609684657445E+05   0.13274650318747E-05
 0.24851835734283E+05   0.22755113535444E-02
 0.24853553226684E+05   0.22745094950338E-02
 0.25184991517724E+05   0.12156316280194E-09
 0.25502123553815E+05   0.35511587312867E-03
 0.25502506340689E+05   0.35928905742458E-03
 0.25623845105807E+05   0.17809974672327E-07
 0.25776316789891E+05   0.10471979126980E-02
 0.25777527585764E+05   0.10452872597971E-02
 0.25948959902276E+05   0.25571740247779E-03
 0.25956668844500E+05   0.69137216177941E-02
 0.26135799599437E+05   0.41564447664931E-09
 0.26290072522067E+05   0.13124115759651E-08
 0.26378794389159E+05   0.20647707871878E-08
 0.26466711469149E+05   0.41126928303491E-02
 0.26467262839500E+05   0.41067892620453E-02
 0.26481530485998E+05   0.17062084177999E-03
 0.26484380692023E+05   0.79693650136857E-02
 0.26524829477930E+05   0.13294003445343E-04
 0.26527901635537E+05   0.79818513107632E-05
 0.26876854244278E+05   0.14525134167879E-06
 0.26887941486187E+05   0.12845333283999E-03
 0.26887972564250E+05   0.12878097249494E-03
 0.27241807710802E+05   0.25808037611417E-02
 0.27242376314477E+05   0.25807054769271E-02
 0.27343892419197E+05   0.26188823447700E-07
