$coord
   -0.00000000038003     -0.00000000018257      0.00000000081214      mo
   -0.00000000051278     -0.00000000058172     -6.63232867330773      gd
   -0.00000000017668      0.00000000040808      6.63232867207875      gd
    2.34897476128130      2.34897476061448     -2.50456571469935      s
   -2.34897476103921     -2.34897476163784     -2.50456571547720      s
    2.34897476217876     -2.34897476347673      2.50456571447331      s
   -2.34897476208313      2.34897476152739      2.50456571559150      s
    4.69934591939187     -1.63335419886859     -7.89865885567014      c
    3.63548410569773     -3.63548410647799     -6.46802001779697      c
    1.63335419761036     -4.69934591913830     -7.89865885579364      c
    1.45507851993842     -3.35401756269261    -10.21612472027969      c
    3.35401756342075     -1.45507852005388    -10.21612471855257      c
   -1.63335419906150      4.69934591944427     -7.89865885563646      c
   -3.63548410661307      3.63548410563657     -6.46802001763589      c
   -4.69934591934343      1.63335419768137     -7.89865885577327      c
   -3.35401756277908      1.45507851993495    -10.21612472004176      c
   -1.45507852005912      3.35401756340537    -10.21612471832496      c
    1.63335419820349      4.69934591914244      7.89865885518744      c
    1.45507851994235      3.35401756207410     10.21612471894381      c
    3.35401756420537      1.45507851969919     10.21612471859381      c
    4.69934591984599      1.63335419855218      7.89865885548495      c
    3.63548410545673      3.63548410698239      6.46802001616863      c
   -4.69934591928642     -1.63335419820323      7.89865885524797      c
   -3.35401756215622     -1.45507851993064     10.21612471908484      c
   -1.45507851972019     -3.35401756414502     10.21612471848067      c
   -1.63335419855111     -4.69934591994461      7.89865885546512      c
   -3.63548410717274     -3.63548410535156      6.46802001611905      c
    0.42877345359730     -6.26615889784404     -7.30397868037074      h
    0.11173334730806     -3.72471647183330    -11.73879498188812      h
    4.20675631393550     -4.20675631406363     -4.57005663228633      h
    3.72471647161247     -0.11173334854478    -11.73879498185703      h
    6.26615889923676     -0.42877345251978     -7.30397868076060      h
   -0.11173334879049      3.72471647136095    -11.73879498187235      h
   -0.42877345220316      6.26615889927197     -7.30397868111331      h
   -4.20675631378238      4.20675631424783     -4.57005663213653      h
   -6.26615889781255      0.42877345335121     -7.30397868070235      h
   -3.72471647141641      0.11173334767376    -11.73879498190619      h
   -0.42877345376164     -6.26615889714031      7.30397868171815      h
   -4.20675631408157     -4.20675631337564      4.57005663413740      h
   -6.26615889929654     -0.42877345296864      7.30397867995136      h
   -3.72471647190705     -0.11173334700824     11.73879498189008      h
   -0.11173334710483     -3.72471647212139     11.73879498190307      h
    0.11173334685085      3.72471647225946     11.73879498187134      h
    0.42877345245026      6.26615889926569      7.30397868085818      h
    4.20675631397387      4.20675631311059      4.57005663408996      h
    3.72471647175663      0.11173334725671     11.73879498194222      h
    6.26615889715582      0.42877345426624      7.30397868092013      h
$user-defined bonds
$end
