$energy      SCF               SCFKIN            SCFPOT
     1 -3297.299939777      3176.317793612     -6473.617733389
     2 -3297.299949689      3176.320746483     -6473.620696172
     3 -3297.299950267      3176.321154812     -6473.621105079
     4 -3297.299950673      3176.322099903     -6473.622050576
     5 -3297.299950916      3176.322078572     -6473.622029488
     6 -3297.299951110      3176.321555619     -6473.621506730
     7 -3297.299951319      3176.321238450     -6473.621189769
     8 -3297.299951333      3176.321411144     -6473.621362477
     9 -3297.299951353      3176.321481553     -6473.621432907
    10 -3297.299951365      3176.321505140     -6473.621456505
    11 -3297.299951350      3176.321506308     -6473.621457659
    12 -3297.299951380      3176.321502585     -6473.621453965
$end
