$energy      SCF               SCFKIN            SCFPOT
     1 -4205.769385019      3945.024591709     -8150.793976729
     2 -4205.769385020      3945.025306065     -8150.794691085
     3 -4205.769385020      3945.021736348     -8150.791121368
     4 -4205.769385021      3945.027797265     -8150.797182286
     5 -4205.769385021      3945.016906355     -8150.786291376
     6 -4205.769385020      3945.039408745     -8150.808793765
     7 -4205.769385012      3944.993273234     -8150.762658247
     8 -4205.769562329      3945.023986422     -8150.793548751
     9 -4205.769821504      3944.980739089     -8150.750560593
    10 -4205.769856803      3944.973403237     -8150.743260040
    11 -4205.769905917      3944.958482895     -8150.728388812
    12 -4205.769961521      3945.003218963     -8150.773180484
    13 -4205.769963849      3944.998485648     -8150.768449497
    14 -4205.769965248      3945.003445578     -8150.773410826
    15 -4205.769966547      3945.011807557     -8150.781774104
    16 -4205.769972812      3945.038222242     -8150.808195054
    17 -4205.769973422      3945.037911531     -8150.807884954
    18 -4205.769973861      3945.046754452     -8150.816728313
    19 -4205.781732563      3924.054433723     -8129.836166286
    20 -4205.823769156      3937.452175632     -8143.275944787
    21 -4205.265866457      3931.795709358     -8137.061575815
    22 -4206.593866844      3939.365786159     -8145.959653002
    23 -4206.593891791      3939.370634274     -8145.964526065
    24 -4206.593891226      3939.370021817     -8145.963913043
    25 -4206.555579499      3938.728783423     -8145.284362922
    26 -4206.555578940      3938.728435236     -8145.284014176
    27 -4206.455159087      3942.410076082     -8148.865235169
    28 -4206.586428049      3941.214341861     -8147.800769910
    29 -4206.605669675      3941.791394731     -8148.397064406
    30 -4206.610258520      3942.326354257     -8148.936612777
    31 -4206.610624103      3942.519423848     -8149.130047951
    32 -4206.610759063      3942.632546655     -8149.243305718
    33 -4206.610836390      3942.630958130     -8149.241794520
    34 -4206.610904359      3942.608368343     -8149.219272703
    35 -4206.611113343      3942.653553840     -8149.264667183
    36 -4206.611405620      3942.776682100     -8149.388087720
    37 -4206.611493729      3942.870153718     -8149.481647447
    38 -4206.611524169      3942.909629957     -8149.521154126
    39 -4206.611529413      3942.909773607     -8149.521303021
    40 -4206.611534827      3942.925714929     -8149.537249756
    41 -4206.611545142      3942.943610172     -8149.555155314
    42 -4206.611551420      3942.927636379     -8149.539187800
    43 -4206.611562678      3942.925091156     -8149.536653834
    44 -4206.611586444      3942.911553414     -8149.523139858
    45 -4206.611600523      3942.938110764     -8149.549711287
    46 -4206.611607051      3942.965710050     -8149.577317102
    47 -4206.611608847      3942.971089612     -8149.582698459
    48 -4206.611609802      3942.979709058     -8149.591318860
    49 -4206.611611577      3942.983312712     -8149.594924289
    50 -4206.611616954      3942.987915831     -8149.599532784
    51 -4206.611633433      3942.946139434     -8149.557772867
    52 -4206.611634962      3942.936893873     -8149.548528835
    53 -4206.611636832      3942.940162709     -8149.551799542
    54 -4206.611640589      3942.945639154     -8149.557279743
    55 -4206.611642629      3942.949654141     -8149.561296770
    56 -4206.611643554      3942.948177194     -8149.559820748
    57 -4206.611643842      3942.947275683     -8149.558919525
    58 -4206.611643826      3942.947466047     -8149.559109873
$end
