$dipgrad          cartesian dipole gradients
  0.22794510675899D+01  0.17288378849054D-01  0.96768595159457D+00
  0.11931338438770D+00  0.73135390846136D+00  0.70761502359972D-01
  0.89314670131128D+00  0.89100485198837D-02  0.12862018437539D+01
  0.18481102383143D+01  -.92137318996097D-01  0.95480396938324D+00
  -.25579362882460D+00  0.17241529001724D+01  0.25201821705969D+00
  0.84113828447403D+00  0.28592438358724D+00  0.88333388640964D+00
  0.21458277908097D+01  0.17970806704228D+00  0.21042240220601D+00
  0.17760285941487D+00  0.33400959693399D+00  -.31176717877477D+00
  0.44571130038996D+00  -.23948572815067D+00  0.19416695419337D+01
  -.10380506093373D+01  0.32750086021292D-01  -.51497714404408D+00
  0.10976791193026D+00  -.19036580680060D+00  0.16837545200930D+00
  -.80872176270013D+00  0.10778517023620D+00  -.13174940886183D+01
  -.17978746808242D+01  -.10749815608800D+00  -.48405627492971D+00
  -.14169337991026D+00  -.21573131489941D+00  0.71081944257367D-01
  -.87024588237811D-01  0.87863785620954D-01  -.56895194399886D+00
  -.13548441442051D+01  0.29318393702615D+00  -.67729375871987D+00
  0.55318243941785D+00  -.62013066517189D+00  0.19281625299370D+00
  -.63301464668782D+00  0.42948014901467D-01  -.58785305714545D+00
  -.11466224284875D+01  -.13970416876989D+00  -.66471269621612D+00
  -.46593600760146D+00  -.68399098609484D+00  -.40549356297406D+00
  -.79652437585535D+00  -.19742228058339D+00  -.74415981893583D+00
  -.12770802706061D+00  -.13507124690424D+00  -.24220109492081D-01
  -.20823669168995D+00  -.21242769094104D+00  -.60608592441182D-01
  -.93655319010788D-01  -.28629023447762D-01  -.51482927946168D-01
  -.16489539608959D+00  -.92407045807069D-01  -.10394775915670D+00
  -.16810056745858D+00  -.16195054147108D+00  -.13316295325570D+00
  -.11458690390165D+00  -.88668189644718D-01  -.13287416524677D+00
  -.74912627139397D-01  -.25042363103225D-01  -.80465690389048D-01
  -.12545756244882D+00  -.13297290588062D+00  -.19877684439095D+00
  -.67700592727103D-01  -.15102458600261D+00  -.19647441817488D+00
  -.23756407081910D-01  -.19575231075576D-01  -.56353583246160D-02
  0.11710363232230D-01  -.22254822050326D+00  -.15633961626800D+00
  0.70946795362310D-01  -.12283106892159D+00  -.65887746845636D-01
  0.24451360385970D-01  -.59843510168473D-01  0.20748164310682D-01
  -.52431373834908D-01  -.28765903247711D+00  0.17138213855810D-01
  -.53909429433904D-01  -.63083044071586D-01  -.52170691575464D-01
  -.15393305140485D+00  0.13942156696732D+00  -.16294245734963D-01
  0.22627148532553D+00  -.14706768870458D+00  0.65914280906097D-01
  0.16290291217686D-02  -.28994111545979D-01  -.75767651287976D-01
  -.14222252454278D+00  0.69233442976097D-01  -.35377857931723D-01
  0.18575789284767D+00  -.20085157480668D+00  0.13452170293765D+00
  -.66095476089400D-02  0.78674677580665D-01  -.26739058570079D-01
  -.25981995294381D-01  0.82252497348784D-01  -.32256321075230D-01
  0.84099603464175D-01  -.29821791669511D+00  0.13645099789078D+00
  0.33023006955486D-01  0.69502105478687D-01  -.73528804565702D-01
  0.24061894947347D-01  0.51116932431805D-01  -.81439733911279D-02
  -.56331544378817D-01  -.25306961241002D+00  -.11290467768882D+00
  -.57556026967325D-01  -.61557817076985D-01  0.13830265105786D-01
  -.11899618001394D+00  0.12064798383618D+00  0.11259215752129D+00
  0.19598114185805D+00  -.21730424699760D+00  -.43860650127151D-01
  0.40487682488330D-01  -.54370270513583D-01  -.52885933587448D-01
  -.34561921882034D+00  0.55544712208396D-01  0.42508750575312D-01
  0.42845687619463D-02  -.20925076538023D-01  -.66724675940176D-01
  0.15062586865632D+00  -.12818213142936D-01  -.34957699442866D-01
  -.15069692346988D+00  0.27723599228310D-01  0.18175737882379D+00
  -.69730729816626D-01  -.27453757998764D-01  -.34481438500572D-01
  0.14823974172390D+00  -.28822257926668D-01  -.13615610666317D+00
  -.14005725048527D+00  -.10489693116610D+00  0.13252562472335D+00
  -.10728574763069D-01  -.79379816782246D-01  0.94280924577153D-01
  0.12809963280167D+00  0.11047082293378D+00  -.10072984541570D+00
  -.28500500336813D+00  -.14687225675549D+00  0.40868518252457D-02
  -.12204752999658D+00  -.10453476581918D+00  0.45544954845748D-01
  0.10892106519753D+00  0.47822686288878D-01  -.52447589508371D-02
  -.37402876501226D+00  -.43567715975322D-01  -.12602141533869D-01
  -.82457916563019D-01  -.53424680098980D-01  -.10359833054091D-01
  0.77559262147202D-01  0.14520547453251D-01  -.32525211610566D-01
  -.49512936691779D-02  -.16614476470555D-02  0.63650130623804D-01
  -.16268464170840D-01  -.14586038994982D+00  0.10372841295803D+00
  0.11963006869930D-01  0.17858516033676D+00  -.25784687183072D+00
  -.13421019664973D+00  -.46968630547266D-01  0.64510869082774D-01
  -.54404690413334D-01  0.39916947198146D-01  0.51529505165608D-01
  0.20018702054008D+00  0.68935067561085D-01  -.13347857004018D+00
  -.31486868119272D-02  -.20458679192064D-01  0.81178121483579D-01
  0.39096551343869D-01  -.59024564146889D-01  -.63696633298667D-02
  0.54316929733088D-01  -.79413154330491D-01  -.33651535755357D+00
  -.20715353449527D-01  0.22845345532047D-01  0.13264286609639D-01
  0.68814582425947D-01  -.41423994707067D-01  -.46520012951791D-02
  -.10252803212875D+00  0.35214613662795D-02  -.33088884704193D+00
  0.91424580286537D-02  -.24243176193358D-01  0.62633410335103D-03
  -.12408709285491D-01  -.91246493571725D-01  0.97771374062175D-01
  -.12321662726619D+00  0.69260451927756D-01  -.29475007748170D+00
  0.94781044941858D-01  0.44600354984683D-01  -.82764936777583D-02
  0.16941969962648D-01  0.16809358913137D+00  0.80891003069404D-01
  -.69895482804846D-01  -.42009616430214D-01  0.65984423703303D-01
  0.20622877092976D+00  0.65266801785456D-01  0.52127261482396D-01
  -.48826593030226D-01  0.14721056214911D+00  0.21505143431098D-01
  0.26337024565422D-02  -.35556718232523D-02  0.82150102886700D-01
  0.63701218524652D-01  -.56609407147519D-01  0.15280228731492D-01
  0.16902463873056D-01  0.13127452136755D+00  0.44428136016704D-01
  0.36642208992126D-01  0.33834023481065D-02  0.23666859595987D-01
  0.14654309955760D+00  0.29515172720780D-01  0.75744721700311D-01
  -.41908800947831D-01  0.15050387780895D+00  -.33209638473049D-01
  0.52426334002268D-01  0.55018962437161D-01  0.15463150804443D+00
  0.41263237456137D-01  -.18404128066932D-01  -.36464814853941D-01
  0.31852650137090D-01  0.15941990583390D+00  -.18857629578421D-01
  0.25384504423985D-01  0.73221800009419D-01  0.13891505668765D+00
  0.91653079267692D-01  0.26075831868224D-01  0.41347483727641D-01
  -.23979503751289D-01  0.16847878841077D+00  0.40370203503438D-01
  0.58282156121530D-01  -.69098332890932D-01  0.14581722879273D+00
  0.61788191952650D-01  0.40722101959670D-01  -.24805992326311D-01
  -.51088263937848D-01  0.16934894930648D+00  0.14171143729324D-01
  -.55227432616395D-01  -.31366237612487D-02  0.42312433645860D-02
  -.14434284806359D-01  -.23741231127272D-01  -.67152489613738D-02
  -.53013952284733D-01  0.15942795312663D+00  -.22161856642873D-01
  -.23609884657565D-01  0.61832503146739D-01  0.82698457875575D-01
  0.17981968396412D+00  -.50249596870511D-01  0.11879915300362D-02
  0.27085360810645D-01  0.14049161862180D+00  0.66105930801748D-03
  -.20181642666053D-01  0.65372000967279D-01  0.74128010128354D-01
  0.18091765277466D+00  -.70599549556073D-01  0.41668297726568D-01
  0.53873182160385D-01  0.15702229496998D+00  0.62781341190128D-01
  0.76430090926114D-01  -.39057721854375D-01  0.11509589533949D+00
  0.21971999750424D-01  0.33504045508852D-01  -.98209175602931D-01
  0.64500002462782D-01  0.70656365467932D-01  -.41065977900484D-01
  -.22098267597903D-01  0.13608705740752D-01  0.13026685425516D+00
  0.40334285182682D-01  -.95883902509282D-02  -.11157495343445D+00
  -.55694551330963D-01  0.56988253814627D-01  -.13683885511117D-01
  -.39858812854422D-01  -.53016091081318D-01  0.12617188912617D+00
  0.12742810409601D+00  0.46959615373336D-01  0.62967180809795D-02
  0.10706881793146D-01  0.88064116471283D-01  0.82359159521984D-01
  -.53742063251272D-02  -.12807380391764D-01  0.17331178138507D+00
  0.18911137769270D+00  -.96857137620461D-02  0.10352166102521D+00
  0.14474622369528D-01  0.78000496953145D-01  -.26020326196788D-01
  -.43939342927996D-01  -.12556065080257D-01  0.17672906963483D+00
  0.14959857204482D+00  -.49543087188943D-01  0.33780115226740D-02
  -.83774609650749D-03  0.10490035930300D+00  -.11303464507822D+00
  -.13166351820721D-01  -.54235671616527D-02  0.13202286367536D+00
  0.16766012828559D+00  0.20377193641299D-01  -.18302972424955D-01
  0.62057928768135D-01  0.94752789677011D-01  -.31316868062855D-01
  0.90398476397564D-01  0.46376565231630D-01  0.16727806240542D+00
  0.10489312213235D+00  -.12411929670306D-01  -.47890257601788D-01
  0.10127856774022D+00  0.11683922511282D+00  -.31329571932132D-01
  -.51275004520944D-01  0.36857358186458D-01  0.11045015843264D+00
  0.89506114197291D-01  0.17568652751914D-01  0.20165539260278D-01
  0.20393986928071D-01  0.72270148157463D-02  -.13207354306532D-01
  -.58542182896007D-01  -.24686077567330D-01  0.12558330895235D+00
  0.19878965881893D+00  0.22120158712734D-02  -.38922361549564D-01
  -.51301148599637D-01  0.88036640624953D-01  -.27257124896807D-01
  0.82254691086430D-01  -.32151571891731D-01  0.15844841572448D+00
  0.12389081194898D+00  0.29323521439455D-01  -.52774959239931D-01
  -.84380490414038D-01  0.10218109886939D+00  0.31113162032501D-02
  -.66002466445441D-01  -.44592582966078D-01  0.10780435332172D+00
  0.44379220389705D-01  0.77819755255865D-02  -.10882065333888D-02
  0.38718071283446D-01  -.19743509113787D+00  0.18067273011196D+00
  -.10874772420312D-01  0.77955558985879D-01  -.88617299778595D-01
  -.22706072156034D-01  -.52077775100653D-01  -.10211582725955D+00
  -.64243311376998D-01  0.28548393440154D-01  -.94578539484411D-01
  -.63220107422504D-01  -.21040452130752D-01  -.74344074721594D-01
  -.79877977009863D-01  0.15243056247475D-01  0.67676680523017D-01
  0.18589798645955D-01  0.50787821624713D-01  -.34142156178658D-01
  0.33733897852875D-01  0.15498218806446D-01  0.31280729543405D-01
  -.92997671916602D-01  -.62760233946846D-01  -.28680339396923D-01
  -.11070338828894D+00  0.20954725163024D-01  -.14221528791826D-01
  -.88365270283378D-01  -.51358171489360D-01  0.65244616119363D-02
  -.11270982337897D+00  0.53181964396584D-01  0.86810563108485D-01
  0.14646592356161D+00  -.90984670907573D-01  -.90329750383796D-01
  0.13515871068190D+00  -.68118514562358D-01  -.31515924898784D-01
  0.40074033314644D-01  0.39075349515320D-01  -.26636576998043D-01
  -.13028245673857D-01  0.10070576123821D-01  0.77957273737415D-01
  -.10164403346892D-01  0.56242900040274D-01  -.62545673851912D-01
  -.37393067047499D-01  0.36863691376374D-01  -.43133834045142D-01
  0.10940210478161D+00  0.19372881023494D-01  0.79267208418299D-01
  -.96317373962424D-01  0.81938484558203D-01  -.33827585957414D-01
  -.28656455494376D-01  0.24924526582866D-03  0.76204426164923D-02
  0.60264058286169D-01  0.49082432525918D-01  -.43377434571319D-01
  0.85260756364332D-01  -.60798112650601D-01  -.85441523287029D-01
  -.16628438124335D+00  -.76502800534401D-01  -.14100176532232D-01
  -.19164598065560D+00  -.14213160466520D+00  -.18011190755243D-01
  0.17185577830226D-01  -.21125447524466D-02  0.53059209763935D-01
  -.19121893792791D-01  0.40389683674834D-01  -.74622359310855D-01
  0.86141814055746D-01  0.79894422952159D-01  0.27786283411811D-01
  -.27252091452144D-01  0.37023119595270D-01  -.14444244404245D-01
  -.34603592802468D-01  -.12885483353000D+00  0.24309004814746D-01
  -.16759729005714D+00  -.20686047028929D+00  0.44983215848668D-01
  -.13570852384066D-01  0.22938617479460D-02  -.18375753553643D-01
  -.13837038053578D-01  0.32289210093119D-01  0.88524729371857D-01
  0.90898675403240D-01  -.20448134283552D-02  -.50206598281453D-01
  0.65036315785163D-01  0.50281877865220D-02  -.20028071638519D-01
  -.68384932181989D-01  0.89209246517534D-02  0.77810662902464D-02
  -.21514245841387D-01  0.50610862844920D-01  0.66862687300210D-01
  0.57061474150781D-01  0.71217168899290D-01  0.56457349049830D-01
  -.14879297529551D-01  0.20460740305989D-01  -.43648798170499D-01
  0.36836879533485D-01  -.24216150996381D+00  -.66485100039986D-01
  -.37841687738139D-01  -.70108020915198D-01  0.25116578905380D-01
  0.21501262870703D-01  0.60124006341115D-01  0.19528686602749D-01
  0.55552567299584D-01  0.85731188330486D-01  0.16830374850255D-01
  -.40181430244813D-01  0.15943747692702D-01  -.77368274450709D-01
  0.47118565284531D-02  -.22080316724802D-01  0.46582807003484D-02
  -.18261951422529D-01  -.93178070913879D-01  -.19546484326730D+00
  0.33460927859466D-01  -.12865974459032D+00  -.17207730672076D+00
  -.81068345184211D-01  0.20847803828802D-01  -.32946304693500D-02
  0.42677040221912D-01  0.66313721728926D-01  0.74727151602460D-01
  -.31964058980675D-01  0.18538375084813D-01  0.70584814882159D-01
  0.42623984149961D-01  0.33116173858510D-01  0.92001275273515D-02
  0.10797992869600D-02  -.59068132989840D-01  0.12015444349328D+00
  0.38113305738299D-01  0.45144615320165D-01  -.22443000588731D-01
  -.70767810108091D-02  -.82599249663554D-01  0.30879819441144D-01
  -.11151850758858D-01  -.42872382117604D-01  0.12329209309334D+00
  -.12577215806010D-01  0.61569778379601D-01  -.25416447702960D-01
  -.13805156046949D+00  0.66511142489536D-01  -.41891025314397D-01
  0.75029635604690D-01  0.52445177552037D-01  0.43560863886813D-01
  0.38546417090690D-01  -.54502890600010D-02  0.38420740426166D-01
  0.20307397678057D-01  0.13577925078611D-01  -.46933224048662D-01
  -.34838197971327D-01  -.67175887864898D-01  -.15077078885948D+00
  -.12215546117358D+00  -.72906488762376D-01  -.20901170232681D+00
  0.19101144893451D-01  0.95047255865867D-02  0.40483717489119D-01
  -.32464743635315D-01  0.78817493921135D-01  -.46538461413933D-01
  -.50686546746777D-01  -.24737858643562D-01  -.13640393414083D+00
  -.16889365258471D+00  0.99218478676619D-01  -.10308236732716D+00
  0.18673806563129D+00  -.13136089371072D+00  0.52824623394428D-01
  -.68183021446613D-01  -.55089905823855D-02  0.83220120734784D-02
  -.70664458789403D-01  -.63808236828908D-01  -.14494629763673D-01
  -.13511884370572D+00  0.83501136638209D-02  0.89080147106279D-02
  0.29452569476260D-01  0.59859704533851D-01  0.11023706187106D-01
  -.17786834926718D-01  -.30486986744466D-01  0.43493888171530D-01
  -.72109331045363D-02  0.55812362206792D-01  -.80610980997990D-01
  0.10185260123716D+00  -.18703764458674D-01  -.19656587807886D-01
  0.53739359686858D-02  -.64525765950719D-01  -.73919659415588D-02
  -.22720339882899D-01  0.72073277073886D-01  -.52440514305499D-02
  -.57818463451318D-01  -.11728334369403D-01  -.23470885743036D-01
  -.34028851941869D-01  0.11036294572826D-01  -.19341486920962D-01
  -.22710032700040D-01  -.26558174621414D+00  0.47410287188807D-01
  0.94238721156096D-02  0.95762544592633D-02  0.63967706774745D-01
  -.26107082950426D-01  -.46494815749908D-01  -.47620869294158D-01
  -.48400687083411D-01  0.73505293243585D-01  -.70718202938139D-02
  0.12081418826022D-01  -.24721491202987D-01  0.73692515651220D-02
  0.66548667188551D-01  -.49340984973473D-01  0.50508533607590D-01
  -.66203208291526D-01  0.79996245795196D-03  0.79430224938024D-01
  -.10278098954259D-01  0.18368783727384D-01  -.53933451131102D-01
  0.15693079615775D-01  0.71134538380403D-01  0.65340600864100D-02
  0.10318050324266D+00  -.18603988710694D+00  -.11772771738309D+00
  -.20675029529258D-01  -.83249141173693D-01  -.61679436964096D-01
  -.40222982318599D-01  0.15828359480952D-02  -.15172510699034D-01
  -.31945404473552D-01  0.16238744092830D-01  -.48555555132449D-01
  -.46713360677750D-01  -.80063015449525D-02  0.75967392413101D-01
  0.13914447778501D-01  -.32649042369696D-01  0.12544272451982D-01
  0.52133046943479D-01  -.88040217279987D-01  0.31099702900072D-01
  0.23273536401675D-01  0.49716259886245D-01  0.86641643439369D-01
  -.81992144171361D-01  0.47558881978104D-01  0.10940285185532D+00
  0.46280354907172D-01  0.40580749360314D-01  0.32771746132680D-01
  0.11320203506888D+00  -.21784465056873D-01  -.19080782232713D+00
  0.25805451490505D-01  0.47137308793487D-01  -.40901141819098D-01
  0.45992448864359D-01  -.53544514308965D-01  0.25722150313158D-01
  -.18891673320413D-01  0.81679692149503D-01  0.13324149043104D-01
  -.13817948203329D+00  -.88475649269892D-01  -.61532813634369D-01
  -.22317253791926D-01  0.14289990201639D-01  -.30039982351761D-01
  -.15387431522058D-01  -.57776130422216D-02  0.59261873232383D-01
  0.19182301740787D-01  0.27043123324033D-01  0.10138381819961D+00
  -.22090747999678D-01  -.46999494774872D-01  -.89446192329294D-01
  0.20988511202702D-01  -.13922061914326D+00  -.20862541656930D+00
  -.59075838003680D-01  0.59940910525467D-01  -.43323277719809D-01
  0.11580122867580D+00  -.44425684412989D-01  -.19567009462766D-01
  0.37757148256800D-01  -.53505486994484D-01  0.65447105060073D-01
  -.56021060908949D-01  -.53702316585851D-02  -.26313060874727D-01
  0.25256148911556D-02  0.48748886790776D-01  0.28247410451330D-01
  -.13618788101793D+00  0.28192200825531D-01  -.28446197410365D+00
  -.59602059653157D-01  -.45407680495241D-01  -.59862167296217D-01
  -.11408380860389D+00  -.73973541315935D-01  -.13279273723635D-01
  0.45026256284568D-02  0.21259007114220D-01  0.72402623206584D-01
  0.38191083922511D-01  -.23680902977422D-01  -.45560615631849D-01
  -.30944841663872D-01  -.12161125748629D-01  -.50437926956571D-01
  -.88218321290421D-02  -.96362344693237D-01  -.23346812817173D-01
  0.20970835388132D-01  -.22081625523916D-01  0.53200370838453D-01
  0.52118632951681D-01  -.15309545040612D+00  0.13279353215216D+00
  -.14608871882774D-01  0.16948677646913D+00  -.11042315159249D+00
  -.16714655274014D+00  0.62549072212399D-01  -.26669170663660D-01
  -.15638101118862D-01  0.31659607021401D-01  0.34954325396046D-02
  0.16786742854115D-02  -.12083276509039D-01  0.65119547920123D-01
  -.47103526917429D-01  -.10335441496416D-01  -.19613536816893D-01
  0.33802702191988D-01  0.11978732875695D-01  0.16366574026670D-01
  -.33379514978733D-01  -.31175698160957D-01  0.88924666782069D-01
  -.37390484468055D-01  -.10282818132752D+00  0.68664576169502D-01
  -.10132218872771D+00  -.39423846431859D-01  0.69460034072473D-01
  0.64063174416037D-01  0.12720489495775D+00  -.16066956535217D+00
  0.11639426124771D-01  0.42037670560821D-01  0.36421478433767D-01
  -.41644788009048D-01  -.32026743009514D-01  -.77051676332345D-01
  0.22504176703534D-01  -.10004554029511D+00  0.38184466339767D-01
  -.15529807365408D+00  -.15261524924571D+00  -.29456258060506D-01
  -.18745907145705D+00  -.85179250714881D-01  -.41617400750486D-01
  0.54085604069404D-01  0.38432715474367D-01  -.19508272864903D-01
  0.21980354232326D-01  0.27313330886794D-01  -.82649371710860D-01
  0.61262800591460D-01  0.52970436341767D-02  0.92680661668276D-01
  -.11407408683741D+00  0.18751330221326D-01  -.80713505524555D-01
  -.14399670076265D-01  0.84651852996834D-01  0.55143655361241D-01
  0.33820491494800D-01  -.38600374219853D-01  -.83616747594177D-01
  -.28299986778307D-01  -.73437544293002D-01  -.54896323235549D-02
  0.23141071287787D-01  0.72292730132732D-01  -.57063105225534D-01
  0.30045518225460D-01  0.43999822353674D-01  0.10160820543281D-01
  -.10856758844100D+00  -.19361666083224D-02  -.22033757803874D-01
  -.13086723952690D+00  -.14469205067060D+00  0.62374242975359D-01
  -.90266972911832D-01  -.13859942624689D+00  0.67411845404486D-01
  0.87727172098595D-01  0.10011786143336D+00  0.10566780916286D-01
  0.67023652251390D-01  0.37295220042136D-01  0.34489591926484D-01
  0.19618294470055D-01  -.32192583253291D-01  -.19948239437035D-01
  0.27820638114840D-01  -.10156690444206D+00  -.68202201873984D-01
  0.79057408239077D-01  -.29469814549885D-01  -.66755819147550D-01
  -.68525806894144D-01  -.47750403689430D-01  -.36447402953651D-01
  -.64073634948014D-01  0.71953540852848D-02  0.89252996337223D-02
  -.10682705360908D+00  -.41590034728815D-01  0.10500030963799D+00
  -.46242650667143D-01  0.51519402930244D-01  0.58162609851644D-01
  0.88779482791634D-01  0.51664222402281D-01  -.17611854764439D+00
  0.26492194838662D-01  0.66494434509411D-01  -.57505786463161D-01
  0.11293882663279D+00  -.92952285034101D-03  -.23920134421190D-02
  -.26152727159130D-01  -.24591854037404D-01  0.15660092834117D-02
  0.14982422476226D-01  -.66734860681986D-01  0.95130327293836D-02
  0.73508875311998D-02  -.11278742921515D+00  0.82477751598844D-01
  -.55385095871383D-01  0.51097643152700D-01  0.17956547809650D-01
  0.31020181865839D-01  0.33935344902901D-03  -.58132493200506D-01
  -.32905427727723D-01  0.14995318502475D-01  -.87191105965455D-01
  -.12448379955037D+00  -.24893921473833D-01  -.93167989557765D-01
  -.24028074704877D+00  0.10503705371128D+00  0.41440770713985D-02
  0.11000103432957D+00  0.44989569371784D-02  0.29680624793233D-01
  0.11217209591634D+00  -.18982976905832D-01  -.21059726262864D-01
  -.19394931040825D+00  0.10271313867895D+00  0.12083318732405D+00
  0.36893137249496D-01  -.33104231240519D-01  -.56360342715943D-01
  0.13863009736211D+00  -.83116941186517D-01  -.33984218315149D-01
  0.51210521074080D-01  -.60741985899686D-01  -.75538758991755D-01
  -.30360251373526D-02  0.29825391604930D-01  -.17317698071423D-01
  -.10469003525848D+00  -.12530528935340D-01  -.25093979798229D-01
  0.70300145081015D-01  -.43700423277553D-02  0.15842792899110D-01
  0.21184402979151D-01  -.77864382947269D-01  0.27285481666179D-01
  -.79379731411555D-02  0.10603875123949D+00  -.33164339543424D-01
$end
