$energy      SCF               SCFKIN            SCFPOT
     1 -3292.624940030      3212.225214473     -6504.850154504
     2 -3293.270137005      3209.769755190     -6503.039892195
     3 -3294.006323069      3206.213196210     -6500.219519279
     4 -3294.807312336      3202.023507281     -6496.830819617
     5 -3295.463526426      3198.242543478     -6493.706069904
     6 -3295.996385859      3194.827364353     -6490.823750213
     7 -3296.424027018      3191.738822510     -6488.162849528
     8 -3296.761860762      3188.941978837     -6485.703839600
     9 -3297.023022249      3186.405019091     -6483.428041340
    10 -3297.218783837      3184.100040177     -6481.318824014
    11 -3297.358779068      3182.004269983     -6479.363049050
    12 -3297.451295174      3180.102892185     -6477.554187359
    13 -3297.503599881      3178.399271849     -6475.902871729
    14 -3297.523001492      3176.987407792     -6474.510409284
    15 -3297.524707720      3176.725537936     -6474.250245655
    16 -3297.526369730      3176.564397587     -6474.090767316
    17 -3297.528488071      3176.495523533     -6474.024011603
    18 -3297.530265583      3176.571345663     -6474.101611246
    19 -3297.531402987      3176.705235607     -6474.236638594
    20 -3297.531845334      3176.744214412     -6474.276059746
    21 -3297.532416624      3176.763596285     -6474.296012909
    22 -3297.532935161      3176.734785001     -6474.267720163
    23 -3297.533559465      3176.694058809     -6474.227618274
    24 -3297.534340036      3176.656757544     -6474.191097581
    25 -3297.535164098      3176.663549265     -6474.198713363
    26 -3297.535916847      3176.711306846     -6474.247223693
    27 -3297.536399807      3176.769398502     -6474.305798309
    28 -3297.536984155      3176.824073149     -6474.361057304
    29 -3297.537855706      3176.861213544     -6474.399069250
    30 -3297.539017935      3176.841137704     -6474.380155639
    31 -3297.540002805      3176.785431020     -6474.325433826
    32 -3297.540667129      3176.730878155     -6474.271545285
    33 -3297.541211574      3176.710076628     -6474.251288202
    34 -3297.541747741      3176.699506642     -6474.241254383
    35 -3297.542326618      3176.713437912     -6474.255764530
    36 -3297.542944158      3176.731257036     -6474.274201194
    37 -3297.543534598      3176.750680042     -6474.294214640
    38 -3297.544060028      3176.749553281     -6474.293613309
    39 -3297.544518370      3176.737808572     -6474.282326942
    40 -3297.544921178      3176.718953410     -6474.263874587
    41 -3297.545274532      3176.708118935     -6474.253393467
    42 -3297.545591267      3176.704883957     -6474.250475224
    43 -3297.545874525      3176.712156249     -6474.258030773
    44 -3297.546120887      3176.721561566     -6474.267682453
    45 -3297.546329869      3176.731255061     -6474.277584931
    46 -3297.546521105      3176.732710919     -6474.279232024
    47 -3297.546732727      3176.728617303     -6474.275350029
    48 -3297.546965352      3176.716488464     -6474.263453816
    49 -3297.547148201      3176.708675366     -6474.255823568
    50 -3297.547329625      3176.715960382     -6474.263290007
    51 -3297.547446209      3176.729432775     -6474.276878984
    52 -3297.547534708      3176.744778338     -6474.292313046
    53 -3297.547603646      3176.752574662     -6474.300178308
    54 -3297.547663451      3176.752269249     -6474.299932700
    55 -3297.547778605      3176.732470230     -6474.280248834
    56 -3297.547849060      3176.716972512     -6474.264821572
    57 -3297.547932423      3176.707225928     -6474.255158351
    58 -3297.548054386      3176.714015434     -6474.262069820
    59 -3297.548105686      3176.719042307     -6474.267147993
    60 -3297.548146056      3176.723919865     -6474.272065921
    61 -3297.548224733      3176.717722743     -6474.265947476
    62 -3297.548399879      3176.697217268     -6474.245617147
    63 -3297.548462246      3176.688802102     -6474.237264347
    64 -3297.548430941      3176.681366312     -6474.229797253
    65 -3297.548615204      3176.704094680     -6474.252709884
    66 -3297.548731519      3176.724223033     -6474.272954552
    67 -3297.548774319      3176.731813500     -6474.280587818
    68 -3297.548826293      3176.738814401     -6474.287640694
    69 -3297.548855039      3176.738135483     -6474.286990522
    70 -3297.548873268      3176.733554964     -6474.282428231
    71 -3297.548891389      3176.731496264     -6474.280387653
    72 -3297.548902411      3176.728180692     -6474.277083103
    73 -3297.548911542      3176.727356623     -6474.276268166
    74 -3297.548919776      3176.724587042     -6474.273506818
    75 -3297.548926334      3176.721079265     -6474.270005599
    76 -3297.548937653      3176.713070314     -6474.262007967
    77 -3297.548942367      3176.709405678     -6474.258348045
    78 -3297.548951658      3176.706512376     -6474.255464034
    79 -3297.548964966      3176.704889470     -6474.253854436
    80 -3297.548982958      3176.708150967     -6474.257133925
    81 -3297.549003211      3176.714544387     -6474.263547598
    82 -3297.549012905      3176.718001629     -6474.267014534
    83 -3297.549029625      3176.719956486     -6474.268986110
    84 -3297.549038354      3176.719982900     -6474.269021254
    85 -3297.549041771      3176.720305663     -6474.269347434
    86 -3297.549048866      3176.722110434     -6474.271159300
    87 -3297.549052327      3176.723073021     -6474.272125347
    88 -3297.549053147      3176.722903362     -6474.271956509
    89 -3297.549054154      3176.722092150     -6474.271146304
    90 -3297.549054889      3176.721525775     -6474.270580664
    91 -3297.549055535      3176.720964604     -6474.270020139
    92 -3297.549056434      3176.720079451     -6474.269135885
    93 -3297.549056611      3176.718705863     -6474.267762474
    94 -3297.549057261      3176.719167713     -6474.268224974
    95 -3297.549058409      3176.719241079     -6474.268299488
    96 -3297.549059183      3176.719089828     -6474.268149011
    97 -3297.549061024      3176.718875800     -6474.267936824
    98 -3297.549064310      3176.718762978     -6474.267827288
    99 -3297.549066003      3176.719240600     -6474.268306603
   100 -3297.549067583      3176.720380854     -6474.269448437
   101 -3297.549069134      3176.721582107     -6474.270651240
   102 -3297.549070150      3176.721828626     -6474.270898777
   103 -3297.549071996      3176.721465437     -6474.270537432
   104 -3297.549072547      3176.720804976     -6474.269877523
   105 -3297.549072917      3176.720889984     -6474.269962902
   106 -3297.549073160      3176.721091773     -6474.270164933
   107 -3297.549073376      3176.721235524     -6474.270308900
   108 -3297.549073495      3176.721210766     -6474.270284261
   109 -3297.549075368      3176.712699769     -6474.261775137
   110 -3297.549075438      3176.712955077     -6474.262030515
   111 -3297.549075688      3176.713461160     -6474.262536847
   112 -3297.549076095      3176.713886426     -6474.262962521
   113 -3297.549076566      3176.713941070     -6474.263017636
   114 -3297.549077526      3176.713838727     -6474.262916252
   115 -3297.549078773      3176.713617929     -6474.262696703
   116 -3297.549079221      3176.713983116     -6474.263062337
   117 -3297.549079662      3176.714572006     -6474.263651668
   118 -3297.549079863      3176.715615994     -6474.264695857
   119 -3297.549080493      3176.715216937     -6474.264297430
   120 -3297.549081293      3176.714838375     -6474.263919669
   121 -3297.549082318      3176.713969103     -6474.263051420
   122 -3297.549083269      3176.713822728     -6474.262905996
   123 -3297.549084077      3176.714083597     -6474.263167674
   124 -3297.549084497      3176.714329659     -6474.263414156
   125 -3297.549084720      3176.714406070     -6474.263490790
   126 -3297.549085173      3176.714328554     -6474.263413727
   127 -3297.549085186      3176.714215754     -6474.263300941
   128 -3297.549085281      3176.714001109     -6474.263086390
   129 -3297.549085338      3176.713818570     -6474.262903907
   130 -3297.549085437      3176.713895786     -6474.262981223
   131 -3297.549085458      3176.714073858     -6474.263159316
   132 -3297.549085652      3176.714225237     -6474.263310889
   133 -3297.549086175      3176.714164263     -6474.263250438
   134 -3297.549086190      3176.713731987     -6474.262818177
   135 -3297.549086180      3176.713184848     -6474.262271028
   136 -3297.549086225      3176.712950205     -6474.262036431
   137 -3297.549086226      3176.712334005     -6474.261420231
   138 -3297.549086413      3176.712482761     -6474.261569175
   139 -3297.549086664      3176.712597931     -6474.261684595
   140 -3297.549086756      3176.712586964     -6474.261673720
   141 -3297.549086907      3176.712574064     -6474.261660971
   142 -3297.549087008      3176.712494923     -6474.261581931
   143 -3297.549087010      3176.712494095     -6474.261581105
   144 -3297.549106787      3176.712441959     -6474.261548745
   145 -3297.549107062      3176.712499160     -6474.261606222
   146 -3297.549107130      3176.712619901     -6474.261727031
   147 -3297.549084135      3176.715619526     -6474.264703661
   148 -3297.549107053      3176.712942885     -6474.262049938
   149 -3297.549107002      3176.713051625     -6474.262158627
   150 -3297.549107102      3176.713318327     -6474.262425429
$end
