# Excitation spectrum ; written at 2020-07-28 11:51:38
#     Exc.     energy (Eh)   energy (eV)   energy (cm-1)   energy (nm)     Osc.(vel)      Osc.(len) 
       1 a        0.012808       0.34852        2810.995      3557.459     0.00000000     0.00000000
       2 a        0.013299       0.36189        2918.816      3426.046     0.00123384     0.00000007
       3 a        0.013309       0.36214        2920.889      3423.616     0.00123076     0.00000007
       4 a        0.014597       0.39721        3203.682      3121.408     0.00000000     0.00000000
       5 a        0.014884       0.40501        3266.597      3061.290     0.00153176     0.00001810
       6 a        0.014891       0.40521        3268.252      3059.740     0.00152903     0.00001810
       7 a        0.016395       0.44614        3598.349      2779.052     0.00051416     0.00014666
       8 a        0.016496       0.44887        3620.372      2762.147     0.00000043     0.00000014
       9 a        0.017080       0.46476        3748.546      2667.701     0.00144572     0.00000060
      10 a        0.017087       0.46496        3750.184      2666.536     0.00144515     0.00000060
      11 a        0.017882       0.48658        3924.568      2548.051     0.00143563     0.00001012
      12 a        0.017887       0.48674        3925.843      2547.224     0.00143390     0.00001012
      13 a        0.019375       0.52722        4252.317      2351.659     0.00000000     0.00000000
      14 a        0.028524       0.77617        6260.246      1597.381     0.00593202     0.02356350
      15 a        0.052576       1.43068       11539.178       866.613     0.00000009     0.00000000
      16 a        0.056685       1.54248       12440.917       803.799     0.01037605     0.00000212
      17 a        0.057344       1.56041       12585.547       794.562     0.00788608     0.00109290
      18 a        0.057354       1.56069       12587.832       794.418     0.00788272     0.00109129
      19 a        0.067381       1.83353       14788.445       676.204     0.00000000     0.00000000
      20 a        0.072693       1.97808       15954.329       626.789     0.00000000     0.00000000
      21 a        0.078481       2.13557       17224.533       580.567     0.00385485     0.00715647
      22 a        0.080235       2.18330       17609.507       567.875     0.00000023     0.00000006
      23 a        0.081926       2.22931       17980.625       556.154     0.07386346     0.01696398
      24 a        0.082018       2.23184       18000.978       555.525     0.00219234     0.00000014
      25 a        0.082019       2.23185       18001.058       555.523     0.00219131     0.00000014
      26 a        0.083400       2.26942       18304.134       546.325     0.00202157     0.00023693
      27 a        0.083401       2.26945       18304.314       546.319     0.00201882     0.00023650
      28 a        0.084527       2.30009       18551.439       539.042     0.01463662     0.00267722
      29 a        0.084878       2.30965       18628.581       536.810     0.00000004     0.00000001
      30 a        0.086955       2.36617       19084.445       523.987     0.00000000     0.00000000
      31 a        0.088960       2.42072       19524.413       512.179     0.00000000     0.00000000
      32 a        0.089699       2.44083       19686.623       507.959     0.00024463     0.00008793
      33 a        0.089727       2.44159       19692.723       507.802     0.00024278     0.00008659
      34 a        0.093498       2.54421       20520.410       487.320     0.00088158     0.00097775
      35 a        0.093514       2.54464       20523.946       487.236     0.00088045     0.00097645
      36 a        0.095296       2.59314       20915.097       478.124     0.00112787     0.00052750
      37 a        0.095314       2.59362       20918.917       478.036     0.00112174     0.00052270
      38 a        0.095407       2.59615       20939.323       477.570     0.00000000     0.00000000
      39 a        0.097939       2.66506       21495.177       465.221     0.00000023     0.00000001
      40 a        0.098034       2.66765       21516.032       464.770     0.00693382     0.00036832
      41 a        0.098035       2.66768       21516.260       464.765     0.00693849     0.00036844
      42 a        0.098207       2.67236       21554.041       463.950     0.00000008     0.00000000
      43 a        0.098660       2.68467       21653.328       461.823     0.00025766     0.00000000
      44 a        0.098662       2.68473       21653.835       461.812     0.00026178     0.00000000
      45 a        0.100585       2.73706       22075.874       452.983     0.00015497     0.00018523
      46 a        0.100592       2.73723       22077.288       452.954     0.00013883     0.00016297
      47 a        0.101241       2.75491       22219.845       450.048     0.00096426     0.00129104
      48 a        0.101250       2.75515       22221.745       450.010     0.00095080     0.00126841
      49 a        0.101772       2.76935       22336.283       447.702     0.15146482     0.15102641
      50 a        0.107311       2.92009       23552.076       424.591     0.00114332     0.00171946
      51 a        0.107316       2.92022       23553.124       424.572     0.00114386     0.00171973
      52 a        0.108666       2.95695       23849.408       419.298     0.00059103     0.00007268
      53 a        0.108668       2.95699       23849.769       419.291     0.00064496     0.00007271
      54 a        0.108987       2.96569       23919.883       418.062     0.00246688     0.00000979
      55 a        0.108997       2.96596       23922.082       418.024     0.00251259     0.00000876
      56 a        0.111122       3.02377       24388.390       410.031     0.00627211     0.00398012
      57 a        0.111130       3.02401       24390.307       409.999     0.00626524     0.00398058
      58 a        0.113408       3.08599       24890.192       401.765     0.00000002     0.00000001
      59 a        0.113777       3.09603       24971.200       400.461     0.00047042     0.00005052
      60 a        0.113787       3.09631       24973.399       400.426     0.00047176     0.00005149
      61 a        0.114731       3.12199       25180.581       397.131     0.00010194     0.00006602
      62 a        0.114835       3.12483       25203.463       396.771     0.02971774     0.01929765
      63 a        0.115286       3.13710       25302.423       395.219     0.00039473     0.00159075
      64 a        0.115287       3.13712       25302.587       395.217     0.00040238     0.00160067
      65 a        0.116309       3.16492       25526.841       391.745     0.00000000     0.00000000
      66 a        0.117233       3.19006       25729.608       388.657     0.00000000     0.00000000
      67 a        0.117579       3.19949       25805.645       387.512     0.00000000     0.00000000
      68 a        0.118081       3.21315       25915.805       385.865     0.00121884     0.00042108
      69 a        0.118085       3.21325       25916.594       385.853     0.00123752     0.00042858
      70 a        0.118653       3.22872       26041.348       384.005     0.00440468     0.00170245
      71 a        0.118664       3.22902       26043.792       383.969     0.00439247     0.00169296
      72 a        0.119361       3.24799       26196.801       381.726     0.00276508     0.00254468
      73 a        0.119365       3.24810       26197.672       381.713     0.00278658     0.00255345
      74 a        0.119390       3.24878       26203.153       381.633     0.00000003     0.00000005
      75 a        0.119647       3.25576       26259.436       380.815     0.00050287     0.00035106
      76 a        0.120513       3.27931       26449.440       378.080     0.00000000     0.00000000
      77 a        0.121597       3.30882       26687.405       374.709     0.00000003     0.00000004
      78 a        0.122247       3.32650       26830.062       372.716     0.00031001     0.00008253
      79 a        0.122256       3.32675       26832.031       372.689     0.00030848     0.00008111
      80 a        0.123199       3.35241       27038.974       369.837     0.00012716     0.00031022
      81 a        0.123934       3.37242       27200.409       367.642     0.00000000     0.00000000
      82 a        0.124536       3.38881       27332.583       365.864     0.00006205     0.00005263
      83 a        0.124654       3.39200       27358.304       365.520     0.00000018     0.00000046
      84 a        0.124757       3.39482       27381.090       365.216     0.00109997     0.00330399
      85 a        0.124759       3.39487       27381.467       365.211     0.00109642     0.00330835
      86 a        0.125323       3.41022       27505.247       363.567     0.00000000     0.00000001
      87 a        0.126258       3.43566       27710.483       360.874     0.00000003     0.00000003
      88 a        0.127062       3.45755       27886.989       358.590     0.00017557     0.00000003
      89 a        0.127063       3.45756       27887.121       358.588     0.00017569     0.00000003
      90 a        0.128712       3.50243       28248.965       353.995     0.00005891     0.00000396
      91 a        0.128715       3.50252       28249.700       353.986     0.00006581     0.00000579
      92 a        0.129173       3.51498       28350.218       352.731     0.00799851     0.00321316
      93 a        0.129213       3.51607       28359.054       352.621     0.00243353     0.00102525
      94 a        0.129358       3.52000       28390.712       352.228     0.00000107     0.00000042
      95 a        0.129429       3.52195       28406.411       352.033     0.00000180     0.00000071
      96 a        0.129531       3.52472       28428.746       351.757     0.00287690     0.00162955
      97 a        0.129544       3.52507       28431.568       351.722     0.00290795     0.00162492
      98 a        0.129657       3.52814       28456.336       351.416     0.00057036     0.00000597
      99 a        0.129659       3.52819       28456.768       351.410     0.00060458     0.00000364
     100 a        0.129782       3.53156       28483.945       351.075     0.00000002     0.00000002
