# Electronic transition moments of , IRREP a   electric dipole (length) / electric dipole (velocity) / magnetic dipole
 -.79758823711807E-04   -.29603759704696E-04   -.28401496368279E-04   0.61214142828682E-06   -.65294921370282E-06   -.42633977841391E-06   0.36762153976214E-06   -.17674068466388E-06   -.11427654854788E-04
 0.17839877950297E+00   -.17838010730201E+00   -.12252002712011E-03   -.14005085992552E-04   0.19710691207278E-05   0.65201898595594E-05
 -.26366954718421E+00   0.26389964701530E+00   -.11625725330829E-04   -.20196121274330E-02   0.20196788706783E-02   -.10006811738682E-05   0.22502690927181E-02   0.22518042585245E-02   -.10995657188578E-06
 0.53810223170267E-05   0.93488795068831E-05   0.50051155383147E-04   0.83630702549873E-05   0.12330468787608E-01   -.12341102732155E-01
 -.26343823632911E+00   -.26328346278422E+00   0.75125571993701E-05   -.20341394463983E-02   -.20308320521642E-02   -.20040062628582E-05   0.22522704727155E-02   -.22505360100982E-02   0.31578043250802E-06
 -.19582249176446E-04   0.21713268040007E-04   -.97501758199534E-05   -.92794460993962E-08   -.12154206450593E-01   -.12196270615286E-01
 -.19128712763276E-05   0.18414677545260E-04   0.11943742091102E-04   0.64839423873057E-07   0.49330055733844E-06   -.66595256093812E-05   0.81702950007371E-07   -.54390032070227E-07   -.47070048857913E-02
 -.46909396332547E-03   0.47448181977363E-03   -.13034090732019E-04   0.76766309149013E-05   0.88766290059760E-05   -.25561333016977E-05
 0.27816669348737E+00   0.27748181554555E+00   -.83116209274410E-04   -.30236122370947E-01   -.30162784061314E-01   0.24088402830205E-04   0.94753758612319E-03   -.94550903980664E-03   -.16900462869700E-06
 -.49100791221126E-05   -.52978420681035E-05   0.72796523783779E-04   0.25851731969023E-04   -.25804897974751E+00   -.25866823969500E+00
 0.27719233325395E+00   -.27782061244249E+00   0.79788920533911E-04   -.30157400547491E-01   0.30230579683821E-01   -.30946564391082E-04   0.94447063665369E-03   0.94695741702631E-03   0.13113252868625E-06
 -.80371823663492E-05   -.13551096419926E-04   0.31453901997590E-04   -.19288216270486E-04   0.25860514642074E+00   -.25798355689441E+00
 0.49829115654899E-05   0.39668532568782E-04   -.21688856162730E+00   0.70672718363984E-06   0.16752204426386E-05   0.11583421242834E+00   -.66075390834747E-07   -.10474316560621E-06   -.80475659607615E-07
 -.10594210707484E-02   -.10637240070020E-02   -.73007821218387E-02   -.13438253626289E+00   0.23357844029939E-04   -.28509119029350E-05
 0.56894399694835E-04   0.25986045581391E-05   0.62605572433828E-02   -.36682828649583E-06   -.29286440085805E-06   -.35351318545099E-02   0.14957412287343E-06   0.79252920265086E-07   0.87429367169492E-07
 -.35683505299881E-01   -.35674802567082E-01   -.24324531509154E+00   0.41872752996352E-02   -.10042340616381E-05   -.16316745090318E-05
 0.25194293590218E+00   -.25197835053635E+00   0.48810195807483E-05   0.51263146151829E-02   -.51238007106414E-02   0.21524064056775E-06   0.37988333279280E-03   0.37956317776670E-03   -.43652682943788E-06
 0.10508902535932E-04   -.12185787351689E-04   0.25276636144168E-05   -.62813779155731E-05   0.70001551898419E-01   -.69998344686833E-01
 0.25185801880070E+00   0.25185433706120E+00   -.70221610126206E-05   0.51160725274153E-02   0.51181129324473E-02   0.14229360991948E-05   0.37999695483032E-03   -.38014710698834E-03   0.48330988804975E-06
 0.12610066194715E-04   -.97393249196514E-05   -.24745273981220E-04   -.26359378270147E-05   -.69965935669341E-01   -.69978268084422E-01
 0.24541389730604E+00   0.24535665405600E+00   -.17311508645981E-05   -.20603192621986E-01   -.20600370174591E-01   -.28000826683818E-05   -.22192762293052E-02   0.22191091912299E-02   0.24567273411957E-07
 -.13380930132011E-05   0.17484768022006E-04   0.39686683862702E-04   0.11320016801967E-04   -.74011897973007E-01   -.74053968668881E-01
 0.24517881890823E+00   -.24521515197878E+00   -.38285742927706E-05   -.20600930148189E-01   0.20602103366268E-01   -.47192176575222E-05   -.22193650676132E-02   -.22195699307649E-02   0.56092949973235E-09
 0.24535091438498E-05   -.72642207412730E-06   -.99647179816312E-06   -.38291774128025E-05   0.73940468431003E-01   -.73941496685539E-01
 0.80610779465249E-05   0.24301524553823E-05   -.85911725878053E-05   -.10117857936442E-05   -.28686861375619E-06   0.15873456005358E-04   -.72631986278002E-07   0.24028858892113E-08   -.12928066633702E-05
 0.48483374844667E+00   -.48479914495337E+00   -.19980132700579E-03   -.25176939048280E-04   0.18847813517658E-05   0.10243540369237E-04
 0.36220205830182E-05   -.22243416086156E-04   0.55852611105992E+00   0.12986832933022E-05   0.89811819581853E-05   0.11131713316704E+01   -.59388448181111E-08   0.48241954385488E-07   -.10557569750547E-06
 0.25925921512116E-03   0.23555453545703E-03   0.59340248247609E-03   0.37250685641599E-01   0.10178125699638E-03   -.61530145212173E-04
 0.35478293306153E-05   -.50674469832234E-05   0.16340832711328E-02   0.14471992418537E-04   -.83854118492815E-06   0.19015484333363E-03   -.43767592676778E-08   0.88636748836151E-08   0.19838320812587E-07
 -.87619373202328E-01   -.87667747625062E-01   -.14090326206127E+01   -.14666626171798E-02   -.12412637903853E-04   0.17839026194263E-03
 -.82542502415809E-05   0.12560617034323E-03   -.52399555582196E+00   -.24960277459570E-05   0.31996908937171E-04   0.74827639304241E-02   -.33861790830041E-07   -.42905174341837E-06   -.17382989692851E-07
 -.19976831857018E-03   -.20397548285403E-03   -.35964466449609E-02   0.68482027740579E+00   -.35664674459795E-03   0.31011214439400E-04
 0.34740655446541E+00   -.29256175007792E+00   -.11927198787239E-03   0.12932981275943E+00   -.10891192593482E+00   0.69075546720188E-07   0.11061252769888E-02   0.93160388699117E-03   0.13584126080476E-07
 -.47229178971588E-05   -.89917104964578E-05   -.12327954439254E-03   0.15875710411765E-03   0.31798507826959E+00   -.37751950473181E+00
 0.29250403544472E+00   0.34727440029735E+00   0.12237209882037E-03   0.10883550348236E+00   0.12921102548864E+00   0.48075499401092E-08   0.93160751556706E-03   -.11061981676277E-02   -.13323681086389E-07
 -.74635474145231E-05   -.27913131826261E-05   -.51129987362814E-04   -.15996399192656E-03   -.37730910648866E+00   -.31770538451985E+00
 -.12418047671081E-05   -.87690749526328E-05   -.52399480954657E-04   0.37897355384302E-06   0.11779078868012E-05   -.21955696484363E-04   -.15704684084797E-07   0.46318648819724E-07   0.73023550323651E-03
 -.14338230129107E-05   -.21031486095028E-05   -.74813330330259E-04   0.19803773526407E-04   -.36346178789220E-05   0.86442704295242E-06
 -.86961974992275E-05   -.60426648752782E-06   0.19004216471590E-04   0.28403930614784E-05   0.84197990693804E-06   0.78176029127758E-05   -.60116354164331E-07   0.20623909093631E-07   0.21390805342528E-06
 -.10725787397768E+00   0.10723988924018E+00   0.70063812690863E-04   0.21239481923905E-04   0.25357957789136E-05   -.11894507110389E-05
 -.41949548841364E-06   0.59289759761934E-05   -.27143621618487E+00   -.11976786400721E-05   0.91032789332209E-05   -.36983957008444E+00   -.84049165601641E-08   -.26186239285494E-08   -.30573161661855E-07
 -.12369614436737E-03   -.83090066371914E-04   -.27355081952621E-02   0.11560832964602E+00   0.11977273432310E-03   0.37728819511014E-05
 0.16661155171725E-04   -.10984987198976E-05   -.20519947181324E-02   0.31681828450115E-05   -.17517707039140E-05   -.10807966533601E-02   -.25944443240112E-07   0.14290729123678E-07   0.91845798259775E-08
 -.20675176743788E+00   -.20666408890058E+00   0.34646009929820E+01   -.15931461653656E-02   0.15685368120338E-04   0.60241875701575E-04
 -.11970243963516E-04   -.15299874334111E-03   -.11629210019911E+01   -.37492574592392E-05   0.93028415986365E-05   -.55731307625505E+00   -.10273357196033E-07   -.30315245101233E-06   -.45699844158640E-07
 0.32371129792845E-03   0.33183700409782E-03   -.47608500948510E-02   -.91921174381013E+00   0.31353023350938E-04   0.16905786703746E-04
 -.14090352832978E+00   0.14226990279165E+00   -.37467803601482E-03   0.11108100996018E-02   -.11190465831293E-02   -.17861022944576E-03   0.32910465722475E-04   0.33163789742717E-04   -.10197279247616E-06
 -.13420432020647E-04   0.19382974200097E-04   -.55080124450315E-04   -.30215818395245E-03   -.90446320928909E-02   0.89658413982101E-02
 0.14224016194800E+00   0.14086583917954E+00   -.45715439144212E-03   -.11219866553453E-02   -.11106679393564E-02   -.21956650327814E-03   -.33144008678616E-04   0.32787458229155E-04   -.98328233399543E-07
 0.16052467987523E-04   -.23299539514434E-04   0.37543282828301E-04   -.36208489407511E-03   -.88800811519291E-02   -.89724450507720E-02
 -.16697889323740E+00   0.92072556056803E-01   0.86715071669719E-04   0.57162899573482E-01   -.31522929390875E-01   0.19848756046930E-04   0.12498501926725E-02   0.68900660153625E-03   0.80070720631464E-08
 0.22280334891422E-04   0.26947001188134E-04   -.40369178011906E-03   0.15648481149038E-04   -.16214067875182E+00   0.29407883435638E+00
 0.91930871263566E-01   0.16690748032419E+00   0.11502600722902E-03   -.31465915912053E-01   -.57126917176926E-01   0.20894158680286E-04   -.68841686164051E-03   0.12495191906699E-02   0.22819568094776E-07
 -.13153568782934E-04   -.47949846849208E-05   0.18719520034047E-03   0.17957028174514E-04   -.29397545064518E+00   -.16195391577928E+00
 0.13578306305712E-04   -.14850862498937E-03   0.50964688379973E+00   -.34819732364866E-05   0.35690321802404E-04   0.21796714191473E+00   -.92534166523210E-07   -.99252184423554E-06   0.15031573633064E-07
 0.58947149781564E-04   0.51599243850267E-04   -.29714576977444E-02   0.33703131847870E+00   0.17413804495330E-03   -.29764419226887E-04
 0.13278541704369E-03   -.13691673459758E-04   -.83811499674436E-03   -.27853192033121E-04   0.32205787704120E-05   -.38180992576068E-03   -.85935623733979E-06   -.67509792245264E-07   0.86437885143097E-08
 0.17417377801498E-01   0.17366373294456E-01   -.13331055264303E+01   -.63754738257152E-03   0.10499239421781E-04   -.13968889994244E-03
 0.14756764522038E-04   0.33567675463543E-05   -.54849212261358E-05   0.12284598197015E-04   0.28882430900817E-05   -.15796222768629E-05   0.11996382858164E-06   -.24172545114651E-07   -.19306442715756E-05
 -.29382629477198E+00   0.29384129218955E+00   0.57271654612329E-04   0.13053197469124E-04   -.17280949087200E-04   -.96316880569352E-04
 -.57407051865953E-05   -.29194874409062E-04   -.53903772290293E-04   -.44215650399248E-05   -.24497311270032E-04   -.39284901553873E-04   -.69977183303044E-07   0.37649606984847E-06   0.25818243819376E-02
 0.15319383370360E-03   -.13728242489479E-03   0.83977961498685E-04   0.29057582229493E-05   0.11987941299192E-03   0.27744662880868E-04
 -.46093190414756E-01   0.44341735372025E-01   0.18619722098585E-04   -.27641016976957E-01   0.26579032275442E-01   0.19634062075998E-04   0.48996198276288E-03   0.47143733973271E-03   -.14984118718894E-06
 -.23825402170745E-04   0.15430770790259E-04   -.89207407089000E-04   0.27100951483316E-04   -.14966704176291E+00   0.15540683768596E+00
 0.44174617682091E-01   0.45905187768816E-01   0.87998222128080E-05   0.26383882742597E-01   0.27412123608773E-01   0.93752227047080E-05   -.47226007821183E-03   0.49085001298557E-03   -.18924197797386E-06
 0.32990903070625E-04   -.37540202973998E-04   0.81899843090633E-04   0.20192058521064E-04   -.15595812983034E+00   -.15000641816346E+00
 -.84171306546108E-01   -.84015085942839E-01   0.32133431455302E-04   -.88630977898759E-01   -.88491031927986E-01   0.21578243303699E-04   -.94200188147658E-04   0.94128311427014E-04   -.91979641404406E-07
 -.50232929876005E-04   0.36480908730315E-04   0.15638353795932E-03   0.33389666607326E-04   -.21612033022882E+00   -.21655746005385E+00
 0.83985097190530E-01   -.84079329457839E-01   0.52657414441517E-04   0.88439754450103E-01   -.88549597254334E-01   0.32700683489956E-04   0.94737365299094E-04   0.94855898951486E-04   -.79519997592577E-07
 0.15741816034541E-04   -.16294583549176E-04   -.22306374276611E-03   0.67991543794667E-04   -.21722775235338E+00   0.21701363057343E+00
 0.93616577087387E-01   0.94810717588328E-01   0.55828758026307E-06   0.64015754735063E-01   0.64846876245573E-01   -.11101619156312E-04   -.19712829200497E-03   0.19932878952448E-03   0.54549851423206E-07
 0.37308146145704E-03   -.38925847655385E-03   0.13278260185865E-04   -.37798667787284E-04   0.12985438120014E+00   0.12844179714171E+00
 -.94501385044589E-01   0.93396720158089E-01   0.91551933043350E-05   -.64503646757610E-01   0.63759010066335E-01   -.10574167925056E-04   0.19958788186216E-03   0.19721872379144E-03   0.45850910310892E-07
 -.25892262365912E-03   0.31068369604653E-03   -.10509302752040E-03   -.90948488000727E-04   0.12835788539461E+00   -.12998878490218E+00
 -.15456524609120E-03   -.21714098007349E-04   0.65273771600159E-04   -.10493254139288E-03   -.15727538349248E-04   0.61263635066497E-04   -.46707778866695E-06   0.10125702788093E-06   0.12275170786660E-05
 0.76499038317162E+00   -.76502874402094E+00   -.67482411004528E-04   -.20294107977625E-04   0.51887955227123E-04   0.25402085988373E-03
 -.35495139813560E-04   0.18944902719098E-02   -.14620561863026E-05   0.79076974621958E-05   -.45279044012545E-03   -.49469161346787E-05   -.17953232801666E-06   -.82684194480015E-05   -.12293738807540E-02
 0.16349554131416E-02   -.16375335585268E-02   -.27461263385655E-04   0.20593777293863E-04   0.85654730106547E-03   -.20887318953314E-04
 -.23881846772555E+00   0.22149180956721E+00   0.27577761132473E-05   0.55042762160853E-01   -.51047815220249E-01   0.71039386025434E-05   -.99798721711883E-03   -.92539389342439E-03   0.50103374121987E-05
 -.59200164797927E-03   0.60023671300377E-03   0.10097597345585E-03   0.45142547514297E-05   0.90728161999901E-01   -.97838554440116E-01
 0.22157178218472E+00   0.23889139814655E+00   -.82797169540985E-06   -.51059832938637E-01   -.55047192348146E-01   0.21279519871928E-05   0.92816186881971E-03   -.10004453071397E-02   0.52335531537312E-05
 0.49196705699113E-03   -.48450763302077E-03   -.51347172933179E-04   -.58839594115585E-05   0.98101583959757E-01   0.90999297972654E-01
 -.10761296069944E-02   0.46982153512776E-04   0.23183728431411E-04   0.22212813735484E-03   -.12519172829323E-04   0.22230488112704E-04   -.39385663326921E-05   -.19408092323830E-06   0.78859875244957E-05
 0.23722585924905E+00   -.23719577125557E+00   -.14407245437457E-03   0.36424616039210E-05   0.25288976531440E-04   -.27306490878368E-03
 -.44241718467492E-01   0.44272271940898E-01   -.43923841250715E-04   0.76498436284727E-04   -.61903911288873E-04   -.35431594139502E-04   0.68833566930694E-03   0.68902788796889E-03   -.23612907523852E-06
 -.64719777073002E-04   0.77135046044520E-04   0.15132618037826E-03   -.47026831235317E-04   -.18409285251235E+00   0.18392660301562E+00
 0.44622008862476E-01   0.44596610035392E-01   -.34971573351737E-04   -.13659633110686E-03   -.11808794982266E-03   -.26681190234650E-04   -.68864954722042E-03   0.68807102764488E-03   -.18164200458711E-06
 0.74214808098958E-04   -.71999849503738E-04   -.14927740150673E-03   -.33743759894727E-04   -.18385742083969E+00   -.18400242134541E+00
 0.34640957891674E-01   -.33330183868947E-01   -.27616204831239E-03   0.37874071901574E-01   -.36438591354478E-01   -.27379865176672E-03   -.15348105734410E-02   -.14803625023488E-02   -.11551358038493E-06
 -.29059456979439E-04   0.11271280800518E-04   0.61038125745331E-04   0.18166167656554E-05   -.26939564487537E-01   0.28296556257509E-01
 -.31558439036164E-01   -.32776087921973E-01   -.17718192500494E-03   -.34183911563034E-01   -.35518244402613E-01   -.17529922898329E-03   0.14746164967918E-02   -.15288274410012E-02   -.21536881310484E-06
 -.40934911425791E-05   0.22579346855653E-04   -.70537114382158E-04   -.20438943996085E-04   -.35895087365651E-01   -.35225841881923E-01
 0.83620332757190E-01   0.85405610378383E-01   0.43215631109272E-03   0.96752476643804E-01   0.98828125641323E-01   0.43301242368838E-03   -.18402374126471E-03   0.18935280438232E-03   0.17181273699123E-06
 0.45175571174580E-04   -.42420801843588E-04   0.30615538618801E-04   0.67445969146682E-04   -.31022108765436E+00   -.30372252312216E+00
 -.84842411884691E-01   0.82990293653421E-01   0.60504710906439E-03   -.97990760761265E-01   0.95857688901827E-01   0.60744382983060E-03   0.15332751952467E-03   0.14920714479243E-03   0.76251132422350E-07
 -.65330114225238E-04   0.29209325028659E-04   0.58171093785971E-04   0.11085631393426E-03   -.30462970990404E+00   0.31090864885696E+00
 -.35914063422444E-04   0.19365957554987E-03   -.14941294222922E+01   -.34939868817612E-04   0.20971066752554E-03   -.14919654967634E+01   0.81060147721580E-07   0.65210796832128E-06   -.32797739588399E-06
 -.61012165575430E-03   -.55767194240033E-03   -.46018659023795E-02   -.16731520468208E+00   0.12800226232290E-02   -.11799415943078E-03
 0.96075950841635E-01   -.82161420018460E-01   -.53551615152890E-03   0.11781902379926E+00   -.10076230489627E+00   -.50524725672939E-03   0.82120247364138E-04   0.70188785493392E-04   -.80900416801616E-08
 -.24800697071888E-03   -.27353741103186E-03   -.32912674960206E-02   0.15191976294107E-03   -.12553898863572E+01   0.14686985793929E+01
 -.82147781492678E-01   -.96123416740865E-01   -.44588400929405E-03   -.10072620761034E+00   -.11786186334338E+00   -.42205896059892E-03   -.71315021324348E-04   0.82861919464324E-04   -.16366073840924E-07
 0.13385546178042E-03   0.18650529401077E-03   0.19587078555852E-02   0.14867429680826E-03   -.14690595713496E+01   -.12558580615549E+01
 0.47669528725395E-01   0.76720999122597E-01   -.14037596861319E-05   0.17042596472861E-01   0.26699766168356E-01   -.59285063477220E-06   -.14814999953334E-03   0.24009623283310E-03   -.83996867846600E-06
 0.47795194542518E-04   -.47310025201412E-04   0.45554363218012E-05   -.25840682724163E-04   -.27511343036509E+00   -.17529081846650E+00
 -.78942188223123E-01   0.51680998269546E-01   0.25012251719972E-04   -.26691440024145E-01   0.17066547618361E-01   0.23964070727426E-04   0.24941880754733E-03   0.16422591996917E-03   -.33571896203847E-06
 -.44268299498332E-04   0.57958123200166E-04   -.10283645086583E-03   -.37623993553054E-04   -.17514633237607E+00   0.27455343178903E+00
 0.11896518741767E+00   -.14070983857507E+00   -.40854801756147E-04   -.75251790686961E-02   0.88360188614903E-02   -.51363549134248E-04   -.62075936459417E-03   -.73393563649643E-03   -.38639122682378E-06
 -.14258720244534E-04   0.30695266424702E-05   -.30859899266701E-03   0.41431825836207E-04   -.81617979801194E-01   0.69481806400990E-01
 -.14186429193737E+00   -.12021805712651E+00   0.20669614576269E-04   0.84214499091365E-02   0.70409805665252E-02   0.13083584770228E-04   0.74018264206081E-03   -.62682516194400E-03   -.45593580628774E-06
 0.27178974463663E-04   0.12191661609706E-04   0.28763707838556E-03   -.34133105862243E-05   -.66075271293530E-01   -.78295581961341E-01
 0.20731216311927E+00   0.20417403536215E+00   -.89798232931779E-05   0.16513613578793E+00   0.16265480156661E+00   -.86027808706505E-05   0.20789248839126E-02   -.20478549609593E-02   -.11443376726689E-05
 -.18490960315414E-03   0.24723398432091E-03   0.29310353456399E-03   -.12339724534967E-04   -.12744292426661E+01   -.12938537793983E+01
 -.20408111029728E+00   0.20716390148841E+00   -.66097731793805E-05   -.16265372757141E+00   0.16514298498248E+00   -.59210922302323E-05   -.20486145484558E-02   -.20800682925831E-02   -.79767964977911E-06
 0.14133442979540E-03   -.15207872655205E-03   -.44872157926266E-03   0.19215924611927E-04   -.12934515223999E+01   0.12741424881570E+01
 0.15647934962753E-03   -.27808936093879E-04   0.46512220800811E-03   0.43017893915260E-04   -.24176951656211E-04   0.42533652490131E-03   -.83175313840066E-06   -.89514291650867E-07   0.98233224446292E-07
 0.20845767618863E+00   0.20860141062982E+00   0.26968676592652E+01   -.88908388572642E-04   -.49121079080590E-03   0.24761532520675E-02
 0.60635748009662E-01   -.50250403509855E-01   0.18809057560100E-04   -.19893694744849E-01   0.16441158751539E-01   0.13210628354481E-04   -.39862310030700E-03   -.33013265729286E-03   -.17253069306084E-07
 -.81707977538259E-04   -.54169068995572E-04   -.58815097340895E-03   -.20442762043453E-04   0.16320838707088E+00   -.19717046022010E+00
 -.50296954964074E-01   -.60738675996059E-01   0.25035812191186E-05   0.16639055870115E-01   0.20049101082922E-01   -.40437180833713E-06   0.33122245991835E-03   -.39961758459874E-03   -.43478659218876E-07
 0.10217772046572E-03   0.75461374371263E-04   0.74900763744366E-03   -.12448434368493E-04   0.19763783331449E+00   0.16370614887142E+00
 0.53461441647613E-04   -.15158372272881E-04   -.36507635878924E-01   0.98818968253692E-04   -.22279795513881E-04   -.29379079670624E-01   -.19256721215958E-06   -.56684496166827E-07   -.23936148076251E-07
 -.96883136561307E-01   -.96805041936346E-01   0.31019524229610E+01   -.23034989434215E-01   -.17282077226772E-03   0.79099580654699E-03
 0.31302817000149E-05   -.49291488571117E-06   -.62303945136148E+00   0.73418287215741E-06   -.14916337756265E-04   -.50206501025316E+00   -.38433254951598E-07   -.11186193433429E-06   0.12645422456889E-06
 0.56662693553174E-02   0.56541989525219E-02   -.18106575633850E+00   -.39134115997006E+00   -.16310381225465E-03   0.37403327933567E-04
 0.59751381995528E-01   -.39568152574841E-01   -.12253476121976E-04   0.11982673265039E+00   -.79617771753505E-01   -.10048943453240E-04   -.45479218466438E-04   -.29485368663208E-04   0.53139473699868E-06
 -.37885584699584E-04   0.26328259149018E-03   0.50399240043232E-03   0.17734287721991E-03   -.26709837942450E+00   0.40301063370139E+00
 -.40244981308205E-01   -.60131083657012E-01   -.33283729795471E-04   -.80088745233743E-01   -.12005045467166E+00   -.28578501026009E-04   0.32179860373441E-04   -.47698940710512E-04   0.15147647884051E-05
 0.69833029665591E-04   -.20300226530923E-03   -.49527223517614E-03   0.19063360067678E-03   -.40432861641891E+00   -.26989964329281E+00
 -.92437752009401E-05   0.12522265251004E-04   -.42275666189343E-04   -.18900385953266E-04   -.64224875621236E-04   -.34244904120946E-04   -.25600165113609E-06   0.13899922410352E-05   -.12523853781489E-02
 -.10913185833455E-03   0.43297978170965E-04   0.11362408179929E-03   -.11521025016938E-03   0.14165524341781E-02   0.20615033535707E-03
 0.36821427706810E-05   0.24130314095974E-04   0.16672387059440E-04   -.22516457521744E-04   -.88017215856133E-04   0.58045704579609E-05   -.12593734067996E-07   0.23328242128147E-07   -.13821238416354E-02
 -.39864886788873E-03   0.46814429822854E-03   0.84306274633981E-04   -.83866463564975E-04   -.70504532056417E-03   -.15055259254745E-03
 -.99534058329968E-05   -.33634569955227E-05   0.17531251258078E-04   0.73268287029476E-04   0.17960043306785E-04   0.97068334296005E-05   0.42421123620422E-06   -.85324902134729E-07   -.42930412059124E-05
 0.19016448509064E+00   -.19012234403714E+00   0.27090207300534E-03   -.15231810403435E-04   0.63912652803456E-04   0.17079008947593E-03
 0.81916538555294E-01   0.93662819378357E-01   -.23333313584177E-04   0.48128035345636E-01   0.55070313705799E-01   -.17482641690492E-04   0.65349269534026E-03   -.74453187832329E-03   -.24098235701068E-05
 0.32407498150639E-03   -.27248357913134E-03   -.72588639379149E-04   -.18311638150566E-04   -.58084103218373E+00   -.51100466926533E+00
 -.94118402130311E-01   0.82834596997178E-01   -.29512156076491E-04   -.55372577601080E-01   0.48765159617744E-01   -.21925611834324E-04   -.74520261534868E-03   -.65389960371223E-03   -.13963397695112E-05
 -.26822316966239E-03   0.23039122965004E-03   0.29906460203748E-03   -.71630385162075E-05   -.50845048834126E+00   0.58016774981710E+00
 -.16419055357338E+00   0.16948443117385E+00   -.16434252531146E-04   -.10209631194841E+00   0.10534958851895E+00   -.74969315900620E-05   -.81059017894938E-04   -.83788420513381E-04   0.12596700301551E-05
 -.29295757367807E-03   -.82979602544758E-04   0.32126852500493E-02   0.36123985449329E-03   0.49217250293595E+00   -.47704030344594E+00
 0.16940443806697E+00   0.16378671149860E+00   -.70508225837685E-05   0.10517817358334E+00   0.10167502560518E+00   -.19361388047127E-05   0.87800803816531E-04   -.84822471527546E-04   0.16538019442842E-05
 0.24669291671902E-03   -.55737682507347E-04   -.22475961990265E-02   0.18422630411429E-03   0.47209015034731E+00   0.48835805605156E+00
 0.13999471665294E+00   -.12308476487126E+00   -.15062659816691E-03   0.13428961420044E+00   -.11808846242088E+00   -.17835093674549E-03   -.57301627716734E-03   -.50425628396271E-03   0.30927750006830E-06
 -.10584409771709E-02   -.10924359213548E-02   0.26072995122153E-02   0.25530269062212E-03   -.15218831885582E+01   0.17307069048462E+01
 -.12350324140219E+00   -.14058584717240E+00   -.10714294449068E-03   -.11822308535454E+00   -.13457740742028E+00   -.13238058579713E-03   0.50243419338604E-03   -.57153295663294E-03   0.52613841571405E-06
 0.58100597956225E-03   0.62360355605830E-03   -.84859869691145E-03   0.18340962510664E-03   -.17316070565023E+01   -.15220033179724E+01
 -.52436555054650E-03   0.15305989688461E-03   -.36146293832491E-03   -.69415579259149E-03   0.19238447229186E-03   -.29277985958291E-03   0.50598411046119E-05   0.12902755947225E-05   0.50077150538776E-07
 -.10633805089061E+00   -.10623797077542E+00   0.11808511738557E+01   0.81853727010438E-03   0.34409471310617E-02   -.13155880014554E-01
 -.56779447049068E-04   0.20163554804136E-03   0.79400470789266E-01   -.22845433926173E-04   0.74789777340587E-04   0.66341535642955E-01   -.25546988694569E-06   -.94178909330359E-06   0.32759455577449E-06
 -.47058233056150E-03   -.37864549739254E-03   0.40567260526536E-02   -.22829312792969E+00   -.20497832910183E-02   0.54435714255295E-03
 -.14841432932519E-04   -.51163590604149E-05   -.30882476697998E-05   -.52134964651714E-04   -.72266370945236E-05   -.21277813646179E-05   -.91399399798226E-06   0.19418311126758E-06   -.64031719515126E-05
 -.47614413473980E+00   0.47620151471553E+00   -.94690970679628E-04   0.13241459871305E-03   0.11285973764028E-03   0.93398871179277E-03
 0.96800381699583E-04   -.22214929659200E-04   0.59499129368046E-03   0.71489362528093E-04   -.13947607064535E-04   0.65476797128576E-03   -.18526049535038E-06   -.70497709889355E-07   -.11342214515727E-06
 0.27530229896516E+00   0.27537959486890E+00   -.15605821257966E+01   0.75533992621365E-03   -.23913535681678E-03   0.10729334453253E-02
 0.41379265777310E-01   0.45734134981504E-01   0.16066801369148E-04   -.21342527610578E-01   -.23603084374830E-01   0.11108016728771E-04   0.91567242536032E-04   -.10088137625986E-03   -.77950003826735E-07
 -.12421067578616E-03   0.12761361339195E-03   0.14748880413119E-02   0.17150726449219E-03   -.56372259644736E+00   -.51007473764431E+00
 -.45622661716341E-01   0.41272047998055E-01   0.19288021101743E-04   0.23410461992813E-01   -.21145051918312E-01   0.64326295637535E-05   -.95779479194519E-04   -.86065591538104E-04   -.45810714096612E-07
 0.71472676457625E-04   -.14053771965969E-03   -.22369219121306E-02   0.20358148282855E-03   -.50635566503505E+00   0.56048542047321E+00
 0.17898653578224E-05   -.38451106306635E-04   -.39347882169465E-01   0.99174992251745E-05   -.65032425751532E-04   0.61457473066400E-01   -.92046119651575E-07   -.60098852246746E-06   -.77430592228465E-06
 0.25444181420204E-03   0.15989711128047E-03   0.71408585550369E-02   0.36620363816771E+00   -.73517020020198E-04   0.32265977146801E-04
 0.26482652704592E-04   0.16014403939451E-03   -.28689364127321E-04   0.10411468624520E-04   0.95790934942298E-04   -.94259094638395E-05   0.47195911658312E-06   -.22430007674044E-05   0.29693987852742E-02
 0.20033606176206E-03   0.18151682641628E-04   -.34826739864188E-03   0.86579421716609E-03   -.13954852879561E-02   -.20637931074323E-03
 -.15737644090597E-03   0.60011175971827E-03   0.27331597713018E-01   -.29391244388537E-03   0.11049505892682E-02   0.25150447314525E-01   0.18749356646948E-05   0.69067443484469E-05   -.26223676342423E-05
 -.53621897194297E-02   -.53014787481973E-02   0.47420830418098E-02   0.83226898552801E+00   -.34927302322052E-03   0.44004776077357E-04
 0.12403942409999E-02   -.30470137597936E-03   0.75338261435979E-03   0.22017842874176E-02   -.53753069881669E-03   0.63748253565514E-03   -.14940105442845E-04   -.36472934892743E-05   -.15047750099317E-05
 0.19066709662711E+00   0.19089186959791E+00   -.59118439059808E-01   0.23034406665732E-01   0.51357042309958E-04   -.11247202563112E-03
 0.77024463199235E-01   0.85395957133846E-01   -.10272865967696E-03   0.13350015962552E+00   0.14799534409261E+00   -.78177598880804E-04   -.96750159265432E-03   0.10726512088865E-02   0.11427042705336E-05
 -.41995886162812E-03   -.14996672206665E-02   0.36871686142211E-03   -.26145526790703E-02   -.66942133135989E-02   -.60818885166487E-02
 -.85233659966946E-01   0.76926170890474E-01   -.13518008002180E-03   -.14805870042400E+00   0.13362439969485E+00   -.10426722849767E-03   0.10743993773821E-02   0.96998664297876E-03   0.58926850426547E-06
 0.13761429567250E-02   0.23247161591444E-02   -.41087138384873E-03   -.36408999863090E-02   -.63405862694767E-02   0.72080911253808E-02
 0.11535649412813E-03   0.12156746872548E-04   0.16895378454670E-05   0.27256033569757E-03   0.29665891677328E-04   0.10609350397736E-04   -.37658231190863E-05   0.48685558968662E-06   0.41498015813099E-05
 -.47355805891272E+00   0.47343458608829E+00   0.62958784350540E-03   -.14151035093405E-03   0.93241690903872E-04   0.60519806805053E-03
 0.94271599646040E-04   -.28119243521886E-04   -.61428297371641E-03   0.11306740321590E-03   -.31859457056615E-04   -.59001203538859E-03   -.10106667484654E-05   -.21834149407371E-06   0.25730017682192E-06
 0.21801571523785E+00   0.21804609835837E+00   0.48681151430466E+01   -.18050599843550E-02   -.35395354684387E-03   0.18145963331070E-02
 -.32150796889240E-01   -.32233793553945E-01   0.20610702376893E-05   -.40350337401965E-03   -.40479185966398E-03   0.21621959235445E-05   -.48233752858485E-04   0.48339340064432E-04   -.17967028352857E-07
 -.12591380343243E-04   0.25212573795299E-05   -.39111417286991E-05   -.43264041692919E-05   -.27513375278901E-02   -.27475426451647E-02
 0.32245129938409E-01   -.32159929112883E-01   0.26450446385451E-05   0.40904534343012E-03   -.40826915901907E-03   0.10429172499886E-05   0.48339123143337E-04   0.48195774127428E-04   0.32600694034983E-08
 0.12913122037779E-05   -.44249271115444E-05   -.15363101278054E-04   -.48443800494409E-06   -.26987973161200E-02   0.27111433702674E-02
 0.16815968374788E-01   -.20091552352975E-01   0.21325509156068E-03   0.43236359083221E-02   -.52381080201762E-02   0.12576203765366E-03   0.16143446129148E-02   0.19215709066847E-02   -.53985561719882E-06
 -.21564191566087E-03   -.12680900510364E-03   -.50465053678855E-03   0.52909391937263E-03   0.18194058622311E+00   -.15256285601011E+00
 -.21102694974617E-01   -.17934263228254E-01   0.11074151024719E-03   -.61842127716684E-02   -.54083897735903E-02   0.63550889568133E-04   -.19124296900936E-02   0.16038666777777E-02   -.47257100070649E-06
 0.24318655272582E-03   0.89819346039774E-04   0.56560946873390E-03   0.29004645479203E-03   0.14887446896561E+00   0.17775349287829E+00
 0.19082312901894E-05   0.11742779768651E-03   -.30476421687435E+00   0.35914508540340E-05   0.44943067227065E-04   -.19316382260447E+00   0.32606829888433E-06   0.21970231681166E-05   -.31964971216646E-06
 -.48537016319787E-02   -.48669532193560E-02   -.39549162088480E-01   -.35879760759414E+00   0.17504531874016E-03   0.41993544455985E-04
 0.18340218752234E-04   -.17184791578899E-03   -.16807766489913E+00   0.12606392293699E-05   -.11015503278870E-04   -.10909551535189E+00   0.71557903505063E-07   0.63616816003347E-06   -.94202594067709E-07
 -.17023638437354E-02   -.17010181565124E-02   -.16702306373187E-01   -.17137908110343E+00   0.47599408902736E-03   -.28291589879506E-04
 -.57869824434015E-03   0.31253232643480E-04   -.34696568850787E-02   -.27842167866695E-03   0.86382454101071E-05   -.22023891978433E-02   0.31658794237272E-05   0.24756123969579E-06   0.13488380460620E-06
 0.79234357927132E-01   0.79278268505445E-01   0.85101982925769E+00   -.36609322385534E-02   -.15974761184228E-04   -.10930968752236E-02
 -.12319264322430E-02   0.21426915453597E-04   -.43922220550240E-02   -.10220895383962E-02   0.20373477647465E-04   -.26897096117570E-02   0.10244726148885E-04   0.48433272728818E-06   0.33836846330383E-06
 0.31321815263602E+00   0.31333353504516E+00   0.21896452299857E+01   -.48854189725329E-02   0.97336789971175E-04   -.71443741174699E-02
 -.12889385843762E+00   -.12923466613197E+00   -.61461213441659E-04   -.96997264388653E-01   -.97273453417311E-01   -.25291647783412E-04   0.74147283328360E-03   -.74170729739362E-03   0.12442283898063E-05
 -.18030892291162E-02   -.17939628415118E-02   -.13371995850772E-01   -.35363347547085E-04   -.68886900189415E+00   -.68665684093923E+00
 0.12998838672568E+00   -.12951598831689E+00   -.11293861638562E-03   0.97166065644902E-01   -.96818467618248E-01   -.54031511505924E-04   -.73138706254038E-03   -.72852499569891E-03   0.82227873105529E-06
 0.19102616545503E-02   0.19198938058739E-02   0.14291212472325E-01   -.99508204871417E-04   -.68071464965931E+00   0.68270863531805E+00
 -.58059095721024E-01   0.56812469886261E-01   -.89968175127389E-04   0.59801640203299E-02   -.57701927876282E-02   -.70293659233990E-04   0.89416033180379E-05   0.94737394774871E-05   0.17064907693059E-06
 0.23460862744077E-03   0.23286304990754E-03   0.12487064270162E-02   -.12475394467289E-03   -.25248958625359E+00   0.25890336103679E+00
 0.58417329251078E-01   0.59847776888773E-01   -.71211246788168E-04   -.45567448576004E-02   -.46222984335655E-02   -.58721772360953E-04   -.17884021826882E-04   0.18974110582385E-04   0.21408461712407E-06
 -.18654814651449E-03   -.18529980686449E-03   -.10143312630410E-02   -.94817740155955E-04   -.25046510643155E+00   -.24487451551660E+00
 -.10025168123075E-03   -.49793372671705E-03   -.14004837169728E-03   -.79267067741377E-04   -.40715237420607E-03   -.96049554284415E-04   0.49075259889970E-06   -.29765470455794E-05   -.14173495848304E-03
 -.15751598834549E-03   0.48814174889109E-03   0.98514109529043E-03   -.13646470310267E-03   -.36018091977403E-02   -.67740216704290E-03
