# Electronic excitation spectrum of , IRREP a   
#  excitation energy / cm^(-1)  oscillator strength (length rep.)
 0.28109952887092E+04   0.83919117512315E-14
 0.29188162211563E+04   0.72328841050650E-07
 0.29208885615089E+04   0.73303534341852E-07
 0.32036821105929E+04   0.43398810754798E-12
 0.32665967559207E+04   0.18098762212459E-04
 0.32682517268611E+04   0.18101384434266E-04
 0.35983489172913E+04   0.14665652401143E-03
 0.36203719602187E+04   0.13743231056476E-06
 0.37485462390131E+04   0.59815649201748E-06
 0.37501842799417E+04   0.59655930902133E-06
 0.39245682052638E+04   0.10119425236254E-04
 0.39258429174017E+04   0.10122452128514E-04
 0.42523172350900E+04   0.32688516703194E-11
 0.62602455644694E+04   0.23563500578797E-01
 0.11539177816834E+05   0.12747667091882E-08
 0.12440917226542E+05   0.21159670089384E-05
 0.12585546997161E+05   0.10928999495712E-02
 0.12587832284965E+05   0.10912878296521E-02
 0.14788445398281E+05   0.21722939189950E-10
 0.15954328728866E+05   0.33871031198628E-11
 0.17224532610968E+05   0.71564659881009E-02
 0.17609506534990E+05   0.62483371486288E-07
 0.17980624945444E+05   0.16963976513020E-01
 0.18000977680480E+05   0.13768531017037E-06
 0.18001057888936E+05   0.13892062615750E-06
 0.18304134385991E+05   0.23692722148720E-03
 0.18304314094708E+05   0.23650122486110E-03
 0.18551439287378E+05   0.26772202069572E-02
 0.18628581205454E+05   0.82934349290510E-08
 0.19084445493959E+05   0.93765752216739E-11
 0.19524413060497E+05   0.12827832956368E-09
 0.19686623435254E+05   0.87933054618570E-04
 0.19692722957465E+05   0.86588241883430E-04
 0.20520409674664E+05   0.97774542469153E-03
 0.20523946039440E+05   0.97644943035892E-03
 0.20915096644343E+05   0.52750472508503E-03
 0.20918917124777E+05   0.52269545563034E-03
 0.20939322722239E+05   0.95479253319060E-09
 0.21495177410746E+05   0.13391961974792E-07
 0.21516032496571E+05   0.36832027147947E-03
 0.21516260486924E+05   0.36843624657271E-03
 0.21554040723094E+05   0.32730465349396E-08
 0.21653328184350E+05   0.71952627548831E-09
 0.21653835018330E+05   0.21912996018982E-08
 0.22075874173399E+05   0.18523019687288E-03
 0.22077288059096E+05   0.16296606657323E-03
 0.22219844738565E+05   0.12910413905112E-02
 0.22221744556672E+05   0.12684061649214E-02
 0.22336283141279E+05   0.15102640634988E+00
 0.23552075955785E+05   0.17194551907482E-02
 0.23553123878780E+05   0.17197281651219E-02
 0.23849408360073E+05   0.72684998637435E-04
 0.23849769370268E+05   0.72713119720977E-04
 0.23919882752826E+05   0.97874826565507E-05
 0.23922081664311E+05   0.87558324843283E-05
 0.24388389892168E+05   0.39801213942774E-02
 0.24390306918876E+05   0.39805759561310E-02
 0.24890191637019E+05   0.13861959434241E-07
 0.24971199821256E+05   0.50522441217766E-04
 0.24973398774738E+05   0.51494359492485E-04
 0.25180580650605E+05   0.66019418024596E-04
 0.25203462646764E+05   0.19297654980694E-01
 0.25302422736693E+05   0.15907541321704E-02
 0.25302586991023E+05   0.16006702357598E-02
 0.25526841030441E+05   0.43846672457051E-09
 0.25729607621591E+05   0.64772750991586E-09
 0.25805644702429E+05   0.45346582969122E-09
 0.25915805166913E+05   0.42108093472886E-03
 0.25916593659878E+05   0.42858158137973E-03
 0.26041347508219E+05   0.17024500714737E-02
 0.26043792411405E+05   0.16929637897899E-02
 0.26196801013120E+05   0.25446751941245E-02
 0.26197671767783E+05   0.25534477277073E-02
 0.26203152929314E+05   0.48121004445640E-07
 0.26259435691072E+05   0.35106007940380E-03
 0.26449440080238E+05   0.22293259167617E-09
 0.26687405121237E+05   0.35184134312631E-07
 0.26830062003551E+05   0.82525461037342E-04
 0.26832031265802E+05   0.81109585650571E-04
 0.27038974383025E+05   0.31021623663895E-03
 0.27200409087099E+05   0.77443576513150E-09
 0.27332583020294E+05   0.52625127467354E-04
 0.27358304466860E+05   0.46065136354350E-06
 0.27381089551163E+05   0.33039858411746E-02
 0.27381467360997E+05   0.33083521914209E-02
 0.27505246789950E+05   0.62896969977501E-08
 0.27710483205908E+05   0.30463040914799E-07
 0.27886989024205E+05   0.27672181575349E-07
 0.27887121362804E+05   0.28292955809385E-07
 0.28248964581465E+05   0.39598101643455E-05
 0.28249699562921E+05   0.57921114970763E-05
 0.28350218404268E+05   0.32131605717073E-02
 0.28359053963704E+05   0.10252504152949E-02
 0.28390712390616E+05   0.42499245818506E-06
 0.28406411409231E+05   0.71441602279497E-06
 0.28428746189518E+05   0.16295500603511E-02
 0.28431567743848E+05   0.16249159302559E-02
 0.28456335793999E+05   0.59696000020229E-05
 0.28456767740693E+05   0.36419377529282E-05
 0.28483944982098E+05   0.15684795280093E-07
