$coord
    0.00000000000000      0.00000000000000      0.00000000000000      mo
    0.00000000000000     -0.00000000000000     -6.64703600127125      tb
    0.00000000000000      0.00000000000000      6.64703600127125      tb
    2.32019478082886      2.32019478082886     -2.72879938151941      s
   -2.32019478082886     -2.32019478082886     -2.72879938151941      s
    2.32019478082886     -2.32019478082886      2.72879938151941      s
   -2.32019478082886      2.32019478082886      2.72879938151941      s
    4.65868195776441     -1.58962927610992     -7.94156417517904      c
    3.60280745413106     -3.60280745413106     -6.51756887706249      c
    1.58962927610992     -4.65868195776441     -7.94156417517904      c
    1.39601200771893     -3.29587325313948    -10.24818951997512      c
    3.29587325313948     -1.39601200771893    -10.24818951997512      c
   -1.58962927610992      4.65868195776441     -7.94156417517904      c
   -3.60280745413106      3.60280745413106     -6.51756887706249      c
   -4.65868195776441      1.58962927610992     -7.94156417517904      c
   -3.29587325313948      1.39601200771893    -10.24818951997512      c
   -1.39601200771893      3.29587325313948    -10.24818951997512      c
    1.58962927610992      4.65868195776441      7.94156417517904      c
    1.39601200771893      3.29587325313948     10.24818951997512      c
    3.29587325313948      1.39601200771893     10.24818951997512      c
    4.65868195776441      1.58962927610992      7.94156417517904      c
    3.60280745413106      3.60280745413106      6.51756887706249      c
   -4.65868195776441     -1.58962927610992      7.94156417517904      c
   -3.29587325313948     -1.39601200771893     10.24818951997512      c
   -1.39601200771893     -3.29587325313948     10.24818951997512      c
   -1.58962927610992     -4.65868195776441      7.94156417517904      c
   -3.60280745413106     -3.60280745413106      6.51756887706249      c
    0.39427796024664     -6.23393301247220     -7.35282160125791      h
    0.04728832916324     -3.66317423463996    -11.76706465924250      h
    4.19364459259281     -4.19364459259281     -4.63227430768706      h
    3.66317423463996     -0.04728832916324    -11.76706465924250      h
    6.23393301247220     -0.39427796024664     -7.35282160125791      h
   -0.04728832916324      3.66317423463996    -11.76706465924250      h
   -0.39427796024664      6.23393301247220     -7.35282160125791      h
   -4.19364459259281      4.19364459259281     -4.63227430768706      h
   -6.23393301247220      0.39427796024664     -7.35282160125791      h
   -3.66317423463996      0.04728832916324    -11.76706465924250      h
   -0.39427796024664     -6.23393301247220      7.35282160125791      h
   -4.19364459259281     -4.19364459259281      4.63227430768706      h
   -6.23393301247220     -0.39427796024664      7.35282160125791      h
   -3.66317423463996     -0.04728832916324     11.76706465924250      h
   -0.04728832916324     -3.66317423463996     11.76706465924250      h
    0.04728832916324      3.66317423463996     11.76706465924250      h
    0.39427796024664      6.23393301247220      7.35282160125791      h
    4.19364459259281      4.19364459259281      4.63227430768706      h
    3.66317423463996      0.04728832916324     11.76706465924250      h
    6.23393301247220      0.39427796024664      7.35282160125791      h
$user-defined bonds
$redundant
     number_of_atoms            47
     degrees_of_freedom         19
     internal_coordinates       29
     frozen_coordinates          0
# definitions of redundant internals
   1 k  1.0000000000000 stre   11   29           val=   2.06421
   2 k  1.0000000000000 stre    9   30           val=   2.06216
   3 k  1.0000000000000 stre    8   32           val=   2.06323
   4 k -0.7071072398310 bend    9   32    8      val=   0.39178
        0.7071038875559 bend   12   32    8
        0.0018556890467 bend    2   32    8
   5 k -0.7071055031868 bend   10   29   11      val=   0.18646
        0.7071032197196 bend   12   29   11
        0.0026161087607 bend    2   29   11
   6 k  0.0192818650444 bend    8   30    9      val= 115.75340
        0.0192818650444 bend   10   30    9
        0.9996281405407 bend    2   30    9
   7 k -0.0079240860327 bend   10   29   11      val= 112.57658
       -0.0116235006435 bend   12   29   11
        0.9999010466508 bend    2   29   11
   8 k  0.0057296578028 bend    9   32    8      val= 116.52535
        0.0031053893414 bend   12   32    8
        0.9999787635638 bend    2   32    8
   9 k  1.0000000000000 tors   10   11    2    4 val=  95.38326
        1.0000000000000 tors   10   11    2    5
        1.0000000000000 tors   10   11    2    8
        1.0000000000000 tors   10   11    2    9
        1.0000000000000 tors   10   11    2   13
        1.0000000000000 tors   10   11    2   14
        1.0000000000000 tors   10   11    2   15
        1.0000000000000 tors   10   11    2   16
        1.0000000000000 tors   10   11    2   17
        1.0000000000000 tors   12   11    2    4
        1.0000000000000 tors   12   11    2    5
        1.0000000000000 tors   12   11    2    8
        1.0000000000000 tors   12   11    2    9
        1.0000000000000 tors   12   11    2   13
        1.0000000000000 tors   12   11    2   14
        1.0000000000000 tors   12   11    2   15
        1.0000000000000 tors   12   11    2   16
        1.0000000000000 tors   12   11    2   17
  10 k  1.0000000000000 tors    9    8    2    4 val=  72.34787
        1.0000000000000 tors    9    8    2    5
        1.0000000000000 tors    9    8    2   10
        1.0000000000000 tors    9    8    2   11
        1.0000000000000 tors    9    8    2   13
        1.0000000000000 tors    9    8    2   14
        1.0000000000000 tors    9    8    2   15
        1.0000000000000 tors    9    8    2   16
        1.0000000000000 tors    9    8    2   17
        1.0000000000000 tors   12    8    2    4
        1.0000000000000 tors   12    8    2    5
        1.0000000000000 tors   12    8    2   10
        1.0000000000000 tors   12    8    2   11
        1.0000000000000 tors   12    8    2   13
        1.0000000000000 tors   12    8    2   14
        1.0000000000000 tors   12    8    2   15
        1.0000000000000 tors   12    8    2   16
        1.0000000000000 tors   12    8    2   17
  11 k  1.0000000000000 stre    1    4           val=   4.26766
  12 k  1.0000000000000 bend    5    4    1      val= 100.50389
  13 k  1.0000000000000 stre    2    4           val=   5.11069
  14 k  1.0000000000000 stre    2   11           val=   5.07739
  15 k  1.0000000000000 stre   11   12           val=   2.68681
  16 k  1.0000000000000 stre    2    8           val=   5.08980
  17 k  1.0000000000000 stre   12    8           val=   2.68612
  18 k  1.0000000000000 stre    2    9           val=   5.09678
  19 k  1.0000000000000 stre    8    9           val=   2.68245
  20 k -0.2804592663143 bend    5    4    2      val=  65.86861
       -0.0421915681725 bend   11    4    2
       -0.0229128858182 bend   12    4    2
        0.2933978251934 bend   16   11    2
        0.3303017104385 bend   17   11    2
       -0.1047263315455 bend    8    4    2
       -0.1965807674666 bend    8    5    2
        0.0892153632184 bend    8   11    2
        0.3825571595788 bend    8   16    2
        0.3014112975799 bend    8   17    2
        0.2147180663339 bend   13    8    2
        0.4367655696499 bend   15    8    2
        0.0386277240973 bend   10    8    2
       -0.1665154840525 bend    9    4    2
        0.0537094409101 bend    9   11    2
        0.3459007125827 bend    9   16    2
        0.2011633856782 bend   14    8    2
  21 k  0.6248667496427 bend    5    4    2      val=   4.82398
       -0.2577507464810 bend   11    4    2
       -0.3095805538141 bend   12    4    2
        0.3593431415029 bend   16   11    2
        0.3388573254115 bend   17   11    2
       -0.1251946843852 bend    8    4    2
        0.1376674691116 bend    8    5    2
       -0.1404772334613 bend    8   11    2
        0.0944679234022 bend    8   16    2
        0.0809651231858 bend    8   17    2
       -0.1410348661024 bend   13    8    2
       -0.1333011937255 bend   15    8    2
        0.0725794515104 bend   10    8    2
        0.0642826366017 bend    9    4    2
       -0.2525075140036 bend    9   11    2
        0.1072121468933 bend    9   16    2
       -0.1056418450677 bend   14    8    2
  22 k  0.5061437829766 bend    5    4    2      val=  23.43585
       -0.0061925101954 bend   11    4    2
       -0.1167891707448 bend   12    4    2
       -0.2214531383170 bend   16   11    2
       -0.2180023517354 bend   17   11    2
       -0.0698138980286 bend    8    4    2
       -0.1816142589791 bend    8    5    2
       -0.0174007139984 bend    8   11    2
        0.0068667296506 bend    8   16    2
        0.1150984679484 bend    8   17    2
        0.5083627907728 bend   13    8    2
        0.1987600882840 bend   15    8    2
       -0.4412927175344 bend   10    8    2
        0.0041888001660 bend    9    4    2
        0.1109426014930 bend    9   11    2
       -0.1104823605595 bend    9   16    2
        0.2547721743283 bend   14    8    2
  23 k  0.2839194193754 bend    5    4    2      val=   7.54221
        0.0854342277656 bend   11    4    2
       -0.1106417128605 bend   12    4    2
       -0.2491852230676 bend   16   11    2
       -0.1600788217009 bend   17   11    2
       -0.3525354565734 bend    8    4    2
        0.0289962303992 bend    8    5    2
        0.4223296811559 bend    8   11    2
        0.1042245803089 bend    8   16    2
       -0.1003389175829 bend    8   17    2
       -0.2228838417120 bend   13    8    2
        0.3769102241713 bend   15    8    2
        0.4894407199423 bend   10    8    2
       -0.0674582913602 bend    9    4    2
        0.2094447052069 bend    9   11    2
       -0.0402391667890 bend    9   16    2
       -0.0799248005885 bend   14    8    2
  24 k  0.1366669218887 bend    5    4    2      val=   6.43429
       -0.0133413441684 bend   11    4    2
       -0.0462853019251 bend   12    4    2
       -0.0235084332632 bend   16   11    2
       -0.0184270901883 bend   17   11    2
        0.0784825377877 bend    8    4    2
        0.1152243712792 bend    8    5    2
       -0.0905232463435 bend    8   11    2
       -0.1447142061068 bend    8   16    2
       -0.1253369970829 bend    8   17    2
       -0.1231902606022 bend   13    8    2
       -0.2728897659079 bend   15    8    2
       -0.0363869560207 bend   10    8    2
       -0.4399262761505 bend    9    4    2
        0.5522594971004 bend    9   11    2
        0.5256643837165 bend    9   16    2
        0.2191119365525 bend   14    8    2
  25 k -0.0944524936972 bend    5    4    2      val=  -1.27936
        0.3811904454382 bend   11    4    2
       -0.5080421931426 bend   12    4    2
       -0.1687245081675 bend   16   11    2
        0.4573353258314 bend   17   11    2
        0.1476874406550 bend    8    4    2
        0.0064313392346 bend    8    5    2
        0.3248738625615 bend    8   11    2
        0.1860307995787 bend    8   16    2
       -0.3080052589268 bend    8   17    2
        0.0647083125776 bend   13    8    2
       -0.1854257789123 bend   15    8    2
       -0.1905670126630 bend   10    8    2
        0.0247768220526 bend    9    4    2
        0.0460464071581 bend    9   11    2
       -0.1227813460193 bend    9   16    2
        0.0218261563671 bend   14    8    2
  26 k  1.0000000000000 bend    2    1    4      val=  89.80422
  27 k  1.0000000000000 bend   12    9    8      val= 108.07417
  28 k  1.0000000000000 bend   10    8    9      val= 108.00022
  29 k  1.0000000000000 bend   12   10   11      val= 107.92568
        19 non zero eigenvalues  of BmBt
           1           2.346612196    1    0
         1
           2           2.088867273    2    0
         2
           3           2.021887861    3    0
         3
           4           1.501323417    4    0
         4
           5           1.021740272    5    0
         5
           6           0.708855878    6    0
         6
           7           0.573008544    7    0
         7
           8           0.571683406    8    0
         8
           9           5.475599826    0    0
         0.000000000         0.000000000         0.000000000         0.000000000
         0.000000000         0.000000000         0.000000000         0.000000000
        -0.050663473         0.330132375         0.011198904        -0.028768940
        -0.476380740         0.627277338         0.046510359         0.144937883
         0.027847935        -0.110842986        -0.007178452        -0.477606359
         0.013384464         0.000527675         0.000483906        -0.001806568
        -0.003771889        -0.045746458        -0.000182951         0.016337477
        -0.011367345
          10           1.417115609    0    0
         0.000000000         0.000000000         0.000000000         0.000000000
         0.000000000         0.000000000         0.000000000         0.000000000
         0.335179006        -0.590050262         0.239505321        -0.065526253
        -0.260767450         0.099068486        -0.255422775         0.136654594
         0.037142912         0.109595845         0.466249908        -0.061284513
         0.103842452        -0.017919692         0.073394478         0.121890245
        -0.064021467        -0.011123610        -0.070695825        -0.125153327
         0.159191806
          11           1.239393447    0    0
         0.000000000         0.000000000         0.000000000         0.000000000
         0.000000000         0.000000000         0.000000000         0.000000000
         0.001358094        -0.038872378        -0.412947370        -0.058045507
        -0.169399688        -0.067644070        -0.505875034         0.107684048
         0.545578962        -0.096150265        -0.204197196         0.076520891
        -0.174621221        -0.022026135        -0.034235221        -0.095858319
        -0.103660283         0.122902946        -0.233858263         0.196038951
         0.095139630
          12           1.229058528    0    0
         0.000000000         0.000000000         0.000000000         0.000000000
         0.000000000         0.000000000         0.000000000         0.000000000
        -0.041551020        -0.137168627        -0.677639891        -0.110946675
        -0.325406938        -0.028722451         0.176991155        -0.092983025
        -0.330675349         0.121115949         0.191263671         0.094260605
        -0.164953285        -0.163792441        -0.146071118         0.024793351
         0.048985604         0.212737814         0.170954567        -0.194414533
        -0.033411680
          13           1.051727696    0    0
         0.000000000         0.000000000         0.000000000         0.000000000
         0.000000000         0.000000000         0.000000000         0.000000000
        -0.054015777        -0.087660664        -0.296982777         0.209010394
         0.570862925         0.391010975         0.188201168         0.209085505
         0.344966582         0.166518778         0.321060736        -0.068248871
        -0.143680750        -0.057350933         0.042732417         0.043500867
         0.001282790        -0.098903981         0.061010664        -0.060349897
        -0.018309058
          14           0.954502980    0    0
         0.000000000         0.000000000         0.000000000         0.000000000
         0.000000000         0.000000000         0.000000000         0.000000000
         0.427385161         0.165283384        -0.173729491         0.049421871
         0.124895475        -0.091138988         0.172438623         0.335848238
        -0.314620761        -0.295512576         0.148152667        -0.005848329
         0.079642353        -0.196299574         0.023201458        -0.116713652
         0.043036532        -0.004728965        -0.419878239         0.334596229
         0.183039739
          15           0.774884622    0    0
         0.000000000         0.000000000         0.000000000         0.000000000
         0.000000000         0.000000000         0.000000000         0.000000000
        -0.114193725         0.187951311         0.152576683        -0.174233170
        -0.320132342        -0.261466045         0.466306655         0.320976062
         0.379381955         0.290577545         0.225031184         0.218696643
        -0.024773930         0.044669674         0.185036420        -0.020318608
         0.069205350         0.126607276        -0.047466747         0.131934399
        -0.045915960
          16           0.450967453    0    0
         0.000000000         0.000000000         0.000000000         0.000000000
         0.000000000         0.000000000         0.000000000         0.000000000
        -0.001217553         0.337635309        -0.032385944         0.084778205
         0.067594613        -0.194459253        -0.378879475         0.235081017
        -0.224368954         0.691651747         0.044419198        -0.230857944
         0.041950053        -0.002585400        -0.114685825        -0.092523191
        -0.025528341        -0.084265691        -0.045730497        -0.087368290
         0.107794977
          17           0.378080108    0    0
         0.000000000         0.000000000         0.000000000         0.000000000
         0.000000000         0.000000000         0.000000000         0.000000000
        -0.441892355        -0.154728996         0.018645670         0.032832748
         0.017111049        -0.229283018        -0.095871974         0.660379754
        -0.139768729        -0.364618816        -0.004780418        -0.115393086
        -0.047426203         0.113590916        -0.153325390         0.172586685
         0.027342972        -0.040239879         0.137524258        -0.157892046
        -0.027033453
          18           0.238149446    0    0
         0.000000000         0.000000000         0.000000000         0.000000000
         0.000000000         0.000000000         0.000000000         0.000000000
        -0.069941069         0.150289136        -0.051225665         0.061051789
         0.009330718        -0.452635351        -0.011978029        -0.341447093
         0.150205195        -0.222479959         0.368575718        -0.551460779
        -0.196043308        -0.079543903         0.250095314         0.100813034
         0.024283568        -0.061654579        -0.017973770        -0.073433772
         0.069863697
          19           0.015580728    0    0
         0.000000000         0.000000000         0.000000000         0.000000000
         0.000000000         0.000000000         0.000000000         0.000000000
         0.044982701        -0.077466945        -0.305962030         0.477638737
        -0.265159266        -0.115929045         0.087409528        -0.013618986
         0.047681546         0.026697681        -0.084170876         0.085786952
         0.360580786         0.271303490         0.197347048         0.075798775
         0.001061399        -0.556367461         0.024645123         0.027910703
        -0.044395053
$end
