# Excitation spectrum ; written at 2020-07-30 19:37:01
#     Exc.     energy (Eh)   energy (eV)   energy (cm-1)   energy (nm)     Osc.(vel)      Osc.(len) 
       1 b2       0.027194       0.73998        5968.378      1675.497     0.00959392     0.00034802
       2 b2       0.032829       0.89331        7205.039      1387.917     0.11670374     0.04698522
       3 b2       0.058010       1.57852       12731.661       785.443     0.00570143     0.00122996
       4 b2       0.065150       1.77282       14298.722       699.363     0.00169057     0.04356247
       5 b2       0.074538       2.02828       16359.200       611.277     0.00189805     0.01055831
       6 b2       0.081006       2.20429       17778.811       562.467     0.00144919     0.01078267
       7 b2       0.098752       2.68717       21673.508       461.393     0.01575988     0.00044568
       8 b2       0.106428       2.89606       23358.309       428.113     0.00024980     0.16266385
       9 b2       0.114445       3.11420       25117.748       398.125     0.00001227     0.00500246
      10 b2       0.119583       3.25402       26245.445       381.018     0.00262056     0.00514135
      11 b2       0.125895       3.42577       27630.673       361.917     0.04069209     0.01071081
      12 b2       0.129542       3.52501       28431.138       351.727     0.01770636     0.00028281
      13 b2       0.129844       3.53322       28497.359       350.910     0.00389909     0.00270209
      14 b2       0.131322       3.57346       28821.877       346.959     0.01712254     0.00002174
      15 b2       0.131870       3.58837       28942.168       345.517     0.00011396     0.00002608
      16 b2       0.133549       3.63405       29310.622       341.173     0.00043642     0.00157702
      17 b2       0.133708       3.63838       29345.543       340.767     0.00017184     0.00331827
      18 b2       0.135437       3.68544       29725.088       336.416     0.00000215     0.00119813
      19 b2       0.138987       3.78204       30504.178       327.824     0.00065585     0.00013170
      20 b2       0.139784       3.80372       30679.082       325.955     0.00312927     0.02290508
      21 b2       0.141621       3.85370       31082.157       321.728     0.00691931     0.00548726
      22 b2       0.142295       3.87203       31230.055       320.204     0.00195666     0.01898119
      23 b2       0.143769       3.91216       31553.665       316.920     0.02302992     0.00061984
      24 b2       0.144005       3.91856       31605.338       316.402     0.00361231     0.01081913
      25 b2       0.145895       3.97001       32020.299       312.302     0.00032538     0.00006476
      26 b2       0.152536       4.15070       33477.675       298.707     0.00060618     0.00014446
      27 b2       0.154025       4.19124       33804.618       295.818     0.00493045     0.00158479
      28 b2       0.154382       4.20096       33883.040       295.133     0.02062831     0.00914927
      29 b2       0.155609       4.23434       34152.226       292.807     0.00117106     0.02086437
      30 b2       0.156643       4.26247       34379.138       290.874     0.07997266     0.00042334
      31 b2       0.157620       4.28906       34593.594       289.071     0.00064943     0.00490966
      32 b2       0.158647       4.31701       34818.998       287.200     0.00250480     0.00154346
      33 b2       0.159756       4.34719       35062.466       285.205     0.00994401     0.00010315
      34 b2       0.161730       4.40089       35495.606       281.725     0.02420697     0.03329105
      35 b2       0.162552       4.42326       35676.011       280.300     0.00522898     0.00125760
      36 b2       0.166625       4.53409       36569.868       273.449     0.00000814     0.00203171
      37 b2       0.167142       4.54816       36683.381       272.603     0.00505455     0.00002403
      38 b2       0.170035       4.62689       37318.358       267.965     0.01385185     0.03267133
      39 b2       0.171112       4.65620       37554.798       266.278     0.00024167     0.00019291
      40 b2       0.171676       4.67154       37678.507       265.403     0.00169467     0.00274220
      41 b2       0.173540       4.72227       38087.654       262.552     0.00000503     0.00000255
      42 b2       0.174960       4.76089       38399.205       260.422     0.00398362     0.00009157
      43 b2       0.177363       4.82629       38926.653       256.893     0.00418847     0.00775423
      44 b2       0.178387       4.85416       39151.419       255.419     0.00470053     0.00603156
      45 b2       0.181216       4.93115       39772.403       251.431     0.02894120     0.06611811
      46 b2       0.182644       4.97000       40085.759       249.465     0.01434796     0.00008764
      47 b2       0.183077       4.98178       40180.737       248.875     0.04881310     0.00189252
      48 b2       0.183422       4.99118       40256.551       248.407     0.00009486     0.00258869
      49 b2       0.186467       5.07403       40924.835       244.350     0.00815741     0.01949742
      50 b2       0.187276       5.09604       41102.322       243.295     0.00069347     0.01161969
       1 e        0.014320       0.38966        3142.785      3181.891     0.01565227     0.00000829
       2 e        0.015654       0.42598        3435.763      2910.562     0.00376296     0.00000554
       3 e        0.018249       0.49658        4005.216      2496.744     0.00060908     0.00000450
       4 e        0.022810       0.62070        5006.320      1997.475     0.00643238     0.00001768
       5 e        0.027193       0.73996        5968.197      1675.548     0.01052671     0.00000017
       6 e        0.051670       1.40601       11340.245       881.815     0.00021390     0.00000394
       7 e        0.065642       1.78620       14406.692       694.122     0.01266062     0.00028343
       8 e        0.067827       1.84565       14886.202       671.763     0.01405216     0.00139139
       9 e        0.070919       1.92980       15564.865       642.473     0.00003162     0.00038237
      10 e        0.085247       2.31970       18709.642       534.484     0.01809694     0.00007966
      11 e        0.091335       2.48535       20045.740       498.859     0.00348843     0.00031557
      12 e        0.097688       2.65824       21440.141       466.415     0.01303943     0.00083437
      13 e        0.098001       2.66674       21508.727       464.928     0.00005432     0.00295687
      14 e        0.101691       2.76716       22318.651       448.056     0.00009352     0.00018075
      15 e        0.103744       2.82302       22769.229       439.189     0.00517545     0.00003329
      16 e        0.104244       2.83661       22878.812       437.086     0.00429643     0.00053341
      17 e        0.106293       2.89237       23328.518       428.660     0.03056382     0.00002020
      18 e        0.107217       2.91751       23531.326       424.965     0.04293556     0.00246872
      19 e        0.109995       2.99312       24141.129       414.231     0.05116765     0.00009582
      20 e        0.110314       3.00179       24211.061       413.034     0.03971283     0.00005712
      21 e        0.115781       3.15057       25411.080       393.529     0.00000107     0.00294290
      22 e        0.116603       3.17292       25591.314       390.758     0.00218738     0.00002394
      23 e        0.118703       3.23008       26052.362       383.842     0.01647013     0.00232560
      24 e        0.119825       3.26059       26298.465       380.250     0.01390639     0.00585882
      25 e        0.121198       3.29797       26599.945       375.941     0.00233674     0.00006634
      26 e        0.123987       3.37385       27211.962       367.485     0.02267037     0.00203884
      27 e        0.124406       3.38526       27304.002       366.247     0.00332276     0.00001342
      28 e        0.124814       3.39637       27393.539       365.050     0.00360099     0.00002583
      29 e        0.125613       3.41811       27568.933       362.727     0.01094336     0.00443727
      30 e        0.126930       3.45394       27857.931       358.964     0.00161012     0.00153853
      31 e        0.130082       3.53970       28549.618       350.267     0.00093916     0.00120200
      32 e        0.130533       3.55199       28648.750       349.055     0.00013764     0.00452411
      33 e        0.131008       3.56492       28753.032       347.789     0.00020531     0.00384978
      34 e        0.131178       3.56954       28790.256       347.340     0.00098442     0.00026887
      35 e        0.132292       3.59986       29034.807       344.414     0.01937220     0.00043628
      36 e        0.132983       3.61866       29186.439       342.625     0.00304967     0.00285129
      37 e        0.133541       3.63383       29308.825       341.194     0.01426272     0.00017284
      38 e        0.135370       3.68361       29710.298       336.584     0.07573440     0.00172945
      39 e        0.136316       3.70934       29917.846       334.249     0.02392920     0.00176602
      40 e        0.137024       3.72861       30073.252       332.521     0.08233903     0.00051199
      41 e        0.138133       3.75878       30316.618       329.852     0.00772211     0.00142130
      42 e        0.139499       3.79596       30616.515       326.621     0.03857061     0.00238144
      43 e        0.140837       3.83237       30910.122       323.519     0.00098197     0.00004469
      44 e        0.142433       3.87579       31260.346       319.894     0.00225987     0.00000163
      45 e        0.143849       3.91434       31571.286       316.744     0.00065368     0.00005073
      46 e        0.145070       3.94757       31839.263       314.078     0.01820392     0.00493027
      47 e        0.145941       3.97125       32030.321       312.204     0.00234360     0.00013874
      48 e        0.147151       4.00419       32295.961       309.636     0.03240488     0.00191448
      49 e        0.147729       4.01991       32422.799       308.425     0.00000787     0.00083765
      50 e        0.149313       4.06300       32770.309       305.154     0.00189856     0.00005680
