# Electronic transition moments of , IRREP b2  electric dipole (length) / electric dipole (velocity) / magnetic dipole
 0.00000000000000E+00   0.00000000000000E+00   0.72745745565691E+00   0.00000000000000E+00   0.00000000000000E+00   -.13855068414826E+00   0.00000000000000E+00   0.00000000000000E+00   0.00000000000000E+00
 0.00000000000000E+00   0.00000000000000E+00   0.00000000000000E+00   0.30680804688441E-01   0.00000000000000E+00   0.00000000000000E+00
 0.00000000000000E+00   0.00000000000000E+00   0.23092024022589E+01   0.00000000000000E+00   0.00000000000000E+00   -.14652112884656E+01   0.00000000000000E+00   0.00000000000000E+00   0.00000000000000E+00
 0.00000000000000E+00   0.00000000000000E+00   0.00000000000000E+00   -.38742179552956E+00   0.00000000000000E+00   0.00000000000000E+00
 0.00000000000000E+00   0.00000000000000E+00   -.38396108833841E+00   0.00000000000000E+00   0.00000000000000E+00   -.17833699957109E+00   0.00000000000000E+00   0.00000000000000E+00   0.00000000000000E+00
 0.00000000000000E+00   0.00000000000000E+00   0.00000000000000E+00   -.51531038875647E+00   0.00000000000000E+00   0.00000000000000E+00
 0.00000000000000E+00   0.00000000000000E+00   -.19729037463856E+00   0.00000000000000E+00   0.00000000000000E+00   0.10014872328000E+01   0.00000000000000E+00   0.00000000000000E+00   0.00000000000000E+00
 0.00000000000000E+00   0.00000000000000E+00   0.00000000000000E+00   0.17243794387860E+01   0.00000000000000E+00   0.00000000000000E+00
 0.00000000000000E+00   0.00000000000000E+00   -.19543875507721E+00   0.00000000000000E+00   0.00000000000000E+00   -.46095005002797E+00   0.00000000000000E+00   0.00000000000000E+00   0.00000000000000E+00
 0.00000000000000E+00   0.00000000000000E+00   0.00000000000000E+00   -.70255351626175E+00   0.00000000000000E+00   0.00000000000000E+00
 0.00000000000000E+00   0.00000000000000E+00   0.16381326953216E+00   0.00000000000000E+00   0.00000000000000E+00   -.44683745261579E+00   0.00000000000000E+00   0.00000000000000E+00   0.00000000000000E+00
 0.00000000000000E+00   0.00000000000000E+00   0.00000000000000E+00   -.86226308828504E-01   0.00000000000000E+00   0.00000000000000E+00
 0.00000000000000E+00   0.00000000000000E+00   0.48927126454640E+00   0.00000000000000E+00   0.00000000000000E+00   0.82278229092169E-01   0.00000000000000E+00   0.00000000000000E+00   0.00000000000000E+00
 0.00000000000000E+00   0.00000000000000E+00   0.00000000000000E+00   -.11188996933458E-02   0.00000000000000E+00   0.00000000000000E+00
 0.00000000000000E+00   0.00000000000000E+00   0.59335408389572E-01   0.00000000000000E+00   0.00000000000000E+00   -.15141280702756E+01   0.00000000000000E+00   0.00000000000000E+00   0.00000000000000E+00
 0.00000000000000E+00   0.00000000000000E+00   0.00000000000000E+00   -.30974849528959E+00   0.00000000000000E+00   0.00000000000000E+00
 0.00000000000000E+00   0.00000000000000E+00   0.12681152288748E-01   0.00000000000000E+00   0.00000000000000E+00   0.25605851518204E+00   0.00000000000000E+00   0.00000000000000E+00   0.00000000000000E+00
 0.00000000000000E+00   0.00000000000000E+00   0.00000000000000E+00   -.22116129192845E+00   0.00000000000000E+00   0.00000000000000E+00
 0.00000000000000E+00   0.00000000000000E+00   -.18130405299326E+00   0.00000000000000E+00   0.00000000000000E+00   -.25395074551245E+00   0.00000000000000E+00   0.00000000000000E+00   0.00000000000000E+00
 0.00000000000000E+00   0.00000000000000E+00   0.00000000000000E+00   -.10074464359422E+00   0.00000000000000E+00   0.00000000000000E+00
 0.00000000000000E+00   0.00000000000000E+00   0.69630108450622E+00   0.00000000000000E+00   0.00000000000000E+00   -.35723442072599E+00   0.00000000000000E+00   0.00000000000000E+00   0.00000000000000E+00
 0.00000000000000E+00   0.00000000000000E+00   0.00000000000000E+00   0.78325743329196E-01   0.00000000000000E+00   0.00000000000000E+00
 0.00000000000000E+00   0.00000000000000E+00   -.45279887533965E+00   0.00000000000000E+00   0.00000000000000E+00   -.57225745130039E-01   0.00000000000000E+00   0.00000000000000E+00   0.00000000000000E+00
 0.00000000000000E+00   0.00000000000000E+00   0.00000000000000E+00   -.29223718793512E+00   0.00000000000000E+00   0.00000000000000E+00
 0.00000000000000E+00   0.00000000000000E+00   -.21223493861822E+00   0.00000000000000E+00   0.00000000000000E+00   0.17667928258528E+00   0.00000000000000E+00   0.00000000000000E+00   0.00000000000000E+00
 0.00000000000000E+00   0.00000000000000E+00   0.00000000000000E+00   0.27073094781396E+00   0.00000000000000E+00   0.00000000000000E+00
 0.00000000000000E+00   0.00000000000000E+00   0.44224272612141E+00   0.00000000000000E+00   0.00000000000000E+00   -.15759673844281E-01   0.00000000000000E+00   0.00000000000000E+00   0.00000000000000E+00
 0.00000000000000E+00   0.00000000000000E+00   0.00000000000000E+00   0.22965934748850E+00   0.00000000000000E+00   0.00000000000000E+00
 0.00000000000000E+00   0.00000000000000E+00   0.36004444280435E-01   0.00000000000000E+00   0.00000000000000E+00   0.17223662120467E-01   0.00000000000000E+00   0.00000000000000E+00   0.00000000000000E+00
 0.00000000000000E+00   0.00000000000000E+00   0.00000000000000E+00   0.70736468153752E+00   0.00000000000000E+00   0.00000000000000E+00
 0.00000000000000E+00   0.00000000000000E+00   -.70012438452038E-01   0.00000000000000E+00   0.00000000000000E+00   0.13308947119968E+00   0.00000000000000E+00   0.00000000000000E+00   0.00000000000000E+00
 0.00000000000000E+00   0.00000000000000E+00   0.00000000000000E+00   -.85926703313132E-01   0.00000000000000E+00   0.00000000000000E+00
 0.00000000000000E+00   0.00000000000000E+00   -.43906043727155E-01   0.00000000000000E+00   0.00000000000000E+00   -.19293999933318E+00   0.00000000000000E+00   0.00000000000000E+00   0.00000000000000E+00
 0.00000000000000E+00   0.00000000000000E+00   0.00000000000000E+00   -.42102854297963E+00   0.00000000000000E+00   0.00000000000000E+00
 0.00000000000000E+00   0.00000000000000E+00   0.48771886174326E-02   0.00000000000000E+00   0.00000000000000E+00   0.11519368607916E+00   0.00000000000000E+00   0.00000000000000E+00   0.00000000000000E+00
 0.00000000000000E+00   0.00000000000000E+00   0.00000000000000E+00   0.10678166538162E+00   0.00000000000000E+00   0.00000000000000E+00
 0.00000000000000E+00   0.00000000000000E+00   0.84131926689389E-01   0.00000000000000E+00   0.00000000000000E+00   0.37701141915164E-01   0.00000000000000E+00   0.00000000000000E+00   0.00000000000000E+00
 0.00000000000000E+00   0.00000000000000E+00   0.00000000000000E+00   0.12229480584461E+00   0.00000000000000E+00   0.00000000000000E+00
 0.00000000000000E+00   0.00000000000000E+00   0.18324760194857E+00   0.00000000000000E+00   0.00000000000000E+00   -.49577255853726E+00   0.00000000000000E+00   0.00000000000000E+00   0.00000000000000E+00
 0.00000000000000E+00   0.00000000000000E+00   0.00000000000000E+00   -.26035499830270E+00   0.00000000000000E+00   0.00000000000000E+00
 0.00000000000000E+00   0.00000000000000E+00   -.27071573645104E+00   0.00000000000000E+00   0.00000000000000E+00   -.24107939262873E+00   0.00000000000000E+00   0.00000000000000E+00   0.00000000000000E+00
 0.00000000000000E+00   0.00000000000000E+00   0.00000000000000E+00   -.19884586577651E+00   0.00000000000000E+00   0.00000000000000E+00
 0.00000000000000E+00   0.00000000000000E+00   0.14361805534688E+00   0.00000000000000E+00   0.00000000000000E+00   0.44731461791288E+00   0.00000000000000E+00   0.00000000000000E+00   0.00000000000000E+00
 0.00000000000000E+00   0.00000000000000E+00   0.00000000000000E+00   0.54790370648317E-01   0.00000000000000E+00   0.00000000000000E+00
 0.00000000000000E+00   0.00000000000000E+00   -.49018392745282E+00   0.00000000000000E+00   0.00000000000000E+00   -.80417837217010E-01   0.00000000000000E+00   0.00000000000000E+00   0.00000000000000E+00
 0.00000000000000E+00   0.00000000000000E+00   0.00000000000000E+00   -.10862360143384E+00   0.00000000000000E+00   0.00000000000000E+00
 0.00000000000000E+00   0.00000000000000E+00   -.19397693555974E+00   0.00000000000000E+00   0.00000000000000E+00   -.33570184981494E+00   0.00000000000000E+00   0.00000000000000E+00   0.00000000000000E+00
 0.00000000000000E+00   0.00000000000000E+00   0.00000000000000E+00   -.60775625410579E+00   0.00000000000000E+00   0.00000000000000E+00
 0.00000000000000E+00   0.00000000000000E+00   0.57838869446608E-01   0.00000000000000E+00   0.00000000000000E+00   -.25802744972277E-01   0.00000000000000E+00   0.00000000000000E+00   0.00000000000000E+00
 0.00000000000000E+00   0.00000000000000E+00   0.00000000000000E+00   -.62978425884766E+00   0.00000000000000E+00   0.00000000000000E+00
 0.00000000000000E+00   0.00000000000000E+00   0.77207924517454E-01   0.00000000000000E+00   0.00000000000000E+00   -.37690816575056E-01   0.00000000000000E+00   0.00000000000000E+00   0.00000000000000E+00
 0.00000000000000E+00   0.00000000000000E+00   0.00000000000000E+00   -.17202609214542E-01   0.00000000000000E+00   0.00000000000000E+00
 0.00000000000000E+00   0.00000000000000E+00   -.21912564434375E+00   0.00000000000000E+00   0.00000000000000E+00   0.12423274762688E+00   0.00000000000000E+00   0.00000000000000E+00   0.00000000000000E+00
 0.00000000000000E+00   0.00000000000000E+00   0.00000000000000E+00   -.16652219169101E+00   0.00000000000000E+00   0.00000000000000E+00
 0.00000000000000E+00   0.00000000000000E+00   0.44769105807790E+00   0.00000000000000E+00   0.00000000000000E+00   0.29815343420991E+00   0.00000000000000E+00   0.00000000000000E+00   0.00000000000000E+00
 0.00000000000000E+00   0.00000000000000E+00   0.00000000000000E+00   0.34658312458353E+00   0.00000000000000E+00   0.00000000000000E+00
 0.00000000000000E+00   0.00000000000000E+00   -.10624739161322E+00   0.00000000000000E+00   0.00000000000000E+00   -.44846749419572E+00   0.00000000000000E+00   0.00000000000000E+00   0.00000000000000E+00
 0.00000000000000E+00   0.00000000000000E+00   0.00000000000000E+00   0.99596183140734E+00   0.00000000000000E+00   0.00000000000000E+00
 0.00000000000000E+00   0.00000000000000E+00   0.87510682900534E+00   0.00000000000000E+00   0.00000000000000E+00   -.63669683425297E-01   0.00000000000000E+00   0.00000000000000E+00   0.00000000000000E+00
 0.00000000000000E+00   0.00000000000000E+00   0.00000000000000E+00   -.89495280295339E-01   0.00000000000000E+00   0.00000000000000E+00
 0.00000000000000E+00   0.00000000000000E+00   -.78614833103263E-01   0.00000000000000E+00   0.00000000000000E+00   0.21615519050743E+00   0.00000000000000E+00   0.00000000000000E+00   0.00000000000000E+00
 0.00000000000000E+00   0.00000000000000E+00   0.00000000000000E+00   0.18220638924366E+00   0.00000000000000E+00   0.00000000000000E+00
 0.00000000000000E+00   0.00000000000000E+00   -.15389201340728E+00   0.00000000000000E+00   0.00000000000000E+00   0.12080272186865E+00   0.00000000000000E+00   0.00000000000000E+00   0.00000000000000E+00
 0.00000000000000E+00   0.00000000000000E+00   0.00000000000000E+00   0.13003410232483E+00   0.00000000000000E+00   0.00000000000000E+00
 0.00000000000000E+00   0.00000000000000E+00   -.30556064359994E+00   0.00000000000000E+00   0.00000000000000E+00   -.31120644467332E-01   0.00000000000000E+00   0.00000000000000E+00   0.00000000000000E+00
 0.00000000000000E+00   0.00000000000000E+00   0.00000000000000E+00   -.26467031876654E-02   0.00000000000000E+00   0.00000000000000E+00
 0.00000000000000E+00   0.00000000000000E+00   0.47382796386249E+00   0.00000000000000E+00   0.00000000000000E+00   0.55566652649679E+00   0.00000000000000E+00   0.00000000000000E+00   0.00000000000000E+00
 0.00000000000000E+00   0.00000000000000E+00   0.00000000000000E+00   0.10435822255328E+01   0.00000000000000E+00   0.00000000000000E+00
 0.00000000000000E+00   0.00000000000000E+00   -.21966352907718E+00   0.00000000000000E+00   0.00000000000000E+00   -.10772593382189E+00   0.00000000000000E+00   0.00000000000000E+00   0.00000000000000E+00
 0.00000000000000E+00   0.00000000000000E+00   0.00000000000000E+00   -.28616816260814E+00   0.00000000000000E+00   0.00000000000000E+00
 0.00000000000000E+00   0.00000000000000E+00   -.85593531586184E-02   0.00000000000000E+00   0.00000000000000E+00   0.13524049986575E+00   0.00000000000000E+00   0.00000000000000E+00   0.00000000000000E+00
 0.00000000000000E+00   0.00000000000000E+00   0.00000000000000E+00   0.17675120292356E+00   0.00000000000000E+00   0.00000000000000E+00
 0.00000000000000E+00   0.00000000000000E+00   0.21298277343993E+00   0.00000000000000E+00   0.00000000000000E+00   -.14684527812051E-01   0.00000000000000E+00   0.00000000000000E+00   0.00000000000000E+00
 0.00000000000000E+00   0.00000000000000E+00   0.00000000000000E+00   0.18383266278677E+00   0.00000000000000E+00   0.00000000000000E+00
 0.00000000000000E+00   0.00000000000000E+00   -.34956702962214E+00   0.00000000000000E+00   0.00000000000000E+00   -.53685863396074E+00   0.00000000000000E+00   0.00000000000000E+00   0.00000000000000E+00
 0.00000000000000E+00   0.00000000000000E+00   0.00000000000000E+00   -.31706538790521E+00   0.00000000000000E+00   0.00000000000000E+00
 0.00000000000000E+00   0.00000000000000E+00   -.46027565774778E-01   0.00000000000000E+00   0.00000000000000E+00   -.41122650514864E-01   0.00000000000000E+00   0.00000000000000E+00   0.00000000000000E+00
 0.00000000000000E+00   0.00000000000000E+00   0.00000000000000E+00   -.21101840133840E+00   0.00000000000000E+00   0.00000000000000E+00
 0.00000000000000E+00   0.00000000000000E+00   0.12168397137476E+00   0.00000000000000E+00   0.00000000000000E+00   -.15478909124238E+00   0.00000000000000E+00   0.00000000000000E+00   0.00000000000000E+00
 0.00000000000000E+00   0.00000000000000E+00   0.00000000000000E+00   0.14143273492796E+01   0.00000000000000E+00   0.00000000000000E+00
 0.00000000000000E+00   0.00000000000000E+00   -.65909065067852E-02   0.00000000000000E+00   0.00000000000000E+00   0.46908100247309E-02   0.00000000000000E+00   0.00000000000000E+00   0.00000000000000E+00
 0.00000000000000E+00   0.00000000000000E+00   0.00000000000000E+00   0.14425956879153E-03   0.00000000000000E+00   0.00000000000000E+00
 0.00000000000000E+00   0.00000000000000E+00   0.18480574680974E+00   0.00000000000000E+00   0.00000000000000E+00   0.28018761900722E-01   0.00000000000000E+00   0.00000000000000E+00   0.00000000000000E+00
 0.00000000000000E+00   0.00000000000000E+00   0.00000000000000E+00   0.58546074480623E+00   0.00000000000000E+00   0.00000000000000E+00
 0.00000000000000E+00   0.00000000000000E+00   -.18820965054068E+00   0.00000000000000E+00   0.00000000000000E+00   0.25608463634490E+00   0.00000000000000E+00   0.00000000000000E+00   0.00000000000000E+00
 0.00000000000000E+00   0.00000000000000E+00   0.00000000000000E+00   -.29148601929844E+00   0.00000000000000E+00   0.00000000000000E+00
 0.00000000000000E+00   0.00000000000000E+00   0.19880966673603E+00   0.00000000000000E+00   0.00000000000000E+00   0.22520550957693E+00   0.00000000000000E+00   0.00000000000000E+00   0.00000000000000E+00
 0.00000000000000E+00   0.00000000000000E+00   0.00000000000000E+00   0.13820196898793E+00   0.00000000000000E+00   0.00000000000000E+00
 0.00000000000000E+00   0.00000000000000E+00   0.48944637392301E+00   0.00000000000000E+00   0.00000000000000E+00   0.73978765473194E+00   0.00000000000000E+00   0.00000000000000E+00   0.00000000000000E+00
 0.00000000000000E+00   0.00000000000000E+00   0.00000000000000E+00   0.37786920802026E+00   0.00000000000000E+00   0.00000000000000E+00
 0.00000000000000E+00   0.00000000000000E+00   -.34327160890645E+00   0.00000000000000E+00   0.00000000000000E+00   -.26827718652576E-01   0.00000000000000E+00   0.00000000000000E+00   0.00000000000000E+00
 0.00000000000000E+00   0.00000000000000E+00   0.00000000000000E+00   0.26321148977393E+00   0.00000000000000E+00   0.00000000000000E+00
 0.00000000000000E+00   0.00000000000000E+00   -.63240755795898E+00   0.00000000000000E+00   0.00000000000000E+00   -.12452301690506E+00   0.00000000000000E+00   0.00000000000000E+00   0.00000000000000E+00
 0.00000000000000E+00   0.00000000000000E+00   0.00000000000000E+00   -.24160815110590E-01   0.00000000000000E+00   0.00000000000000E+00
 0.00000000000000E+00   0.00000000000000E+00   -.27852342805368E-01   0.00000000000000E+00   0.00000000000000E+00   0.14549880382339E+00   0.00000000000000E+00   0.00000000000000E+00   0.00000000000000E+00
 0.00000000000000E+00   0.00000000000000E+00   0.00000000000000E+00   0.90285813150020E-01   0.00000000000000E+00   0.00000000000000E+00
 0.00000000000000E+00   0.00000000000000E+00   -.25616545690091E+00   0.00000000000000E+00   0.00000000000000E+00   -.39603439343961E+00   0.00000000000000E+00   0.00000000000000E+00   0.00000000000000E+00
 0.00000000000000E+00   0.00000000000000E+00   0.00000000000000E+00   -.19515995780186E+00   0.00000000000000E+00   0.00000000000000E+00
 0.00000000000000E+00   0.00000000000000E+00   -.74527610166923E-01   0.00000000000000E+00   0.00000000000000E+00   -.30507166551597E+00   0.00000000000000E+00   0.00000000000000E+00   0.00000000000000E+00
 0.00000000000000E+00   0.00000000000000E+00   0.00000000000000E+00   -.22307047332779E+00   0.00000000000000E+00   0.00000000000000E+00
# Electronic transition moments of , IRREP e   electric dipole (length) / electric dipole (velocity) / magnetic dipole
 -.90542831608958E+00   0.00000000000000E+00   0.00000000000000E+00   0.20837907041065E-01   0.00000000000000E+00   0.00000000000000E+00   0.79267473569648E-02   0.00000000000000E+00   0.00000000000000E+00
 0.00000000000000E+00   0.00000000000000E+00   0.00000000000000E+00   0.00000000000000E+00   0.00000000000000E+00   0.10435852408083E+00
 0.00000000000000E+00   -.90542831608958E+00   0.00000000000000E+00   0.00000000000000E+00   0.20837907041065E-01   0.00000000000000E+00   0.00000000000000E+00   -.79267473569648E-02   0.00000000000000E+00
 0.00000000000000E+00   0.00000000000000E+00   0.00000000000000E+00   0.00000000000000E+00   0.10435852408083E+00   0.00000000000000E+00
 0.42459596829145E+00   0.00000000000000E+00   0.00000000000000E+00   -.16295301234724E-01   0.00000000000000E+00   0.00000000000000E+00   0.55093285284914E-02   0.00000000000000E+00   0.00000000000000E+00
 0.00000000000000E+00   0.00000000000000E+00   0.00000000000000E+00   0.00000000000000E+00   0.00000000000000E+00   0.94534252074414E-01
 0.00000000000000E+00   0.42459596829145E+00   0.00000000000000E+00   0.00000000000000E+00   -.16295301234724E-01   0.00000000000000E+00   0.00000000000000E+00   -.55093285284914E-02   0.00000000000000E+00
 0.00000000000000E+00   0.00000000000000E+00   0.00000000000000E+00   0.00000000000000E+00   0.94534252074414E-01   0.00000000000000E+00
 0.15821498079050E+00   0.00000000000000E+00   0.00000000000000E+00   0.13596164010960E-01   0.00000000000000E+00   0.00000000000000E+00   0.18025645150386E-02   0.00000000000000E+00   0.00000000000000E+00
 0.00000000000000E+00   0.00000000000000E+00   0.00000000000000E+00   0.00000000000000E+00   0.00000000000000E+00   0.12583881009896E+00
 0.00000000000000E+00   0.15821498079050E+00   0.00000000000000E+00   0.00000000000000E+00   0.13596164010960E-01   0.00000000000000E+00   0.00000000000000E+00   -.18025645150386E-02   0.00000000000000E+00
 0.00000000000000E+00   0.00000000000000E+00   0.00000000000000E+00   0.00000000000000E+00   0.12583881009896E+00   0.00000000000000E+00
 -.45988491688805E+00   0.00000000000000E+00   0.00000000000000E+00   -.24109528257948E-01   0.00000000000000E+00   0.00000000000000E+00   -.81380775464985E-03   0.00000000000000E+00   0.00000000000000E+00
 0.00000000000000E+00   0.00000000000000E+00   0.00000000000000E+00   0.00000000000000E+00   0.00000000000000E+00   -.28729486306628E+00
 0.00000000000000E+00   -.45988491688805E+00   0.00000000000000E+00   0.00000000000000E+00   -.24109528257948E-01   0.00000000000000E+00   0.00000000000000E+00   0.81380775464985E-03   0.00000000000000E+00
 0.00000000000000E+00   0.00000000000000E+00   0.00000000000000E+00   0.00000000000000E+00   -.28729486306628E+00   0.00000000000000E+00
 0.53882486404518E+00   0.00000000000000E+00   0.00000000000000E+00   0.21385901750072E-02   0.00000000000000E+00   0.00000000000000E+00   0.78861790797048E-02   0.00000000000000E+00   0.00000000000000E+00
 0.00000000000000E+00   0.00000000000000E+00   0.00000000000000E+00   0.00000000000000E+00   0.00000000000000E+00   -.30949364793296E-01
 0.00000000000000E+00   0.53882486404518E+00   0.00000000000000E+00   0.00000000000000E+00   0.21385901750072E-02   0.00000000000000E+00   0.00000000000000E+00   -.78861790797048E-02   0.00000000000000E+00
 0.00000000000000E+00   0.00000000000000E+00   0.00000000000000E+00   0.00000000000000E+00   -.30949364793296E-01   0.00000000000000E+00
 -.55721118354527E-01   0.00000000000000E+00   0.00000000000000E+00   -.75621788240623E-02   0.00000000000000E+00   0.00000000000000E+00   -.76526360929846E-03   0.00000000000000E+00   0.00000000000000E+00
 0.00000000000000E+00   0.00000000000000E+00   0.00000000000000E+00   0.00000000000000E+00   0.00000000000000E+00   0.20340215518855E-01
 0.00000000000000E+00   -.55721118354527E-01   0.00000000000000E+00   0.00000000000000E+00   -.75621788240623E-02   0.00000000000000E+00   0.00000000000000E+00   0.76526360929846E-03   0.00000000000000E+00
 0.00000000000000E+00   0.00000000000000E+00   0.00000000000000E+00   0.00000000000000E+00   0.20340215518855E-01   0.00000000000000E+00
 0.38033662528297E+00   0.00000000000000E+00   0.00000000000000E+00   0.56906229213770E-01   0.00000000000000E+00   0.00000000000000E+00   -.41872268630393E-04   0.00000000000000E+00   0.00000000000000E+00
 0.00000000000000E+00   0.00000000000000E+00   0.00000000000000E+00   0.00000000000000E+00   0.00000000000000E+00   -.36391091977572E+00
 0.00000000000000E+00   0.38033662528297E+00   0.00000000000000E+00   0.00000000000000E+00   0.56906229213770E-01   0.00000000000000E+00   0.00000000000000E+00   0.41872268630393E-04   0.00000000000000E+00
 0.00000000000000E+00   0.00000000000000E+00   0.00000000000000E+00   0.00000000000000E+00   -.36391091977572E+00   0.00000000000000E+00
 0.39418709304538E+00   0.00000000000000E+00   0.00000000000000E+00   -.12403824114350E+00   0.00000000000000E+00   0.00000000000000E+00   -.16283468375643E-02   0.00000000000000E+00   0.00000000000000E+00
 0.00000000000000E+00   0.00000000000000E+00   0.00000000000000E+00   0.00000000000000E+00   0.00000000000000E+00   0.18380856136291E+00
 0.00000000000000E+00   0.39418709304538E+00   0.00000000000000E+00   0.00000000000000E+00   -.12403824114350E+00   0.00000000000000E+00   0.00000000000000E+00   0.16283468375643E-02   0.00000000000000E+00
 0.00000000000000E+00   0.00000000000000E+00   0.00000000000000E+00   0.00000000000000E+00   0.18380856136291E+00   0.00000000000000E+00
 -.18286454958733E-01   0.00000000000000E+00   0.00000000000000E+00   0.63590320472430E-01   0.00000000000000E+00   0.00000000000000E+00   0.43337554634333E-03   0.00000000000000E+00   0.00000000000000E+00
 0.00000000000000E+00   0.00000000000000E+00   0.00000000000000E+00   0.00000000000000E+00   0.00000000000000E+00   -.75999718086585E-01
 0.00000000000000E+00   -.18286454958733E-01   0.00000000000000E+00   0.00000000000000E+00   0.63590320472430E-01   0.00000000000000E+00   0.00000000000000E+00   -.43337554634333E-03   0.00000000000000E+00
 0.00000000000000E+00   0.00000000000000E+00   0.00000000000000E+00   0.00000000000000E+00   -.75999718086585E-01   0.00000000000000E+00
 -.39901813226080E+00   0.00000000000000E+00   0.00000000000000E+00   -.26474133563327E-01   0.00000000000000E+00   0.00000000000000E+00   -.27269142737823E-03   0.00000000000000E+00   0.00000000000000E+00
 0.00000000000000E+00   0.00000000000000E+00   0.00000000000000E+00   0.00000000000000E+00   0.00000000000000E+00   -.32966156080694E-01
 0.00000000000000E+00   -.39901813226080E+00   0.00000000000000E+00   0.00000000000000E+00   -.26474133563327E-01   0.00000000000000E+00   0.00000000000000E+00   0.27269142737823E-03   0.00000000000000E+00
 0.00000000000000E+00   0.00000000000000E+00   0.00000000000000E+00   0.00000000000000E+00   -.32966156080694E-01   0.00000000000000E+00
 0.16924927699146E+00   0.00000000000000E+00   0.00000000000000E+00   -.50905105236343E-01   0.00000000000000E+00   0.00000000000000E+00   0.96204899645542E-03   0.00000000000000E+00   0.00000000000000E+00
 0.00000000000000E+00   0.00000000000000E+00   0.00000000000000E+00   0.00000000000000E+00   0.00000000000000E+00   0.14694707801514E+00
 0.00000000000000E+00   0.16924927699146E+00   0.00000000000000E+00   0.00000000000000E+00   -.50905105236343E-01   0.00000000000000E+00   0.00000000000000E+00   -.96204899645542E-03   0.00000000000000E+00
 0.00000000000000E+00   0.00000000000000E+00   0.00000000000000E+00   0.00000000000000E+00   0.14694707801514E+00   0.00000000000000E+00
 -.31640127017382E+00   0.00000000000000E+00   0.00000000000000E+00   0.80036516876841E-01   0.00000000000000E+00   0.00000000000000E+00   0.10241437534024E-02   0.00000000000000E+00   0.00000000000000E+00
 0.00000000000000E+00   0.00000000000000E+00   0.00000000000000E+00   0.00000000000000E+00   0.00000000000000E+00   -.23622331575118E+00
 0.00000000000000E+00   -.31640127017382E+00   0.00000000000000E+00   0.00000000000000E+00   0.80036516876841E-01   0.00000000000000E+00   0.00000000000000E+00   -.10241437534024E-02   0.00000000000000E+00
 0.00000000000000E+00   0.00000000000000E+00   0.00000000000000E+00   0.00000000000000E+00   -.23622331575118E+00   0.00000000000000E+00
 -.20389074162931E-01   0.00000000000000E+00   0.00000000000000E+00   -.15042910405879E+00   0.00000000000000E+00   0.00000000000000E+00   0.63727008025519E-03   0.00000000000000E+00   0.00000000000000E+00
 0.00000000000000E+00   0.00000000000000E+00   0.00000000000000E+00   0.00000000000000E+00   0.00000000000000E+00   -.78950785886005E+00
 0.00000000000000E+00   -.20389074162931E-01   0.00000000000000E+00   0.00000000000000E+00   -.15042910405879E+00   0.00000000000000E+00   0.00000000000000E+00   -.63727008025519E-03   0.00000000000000E+00
 0.00000000000000E+00   0.00000000000000E+00   0.00000000000000E+00   0.00000000000000E+00   -.78950785886005E+00   0.00000000000000E+00
 0.26262684536047E-01   0.00000000000000E+00   0.00000000000000E+00   -.36510946244405E-01   0.00000000000000E+00   0.00000000000000E+00   0.12190801732186E-02   0.00000000000000E+00   0.00000000000000E+00
 0.00000000000000E+00   0.00000000000000E+00   0.00000000000000E+00   0.00000000000000E+00   0.00000000000000E+00   -.78695839624556E-01
 0.00000000000000E+00   0.26262684536047E-01   0.00000000000000E+00   0.00000000000000E+00   -.36510946244405E-01   0.00000000000000E+00   0.00000000000000E+00   -.12190801732186E-02   0.00000000000000E+00
 0.00000000000000E+00   0.00000000000000E+00   0.00000000000000E+00   0.00000000000000E+00   -.78695839624556E-01   0.00000000000000E+00
 0.19342953951766E+00   0.00000000000000E+00   0.00000000000000E+00   -.15513321810420E-01   0.00000000000000E+00   0.00000000000000E+00   -.35748561528669E-03   0.00000000000000E+00   0.00000000000000E+00
 0.00000000000000E+00   0.00000000000000E+00   0.00000000000000E+00   0.00000000000000E+00   0.00000000000000E+00   0.37737229059359E+00
 0.00000000000000E+00   0.19342953951766E+00   0.00000000000000E+00   0.00000000000000E+00   -.15513321810420E-01   0.00000000000000E+00   0.00000000000000E+00   0.35748561528669E-03   0.00000000000000E+00
 0.00000000000000E+00   0.00000000000000E+00   0.00000000000000E+00   0.00000000000000E+00   0.37737229059359E+00   0.00000000000000E+00
 0.17581662143685E+00   0.00000000000000E+00   0.00000000000000E+00   -.61949273395452E-01   0.00000000000000E+00   0.00000000000000E+00   -.82270556621497E-03   0.00000000000000E+00   0.00000000000000E+00
 0.00000000000000E+00   0.00000000000000E+00   0.00000000000000E+00   0.00000000000000E+00   0.00000000000000E+00   0.10002626413278E+00
 0.00000000000000E+00   0.17581662143685E+00   0.00000000000000E+00   0.00000000000000E+00   -.61949273395452E-01   0.00000000000000E+00   0.00000000000000E+00   0.82270556621497E-03   0.00000000000000E+00
 0.00000000000000E+00   0.00000000000000E+00   0.00000000000000E+00   0.00000000000000E+00   0.10002626413278E+00   0.00000000000000E+00
 0.46439017511316E+00   0.00000000000000E+00   0.00000000000000E+00   -.11938292704507E-01   0.00000000000000E+00   0.00000000000000E+00   0.97583363520024E-03   0.00000000000000E+00   0.00000000000000E+00
 0.00000000000000E+00   0.00000000000000E+00   0.00000000000000E+00   0.00000000000000E+00   0.00000000000000E+00   0.49322377058779E-01
 0.00000000000000E+00   0.46439017511316E+00   0.00000000000000E+00   0.00000000000000E+00   -.11938292704507E-01   0.00000000000000E+00   0.00000000000000E+00   -.97583363520024E-03   0.00000000000000E+00
 0.00000000000000E+00   0.00000000000000E+00   0.00000000000000E+00   0.00000000000000E+00   0.49322377058779E-01   0.00000000000000E+00
 0.54803483829862E+00   0.00000000000000E+00   0.00000000000000E+00   -.13141227775499E+00   0.00000000000000E+00   0.00000000000000E+00   0.18671875748048E-02   0.00000000000000E+00   0.00000000000000E+00
 0.00000000000000E+00   0.00000000000000E+00   0.00000000000000E+00   0.00000000000000E+00   0.00000000000000E+00   0.34908552188679E+00
 0.00000000000000E+00   0.54803483829862E+00   0.00000000000000E+00   0.00000000000000E+00   -.13141227775499E+00   0.00000000000000E+00   0.00000000000000E+00   -.18671875748048E-02   0.00000000000000E+00
 0.00000000000000E+00   0.00000000000000E+00   0.00000000000000E+00   0.00000000000000E+00   0.34908552188679E+00   0.00000000000000E+00
 0.59066567614909E+00   0.00000000000000E+00   0.00000000000000E+00   -.25560863237410E-01   0.00000000000000E+00   0.00000000000000E+00   0.20129156855358E-02   0.00000000000000E+00   0.00000000000000E+00
 0.00000000000000E+00   0.00000000000000E+00   0.00000000000000E+00   0.00000000000000E+00   0.00000000000000E+00   0.54016427342178E+00
 0.00000000000000E+00   0.59066567614909E+00   0.00000000000000E+00   0.00000000000000E+00   -.25560863237410E-01   0.00000000000000E+00   0.00000000000000E+00   -.20129156855358E-02   0.00000000000000E+00
 0.00000000000000E+00   0.00000000000000E+00   0.00000000000000E+00   0.00000000000000E+00   0.54016427342178E+00   0.00000000000000E+00
 0.51961452051703E+00   0.00000000000000E+00   0.00000000000000E+00   -.19705726158211E-01   0.00000000000000E+00   0.00000000000000E+00   0.19416946668658E-02   0.00000000000000E+00   0.00000000000000E+00
 0.00000000000000E+00   0.00000000000000E+00   0.00000000000000E+00   0.00000000000000E+00   0.00000000000000E+00   0.93908571832313E-01
 0.00000000000000E+00   0.51961452051703E+00   0.00000000000000E+00   0.00000000000000E+00   -.19705726158211E-01   0.00000000000000E+00   0.00000000000000E+00   -.19416946668658E-02   0.00000000000000E+00
 0.00000000000000E+00   0.00000000000000E+00   0.00000000000000E+00   0.00000000000000E+00   0.93908571832313E-01   0.00000000000000E+00
 -.26364529801171E-02   0.00000000000000E+00   0.00000000000000E+00   -.13806998585886E+00   0.00000000000000E+00   0.00000000000000E+00   -.36480279899807E-03   0.00000000000000E+00   0.00000000000000E+00
 0.00000000000000E+00   0.00000000000000E+00   0.00000000000000E+00   0.00000000000000E+00   0.00000000000000E+00   -.16829177428103E+01
 0.00000000000000E+00   -.26364529801171E-02   0.00000000000000E+00   0.00000000000000E+00   -.13806998585886E+00   0.00000000000000E+00   0.00000000000000E+00   0.36480279899807E-03   0.00000000000000E+00
 0.00000000000000E+00   0.00000000000000E+00   0.00000000000000E+00   0.00000000000000E+00   -.16829177428103E+01   0.00000000000000E+00
 -.11861469788378E+00   0.00000000000000E+00   0.00000000000000E+00   0.12410241158114E-01   0.00000000000000E+00   0.00000000000000E+00   0.36021667013147E-03   0.00000000000000E+00   0.00000000000000E+00
 0.00000000000000E+00   0.00000000000000E+00   0.00000000000000E+00   0.00000000000000E+00   0.00000000000000E+00   0.46418361848518E+00
 0.00000000000000E+00   -.11861469788378E+00   0.00000000000000E+00   0.00000000000000E+00   0.12410241158114E-01   0.00000000000000E+00   0.00000000000000E+00   -.36021667013147E-03   0.00000000000000E+00
 0.00000000000000E+00   0.00000000000000E+00   0.00000000000000E+00   0.00000000000000E+00   0.46418361848518E+00   0.00000000000000E+00
 0.32258762903143E+00   0.00000000000000E+00   0.00000000000000E+00   -.12121800800917E+00   0.00000000000000E+00   0.00000000000000E+00   -.47018091566405E-03   0.00000000000000E+00   0.00000000000000E+00
 0.00000000000000E+00   0.00000000000000E+00   0.00000000000000E+00   0.00000000000000E+00   0.00000000000000E+00   0.14445749226617E+01
 0.00000000000000E+00   0.32258762903143E+00   0.00000000000000E+00   0.00000000000000E+00   -.12121800800917E+00   0.00000000000000E+00   0.00000000000000E+00   0.47018091566405E-03   0.00000000000000E+00
 0.00000000000000E+00   0.00000000000000E+00   0.00000000000000E+00   0.00000000000000E+00   0.14445749226617E+01   0.00000000000000E+00
 0.29502901498466E+00   0.00000000000000E+00   0.00000000000000E+00   -.19149737211891E+00   0.00000000000000E+00   0.00000000000000E+00   -.97025470973317E-03   0.00000000000000E+00   0.00000000000000E+00
 0.00000000000000E+00   0.00000000000000E+00   0.00000000000000E+00   0.00000000000000E+00   0.00000000000000E+00   -.33440480394585E+00
 0.00000000000000E+00   0.29502901498466E+00   0.00000000000000E+00   0.00000000000000E+00   -.19149737211891E+00   0.00000000000000E+00   0.00000000000000E+00   0.97025470973317E-03   0.00000000000000E+00
 0.00000000000000E+00   0.00000000000000E+00   0.00000000000000E+00   0.00000000000000E+00   -.33440480394585E+00   0.00000000000000E+00
 -.12025062872472E+00   0.00000000000000E+00   0.00000000000000E+00   0.20261937739608E-01   0.00000000000000E+00   0.00000000000000E+00   -.28230211246490E-02   0.00000000000000E+00   0.00000000000000E+00
 0.00000000000000E+00   0.00000000000000E+00   0.00000000000000E+00   0.00000000000000E+00   0.00000000000000E+00   0.69682154766121E+00
 0.00000000000000E+00   -.12025062872472E+00   0.00000000000000E+00   0.00000000000000E+00   0.20261937739608E-01   0.00000000000000E+00   0.00000000000000E+00   0.28230211246490E-02   0.00000000000000E+00
 0.00000000000000E+00   0.00000000000000E+00   0.00000000000000E+00   0.00000000000000E+00   0.69682154766121E+00   0.00000000000000E+00
 -.37031575435990E+00   0.00000000000000E+00   0.00000000000000E+00   0.11105406374572E+00   0.00000000000000E+00   0.00000000000000E+00   -.16742084909419E-02   0.00000000000000E+00   0.00000000000000E+00
 0.00000000000000E+00   0.00000000000000E+00   0.00000000000000E+00   0.00000000000000E+00   0.00000000000000E+00   0.53115063464111E+00
 0.00000000000000E+00   -.37031575435990E+00   0.00000000000000E+00   0.00000000000000E+00   0.11105406374572E+00   0.00000000000000E+00   0.00000000000000E+00   0.16742084909419E-02   0.00000000000000E+00
 0.00000000000000E+00   0.00000000000000E+00   0.00000000000000E+00   0.00000000000000E+00   0.53115063464111E+00   0.00000000000000E+00
 -.14153337670666E+00   0.00000000000000E+00   0.00000000000000E+00   0.89949514897357E-02   0.00000000000000E+00   0.00000000000000E+00   0.64833373376611E-03   0.00000000000000E+00   0.00000000000000E+00
 0.00000000000000E+00   0.00000000000000E+00   0.00000000000000E+00   0.00000000000000E+00   0.00000000000000E+00   -.45886963876428E+00
 0.00000000000000E+00   -.14153337670666E+00   0.00000000000000E+00   0.00000000000000E+00   0.89949514897357E-02   0.00000000000000E+00   0.00000000000000E+00   -.64833373376611E-03   0.00000000000000E+00
 0.00000000000000E+00   0.00000000000000E+00   0.00000000000000E+00   0.00000000000000E+00   -.45886963876428E+00   0.00000000000000E+00
 0.14709891325744E+00   0.00000000000000E+00   0.00000000000000E+00   0.12459549296758E-01   0.00000000000000E+00   0.00000000000000E+00   0.84761124788372E-03   0.00000000000000E+00   0.00000000000000E+00
 0.00000000000000E+00   0.00000000000000E+00   0.00000000000000E+00   0.00000000000000E+00   0.00000000000000E+00   0.62908449177159E+00
 0.00000000000000E+00   0.14709891325745E+00   0.00000000000000E+00   0.00000000000000E+00   0.12459549296758E-01   0.00000000000000E+00   0.00000000000000E+00   -.84761124788372E-03   0.00000000000000E+00
 0.00000000000000E+00   0.00000000000000E+00   0.00000000000000E+00   0.00000000000000E+00   0.62908449177159E+00   0.00000000000000E+00
 0.25561602056983E+00   0.00000000000000E+00   0.00000000000000E+00   -.16276870332746E+00   0.00000000000000E+00   0.00000000000000E+00   0.98579019124180E-03   0.00000000000000E+00   0.00000000000000E+00
 0.00000000000000E+00   0.00000000000000E+00   0.00000000000000E+00   0.00000000000000E+00   0.00000000000000E+00   -.42602338179769E+00
 0.00000000000000E+00   0.25561602056983E+00   0.00000000000000E+00   0.00000000000000E+00   -.16276870332746E+00   0.00000000000000E+00   0.00000000000000E+00   -.98579019124180E-03   0.00000000000000E+00
 0.00000000000000E+00   0.00000000000000E+00   0.00000000000000E+00   0.00000000000000E+00   -.42602338179769E+00   0.00000000000000E+00
 0.97538858671649E-01   0.00000000000000E+00   0.00000000000000E+00   0.95345781618846E-01   0.00000000000000E+00   0.00000000000000E+00   0.55003598480422E-03   0.00000000000000E+00   0.00000000000000E+00
 0.00000000000000E+00   0.00000000000000E+00   0.00000000000000E+00   0.00000000000000E+00   0.00000000000000E+00   0.18836392867327E+01
 0.00000000000000E+00   0.97538858671649E-01   0.00000000000000E+00   0.00000000000000E+00   0.95345781618846E-01   0.00000000000000E+00   0.00000000000000E+00   -.55003598480422E-03   0.00000000000000E+00
 0.00000000000000E+00   0.00000000000000E+00   0.00000000000000E+00   0.00000000000000E+00   0.18836392867327E+01   0.00000000000000E+00
 -.73585600428653E-01   0.00000000000000E+00   0.00000000000000E+00   -.83248251582565E-01   0.00000000000000E+00   0.00000000000000E+00   -.19478159102723E-02   0.00000000000000E+00   0.00000000000000E+00
 0.00000000000000E+00   0.00000000000000E+00   0.00000000000000E+00   0.00000000000000E+00   0.00000000000000E+00   -.10234956042930E+00
 0.00000000000000E+00   -.73585600428653E-01   0.00000000000000E+00   0.00000000000000E+00   -.83248251582565E-01   0.00000000000000E+00   0.00000000000000E+00   0.19478159102723E-02   0.00000000000000E+00
 0.00000000000000E+00   0.00000000000000E+00   0.00000000000000E+00   0.00000000000000E+00   -.10234956042930E+00   0.00000000000000E+00
 -.28121845608700E-01   0.00000000000000E+00   0.00000000000000E+00   -.16122656269465E+00   0.00000000000000E+00   0.00000000000000E+00   -.26590589286083E-02   0.00000000000000E+00   0.00000000000000E+00
 0.00000000000000E+00   0.00000000000000E+00   0.00000000000000E+00   0.00000000000000E+00   0.00000000000000E+00   0.62410122702493E+00
 0.00000000000000E+00   -.28121845608700E-01   0.00000000000000E+00   0.00000000000000E+00   -.16122656269465E+00   0.00000000000000E+00   0.00000000000000E+00   0.26590589286083E-02   0.00000000000000E+00
 0.00000000000000E+00   0.00000000000000E+00   0.00000000000000E+00   0.00000000000000E+00   0.62410122702493E+00   0.00000000000000E+00
 0.34283649525952E-01   0.00000000000000E+00   0.00000000000000E+00   -.14845637361725E+00   0.00000000000000E+00   0.00000000000000E+00   -.64574405478611E-04   0.00000000000000E+00   0.00000000000000E+00
 0.00000000000000E+00   0.00000000000000E+00   0.00000000000000E+00   0.00000000000000E+00   0.00000000000000E+00   -.15420414519230E+01
 0.00000000000000E+00   0.34283649525952E-01   0.00000000000000E+00   0.00000000000000E+00   -.14845637361725E+00   0.00000000000000E+00   0.00000000000000E+00   0.64574405478611E-04   0.00000000000000E+00
 0.00000000000000E+00   0.00000000000000E+00   0.00000000000000E+00   0.00000000000000E+00   -.15420414519230E+01   0.00000000000000E+00
 -.75022251375732E-01   0.00000000000000E+00   0.00000000000000E+00   0.39207798572225E-01   0.00000000000000E+00   0.00000000000000E+00   -.63904547193399E-04   0.00000000000000E+00   0.00000000000000E+00
 0.00000000000000E+00   0.00000000000000E+00   0.00000000000000E+00   0.00000000000000E+00   0.00000000000000E+00   0.29609670396437E+00
 0.00000000000000E+00   -.75022251375732E-01   0.00000000000000E+00   0.00000000000000E+00   0.39207798572225E-01   0.00000000000000E+00   0.00000000000000E+00   0.63904547193399E-04   0.00000000000000E+00
 0.00000000000000E+00   0.00000000000000E+00   0.00000000000000E+00   0.00000000000000E+00   0.29609670396437E+00   0.00000000000000E+00
 -.33140022657178E+00   0.00000000000000E+00   0.00000000000000E+00   0.49733297742208E-01   0.00000000000000E+00   0.00000000000000E+00   -.94345453162219E-03   0.00000000000000E+00   0.00000000000000E+00
 0.00000000000000E+00   0.00000000000000E+00   0.00000000000000E+00   0.00000000000000E+00   0.00000000000000E+00   0.46227264897197E-01
 0.00000000000000E+00   -.33140022657178E+00   0.00000000000000E+00   0.00000000000000E+00   0.49733297742208E-01   0.00000000000000E+00   0.00000000000000E+00   0.94345453162219E-03   0.00000000000000E+00
 0.00000000000000E+00   0.00000000000000E+00   0.00000000000000E+00   0.00000000000000E+00   0.46227264897197E-01   0.00000000000000E+00
 0.13114704699681E+00   0.00000000000000E+00   0.00000000000000E+00   -.12680990679339E+00   0.00000000000000E+00   0.00000000000000E+00   0.25727212736300E-02   0.00000000000000E+00   0.00000000000000E+00
 0.00000000000000E+00   0.00000000000000E+00   0.00000000000000E+00   0.00000000000000E+00   0.00000000000000E+00   0.54810138148012E+00
 0.00000000000000E+00   0.13114704699681E+00   0.00000000000000E+00   0.00000000000000E+00   -.12680990679339E+00   0.00000000000000E+00   0.00000000000000E+00   -.25727212736300E-02   0.00000000000000E+00
 0.00000000000000E+00   0.00000000000000E+00   0.00000000000000E+00   0.00000000000000E+00   0.54810138148012E+00   0.00000000000000E+00
 -.28302497023933E+00   0.00000000000000E+00   0.00000000000000E+00   0.31156135359389E-01   0.00000000000000E+00   0.00000000000000E+00   0.90896480038950E-04   0.00000000000000E+00   0.00000000000000E+00
 0.00000000000000E+00   0.00000000000000E+00   0.00000000000000E+00   0.00000000000000E+00   0.00000000000000E+00   -.14262045248501E+01
 0.00000000000000E+00   -.28302497023933E+00   0.00000000000000E+00   0.00000000000000E+00   0.31156135359389E-01   0.00000000000000E+00   0.00000000000000E+00   -.90896480038950E-04   0.00000000000000E+00
 0.00000000000000E+00   0.00000000000000E+00   0.00000000000000E+00   0.00000000000000E+00   -.14262045248501E+01   0.00000000000000E+00
 0.64776263372379E+00   0.00000000000000E+00   0.00000000000000E+00   -.97886624630203E-01   0.00000000000000E+00   0.00000000000000E+00   0.11732568727825E-02   0.00000000000000E+00   0.00000000000000E+00
 0.00000000000000E+00   0.00000000000000E+00   0.00000000000000E+00   0.00000000000000E+00   0.00000000000000E+00   0.11385182232829E+01
 0.00000000000000E+00   0.64776263372379E+00   0.00000000000000E+00   0.00000000000000E+00   -.97886624630203E-01   0.00000000000000E+00   0.00000000000000E+00   -.11732568727825E-02   0.00000000000000E+00
 0.00000000000000E+00   0.00000000000000E+00   0.00000000000000E+00   0.00000000000000E+00   0.11385182232829E+01   0.00000000000000E+00
 0.36284545808762E+00   0.00000000000000E+00   0.00000000000000E+00   -.98572432006282E-01   0.00000000000000E+00   0.00000000000000E+00   0.30198617340158E-02   0.00000000000000E+00   0.00000000000000E+00
 0.00000000000000E+00   0.00000000000000E+00   0.00000000000000E+00   0.00000000000000E+00   0.00000000000000E+00   0.54631280930959E+00
 0.00000000000000E+00   0.36284545808762E+00   0.00000000000000E+00   0.00000000000000E+00   -.98572432006282E-01   0.00000000000000E+00   0.00000000000000E+00   -.30198617340158E-02   0.00000000000000E+00
 0.00000000000000E+00   0.00000000000000E+00   0.00000000000000E+00   0.00000000000000E+00   0.54631280930959E+00   0.00000000000000E+00
 -.67132910632843E+00   0.00000000000000E+00   0.00000000000000E+00   0.52937623280140E-01   0.00000000000000E+00   0.00000000000000E+00   -.35516281737002E-03   0.00000000000000E+00   0.00000000000000E+00
 0.00000000000000E+00   0.00000000000000E+00   0.00000000000000E+00   0.00000000000000E+00   0.00000000000000E+00   -.22424865691101E+00
 0.00000000000000E+00   -.67132910632843E+00   0.00000000000000E+00   0.00000000000000E+00   0.52937623280140E-01   0.00000000000000E+00   0.00000000000000E+00   0.35516281737002E-03   0.00000000000000E+00
 0.00000000000000E+00   0.00000000000000E+00   0.00000000000000E+00   0.00000000000000E+00   -.22424865691101E+00   0.00000000000000E+00
 0.20476249614910E+00   0.00000000000000E+00   0.00000000000000E+00   -.87846783818089E-01   0.00000000000000E+00   0.00000000000000E+00   -.72970421364824E-03   0.00000000000000E+00   0.00000000000000E+00
 0.00000000000000E+00   0.00000000000000E+00   0.00000000000000E+00   0.00000000000000E+00   0.00000000000000E+00   -.13605879768754E+00
 0.00000000000000E+00   0.20476249614910E+00   0.00000000000000E+00   0.00000000000000E+00   -.87846783818089E-01   0.00000000000000E+00   0.00000000000000E+00   0.72970421364824E-03   0.00000000000000E+00
 0.00000000000000E+00   0.00000000000000E+00   0.00000000000000E+00   0.00000000000000E+00   -.13605879768754E+00   0.00000000000000E+00
 -.45537917450797E+00   0.00000000000000E+00   0.00000000000000E+00   0.11315267258954E+00   0.00000000000000E+00   0.00000000000000E+00   -.97345836715531E-03   0.00000000000000E+00   0.00000000000000E+00
 0.00000000000000E+00   0.00000000000000E+00   0.00000000000000E+00   0.00000000000000E+00   0.00000000000000E+00   -.94200801732869E+00
 0.00000000000000E+00   -.45537917450797E+00   0.00000000000000E+00   0.00000000000000E+00   0.11315267258954E+00   0.00000000000000E+00   0.00000000000000E+00   0.97345836715531E-03   0.00000000000000E+00
 0.00000000000000E+00   0.00000000000000E+00   0.00000000000000E+00   0.00000000000000E+00   -.94200801732869E+00   0.00000000000000E+00
 0.72313825565225E-01   0.00000000000000E+00   0.00000000000000E+00   0.15427136468720E-01   0.00000000000000E+00   0.00000000000000E+00   0.32339275900626E-03   0.00000000000000E+00   0.00000000000000E+00
 0.00000000000000E+00   0.00000000000000E+00   0.00000000000000E+00   0.00000000000000E+00   0.00000000000000E+00   -.30769942644370E-01
 0.00000000000000E+00   0.72313825565225E-01   0.00000000000000E+00   0.00000000000000E+00   0.15427136468720E-01   0.00000000000000E+00   0.00000000000000E+00   -.32339275900626E-03   0.00000000000000E+00
 0.00000000000000E+00   0.00000000000000E+00   0.00000000000000E+00   0.00000000000000E+00   -.30769942644370E-01   0.00000000000000E+00
 -.10908556566574E+00   0.00000000000000E+00   0.00000000000000E+00   -.29311838812960E-02   0.00000000000000E+00   0.00000000000000E+00   0.27256920048609E-03   0.00000000000000E+00   0.00000000000000E+00
 0.00000000000000E+00   0.00000000000000E+00   0.00000000000000E+00   0.00000000000000E+00   0.00000000000000E+00   0.33753772433796E+00
 0.00000000000000E+00   -.10908556566574E+00   0.00000000000000E+00   0.00000000000000E+00   -.29311838812960E-02   0.00000000000000E+00   0.00000000000000E+00   -.27256920048609E-03   0.00000000000000E+00
 0.00000000000000E+00   0.00000000000000E+00   0.00000000000000E+00   0.00000000000000E+00   0.33753772433796E+00   0.00000000000000E+00
 0.58379390259568E-01   0.00000000000000E+00   0.00000000000000E+00   0.16262790864201E-01   0.00000000000000E+00   0.00000000000000E+00   -.12527270907015E-02   0.00000000000000E+00   0.00000000000000E+00
 0.00000000000000E+00   0.00000000000000E+00   0.00000000000000E+00   0.00000000000000E+00   0.00000000000000E+00   -.45662256715144E+00
 0.00000000000000E+00   0.58379390259568E-01   0.00000000000000E+00   0.00000000000000E+00   0.16262790864201E-01   0.00000000000000E+00   0.00000000000000E+00   0.12527270907015E-02   0.00000000000000E+00
 0.00000000000000E+00   0.00000000000000E+00   0.00000000000000E+00   0.00000000000000E+00   -.45662256715144E+00   0.00000000000000E+00
 0.30677770001017E+00   0.00000000000000E+00   0.00000000000000E+00   -.15965277179180E+00   0.00000000000000E+00   0.00000000000000E+00   -.31897764597712E-02   0.00000000000000E+00   0.00000000000000E+00
 0.00000000000000E+00   0.00000000000000E+00   0.00000000000000E+00   0.00000000000000E+00   0.00000000000000E+00   0.36768619603029E+00
 0.00000000000000E+00   0.30677770001017E+00   0.00000000000000E+00   0.00000000000000E+00   -.15965277179180E+00   0.00000000000000E+00   0.00000000000000E+00   0.31897764597712E-02   0.00000000000000E+00
 0.00000000000000E+00   0.00000000000000E+00   0.00000000000000E+00   0.00000000000000E+00   0.36768619603029E+00   0.00000000000000E+00
 -.10974477760527E+00   0.00000000000000E+00   0.00000000000000E+00   -.26702010855467E-01   0.00000000000000E+00   0.00000000000000E+00   0.30022140466123E-03   0.00000000000000E+00   0.00000000000000E+00
 0.00000000000000E+00   0.00000000000000E+00   0.00000000000000E+00   0.00000000000000E+00   0.00000000000000E+00   0.13967797219574E+00
 0.00000000000000E+00   -.10974477760527E+00   0.00000000000000E+00   0.00000000000000E+00   -.26702010855467E-01   0.00000000000000E+00   0.00000000000000E+00   -.30022140466123E-03   0.00000000000000E+00
 0.00000000000000E+00   0.00000000000000E+00   0.00000000000000E+00   0.00000000000000E+00   0.13967797219574E+00   0.00000000000000E+00
 -.40640021233813E+00   0.00000000000000E+00   0.00000000000000E+00   0.98781240116834E-01   0.00000000000000E+00   0.00000000000000E+00   -.11110092236601E-02   0.00000000000000E+00   0.00000000000000E+00
 0.00000000000000E+00   0.00000000000000E+00   0.00000000000000E+00   0.00000000000000E+00   0.00000000000000E+00   -.98072548301849E+00
 0.00000000000000E+00   -.40640021233813E+00   0.00000000000000E+00   0.00000000000000E+00   0.98781240116834E-01   0.00000000000000E+00   0.00000000000000E+00   0.11110092236601E-02   0.00000000000000E+00
 0.00000000000000E+00   0.00000000000000E+00   0.00000000000000E+00   0.00000000000000E+00   -.98072548301849E+00   0.00000000000000E+00
 -.63190296835462E-02   0.00000000000000E+00   0.00000000000000E+00   0.65212067079185E-01   0.00000000000000E+00   0.00000000000000E+00   -.30383858920889E-03   0.00000000000000E+00   0.00000000000000E+00
 0.00000000000000E+00   0.00000000000000E+00   0.00000000000000E+00   0.00000000000000E+00   0.00000000000000E+00   -.31838932550003E+00
 0.00000000000000E+00   -.63190296835462E-02   0.00000000000000E+00   0.00000000000000E+00   0.65212067079185E-01   0.00000000000000E+00   0.00000000000000E+00   0.30383858920889E-03   0.00000000000000E+00
 0.00000000000000E+00   0.00000000000000E+00   0.00000000000000E+00   0.00000000000000E+00   -.31838932550003E+00   0.00000000000000E+00
 -.97655140278425E-01   0.00000000000000E+00   0.00000000000000E+00   0.16891182583819E-01   0.00000000000000E+00   0.00000000000000E+00   -.19228811325848E-02   0.00000000000000E+00   0.00000000000000E+00
 0.00000000000000E+00   0.00000000000000E+00   0.00000000000000E+00   0.00000000000000E+00   0.00000000000000E+00   -.57863844827042E+00
 0.00000000000000E+00   -.97655140278425E-01   0.00000000000000E+00   0.00000000000000E+00   0.16891182583819E-01   0.00000000000000E+00   0.00000000000000E+00   0.19228811325848E-02   0.00000000000000E+00
 0.00000000000000E+00   0.00000000000000E+00   0.00000000000000E+00   0.00000000000000E+00   -.57863844827042E+00   0.00000000000000E+00
