# Electronic excitation spectrum of , IRREP b2  
#  excitation energy / cm^(-1)  oscillator strength (length rep.)
 0.59683780201401E+04   0.34801509811808E-03
 0.72050394416635E+04   0.46985222572245E-01
 0.12731661450093E+05   0.12299640189396E-02
 0.14298722501103E+05   0.43562468975293E-01
 0.16359200237918E+05   0.10558305285498E-01
 0.17778810743605E+05   0.10782668546322E-01
 0.21673507827570E+05   0.44568035588302E-03
 0.23358309078838E+05   0.16266384601259E+00
 0.25117747713832E+05   0.50024591815765E-02
 0.26245445124200E+05   0.51413520286557E-02
 0.27630673225916E+05   0.10710813976335E-01
 0.28431138262975E+05   0.28281443605974E-03
 0.28497359113167E+05   0.27020929446566E-02
 0.28821876954153E+05   0.21744084359892E-04
 0.28942168087650E+05   0.26079932919211E-04
 0.29310622453824E+05   0.15770187409440E-02
 0.29345543471923E+05   0.33182653825263E-02
 0.29725087605117E+05   0.11981326638670E-02
 0.30504177969381E+05   0.13170211496919E-03
 0.30679082366098E+05   0.22905076595988E-01
 0.31082157203726E+05   0.54872625939898E-02
 0.31230055209219E+05   0.18981186119353E-01
 0.31553665397833E+05   0.61983915590471E-03
 0.31605337701861E+05   0.10819129467140E-01
 0.32020299028752E+05   0.64756239000265E-04
 0.33477674711678E+05   0.14446105838676E-03
 0.33804618246815E+05   0.15847933161226E-02
 0.33883040447582E+05   0.91492694994133E-02
 0.34152226052983E+05   0.20864374549542E-01
 0.34379137836197E+05   0.42333558500954E-03
 0.34593593803743E+05   0.49096601721854E-02
 0.34818997930647E+05   0.15434555319483E-02
 0.35062466166666E+05   0.10314876622558E-03
 0.35495605926644E+05   0.33291048948622E-01
 0.35676011238305E+05   0.12575962711513E-02
 0.36569868093263E+05   0.20317082423404E-02
 0.36683381088638E+05   0.24027785365119E-04
 0.37318358400566E+05   0.32671331126768E-01
 0.37554798033743E+05   0.19290880132058E-03
 0.37678507003134E+05   0.27421979433464E-02
 0.38087654373173E+05   0.25456830489290E-05
 0.38399205217858E+05   0.91568169155522E-04
 0.38926652675210E+05   0.77542272062469E-02
 0.39151419147271E+05   0.60315640665440E-02
 0.39772403488062E+05   0.66118106866110E-01
 0.40085758719282E+05   0.87635891382694E-04
 0.40180736632590E+05   0.18925247882572E-02
 0.40256551344449E+05   0.25886886960959E-02
 0.40924835285519E+05   0.19497420649138E-01
 0.41102322215515E+05   0.11619689409100E-01
# Electronic excitation spectrum of , IRREP e   
#  excitation energy / cm^(-1)  oscillator strength (length rep.)
 0.31427853186201E+04   0.82904349870640E-05
 0.34357630797049E+04   0.55424579218739E-05
 0.40052161235850E+04   0.44979347935912E-05
 0.50063201606950E+04   0.17678705251959E-04
 0.59681974858188E+04   0.16582603996098E-06
 0.11340245090266E+05   0.39397687987835E-05
 0.14406691725902E+05   0.28342508829546E-03
 0.14886201758623E+05   0.13913920231121E-02
 0.15564864625230E+05   0.38236821602471E-03
 0.18709641867923E+05   0.79664235964494E-04
 0.20045739683712E+05   0.31557251799869E-03
 0.21440141038820E+05   0.83436947659244E-03
 0.21508726793484E+05   0.29568742185169E-02
 0.22318650998428E+05   0.18074593050881E-03
 0.22769229044390E+05   0.33289888368064E-04
 0.22878811655804E+05   0.53340896003559E-03
 0.23328518193067E+05   0.20198820458531E-04
 0.23531326182153E+05   0.24687249115171E-02
 0.24141129293810E+05   0.95821513227618E-04
 0.24211060813714E+05   0.57115385821319E-04
 0.25411080420265E+05   0.29429040391466E-02
 0.25591314133747E+05   0.23944591883540E-04
 0.26052361876107E+05   0.23256041703399E-02
 0.26298465172762E+05   0.58588239724954E-02
 0.26599945427026E+05   0.66343305848656E-04
 0.27211961648124E+05   0.20388401157277E-02
 0.27304002154385E+05   0.13420798942982E-04
 0.27393539050059E+05   0.25834925813353E-04
 0.27568932642807E+05   0.44372732074856E-02
 0.27857930637369E+05   0.15385309211253E-02
 0.28549618499908E+05   0.12020013654039E-02
 0.28648750325150E+05   0.45241113169292E-02
 0.28753032015619E+05   0.38497785911636E-02
 0.28790255560682E+05   0.26887154722734E-03
 0.29034806939073E+05   0.43628257480554E-03
 0.29186438508951E+05   0.28512932079800E-02
 0.29308825133628E+05   0.17283829895769E-03
 0.29710298247015E+05   0.17294504657532E-02
 0.29917845897899E+05   0.17660202292367E-02
 0.30073251703202E+05   0.51199259171297E-03
 0.30316617529729E+05   0.14213036998317E-02
 0.30616514548111E+05   0.23814408011879E-02
 0.30910122432279E+05   0.44691587085576E-04
 0.31260346427110E+05   0.16316774960295E-05
 0.31571285671527E+05   0.50726725861442E-04
 0.31839262824831E+05   0.49302658665525E-02
 0.32030320843660E+05   0.13874062126500E-03
 0.32295960767694E+05   0.19144832307422E-02
 0.32422798826886E+05   0.83764662797038E-03
 0.32770308686026E+05   0.56800878779603E-04
