$energy      SCF               SCFKIN            SCFPOT
     1 -4754.327635402      4261.157129767     -9015.484765169
     2 -4754.329742470      4261.679034545     -9016.008777014
     3 -4754.330562229      4261.951857235     -9016.282419465
     4 -4754.330892555      4262.141207762     -9016.472100316
     5 -4754.331020362      4262.278559716     -9016.609580078
     6 -4754.331169794      4262.341702056     -9016.672871851
     7 -4754.331326935      4262.371325541     -9016.702652477
     8 -4754.331339599      4262.373493223     -9016.704832821
     9 -4754.331344811      4262.391224004     -9016.722568814
    10 -4754.331349368      4262.436099548     -9016.767448916
    11 -4754.331352456      4262.460919219     -9016.792271675
    12 -4754.331356565      4262.467873637     -9016.799230203
    13 -4754.331365040      4262.475812279     -9016.807177320
    14 -4754.331380099      4262.455927157     -9016.787307255
    15 -4754.331394799      4262.421388696     -9016.752783495
    16 -4754.331402996      4262.443032226     -9016.774435223
    17 -4754.331408944      4262.458445784     -9016.789854728
    18 -4754.331414533      4262.486990611     -9016.818405143
    19 -4754.331423041      4262.500902792     -9016.832325834
    20 -4754.331429686      4262.515285213     -9016.846714899
    21 -4754.331434537      4262.502581001     -9016.834015537
    22 -4754.331439903      4262.493500771     -9016.824940674
    23 -4754.331446027      4262.492066317     -9016.823512343
    24 -4754.331451088      4262.507320256     -9016.838771344
    25 -4754.331455738      4262.520655115     -9016.852110853
    26 -4754.331461117      4262.512348829     -9016.843809946
    27 -4754.331465591      4262.486418383     -9016.817883975
    28 -4754.331467436      4262.462387114     -9016.793854549
    29 -4754.331468700      4262.446523700     -9016.777992400
    30 -4754.331471353      4262.438079638     -9016.769550991
    31 -4754.331475371      4262.446797140     -9016.778272511
    32 -4754.331478496      4262.467143998     -9016.798622494
    33 -4754.331479817      4262.476324887     -9016.807804704
    34 -4754.331481707      4262.464508612     -9016.795990318
    35 -4754.331484069      4262.463931484     -9016.795415553
    36 -4754.331484940      4262.435637440     -9016.767122380
    37 -4754.331486408      4262.444465448     -9016.775951855
    38 -4754.331491135      4262.433523176     -9016.765014311
    39 -4754.331496655      4262.443294089     -9016.774790744
    40 -4754.331503787      4262.489387450     -9016.820891237
    41 -4754.331506698      4262.505363128     -9016.836869826
    42 -4754.331511780      4262.518436327     -9016.849948106
    43 -4754.331514546      4262.509239981     -9016.840754527
    44 -4754.331516425      4262.498782870     -9016.830299295
    45 -4754.331518942      4262.498557424     -9016.830076367
    46 -4754.331522402      4262.498093425     -9016.829615827
    47 -4754.331526041      4262.503401352     -9016.834927394
    48 -4754.331529782      4262.509321601     -9016.840851383
    49 -4754.331535553      4262.519834141     -9016.851369695
    50 -4754.331544902      4262.520348918     -9016.851893821
    51 -4754.331552273      4262.486110691     -9016.817662964
    52 -4754.331557715      4262.517099073     -9016.848656788
    53 -4754.331559685      4262.510051104     -9016.841610789
    54 -4754.331561442      4262.512655512     -9016.844216954
    55 -4754.331563499      4262.518559520     -9016.850123018
    56 -4754.331565476      4262.521553735     -9016.853119212
    57 -4754.331567205      4262.496296638     -9016.827863843
    58 -4754.331568250      4262.488178098     -9016.819746348
    59 -4754.331568787      4262.498384813     -9016.829953601
    60 -4754.331569354      4262.501243894     -9016.832813248
    61 -4754.331569612      4262.498106719     -9016.829676331
    62 -4754.374378155      4261.955895347     -9016.330273502
    63 -4754.374486698      4262.006075077     -9016.380561776
    64 -4754.374495071      4262.005219469     -9016.379714540
    65 -4754.374496762      4261.989914344     -9016.364411105
    66 -4754.374495762      4262.006589669     -9016.381085431
    67 -4754.374496148      4261.991181785     -9016.365677932
    68 -4754.374495774      4261.970364113     -9016.344859887
    69 -4754.374496305      4261.991807738     -9016.366304043
    70 -4754.374496446      4261.959194243     -9016.333690689
    71 -4754.374497394      4261.990496603     -9016.364993997
    72 -4754.374497439      4261.992458209     -9016.366955648
    73 -4754.374497859      4261.990521602     -9016.365019462
$end
