$hessapprox internal
  0.432656892079D+00  0.445190759741D-04  0.436843572252D+00  0.385338613755D-03
  0.774007796480D-04  0.433145610733D+00 -0.255560515332D-02  0.502273409320D-02
 -0.161812660932D-02  0.133880088996D+00 -0.363849137212D-02  0.473361263434D-02
 -0.951459878980D-03  0.238310716091D-01  0.132995705979D+00 -0.707820582072D-03
  0.154981258248D-02  0.176526948899D-02 -0.156066505317D-01 -0.189541266215D-01
  0.165458858863D+00  0.204107059700D-03  0.117197788662D-02  0.153060768835D-02
 -0.208308069513D-02 -0.786115338876D-02  0.121255651357D-01  0.172863126667D+00
 -0.420966870068D-03  0.253234318032D-03  0.252932479892D-02 -0.948294266763D-02
 -0.885584679659D-02 -0.248998251646D-01 -0.115076501918D-03  0.172971607226D+00
  0.212742404025D-02 -0.100509400208D-02  0.248095102763D-02  0.140716627170D-01
  0.448864410510D-01  0.473453744523D-02  0.488753145075D-02  0.261325974323D-02
  0.155515838140D+00 -0.179532981999D-02  0.396891104779D-02  0.227529269889D-02
  0.146186666589D-02 -0.119919613235D-02  0.485832790556D-02 -0.252146706279D-01
 -0.139478207349D-01  0.426023907059D-02  0.214371817043D+00  0.180714645747D-02
 -0.247822608284D-02 -0.727085195951D-03 -0.494544848691D-02  0.487063587624D-02
  0.428221518904D-01 -0.201970884714D-01  0.391577315973D-01  0.347484543587D-01
  0.420529471307D-01  0.296270239701D+00  0.750610990423D-03  0.815836188237D-04
  0.483311821960D-02  0.126783559213D-02 -0.178444052272D-01 -0.662497370629D-03
 -0.158403106191D-01 -0.132014269192D-02  0.716562498221D-02  0.100887859760D-02
 -0.264709141382D-01  0.497239770526D+00  0.217004691659D-03 -0.161529344406D-02
 -0.106291284041D-02 -0.149197435709D-01 -0.487043386028D-02  0.208680144836D-01
 -0.138914918427D-01  0.183335457053D-01 -0.161103978559D-01 -0.361257446656D-01
  0.685365094968D-01 -0.538063825852D-02  0.263856343401D+00 -0.243696379314D-03
  0.271442713106D-02 -0.248723422512D-02 -0.324033080306D-01  0.320184680624D-01
  0.590140735424D-02 -0.132572539950D-01 -0.794513002140D-02  0.327103812366D-02
 -0.120227039004D-01 -0.477381445022D-01 -0.353311297000D-01  0.371002170872D-01
  0.351601235705D+00 -0.156897606632D-02  0.467665443542D-02 -0.400652151619D-02
 -0.203029508307D-01 -0.479721920944D-01  0.865571390938D-02  0.303640986822D-02
  0.155415732291D-01 -0.919512241131D-01  0.114978567168D-01  0.498499773208D-01
  0.462609735747D-03 -0.959683526045D-01  0.428461645838D-01  0.367786457588D+00
 -0.752632984669D-03  0.948435880667D-03  0.292479308312D-03 -0.981282537567D-02
 -0.491621832211D-01 -0.451804680716D-02 -0.105470788037D-01 -0.122237976454D-01
 -0.159259108756D+00  0.671138564137D-01 -0.459082359551D-01 -0.159768997004D-01
  0.841755790205D-01 -0.517092386181D-01 -0.267343546069D-01  0.335923867279D+00
  0.271963541859D-03 -0.388144703638D-02  0.669364189246D-03 -0.270376215732D-01
 -0.200125384591D-01  0.146951882258D-01 -0.106841248377D-01  0.135365457147D-01
 -0.248551151698D-01  0.873569933653D-02 -0.274771193728D-01  0.567659175122D-02
  0.419718434213D-01  0.777398344694D-01 -0.208576333705D-01 -0.164636219326D-01
  0.389379228391D+00  0.298875327498D-02  0.184228648635D-02  0.256485621449D-02
 -0.192275151978D-02 -0.334897607252D-02 -0.446020230161D-02 -0.213767314923D-01
 -0.151868384319D-01 -0.542071790671D-02  0.117911038503D+00  0.993520758960D-02
 -0.318505004137D-02 -0.100361354895D+00  0.103620199433D-01  0.731426676379D-01
 -0.714495238104D-02  0.938146530711D-03  0.141594323674D+00  0.563203410211D-03
  0.162442327053D-02 -0.189774168838D-02  0.239825319961D-02 -0.363546288085D-02
  0.757071980197D-02  0.183036856266D-01  0.198138772527D-02  0.903339527145D-02
 -0.412025511931D-01 -0.342333789630D-01  0.332713802924D-01 -0.519164652117D-01
  0.114032207932D-01  0.176479622457D-02  0.157724006132D-01  0.449189064482D-02
  0.171397218098D-01  0.175950517702D+00
$end
