$coord
   -0.00000000000000      0.00000000000000      0.00000000000000      mo
   -0.00000000000000      0.00000000000000     -6.36319444067774      tb
   -0.00000000000000      0.00000000000000      6.36319444067774      tb
    2.38554225247276      2.38554225247276     -2.55335670080616      s
   -2.38554225247276     -2.38554225247276     -2.55335670080616      s
    2.38554225247276     -2.38554225247276      2.55335670080616      s
   -2.38554225247276      2.38554225247276      2.55335670080616      s
    4.61399244045774     -1.54818397003156     -7.60113867414437      c
    3.54841965933337     -3.54841965933337     -6.16964039749538      c
    1.54818397003156     -4.61399244045774     -7.60113867414437      c
    1.37501645737809     -3.27351185143065     -9.91941455649801      c
    3.27351185143065     -1.37501645737809     -9.91941455649801      c
   -1.54818397003156      4.61399244045774     -7.60113867414437      c
   -3.54841965933337      3.54841965933337     -6.16964039749538      c
   -4.61399244045774      1.54818397003156     -7.60113867414437      c
   -3.27351185143065      1.37501645737809     -9.91941455649801      c
   -1.37501645737809      3.27351185143065     -9.91941455649801      c
    1.54818397003156      4.61399244045774      7.60113867414437      c
    1.37501645737809      3.27351185143065      9.91941455649801      c
    3.27351185143065      1.37501645737809      9.91941455649801      c
    4.61399244045774      1.54818397003156      7.60113867414437      c
    3.54841965933337      3.54841965933337      6.16964039749538      c
   -4.61399244045774     -1.54818397003156      7.60113867414437      c
   -3.27351185143065     -1.37501645737809      9.91941455649801      c
   -1.37501645737809     -3.27351185143065      9.91941455649801      c
   -1.54818397003156     -4.61399244045774      7.60113867414437      c
   -3.54841965933337     -3.54841965933337      6.16964039749538      c
    0.32985966875466     -6.15874219869472     -6.99514308314970      h
    0.02542040429791     -3.63757782025796    -11.43246234558841      h
    4.09798397163966     -4.09798397163966     -4.26343773388256      h
    3.63757782025796     -0.02542040429791    -11.43246234558841      h
    6.15874219869472     -0.32985966875466     -6.99514308314970      h
   -0.02542040429791      3.63757782025796    -11.43246234558841      h
   -0.32985966875466      6.15874219869472     -6.99514308314970      h
   -4.09798397163966      4.09798397163966     -4.26343773388256      h
   -6.15874219869472      0.32985966875466     -6.99514308314970      h
   -3.63757782025796      0.02542040429791    -11.43246234558841      h
   -0.32985966875466     -6.15874219869472      6.99514308314970      h
   -4.09798397163966     -4.09798397163966      4.26343773388256      h
   -6.15874219869472     -0.32985966875466      6.99514308314970      h
   -3.63757782025796     -0.02542040429791     11.43246234558841      h
   -0.02542040429791     -3.63757782025796     11.43246234558841      h
    0.02542040429791      3.63757782025796     11.43246234558841      h
    0.32985966875466      6.15874219869472      6.99514308314970      h
    4.09798397163966      4.09798397163966      4.26343773388256      h
    3.63757782025796      0.02542040429791     11.43246234558841      h
    6.15874219869472      0.32985966875466      6.99514308314970      h
$user-defined bonds
$end
