$dipgrad          cartesian dipole gradients
  0.76098473331365D+00  -.14331730886962D+00  0.14096147524943D-15
  -.21693026375393D+00  0.26027290998674D+01  -.14535469848433D-15
  0.28567407581723D-16  -.94316733210601D-16  0.74184342362090D+00
  0.11632078943135D+01  -.23527936834599D+00  -.72145963577721D+00
  -.89998198368072D-01  0.19260287945458D+01  -.60901094986756D-01
  -.73025007114073D+00  0.25726948266001D-01  0.11092666638583D+01
  -.28207349606214D+00  -.19032069224945D+00  -.23312178752010D+00
  -.14294145461498D+00  -.11667838618464D+01  -.25256856478364D+00
  -.21231413359802D+00  -.24642665389825D+00  -.38079746145615D+00
  -.45833899271196D+00  0.27836221662554D+00  -.27955655135499D+00
  0.24502709395286D+00  -.10538684412923D+01  0.16126749152893D+00
  -.30548150308379D+00  0.25505846493362D+00  -.35823374111834D+00
  -.45833899271198D+00  0.27836221662553D+00  0.27955655135500D+00
  0.24502709395287D+00  -.10538684412923D+01  -.16126749152893D+00
  0.30548150308379D+00  -.25505846493362D+00  -.35823374111834D+00
  -.28207349606219D+00  -.19032069224944D+00  0.23312178752010D+00
  -.14294145461498D+00  -.11667838618464D+01  0.25256856478364D+00
  0.21231413359802D+00  0.24642665389825D+00  -.38079746145617D+00
  -.66328471023369D-01  -.10376814387220D+00  0.42422536533565D-01
  -.75854197512817D-01  -.13089559947433D+00  0.64624032166456D-01
  0.67027499185166D-01  0.62991710216899D-01  -.17037320225322D+00
  -.16094039604708D+00  -.54194940482436D-01  0.57958450196438D-01
  -.64782237548354D-01  -.10381334946663D+00  0.78626030581345D-01
  0.42524450847472D-01  0.11468946708584D+00  -.95078646811384D-01
  -.23287054643993D+00  -.30450582242817D+00  0.13259701879446D+00
  -.12727896287687D+00  -.36251431359838D+00  0.79722952245690D-01
  0.87466466594575D-01  -.14227840345018D-01  -.91201901063616D-01
  -.16882611452704D+00  -.16678210048762D+00  0.19136869481278D+00
  -.28779596382067D-02  0.13183914383588D+00  -.91045204406431D-02
  0.16579398460645D+00  0.11923104809983D+00  -.15793091889323D+00
  -.86473496254840D-01  0.80361039850678D-01  0.65763168719652D-01
  -.42645960101341D-01  -.32219934357695D+00  0.14685554756693D+00
  0.11663152958110D+00  0.35407496924884D+00  -.30046910581608D+00
  -.26161131704063D+00  0.23203165951780D+00  0.10915654140583D+00
  0.10599268657950D+00  -.21307352556287D+00  -.41044168585335D-01
  0.61861409006134D-01  -.71288132660644D-01  -.51185275106901D-01
  -.14772331845261D+00  0.18200518636305D+00  0.77644010865281D-01
  0.12627962320913D+00  -.26961483201128D+00  -.10370707941075D+00
  0.80053888082088D-01  -.15103478517882D+00  -.11101007893994D+00
  -.88789694956796D-01  0.10616498321258D+00  0.79521382212169D-01
  0.79044161545976D-01  -.23249713345934D+00  -.11254064680589D+00
  0.13378719322079D+00  -.22223486279485D+00  -.22203031803370D+00
  -.13254876477439D+00  0.86818200256194D-01  0.14633852273059D+00
  0.28423007825813D-01  -.46606949080646D-01  -.46793047548464D-01
  0.13158811273973D+00  -.19274820266102D+00  -.20927103253969D+00
  -.24551678418996D+00  0.20021111494909D+00  0.10777894465481D+00
  0.48298369832799D-01  -.36833945358710D-01  -.25271498146090D-01
  0.13275040167733D+00  -.76840207682694D-01  -.11225422965597D+00
  0.10992949601662D+00  -.56125511448241D-01  0.38713037913562D-01
  -.18889602426095D-01  0.15243841342925D+00  -.36057452617383D-01
  -.56814777911710D-01  -.66672719693188D-01  0.16382412419879D+00
  0.11558688942350D+00  -.81872754611970D-01  -.18463683908154D-01
  0.51625281949480D-01  0.20117634654992D+00  -.58419319170733D-01
  -.40887065254856D-01  0.22530393887326D-01  0.11974516469191D+00
  0.93283128850163D-01  0.66593650411903D-01  -.24925163431422D-01
  0.17031784304708D-01  0.27199226002591D-01  0.47814410860146D-01
  -.90823384682318D-01  -.33639439877277D-01  0.14951569491761D+00
  0.15601156990259D+00  0.59484915951870D-01  -.66557163252580D-01
  0.44690110077887D-01  0.17687516778441D+00  0.32215501448771D-03
  0.36517413329230D-01  0.54890064294241D-01  0.10688559771203D+00
  0.15288862261994D+00  0.43626679331785D-01  -.84552603776158D-01
  -.22580212952384D-01  0.23995406465629D-01  -.20360903240801D-01
  -.32457413692234D-02  -.54398712471364D-01  0.10369194875171D+00
  0.11198031582995D+00  0.46476092994277D-01  0.13712724591080D-02
  -.24030998020524D-01  0.22609188069538D+00  0.63496464531339D-01
  -.40178847815898D-01  0.53297891504144D-02  0.12739478099223D+00
  0.80678617275077D-01  -.21719707674756D-01  -.64101480830543D-01
  0.27247755948324D-01  0.92286430907016D-01  -.30309685570099D-01
  -.59144094122041D-01  0.18321127261246D-01  0.74117204340209D-01
  0.17571289275483D+00  -.77855961453234D-01  -.69340146461898D-01
  -.63179263920496D-02  0.70087991580198D-01  0.13945215899298D-01
  0.37451206371553D-01  -.20934180973440D-01  0.12402575516533D+00
  0.13994685583107D+00  -.15940989669594D-01  -.44981660475741D-01
  -.79470407975108D-01  0.20954965307866D+00  0.93349781223337D-02
  0.93582887783745D-02  -.62063790606146D-01  0.11688125017051D+00
  -.14879340792237D-01  -.37609350629913D-01  0.14641584829711D+00
  -.19242784415282D-01  -.17823922774917D-01  -.13962695448787D-01
  0.10687874701369D+00  -.27970615672626D-01  -.19827003308468D+00
  -.78516565834752D-01  -.44923324051674D-01  -.73640619731209D-01
  0.41637852571765D-02  0.38396861603770D-01  -.38079602083388D-01
  -.11075020009688D-01  -.65940288368777D-01  0.35045431050986D-01
  -.34873173915478D-01  0.43193183342004D-01  -.55136472641254D-01
  -.11026548219201D-01  -.11190653712086D-01  0.56309097259500D-01
  -.58065341517274D-01  0.83954021938003D-01  0.62797116591115D-01
  -.96458013664882D-01  -.96771283745372D-02  0.16466504673873D+00
  0.19785654651445D-02  -.35397148022571D-01  0.70161964510816D-02
  0.16378195664195D+00  0.16960707302490D-01  -.98188434564900D-01
  0.36918450828804D-01  0.63375082558189D-01  -.41030254134501D-01
  0.38181893554689D-01  -.30512144350790D-01  -.35871994880138D-01
  -.25146828604235D-01  0.15322854405818D-01  0.27638108827451D-01
  0.74892790128017D-01  -.84255388722819D-01  -.50428976904894D-01
  -.54706630395440D-01  -.23134184693241D-01  0.38592791704571D-02
  -.49860361638607D-01  -.50588767616467D-01  -.29418186546384D-01
  0.25715312013344D-01  0.58858859402517D-01  -.13199369939304D-01
  0.23209652697789D-01  0.49501449972341D-01  -.22072153471629D-01
  -.85980609330410D-01  0.13232356327863D-01  -.83249543894298D-01
  -.21403491939360D+00  0.11748286680625D-01  0.92479697810253D-01
  -.50963606374078D-03  -.97972738146976D-03  0.32457365171322D-01
  0.13917728661621D+00  0.58141140234778D-01  -.17851176722085D-01
  0.28888866987072D-01  -.87451020029402D-02  -.17061116956150D-01
  0.36665272868640D-01  -.44197288484640D-01  -.25987055971996D-01
  -.39268523053936D-01  -.53915884318255D-01  0.43704819202444D-01
  0.19770082559242D-01  -.35724893843067D-01  0.31061397251712D-01
  -.13866415086819D-01  0.46027069775930D-01  0.53397345981585D-01
  -.51194759192561D-01  0.41568841000646D-01  -.12128999097029D+00
  -.27111568444671D+00  0.82777659348312D-01  -.10948688656809D-01
  0.95461733530999D-01  -.64757047481835D-02  -.23550251127033D-01
  0.41540885229706D-01  -.50390022758022D-01  0.15807747542820D-01
  0.74600529187600D-01  -.49437090781676D-01  -.20591901575092D-02
  -.60215538445590D-01  -.81354573741771D-01  -.12576508626507D-01
  -.32111719954177D-01  0.36669312297705D-01  0.38391157513311D-01
  0.12660366085392D+00  0.26334795928015D-01  0.37008193415023D-01
  -.14701964623098D-01  0.78250003095470D-01  0.21143658939001D-01
  -.78487718753041D-01  0.81027428416683D-01  0.16638791892739D+00
  0.14426238461449D-02  0.66404475062843D-01  0.72149595766378D-01
  0.32000768074589D-01  -.14905977121412D-01  -.11028329093908D+00
  0.15502356186169D-01  -.10240909206584D+00  -.25282188127940D+00
  -.10388473081252D+00  -.69406305676882D-01  -.58509588226181D-01
  -.69163740670501D-01  0.37758873223786D-01  -.14665270596906D-02
  0.23925005885413D-01  0.31783533059653D-01  0.15343187833839D-01
  0.40947527058924D-01  -.32779610323350D-01  -.41505769606212D-01
  0.22470251689929D-01  -.73110665358027D-01  0.69791175651719D-01
  -.95799622747593D-02  0.61075091474644D-01  0.61750070857191D-01
  -.27060542384379D-02  0.17435400669950D-03  0.45832585717464D-01
  0.20650536142642D-01  0.21376350904291D-01  0.52031514022324D-01
  -.27158696397812D-01  0.13000554433200D+00  -.25712114256074D+00
  -.15886597260110D-01  0.94582995045490D-01  -.29563238129293D-01
  0.10889306725177D+00  -.10116927117748D+00  -.96074071340372D-03
  0.30249364593263D-01  -.58951101557901D-01  0.44258245405627D-01
  0.28486266193953D-01  0.85857298620088D-01  0.37566567681459D-01
  0.19548533916850D-01  -.11057051884705D+00  -.87865638224611D-01
  -.19784796881562D-01  -.82789657857844D-01  0.85499276914877D-02
  0.10456656039664D-01  -.13887388171712D+00  0.15378707396894D-02
  -.50866297097998D-01  -.11126764725509D+00  0.29005855670050D-01
  -.34899536011392D-01  0.13177827553888D-01  0.50679271926885D-01
  0.15605413002682D-01  0.25814817865195D-02  0.59854935016811D-01
  -.23212192720450D-01  -.12027642624472D+00  -.99090014392457D-01
  0.28749503599372D-01  -.21372145155145D+00  -.15928215119123D+00
  -.39378324031610D-01  -.12245746910669D+00  0.91596135010897D-01
  -.50797453572109D-01  -.25119505297444D+00  0.78784555059790D-01
  0.81532293979371D-01  0.13654555428442D+00  -.29677819299919D-01
  -.33545154226065D-01  -.34698347658992D-01  -.58827813468096D-01
  -.95360004940613D-01  -.24614218524960D-01  -.25049378863459D-01
  -.68548710963242D-02  -.13780988727616D-01  0.31903508282295D-01
  0.11632078943134D+01  -.23527936834601D+00  0.72145963577718D+00
  -.89998198368064D-01  0.19260287945459D+01  0.60901094986753D-01
  0.73025007114073D+00  -.25726948265991D-01  0.11092666638583D+01
  -.26161131704062D+00  0.23203165951778D+00  -.10915654140582D+00
  0.10599268657950D+00  -.21307352556288D+00  0.41044168585336D-01
  -.61861409006130D-01  0.71288132660630D-01  -.51185275106905D-01
  -.23287054643993D+00  -.30450582242817D+00  -.13259701879446D+00
  -.12727896287687D+00  -.36251431359838D+00  -.79722952245695D-01
  -.87466466594569D-01  0.14227840345025D-01  -.91201901063612D-01
  -.88789694956793D-01  0.10616498321258D+00  -.79521382212171D-01
  0.79044161545972D-01  -.23249713345933D+00  0.11254064680589D+00
  -.13378719322078D+00  0.22223486279485D+00  -.22203031803369D+00
  -.66328471023373D-01  -.10376814387221D+00  -.42422536533567D-01
  -.75854197512815D-01  -.13089559947433D+00  -.64624032166459D-01
  -.67027499185160D-01  -.62991710216895D-01  -.17037320225322D+00
  -.14772331845261D+00  0.18200518636305D+00  -.77644010865278D-01
  0.12627962320913D+00  -.26961483201128D+00  0.10370707941075D+00
  -.80053888082088D-01  0.15103478517882D+00  -.11101007893994D+00
  -.16094039604708D+00  -.54194940482437D-01  -.57958450196437D-01
  -.64782237548354D-01  -.10381334946663D+00  -.78626030581345D-01
  -.42524450847469D-01  -.11468946708584D+00  -.95078646811387D-01
  -.13254876477439D+00  0.86818200256195D-01  -.14633852273059D+00
  0.28423007825813D-01  -.46606949080637D-01  0.46793047548465D-01
  -.13158811273973D+00  0.19274820266103D+00  -.20927103253968D+00
  -.86473496254842D-01  0.80361039850673D-01  -.65763168719651D-01
  -.42645960101342D-01  -.32219934357693D+00  -.14685554756693D+00
  -.11663152958111D+00  -.35407496924883D+00  -.30046910581608D+00
  -.24551678418996D+00  0.20021111494911D+00  -.10777894465481D+00
  0.48298369832797D-01  -.36833945358698D-01  0.25271498146090D-01
  -.13275040167734D+00  0.76840207682690D-01  -.11225422965598D+00
  -.16882611452704D+00  -.16678210048765D+00  -.19136869481279D+00
  -.28779596382145D-02  0.13183914383588D+00  0.91045204406416D-02
  -.16579398460645D+00  -.11923104809983D+00  -.15793091889323D+00
  0.17571289275483D+00  -.77855961453236D-01  0.69340146461898D-01
  -.63179263920571D-02  0.70087991580201D-01  -.13945215899298D-01
  -.37451206371558D-01  0.20934180973462D-01  0.12402575516533D+00
  0.15288862261994D+00  0.43626679331788D-01  0.84552603776158D-01
  -.22580212952387D-01  0.23995406465636D-01  0.20360903240795D-01
  0.32457413692170D-02  0.54398712471361D-01  0.10369194875171D+00
  0.12660366085392D+00  0.26334795928090D-01  -.37008193415095D-01
  -.14701964623102D-01  0.78250003095462D-01  -.21143658939002D-01
  0.78487718753035D-01  -.81027428416682D-01  0.16638791892740D+00
  0.10992949601661D+00  -.56125511448237D-01  -.38713037913560D-01
  -.18889602426097D-01  0.15243841342925D+00  0.36057452617383D-01
  0.56814777911711D-01  0.66672719693192D-01  0.16382412419879D+00
  0.13994685583108D+00  -.15940989669597D-01  0.44981660475743D-01
  -.79470407975103D-01  0.20954965307865D+00  -.93349781223339D-02
  -.93582887783742D-02  0.62063790606152D-01  0.11688125017051D+00
  0.15601156990257D+00  0.59484915951848D-01  0.66557163252582D-01
  0.44690110077886D-01  0.17687516778439D+00  -.32215501448766D-03
  -.36517413329227D-01  -.54890064294237D-01  0.10688559771204D+00
  0.11198031582994D+00  0.46476092994317D-01  -.13712724591134D-02
  -.24030998020526D-01  0.22609188069539D+00  -.63496464531338D-01
  0.40178847815904D-01  -.53297891504071D-02  0.12739478099223D+00
  0.11558688942353D+00  -.81872754611820D-01  0.18463683908183D-01
  0.51625281949481D-01  0.20117634654992D+00  0.58419319170731D-01
  0.40887065254850D-01  -.22530393887328D-01  0.11974516469191D+00
  0.80678617275068D-01  -.21719707674751D-01  0.64101480830540D-01
  0.27247755948324D-01  0.92286430907017D-01  0.30309685570101D-01
  0.59144094122043D-01  -.18321127261246D-01  0.74117204340207D-01
  0.93283128850164D-01  0.66593650411898D-01  0.24925163431413D-01
  0.17031784304710D-01  0.27199226002586D-01  -.47814410860145D-01
  0.90823384682319D-01  0.33639439877275D-01  0.14951569491761D+00
  -.96458013664882D-01  -.96771283745376D-02  -.16466504673872D+00
  0.19785654651445D-02  -.35397148022572D-01  -.70161964510815D-02
  -.16378195664195D+00  -.16960707302488D-01  -.98188434564901D-01
  -.14879340792237D-01  -.37609350629914D-01  -.14641584829711D+00
  -.19242784415284D-01  -.17823922774919D-01  0.13962695448789D-01
  -.10687874701369D+00  0.27970615672626D-01  -.19827003308469D+00
  0.74892790128019D-01  -.84255388722819D-01  0.50428976904894D-01
  -.54706630395442D-01  -.23134184693238D-01  -.38592791704571D-02
  0.49860361638606D-01  0.50588767616467D-01  -.29418186546385D-01
  0.36918450828804D-01  0.63375082558189D-01  0.41030254134500D-01
  0.38181893554687D-01  -.30512144350787D-01  0.35871994880138D-01
  0.25146828604234D-01  -.15322854405819D-01  0.27638108827450D-01
  -.34873173915479D-01  0.43193183342004D-01  0.55136472641256D-01
  -.11026548219202D-01  -.11190653712085D-01  -.56309097259499D-01
  0.58065341517272D-01  -.83954021938003D-01  0.62797116591116D-01
  -.78516565834752D-01  -.44923324051666D-01  0.73640619731220D-01
  0.41637852571768D-02  0.38396861603765D-01  0.38079602083389D-01
  0.11075020009688D-01  0.65940288368780D-01  0.35045431050988D-01
  -.10388473081252D+00  -.69406305676895D-01  0.58509588226193D-01
  -.69163740670500D-01  0.37758873223788D-01  0.14665270596865D-02
  -.23925005885413D-01  -.31783533059651D-01  0.15343187833838D-01
  -.15886597260111D-01  0.94582995045490D-01  0.29563238129292D-01
  0.10889306725177D+00  -.10116927117748D+00  0.96074071340401D-03
  -.30249364593264D-01  0.58951101557901D-01  0.44258245405627D-01
  0.19770082559243D-01  -.35724893843067D-01  -.31061397251712D-01
  -.13866415086819D-01  0.46027069775930D-01  -.53397345981585D-01
  0.51194759192563D-01  -.41568841000649D-01  -.12128999097030D+00
  0.25715312013344D-01  0.58858859402518D-01  0.13199369939304D-01
  0.23209652697790D-01  0.49501449972340D-01  0.22072153471628D-01
  0.85980609330410D-01  -.13232356327863D-01  -.83249543894298D-01
  0.14426238461491D-02  0.66404475062821D-01  -.72149595766355D-01
  0.32000768074590D-01  -.14905977121413D-01  0.11028329093909D+00
  -.15502356186172D-01  0.10240909206584D+00  -.25282188127941D+00
  -.27060542384380D-02  0.17435400669870D-03  -.45832585717465D-01
  0.20650536142643D-01  0.21376350904293D-01  -.52031514022324D-01
  0.27158696397811D-01  -.13000554433201D+00  -.25712114256075D+00
  -.27111568444671D+00  0.82777659348313D-01  0.10948688656807D-01
  0.95461733531000D-01  -.64757047481845D-02  0.23550251127033D-01
  -.41540885229706D-01  0.50390022758022D-01  0.15807747542820D-01
  -.21403491939360D+00  0.11748286680623D-01  -.92479697810253D-01
  -.50963606374022D-03  -.97972738146655D-03  -.32457365171322D-01
  -.13917728661621D+00  -.58141140234778D-01  -.17851176722084D-01
  0.40947527058926D-01  -.32779610323365D-01  0.41505769606235D-01
  0.22470251689928D-01  -.73110665358028D-01  -.69791175651716D-01
  0.95799622747598D-02  -.61075091474643D-01  0.61750070857190D-01
  -.33545154226064D-01  -.34698347658993D-01  0.58827813468096D-01
  -.95360004940614D-01  -.24614218524956D-01  0.25049378863459D-01
  0.68548710963243D-02  0.13780988727616D-01  0.31903508282294D-01
  0.74600529187601D-01  -.49437090781677D-01  0.20591901575086D-02
  -.60215538445595D-01  -.81354573741770D-01  0.12576508626507D-01
  0.32111719954177D-01  -.36669312297706D-01  0.38391157513311D-01
  0.28888866987071D-01  -.87451020029401D-02  0.17061116956150D-01
  0.36665272868640D-01  -.44197288484640D-01  0.25987055971999D-01
  0.39268523053937D-01  0.53915884318255D-01  0.43704819202444D-01
  0.58447656714536D-01  -.76520856023130D-02  0.18431992684165D-01
  0.15828137147347D-01  -.90535344728271D-02  0.53096202568853D-01
  0.43908766342026D-01  -.54420680483307D-01  -.13828910765545D+00
  -.81369572251082D-01  0.12979257962565D+00  -.71359329764401D-01
  0.13645461279676D-01  -.20103627838937D-01  0.66689541128392D-02
  -.72092403028109D-01  0.72387569312478D-02  0.49596824207750D-01
  -.13214322358614D+00  -.70983868167447D-01  -.46710970076444D-01
  0.40058250827410D-01  -.11966208359966D-01  -.13372045877206D-01
  -.32780087627539D-01  0.70013389878394D-02  0.55444174602882D-01
  0.55461510785541D-01  -.63672751866957D-02  0.36023482015427D-01
  -.16790426696788D-01  -.96416972557278D-01  -.60739057416966D-01
  0.28442023614136D-02  -.14963066205167D+00  -.13489367510310D-01
  0.62329630491942D-01  0.37226388315385D-01  0.43816279634043D-01
  0.81731476393515D-02  -.61846423576906D-01  0.30589289973841D-01
  0.21392152751756D-01  0.13653929596261D+00  -.76356355894301D-01
  0.10456656039664D-01  -.13887388171712D+00  -.15378707396894D-02
  -.50866297097998D-01  -.11126764725509D+00  -.29005855670050D-01
  0.34899536011392D-01  -.13177827553889D-01  0.50679271926885D-01
  0.62329630491946D-01  0.37226388315427D-01  -.43816279634046D-01
  0.81731476393510D-02  -.61846423576907D-01  -.30589289973841D-01
  -.21392152751757D-01  -.13653929596262D+00  -.76356355894302D-01
  0.28486266193971D-01  0.85857298620134D-01  -.37566567681464D-01
  0.19548533916854D-01  -.11057051884705D+00  0.87865638224610D-01
  0.19784796881560D-01  0.82789657857840D-01  0.85499276914870D-02
  0.55461510785537D-01  -.63672751866511D-02  -.36023482015418D-01
  -.16790426696788D-01  -.96416972557276D-01  0.60739057416966D-01
  -.28442023614142D-02  0.14963066205166D+00  -.13489367510311D-01
  0.27906402136430D-01  0.16584510218426D-01  0.23361259279540D-01
  0.26895901066935D-01  0.83516718761174D-04  -.89917838651297D-01
  0.72203796049782D-01  -.16185810262557D-01  -.51161445330927D-01
  -.81369572251083D-01  0.12979257962563D+00  0.71359329764396D-01
  0.13645461279677D-01  -.20103627838938D-01  -.66689541128401D-02
  0.72092403028110D-01  -.72387569312550D-02  0.49596824207750D-01
  0.58447656714536D-01  -.76520856023129D-02  -.18431992684165D-01
  0.15828137147347D-01  -.90535344728300D-02  -.53096202568853D-01
  -.43908766342026D-01  0.54420680483308D-01  -.13828910765545D+00
  -.13214322358614D+00  -.70983868167446D-01  0.46710970076443D-01
  0.40058250827410D-01  -.11966208359969D-01  0.13372045877207D-01
  0.32780087627540D-01  -.70013389878391D-02  0.55444174602882D-01
  0.27906402136429D-01  0.16584510218426D-01  -.23361259279540D-01
  0.26895901066934D-01  0.83516718760314D-04  0.89917838651297D-01
  -.72203796049782D-01  0.16185810262558D-01  -.51161445330928D-01
  -.22740644152743D+00  -.17752852547783D+00  0.58287814359421D-02
  -.94740713086360D-01  -.24597998159445D-01  0.25248679012772D-01
  -.56351007282121D-01  -.66175107151814D-02  -.18755715757963D-03
  -.18995283984791D+00  0.20951660507543D+00  0.23652554497308D-02
  0.99848762699724D-01  -.89465944999749D-01  -.39712166860795D-01
  -.42164691559309D-01  -.23741108148859D-01  0.12922698270711D-01
  -.39378324031616D-01  -.12245746910672D+00  -.91596135010906D-01
  -.50797453572106D-01  -.25119505297444D+00  -.78784555059788D-01
  -.81532293979369D-01  -.13654555428441D+00  -.29677819299918D-01
  -.18995283984791D+00  0.20951660507543D+00  -.23652554497307D-02
  0.99848762699724D-01  -.89465944999748D-01  0.39712166860795D-01
  0.42164691559309D-01  0.23741108148859D-01  0.12922698270711D-01
  0.15605413002683D-01  0.25814817865160D-02  -.59854935016811D-01
  -.23212192720450D-01  -.12027642624472D+00  0.99090014392456D-01
  -.28749503599371D-01  0.21372145155146D+00  -.15928215119123D+00
  -.22740644152743D+00  -.17752852547783D+00  -.58287814359420D-02
  -.94740713086361D-01  -.24597998159446D-01  -.25248679012772D-01
  0.56351007282121D-01  0.66175107151794D-02  -.18755715757977D-03
$end
