$hessapprox internal
  0.412919464992D+00 -0.119673428839D-01  0.421885504331D+00 -0.146365124923D-01
 -0.107185616157D-01  0.416615011970D+00  0.160583652165D-02  0.132098503367D-02
  0.169663943083D-02  0.349431163021D+00 -0.730484920469D-03 -0.155623684189D-02
 -0.145089015146D-02  0.180322386350D-01  0.337086408318D+00  0.135160577903D-02
  0.380055322457D-02  0.309401478350D-02 -0.927739492363D-02  0.102696417573D-01
  0.191620923377D+00  0.167620415163D-02 -0.174767458274D-02 -0.501548374242D-03
  0.119892875628D-01 -0.153743570946D-01 -0.172458475060D-02  0.188927062426D+00
  0.628348276541D-04  0.129182252953D-02  0.688467438152D-03 -0.501191624113D-02
  0.535526685157D-02 -0.967038002955D-02 -0.243979764771D-02  0.190322218767D+00
  0.605786281917D-02  0.399688558474D-02  0.584197269390D-02  0.128496030595D-01
 -0.172708142691D-01  0.321690730652D-01 -0.334683233508D-01  0.157300834413D-01
  0.938826266617D-01 -0.740384008628D-02 -0.527176217916D-03 -0.392863809631D-02
 -0.233352604246D-03 -0.419820904167D-03  0.256026120050D-02 -0.480736644352D-02
 -0.929628133023D-03  0.231421438819D-01  0.267630407923D+00  0.752143824208D-02
  0.517811176763D-02  0.680197266375D-02 -0.213138760235D-03  0.494513815956D-03
  0.108924038418D-01  0.878547339638D-02  0.111263755579D-01 -0.449864384419D-02
 -0.839049121149D-02  0.469000324571D+00  0.987161721882D-02  0.674995425767D-02
  0.921494365606D-02 -0.320552621296D-02  0.476231891311D-02  0.153712800090D-01
  0.209551844092D-01  0.175078618058D-01  0.792805185824D-04 -0.370466082571D-01
 -0.923777291892D-01  0.348106384547D+00 -0.141225616480D-01 -0.111404762632D-01
 -0.133263490017D-01 -0.342008558319D-02  0.100691766724D-01  0.166758183849D-01
  0.299204285060D-02  0.158338173952D-01 -0.228872466055D-03  0.223941973085D-01
  0.450603630863D-01  0.690553509752D-01  0.236474305273D+00 -0.131698872044D-02
 -0.118084288871D-02 -0.724303105472D-03 -0.418873915496D-03  0.594728748189D-04
  0.549626225632D-02  0.105153976789D-02  0.433988950232D-02  0.103093747845D-01
  0.441679098758D-02 -0.234134745652D-01  0.377645907318D-01 -0.318828455209D-01
  0.391380049284D+00 -0.123450941942D-01 -0.958248946639D-02 -0.115211704873D-01
 -0.173814397023D-01  0.301039572547D-01 -0.362378873861D-01  0.427181467704D-01
 -0.183829780777D-01 -0.582141945407D-01 -0.167972889670D-01 -0.224873788620D-01
 -0.279836963757D-01  0.877038286318D-01  0.118055469810D-01  0.398519710672D+00
  0.284264005554D-02  0.356235342933D-02  0.298073478561D-02 -0.277352790357D-01
  0.458042714933D-01 -0.382155669696D-01  0.592881654074D-01 -0.143296340826D-01
 -0.990469210387D-01  0.610765186623D-01  0.183656179918D-01  0.241470772882D-01
 -0.599221086286D-01 -0.384744271267D-01 -0.540731590613D-01  0.288205321121D+00
  0.152686245787D-03  0.455545847578D-03 -0.894696436253D-04 -0.574824266029D-02
  0.102947956791D-01 -0.932676794114D-02  0.120299659708D-01 -0.321260640107D-02
 -0.262191640310D-01  0.724624494279D-02  0.118128447452D-01 -0.104339768595D-01
 -0.413687334211D-01  0.850566535929D-01  0.150055828234D-02 -0.181913653999D-01
  0.401714086388D+00 -0.398754534355D-02 -0.339952835779D-02 -0.445338344924D-02
  0.879491858353D-02 -0.159923764072D-01 -0.298978424547D-02 -0.339675682016D-02
 -0.545703019952D-02  0.256526600284D-01  0.127779095290D+00  0.828315567627D-02
  0.175328715329D-01  0.108935454269D+00  0.130559964759D-01  0.342687573298D-01
 -0.260485454028D-01 -0.129510630516D-02  0.148442544412D+00  0.133162618245D-01
  0.566544956943D-02  0.124155291144D-01  0.127832345150D-01 -0.137397718925D-01
 -0.139736850230D-01  0.174128655267D-01 -0.447408818001D-02 -0.365765486245D-02
 -0.808387388000D-01  0.219958789171D-01  0.325224578652D-01  0.647660001753D-01
  0.973605702161D-02  0.244851525690D-01  0.261987364232D-01  0.611256314825D-02
  0.628849196663D-02  0.267421495433D+00
$end
