$coord
   -0.00000000000000      0.00000000000000      0.00000000000000      mo
    0.00000000000000     -0.00000000000000     -6.66079720226364      y
    2.35462812308334      2.35732220480774     -2.64278060769333      s
   -2.35462812308334     -2.35732220480774     -2.64278060769333      s
    2.35462812308334     -2.35732220480774      2.64278060769333      s
   -2.35462812308334      2.35732220480774      2.64278060769333      s
    4.72257872636986     -1.63802296665775     -7.63354789973557      c
    3.56146986325895     -3.60872463752143     -6.20278337910036      c
    1.61586603043300     -4.70473170717262     -7.71867030941490      c
    1.59841652006352     -3.43949886231226    -10.10747795821634      c
    3.52248006328322     -1.53633602132837    -10.05321894917948      c
   -1.61586603043300      4.70473170717262     -7.71867030941490      c
   -3.56146986325895      3.60872463752143     -6.20278337910036      c
   -4.72257872636986      1.63802296665775     -7.63354789973557      c
   -3.52248006328322      1.53633602132837    -10.05321894917948      c
   -1.59841652006352      3.43949886231226    -10.10747795821634      c
    0.07085568766950     -6.99546330610985     -7.03627506826313      c
    0.20678446441404     -4.34878742186188    -12.41598427311429      c
    4.41508412520146     -4.54252303710020     -3.66186790127540      c
    4.51214165016338     -0.08297070350364    -12.28992075988473      c
    7.01793582952555     -0.14701141254185     -6.85462299672803      c
   -0.20678446441404      4.34878742186188    -12.41598427311429      c
   -4.41508412520146      4.54252303710020     -3.66186790127540      c
   -7.01793582952555      0.14701141254185     -6.85462299672803      c
   -4.51214165016338      0.08297070350365    -12.28992075988473      c
    5.86645657246925     -6.03398279359282     -3.87266515331943      h
    2.84335295340304     -5.34190119609220     -2.56198825552737      h
   -2.84335295340304      5.34190119609220     -2.56198825552737      h
   -5.86645657246925      6.03398279359282     -3.87266515331943      h
    5.23968997409639     -3.01847788369317     -2.51475995176079      h
   -5.23968997409639      3.01847788369317     -2.51475995176079      h
    7.09457166338764      1.70837469857891     -7.79639883984195      h
    8.77688689901679     -1.16259954273872     -7.35399952839277      h
    7.04236311678535      0.19876640623001     -4.80461490253502      h
   -7.09457166338764     -1.70837469857891     -7.79639883984195      h
   -8.77688689901679      1.16259954273872     -7.35399952839277      h
   -7.04236311678535     -0.19876640623001     -4.80461490253502      h
   -0.07085568766950      6.99546330610985     -7.03627506826313      c
   -1.07991068336452      8.75842744142341     -7.53462656601439      h
    1.75220950843280      7.03036928958916     -8.04197118617894      h
    0.34350614038629      7.05531164244334     -4.99942851550379      h
    1.07991068336452     -8.75842744142341     -7.53462656601439      h
   -1.75220950843280     -7.03036928958916     -8.04197118617894      h
    3.09847367144810      0.08737809538816    -13.80268855304345      h
   -3.09847367144810     -0.08737809538816    -13.80268855304345      h
   -1.19403454783539      5.98174380198731    -13.27327402067788      h
    1.19403454783539     -5.98174380198731    -13.27327402067788      h
   -0.34350614038629     -7.05531164244334     -4.99942851550379      h
    0.00000000000000      0.00000000000000      6.66079720226364      y
    1.61586603043300      4.70473170717262      7.71867030941490      c
   -1.61586603043300     -4.70473170717262      7.71867030941490      c
    4.72257872636986      1.63802296665775      7.63354789973557      c
   -4.72257872636986     -1.63802296665775      7.63354789973557      c
    3.56146986325895      3.60872463752143      6.20278337910036      c
   -3.56146986325895     -3.60872463752143      6.20278337910036      c
    3.52248006328322      1.53633602132837     10.05321894917948      c
   -3.52248006328322     -1.53633602132837     10.05321894917948      c
    1.59841652006352      3.43949886231226     10.10747795821634      c
   -1.59841652006352     -3.43949886231226     10.10747795821634      c
    7.01793582952555      0.14701141254185      6.85462299672803      c
   -7.01793582952555     -0.14701141254185      6.85462299672803      c
    0.07085568766950      6.99546330610985      7.03627506826313      c
   -0.07085568766950     -6.99546330610985      7.03627506826313      c
    4.51214165016338      0.08297070350364     12.28992075988473      c
   -4.51214165016338     -0.08297070350365     12.28992075988473      c
    0.20678446441404      4.34878742186188     12.41598427311429      c
   -0.20678446441404     -4.34878742186188     12.41598427311429      c
    4.41508412520146      4.54252303710020      3.66186790127540      c
   -4.41508412520146     -4.54252303710020      3.66186790127540      c
    5.86645657246925      6.03398279359282      3.87266515331943      h
   -5.86645657246925     -6.03398279359282      3.87266515331943      h
    5.23968997409639      3.01847788369317      2.51475995176079      h
   -5.23968997409639     -3.01847788369317      2.51475995176079      h
    2.84335295340304      5.34190119609220      2.56198825552737      h
   -2.84335295340304     -5.34190119609220      2.56198825552737      h
   -1.75220950843280      7.03036928958916      8.04197118617894      h
    1.75220950843280     -7.03036928958916      8.04197118617894      h
    7.09457166338764     -1.70837469857891      7.79639883984195      h
   -7.09457166338764      1.70837469857891      7.79639883984195      h
    1.07991068336452      8.75842744142341      7.53462656601439      h
   -1.07991068336452     -8.75842744142341      7.53462656601439      h
    8.77688689901679      1.16259954273872      7.35399952839277      h
   -8.77688689901679     -1.16259954273872      7.35399952839277      h
   -0.34350614038629      7.05531164244334      4.99942851550379      h
    0.34350614038629     -7.05531164244334      4.99942851550379      h
    7.04236311678535     -0.19876640623001      4.80461490253502      h
   -7.04236311678535      0.19876640623001      4.80461490253502      h
    5.12313746061404     -1.84189976078879     11.78450729269130      h
   -1.72983040085037     -4.97798728334968    -11.98621092224604      h
    1.72983040085037      4.97798728334968    -11.98621092224604      h
    0.07702105719286      2.88074958136369     13.88123619280281      h
   -0.07702105719286     -2.88074958136369     13.88123619280281      h
    3.09847367144810     -0.08737809538816     13.80268855304345      h
    0.07702105719286     -2.88074958136369    -13.88123619280281      h
   -3.09847367144810      0.08737809538816     13.80268855304345      h
   -0.07702105719286      2.88074958136369    -13.88123619280281      h
   -5.12313746061404      1.84189976078879     11.78450729269130      h
    1.72983040085037     -4.97798728334968     11.98621092224604      h
   -5.12313746061404     -1.84189976078879    -11.78450729269130      h
   -1.72983040085037      4.97798728334968     11.98621092224604      h
    5.12313746061404      1.84189976078879    -11.78450729269130      h
   -6.17742469798099     -1.04450221795714     13.11346305002568      h
    6.17742469798099      1.04450221795714     13.11346305002568      h
   -1.19403454783539     -5.98174380198731     13.27327402067788      h
   -6.17742469798099      1.04450221795714    -13.11346305002568      h
    1.19403454783539      5.98174380198731     13.27327402067788      h
    6.17742469798099     -1.04450221795714    -13.11346305002568      h
$redundant
     number_of_atoms           107
     degrees_of_freedom         79
     internal_coordinates       98
     frozen_coordinates          0
# definitions of redundant internals
   1 k  1.0000000000000 stre   19   30           val=   2.07811
   2 k  1.0000000000000 stre   19   27           val=   2.07824
   3 k  1.0000000000000 stre   19   26           val=   2.09174
   4 k  1.0000000000000 stre   21   34           val=   2.07911
   5 k  1.0000000000000 stre   21   32           val=   2.08213
   6 k  1.0000000000000 stre   17   48           val=   2.07943
   7 k  1.0000000000000 stre   17   43           val=   2.08236
   8 k  1.0000000000000 stre   20   44           val=   2.07748
   9 k  1.0000000000000 stre   18   89           val=   2.08112
  10 k  1.0000000000000 stre   18   47           val=   2.09193
  11 k  1.0000000000000 stre    9   17           val=   2.84608
  12 k  1.0000000000000 stre   11   20           val=   2.84509
  13 k  1.0000000000000 stre   18   94           val=   2.07821
  14 k  1.0000000000000 stre   17   42           val=   2.09155
  15 k  1.0000000000000 stre   21   33           val=   2.09158
  16 k  1.0000000000000 stre   20  101           val=   2.08180
  17 k  1.0000000000000 stre   10   18           val=   2.84476
  18 k  1.0000000000000 stre    8   19           val=   2.83847
  19 k  1.0000000000000 stre   20  107           val=   2.09187
  20 k  1.0000000000000 stre    7   21           val=   2.84579
  21 k  0.4460680998229 bend  101   44   20      val=   1.91026
        0.4144325977257 bend  107   44   20
        0.4104697330295 bend  107  101   20
       -0.3914977356790 bend   11   44   20
       -0.3916650133899 bend   11  101   20
       -0.3925703895786 bend   11  107   20
  22 k  0.4465608576484 bend   89   94   18      val=   1.90416
        0.4125869710208 bend   47   94   18
        0.4116393671809 bend   47   89   18
       -0.3915396927281 bend   10   94   18
       -0.3915734863651 bend   10   89   18
       -0.3927789415706 bend   10   47   18
  23 k  0.4161308288283 bend   27   30   19      val=   1.70996
        0.4242476267817 bend   26   30   19
        0.4254582510000 bend   26   27   19
       -0.3989362092159 bend    8   30   19
       -0.3986042740708 bend    8   27   19
       -0.3844462183372 bend    8   26   19
  24 k  0.4250362195160 bend   43   48   17      val=   1.71766
        0.4268712469019 bend   42   48   17
        0.4141239818101 bend   42   43   17
       -0.3937338414942 bend    9   48   17
       -0.3979336421768 bend    9   43   17
       -0.3901909235796 bend    9   42   17
  25 k  0.4236911910768 bend   32   34   21      val=   1.70718
        0.4278637690898 bend   33   34   21
        0.4141871059208 bend   33   32   21
       -0.3941036755003 bend    7   34   21
       -0.3984768693290 bend    7   32   21
       -0.3895714165081 bend    7   33   21
  26 k  1.0000000000000 tors   34   21    7    2 val=  57.91357
        1.0000000000000 tors   34   21    7    8
        1.0000000000000 tors   34   21    7   11
        1.0000000000000 tors   32   21    7    2
        1.0000000000000 tors   32   21    7    8
        1.0000000000000 tors   32   21    7   11
        1.0000000000000 tors   33   21    7    2
        1.0000000000000 tors   33   21    7    8
        1.0000000000000 tors   33   21    7   11
  27 k  1.0000000000000 tors   48   17    9    2 val=  62.59898
        1.0000000000000 tors   48   17    9    8
        1.0000000000000 tors   48   17    9   10
        1.0000000000000 tors   43   17    9    2
        1.0000000000000 tors   43   17    9    8
        1.0000000000000 tors   43   17    9   10
        1.0000000000000 tors   42   17    9    2
        1.0000000000000 tors   42   17    9    8
        1.0000000000000 tors   42   17    9   10
  28 k  1.0000000000000 tors   44   20   11    2 val=  90.41158
        1.0000000000000 tors   44   20   11    7
        1.0000000000000 tors   44   20   11   10
        1.0000000000000 tors  101   20   11    2
        1.0000000000000 tors  101   20   11    7
        1.0000000000000 tors  101   20   11   10
        1.0000000000000 tors  107   20   11    2
        1.0000000000000 tors  107   20   11    7
        1.0000000000000 tors  107   20   11   10
  29 k  1.0000000000000 tors   94   18   10    2 val=  68.75201
        1.0000000000000 tors   94   18   10    9
        1.0000000000000 tors   94   18   10   11
        1.0000000000000 tors   89   18   10    2
        1.0000000000000 tors   89   18   10    9
        1.0000000000000 tors   89   18   10   11
        1.0000000000000 tors   47   18   10    2
        1.0000000000000 tors   47   18   10    9
        1.0000000000000 tors   47   18   10   11
  30 k  1.0000000000000 tors   30   19    8    2 val=  59.37962
        1.0000000000000 tors   30   19    8    7
        1.0000000000000 tors   30   19    8    9
        1.0000000000000 tors   27   19    8    2
        1.0000000000000 tors   27   19    8    7
        1.0000000000000 tors   27   19    8    9
        1.0000000000000 tors   26   19    8    2
        1.0000000000000 tors   26   19    8    7
        1.0000000000000 tors   26   19    8    9
  31 k  0.0145048837214 bend   27   30   19      val=   0.01860
        0.5905571531552 bend   26   30   19
       -0.6033687214296 bend   26   27   19
        0.3826412612908 bend    8   30   19
       -0.3748153992879 bend    8   27   19
       -0.0087820738030 bend    8   26   19
  32 k -0.6819098648789 bend   27   30   19      val=   0.26372
        0.3461098660546 bend   26   30   19
        0.3229313087652 bend   26   27   19
       -0.2135631270180 bend    8   30   19
       -0.2297311334338 bend    8   27   19
        0.4610169885474 bend    8   26   19
  33 k  0.0009580207875 bend   32   34   21      val=   0.02623
       -0.5901066107580 bend   33   34   21
        0.6029415023015 bend   33   32   21
       -0.3854538931543 bend    7   34   21
        0.3737075855548 bend    7   32   21
        0.0016588216352 bend    7   33   21
  34 k -0.1734114267642 bend   89   94   18      val=   0.15289
       -0.4785297205404 bend   47   94   18
        0.6631787445802 bend   47   89   18
       -0.4332883753426 bend   10   94   18
        0.3183509987272 bend   10   89   18
        0.1097522745396 bend   10   47   18
  35 k -0.0035396187551 bend   43   48   17      val=   0.00991
       -0.5879429755015 bend   42   48   17
        0.6042613532896 bend   42   43   17
       -0.3871487489013 bend    9   48   17
        0.3731969332508 bend    9   43   17
        0.0043175009452 bend    9   42   17
  36 k -0.1650461937980 bend  101   44   20      val=   0.18948
       -0.4829507538693 bend  107   44   20
        0.6615758925009 bend  107  101   20
       -0.4329534445699 bend   11   44   20
        0.3213201569309 bend   11  101   20
        0.1055477773164 bend   11  107   20
  37 k -0.6772979877688 bend   32   34   21      val=   0.22822
        0.3443059831890 bend   33   34   21
        0.3344928131016 bend   33   32   21
       -0.2242798538287 bend    7   34   21
       -0.2276135172019 bend    7   32   21
        0.4568654261831 bend    7   33   21
  38 k -0.6762907176572 bend   43   48   17      val=   0.23159
        0.3483954450466 bend   42   48   17
        0.3317286429528 bend   42   43   17
       -0.2225538405569 bend    9   48   17
       -0.2308174790601 bend    9   43   17
        0.4565092178038 bend    9   42   17
  39 k -0.6414628729414 bend   89   94   18      val=   0.97326
        0.4914017307181 bend   47   94   18
        0.1937155801690 bend   47   89   18
       -0.1193492444747 bend   10   94   18
       -0.3264971938184 bend   10   89   18
        0.4343723471365 bend   10   47   18
  40 k -0.6438844902876 bend  101   44   20      val=   0.94375
        0.4861107523315 bend  107   44   20
        0.1996860542442 bend  107  101   20
       -0.1244736371578 bend   11   44   20
       -0.3221274877554 bend   11  101   20
        0.4358609579445 bend   11  107   20
  41 k -0.7071009788852 bend    7   19    8      val=   0.11012
        0.7071116970141 bend    9   19    8
        0.0011196452412 bend    2   19    8
  42 k  0.7071274809404 bend    8   17    9      val=   0.48405
       -0.7070585517569 bend   10   17    9
        0.0062393979065 bend    2   17    9
  43 k  0.7071495903216 bend    8   21    7      val=   0.51404
       -0.7070435050123 bend   11   21    7
        0.0053794914194 bend    2   21    7
  44 k  0.7068182801903 bend    9   18   10      val=   0.79949
       -0.7072049186307 bend   11   18   10
        0.0164049338104 bend    2   18   10
  45 k  0.7067654084020 bend    7   20   11      val=   0.67282
       -0.7072516204380 bend   10   20   11
        0.0166674195428 bend    2   20   11
  46 k  0.0365455587504 bend  101   44   20      val=   0.25093
        0.3686140246377 bend  107   44   20
       -0.4073320924596 bend  107  101   20
       -0.6180130648103 bend   11   44   20
        0.5574124277592 bend   11  101   20
        0.0649609615994 bend   11  107   20
  47 k  0.0411293872444 bend   89   94   18      val=   0.23589
        0.3662711983257 bend   47   94   18
       -0.4085312884865 bend   47   89   18
       -0.6220231084818 bend   10   94   18
        0.5523067602559 bend   10   89   18
        0.0728042869599 bend   10   47   18
  48 k -0.4518300573960 bend   27   30   19      val=   0.82343
        0.2366093661312 bend   26   30   19
        0.2254114353582 bend   26   27   19
        0.3300095586747 bend    8   30   19
        0.3452608300264 bend    8   27   19
       -0.6789285252036 bend    8   26   19
  49 k -0.0055187050606 bend   27   30   19      val=   0.01523
       -0.3760670238004 bend   26   30   19
        0.3814795390282 bend   26   27   19
        0.6018588859624 bend    8   30   19
       -0.5921952134568 bend    8   27   19
       -0.0093385948703 bend    8   26   19
  50 k -0.0590670241822 bend   43   48   17      val=   0.49791
        0.4062804743176 bend   42   48   17
       -0.3471239923424 bend   42   43   17
       -0.5447849272088 bend    9   48   17
        0.6374224919296 bend    9   43   17
       -0.0886236235505 bend    9   42   17
  51 k -0.0577945058567 bend   32   34   21      val=   0.50931
        0.4050192396199 bend   33   34   21
       -0.3473743443075 bend   33   32   21
       -0.5459579792839 bend    7   34   21
        0.6374209683089 bend    7   32   21
       -0.0870325776006 bend    7   33   21
  52 k  0.4449478736096 bend  101   44   20      val=  -0.36813
       -0.2696314034923 bend  107   44   20
       -0.1927509583118 bend  107  101   20
       -0.2814953347349 bend   11   44   20
       -0.3833702335175 bend   11  101   20
        0.6826089690783 bend   11  107   20
  53 k  0.4442026819585 bend   89   94   18      val=  -0.36915
       -0.2744634251341 bend   47   94   18
       -0.1875040060888 bend   47   89   18
       -0.2747917554938 bend   10   94   18
       -0.3891479257519 bend   10   89   18
        0.6820919558980 bend   10   47   18
  54 k -0.4487960401958 bend   32   34   21      val=   0.27546
        0.1778966636605 bend   33   34   21
        0.2791722321368 bend   33   32   21
        0.4100453259117 bend    7   34   21
        0.2575686014607 bend    7   32   21
       -0.6741802447465 bend    7   33   21
  55 k -0.4489641571744 bend   43   48   17      val=   0.20997
        0.1770777401158 bend   42   48   17
        0.2799866511788 bend   42   43   17
        0.4112039407214 bend    9   48   17
        0.2557473845868 bend    9   43   17
       -0.6739337720444 bend    9   42   17
  56 k -0.0588695069358 bend    7   19    8      val=  95.14570
       -0.0604463745850 bend    9   19    8
        0.9964339501205 bend    2   19    8
  57 k -0.1354814834265 bend    9   18   10      val=  76.54206
       -0.1125732649152 bend   11   18   10
        0.9843637679613 bend    2   18   10
  58 k -0.1351387576102 bend    7   20   11      val=  76.64073
       -0.1118448143994 bend   10   20   11
        0.9844939073877 bend    2   20   11
  59 k -0.0741167703151 bend    8   21    7      val=  91.15256
       -0.0665573042694 bend   11   21    7
        0.9950260446875 bend    2   21    7
  60 k -0.0731399451314 bend    8   17    9      val=  91.47002
       -0.0643646141110 bend   10   17    9
        0.9952425558006 bend    2   17    9
  61 k  1.0000000000000 tors    2    3    1    4 val= 119.98042
        1.0000000000000 tors    2    3    1    5
        1.0000000000000 tors    2    3    1    6
  62 k  1.0000000000000 tors    1    3    2    4 val=  98.08961
        1.0000000000000 tors    1    3    2    7
        1.0000000000000 tors    1    3    2    8
        1.0000000000000 tors    1    3    2    9
        1.0000000000000 tors    1    3    2   10
        1.0000000000000 tors    1    3    2   11
        1.0000000000000 tors    1    3    2   12
        1.0000000000000 tors    1    3    2   13
        1.0000000000000 tors    1    3    2   14
        1.0000000000000 tors    1    3    2   15
        1.0000000000000 tors    1    3    2   16
  63 k  1.0000000000000 tors    8    9    2    3 val=  95.58273
        1.0000000000000 tors    8    9    2    4
        1.0000000000000 tors    8    9    2    7
        1.0000000000000 tors    8    9    2   11
        1.0000000000000 tors    8    9    2   13
        1.0000000000000 tors    8    9    2   14
        1.0000000000000 tors    8    9    2   15
        1.0000000000000 tors    8    9    2   16
        1.0000000000000 tors   10    9    2    3
        1.0000000000000 tors   10    9    2    4
        1.0000000000000 tors   10    9    2    7
        1.0000000000000 tors   10    9    2   11
        1.0000000000000 tors   10    9    2   13
        1.0000000000000 tors   10    9    2   14
        1.0000000000000 tors   10    9    2   15
        1.0000000000000 tors   10    9    2   16
  64 k  1.0000000000000 tors    7    8    2    3 val=  46.47104
        1.0000000000000 tors    7    8    2    4
        1.0000000000000 tors    7    8    2   10
        1.0000000000000 tors    7    8    2   11
        1.0000000000000 tors    7    8    2   12
        1.0000000000000 tors    7    8    2   14
        1.0000000000000 tors    7    8    2   15
        1.0000000000000 tors    7    8    2   16
        1.0000000000000 tors    9    8    2    3
        1.0000000000000 tors    9    8    2    4
        1.0000000000000 tors    9    8    2   10
        1.0000000000000 tors    9    8    2   11
        1.0000000000000 tors    9    8    2   12
        1.0000000000000 tors    9    8    2   14
        1.0000000000000 tors    9    8    2   15
        1.0000000000000 tors    9    8    2   16
  65 k  1.0000000000000 tors    8    7    2    3 val=  63.61780
        1.0000000000000 tors    8    7    2    4
        1.0000000000000 tors    8    7    2    9
        1.0000000000000 tors    8    7    2   10
        1.0000000000000 tors    8    7    2   12
        1.0000000000000 tors    8    7    2   13
        1.0000000000000 tors    8    7    2   15
        1.0000000000000 tors    8    7    2   16
        1.0000000000000 tors   11    7    2    3
        1.0000000000000 tors   11    7    2    4
        1.0000000000000 tors   11    7    2    9
        1.0000000000000 tors   11    7    2   10
        1.0000000000000 tors   11    7    2   12
        1.0000000000000 tors   11    7    2   13
        1.0000000000000 tors   11    7    2   15
        1.0000000000000 tors   11    7    2   16
  66 k  1.0000000000000 tors    9   10    2    3 val=  97.65220
        1.0000000000000 tors    9   10    2    4
        1.0000000000000 tors    9   10    2    7
        1.0000000000000 tors    9   10    2    8
        1.0000000000000 tors    9   10    2   12
        1.0000000000000 tors    9   10    2   13
        1.0000000000000 tors    9   10    2   14
        1.0000000000000 tors    9   10    2   15
        1.0000000000000 tors    9   10    2   16
        1.0000000000000 tors   11   10    2    3
        1.0000000000000 tors   11   10    2    4
        1.0000000000000 tors   11   10    2    7
        1.0000000000000 tors   11   10    2    8
        1.0000000000000 tors   11   10    2   12
        1.0000000000000 tors   11   10    2   13
        1.0000000000000 tors   11   10    2   14
        1.0000000000000 tors   11   10    2   15
        1.0000000000000 tors   11   10    2   16
  67 k  1.0000000000000 tors    7   11    2    3 val=  83.95238
        1.0000000000000 tors    7   11    2    4
        1.0000000000000 tors    7   11    2    8
        1.0000000000000 tors    7   11    2    9
        1.0000000000000 tors    7   11    2   12
        1.0000000000000 tors    7   11    2   13
        1.0000000000000 tors    7   11    2   14
        1.0000000000000 tors    7   11    2   15
        1.0000000000000 tors    7   11    2   16
        1.0000000000000 tors   10   11    2    3
        1.0000000000000 tors   10   11    2    4
        1.0000000000000 tors   10   11    2    8
        1.0000000000000 tors   10   11    2    9
        1.0000000000000 tors   10   11    2   12
        1.0000000000000 tors   10   11    2   13
        1.0000000000000 tors   10   11    2   14
        1.0000000000000 tors   10   11    2   15
        1.0000000000000 tors   10   11    2   16
  68 k  1.0000000000000 stre    1    3           val=   4.25271
  69 k -0.8013567022063 bend    4    3    1      val=   7.70076
        0.4199202703869 bend    5    3    1
        0.4260215984515 bend    6    3    1
  70 k -0.0033046052078 bend    4    3    1      val=   0.11623
        0.7090696775231 bend    5    3    1
       -0.7051306772519 bend    6    3    1
  71 k  1.0000000000000 stre    2    3           val=   5.21974
  72 k  1.0000000000000 stre    2    9           val=   5.08573
  73 k  1.0000000000000 stre    2    8           val=   5.09085
  74 k  1.0000000000000 stre    9    8           val=   2.69898
  75 k  1.0000000000000 stre    2    7           val=   5.09236
  76 k  1.0000000000000 stre    8    7           val=   2.69795
  77 k  1.0000000000000 stre    2   10           val=   5.12491
  78 k  1.0000000000000 stre    9   10           val=   2.70324
  79 k  1.0000000000000 stre    2   11           val=   5.12608
  80 k  1.0000000000000 stre    7   11           val=   2.70285
  81 k  1.0000000000000 stre   10   11           val=   2.70684
  82 k -0.2219723284162 bend    4    3    2      val=  54.62165
       -0.1671458425517 bend    9    3    2
       -0.0910706234393 bend    9    4    2
       -0.1476049610728 bend    8    3    2
       -0.1464617481347 bend    8    4    2
        0.0994725705225 bend    8   12    2
       -0.0926795100431 bend    7    3    2
       -0.1687576750040 bend    7    4    2
        0.0219413491948 bend    7    9    2
        0.1483542682949 bend    7   12    2
        0.0845284982820 bend    7   13    2
       -0.0562497525176 bend   10    3    2
       -0.0368605302404 bend   10    4    2
        0.3275407337154 bend   10   12    2
        0.0352414508793 bend   10    8    2
        0.0590472624192 bend   10    7    2
        0.3015242712435 bend   16    8    2
        0.2531621459547 bend   16    7    2
        0.3001390941503 bend   16   10    2
       -0.0388726296945 bend   11    3    2
       -0.0611814181525 bend   11    4    2
        0.0596218561567 bend   11    9    2
        0.0343804933798 bend   11    8    2
        0.2502742587898 bend   15    9    2
        0.2949790693631 bend   15    8    2
        0.3303764562219 bend   15    7    2
        0.2688093782630 bend   15   10    2
        0.3032917734563 bend   15   11    2
  83 k -0.0073701203215 bend    4    3    2      val=  -0.02446
        0.2984092679163 bend    9    3    2
       -0.2517792093239 bend    9    4    2
        0.2934351536193 bend    8    3    2
       -0.2968659190438 bend    8    4    2
       -0.0047851936985 bend    8   12    2
        0.2547707497141 bend    7    3    2
       -0.3015364954100 bend    7    4    2
        0.0008454018938 bend    7    9    2
        0.0010244593082 bend    7   12    2
        0.0057260314827 bend    7   13    2
        0.3807369148798 bend   10    3    2
       -0.1846773336900 bend   10    4    2
       -0.0947252053799 bend   10   12    2
        0.1084265767219 bend   10    8    2
        0.0983708554286 bend   10    7    2
       -0.1056818247645 bend   16    8    2
       -0.0892830185800 bend   16    7    2
       -0.1813888314446 bend   16   10    2
        0.1905676082213 bend   11    3    2
       -0.3785379426811 bend   11    4    2
       -0.0909425352086 bend   11    9    2
       -0.1014878411222 bend   11    8    2
        0.0879675263294 bend   15    9    2
        0.1052410758679 bend   15    8    2
        0.0950624232574 bend   15    7    2
       -0.0039974268877 bend   15   10    2
        0.1726932095330 bend   15   11    2
  84 k -0.0087174581300 bend    4    3    2      val=   0.29386
       -0.1356218878672 bend    9    3    2
        0.1638461922934 bend    9    4    2
       -0.1835811636265 bend    8    3    2
        0.1787413525082 bend    8    4    2
       -0.0388767112474 bend    8   12    2
       -0.1648354387982 bend    7    3    2
        0.1286151360296 bend    7    4    2
        0.0008926017625 bend    7    9    2
        0.0029386000224 bend    7   12    2
        0.0414842202593 bend    7   13    2
        0.0245957584443 bend   10    3    2
        0.2370320939819 bend   10    4    2
       -0.2231490410147 bend   10   12    2
        0.2295893800671 bend   10    8    2
        0.1683346350853 bend   10    7    2
       -0.2227563157462 bend   16    8    2
       -0.1586225333799 bend   16    7    2
       -0.4140126307566 bend   16   10    2
       -0.2265525371597 bend   11    3    2
       -0.0187807868900 bend   11    4    2
       -0.1551354419599 bend   11    9    2
       -0.2185634413778 bend   11    8    2
        0.1590553618740 bend   15    9    2
        0.2216547866633 bend   15    8    2
        0.2241820978602 bend   15    7    2
       -0.0047606542661 bend   15   10    2
        0.4000429425609 bend   15   11    2
  85 k -0.4381207546706 bend    4    3    2      val=   7.40325
       -0.1532410005700 bend    9    3    2
        0.0547473224365 bend    9    4    2
       -0.1687988126335 bend    8    3    2
       -0.1713774210089 bend    8    4    2
        0.1336180001214 bend    8   12    2
        0.0485795045977 bend    7    3    2
       -0.1473760041525 bend    7    4    2
       -0.0738110761515 bend    7    9    2
        0.1558968785595 bend    7   12    2
        0.1044215664352 bend    7   13    2
        0.1832019030710 bend   10    3    2
        0.2100939757674 bend   10    4    2
       -0.0193153702360 bend   10   12    2
        0.3274361026306 bend   10    8    2
        0.1359472461272 bend   10    7    2
        0.0575953962491 bend   16    8    2
       -0.0206771873159 bend   16    7    2
       -0.2503386919886 bend   16   10    2
        0.2147834140926 bend   11    3    2
        0.1902727171377 bend   11    4    2
        0.1339270678914 bend   11    9    2
        0.3396780599374 bend   11    8    2
       -0.0256242388154 bend   15    9    2
        0.0388603460527 bend   15    8    2
       -0.0342468649553 bend   15    7    2
       -0.2806620512874 bend   15   10    2
       -0.2704955664698 bend   15   11    2
  86 k  0.0752905656699 bend    4    3    2      val= -13.48472
        0.1152896605363 bend    9    3    2
       -0.2200804677559 bend    9    4    2
       -0.1028308024816 bend    8    3    2
       -0.1089915721888 bend    8    4    2
       -0.1855542982101 bend    8   12    2
       -0.2272675637219 bend    7    3    2
        0.1030161552597 bend    7    4    2
        0.5132596760289 bend    7    9    2
       -0.4062166122720 bend    7   12    2
       -0.1988648922108 bend    7   13    2
        0.0541174862919 bend   10    3    2
       -0.0863123724407 bend   10    4    2
        0.0637665599156 bend   10   12    2
        0.1622005655318 bend   10    8    2
        0.3053171131376 bend   10    7    2
        0.0942597311974 bend   16    8    2
       -0.1368579733688 bend   16    7    2
        0.0152446356848 bend   16   10    2
       -0.0931960102611 bend   11    3    2
        0.0600769031042 bend   11    4    2
        0.3132782898158 bend   11    9    2
        0.1688429260148 bend   11    8    2
       -0.1596386040498 bend   15    9    2
        0.0810232926996 bend   15    8    2
        0.0824642196764 bend   15    7    2
       -0.0734947679841 bend   15   10    2
        0.0211240313284 bend   15   11    2
  87 k  0.6874776908524 bend    4    3    2      val=  11.64713
       -0.0786027367922 bend    9    3    2
       -0.1582202990607 bend    9    4    2
       -0.0797205101945 bend    8    3    2
       -0.1167351981967 bend    8    4    2
        0.2185233892348 bend    8   12    2
       -0.1562922139862 bend    7    3    2
       -0.0317766033280 bend    7    4    2
       -0.2098982038086 bend    7    9    2
        0.2682962327030 bend    7   12    2
        0.1167388132449 bend    7   13    2
       -0.0236174206220 bend   10    3    2
       -0.2214261610436 bend   10    4    2
        0.0488342170569 bend   10   12    2
        0.2195415164905 bend   10    8    2
        0.0652658262953 bend   10    7    2
        0.0671979493354 bend   16    8    2
        0.0208832160838 bend   16    7    2
       -0.1243408440567 bend   16   10    2
       -0.2184585873677 bend   11    3    2
       -0.0256435349777 bend   11    4    2
        0.0368311441714 bend   11    9    2
        0.2268682835044 bend   11    8    2
        0.0762716310338 bend   15    9    2
        0.0525726615251 bend   15    8    2
        0.0208621564226 bend   15    7    2
       -0.1588442116966 bend   15   10    2
       -0.1141243243552 bend   15   11    2
  88 k  0.0570412437616 bend    4    3    2      val=   2.31262
        0.2393091011112 bend    9    3    2
       -0.0610516387307 bend    9    4    2
       -0.1781150992847 bend    8    3    2
        0.1514842089708 bend    8    4    2
       -0.4946728470782 bend    8   12    2
        0.0361443275178 bend    7    3    2
       -0.2600360446379 bend    7    4    2
       -0.0221683925924 bend    7    9    2
        0.0348690926639 bend    7   12    2
        0.5383267808447 bend    7   13    2
       -0.0510174009996 bend   10    3    2
        0.0157595823809 bend   10    4    2
       -0.1377662526947 bend   10   12    2
        0.0802907911427 bend   10    8    2
       -0.1363168173140 bend   10    7    2
       -0.0544710838817 bend   16    8    2
        0.2955413816904 bend   16    7    2
       -0.0031890657898 bend   16   10    2
       -0.0493126417080 bend   11    3    2
        0.0520341354423 bend   11    4    2
        0.1574222597345 bend   11    9    2
       -0.0319337167815 bend   11    8    2
       -0.2845661338988 bend   15    9    2
        0.0794005582675 bend   15    8    2
        0.1395145659262 bend   15    7    2
       -0.0187078569838 bend   15   10    2
       -0.0270056400029 bend   15   11    2
  89 k  0.0608108699941 bend    4    3    2      val=   7.03301
        0.1958863180987 bend    9    3    2
        0.1712883105292 bend    9    4    2
       -0.2354677843069 bend    8    3    2
       -0.2252321672675 bend    8    4    2
        0.0153003577492 bend    8   12    2
        0.1858260584263 bend    7    3    2
        0.2090643654999 bend    7    4    2
       -0.0251007402965 bend    7    9    2
       -0.2059216345590 bend    7   12    2
        0.0259736409846 bend    7   13    2
       -0.1175416116559 bend   10    3    2
        0.0357423997098 bend   10    4    2
       -0.2267932283212 bend   10   12    2
        0.2173725085489 bend   10    8    2
       -0.2909060658007 bend   10    7    2
        0.3553957588356 bend   16    8    2
       -0.1096885917278 bend   16    7    2
        0.0467912849163 bend   16   10    2
        0.0394439460346 bend   11    3    2
       -0.1227123836957 bend   11    4    2
       -0.2797229127553 bend   11    9    2
        0.1995321264171 bend   11    8    2
       -0.0869813407730 bend   15    9    2
        0.3655419089705 bend   15    8    2
       -0.2413327057404 bend   15    7    2
        0.1583292983734 bend   15   10    2
        0.0461858264811 bend   15   11    2
  90 k -0.0078863028062 bend    4    3    2      val=  -0.30961
       -0.2293898171026 bend    9    3    2
       -0.2956772786197 bend    9    4    2
       -0.1660730500172 bend    8    3    2
        0.1710628034625 bend    8    4    2
       -0.2221722360059 bend    8   12    2
        0.2717153831472 bend    7    3    2
        0.2206100784789 bend    7    4    2
        0.0055995143226 bend    7    9    2
       -0.0079122998355 bend    7   12    2
        0.2262583347697 bend    7   13    2
        0.0845093089141 bend   10    3    2
       -0.0804245503134 bend   10    4    2
        0.3557285860521 bend   10   12    2
        0.1171185109379 bend   10    8    2
       -0.1492718277465 bend   10    7    2
       -0.1481170009777 bend   16    8    2
       -0.3130109546378 bend   16    7    2
        0.0291516459471 bend   16   10    2
        0.0705615302629 bend   11    3    2
       -0.0631003299316 bend   11    4    2
        0.1869286658169 bend   11    9    2
       -0.1278303841229 bend   11    8    2
        0.3017404933358 bend   15    9    2
        0.1463049937784 bend   15    8    2
       -0.3305523350362 bend   15    7    2
       -0.0121255298508 bend   15   10    2
       -0.0296850486609 bend   15   11    2
  91 k -0.0158101438209 bend    4    3    2      val=   0.44743
       -0.0173928973002 bend    9    3    2
       -0.2280210234110 bend    9    4    2
        0.1723673196958 bend    8    3    2
       -0.1713427061798 bend    8    4    2
        0.1254011943324 bend    8   12    2
        0.2644837743204 bend    7    3    2
        0.0240792404476 bend    7    4    2
       -0.0235628302841 bend    7    9    2
        0.0031191354020 bend    7   12    2
       -0.1105937997622 bend    7   13    2
       -0.1083091639487 bend   10    3    2
        0.2659184145877 bend   10    4    2
       -0.0256113604675 bend   10   12    2
       -0.0617905568504 bend   10    8    2
       -0.4211622944990 bend   10    7    2
        0.0990460675912 bend   16    8    2
        0.0420003180826 bend   16    7    2
       -0.2850312412964 bend   16   10    2
       -0.2971473699029 bend   11    3    2
        0.1292293415821 bend   11    4    2
        0.4313290324418 bend   11    9    2
        0.0803768392826 bend   11    8    2
       -0.0769052369871 bend   15    9    2
       -0.1312749042690 bend   15    8    2
        0.0195475070828 bend   15    7    2
        0.0041976756676 bend   15   10    2
        0.3334230625038 bend   15   11    2
  92 k -0.1294628210184 bend    4    3    2      val=  10.42640
        0.0645094601996 bend    9    3    2
        0.2633706393633 bend    9    4    2
       -0.0311276813442 bend    8    3    2
       -0.0076191668817 bend    8    4    2
        0.0606816936004 bend    8   12    2
        0.2160518157121 bend    7    3    2
        0.0578381744286 bend    7    4    2
       -0.2419654043429 bend    7    9    2
        0.0535219694173 bend    7   12    2
        0.0786650280409 bend    7   13    2
        0.2663399248299 bend   10    3    2
       -0.3543009010211 bend   10    4    2
        0.0303724023769 bend   10   12    2
        0.0553012285578 bend   10    8    2
        0.1315540279355 bend   10    7    2
       -0.0577309287058 bend   16    8    2
       -0.2953263439244 bend   16    7    2
        0.3361557330537 bend   16   10    2
       -0.3187641231687 bend   11    3    2
        0.2406194675793 bend   11    4    2
        0.0739989191636 bend   11    9    2
        0.0591722108658 bend   11    8    2
       -0.2879458363419 bend   15    9    2
       -0.0606309899370 bend   15    8    2
        0.0322180896784 bend   15    7    2
       -0.1147522625991 bend   15   10    2
        0.3111204595527 bend   15   11    2
  93 k  1.0000000000000 bend    2    1    3      val=  88.75450
  94 k  1.0000000000000 bend   11    8    7      val= 108.12837
  95 k  1.0000000000000 bend    9    7    8      val= 107.99924
  96 k  1.0000000000000 bend   10    8    9      val= 108.11412
  97 k  1.0000000000000 bend   11    9   10      val= 107.86504
  98 k  1.0000000000000 bend   10    7   11      val= 107.88479
        79 non zero eigenvalues  of BmBt
           1           3.651247711    1    0
         1
           2           3.633936298    2    0
         2
           3           3.566631927    3    0
         3
           4           3.516954151    4    0
         4
           5           3.502753826    5    0
         5
           6           3.482070456    6    0
         6
           7           3.450922106    7    0
         7
           8           3.442299719    8    0
         8
           9           3.394100289    9    0
         9
          10           3.380781882   10    0
        10
          11           3.197107567   11    0
        11
          12           3.179710232   12    0
        12
          13           3.173510435   13    0
        13
          14           3.151863945   14    0
        14
          15           3.150523074   15    0
        15
          16           2.064362345   16    0
        16
          17           1.831522901   17    0
        17
          18           1.426334069   18    0
        18
          19           1.423360472   19    0
        19
          20           1.412881889   20    0
        20
          21           1.239759631   21    0
        21
          22           1.222181393   22    0
        22
          23           1.034467362   23    0
        23
          24           1.024810333   24    0
        24
          25           1.010588911   25    0
        25
          26           0.908687906   26    0
        26
          27           0.902328570   27    0
        27
          28           0.776036682   28    0
        28
          29           0.772496838   29    0
        29
          30           0.740690723   30    0
        30
          31           0.737018709   31    0
        31
          32           0.679673448   32    0
        32
          33           0.677751601   33    0
        33
          34           0.676745277   34    0
        34
          35           0.674920466   35    0
        35
          36           0.674824355   36    0
        36
          37           0.673411132   37    0
        37
          38           0.672723625   38    0
        38
          39           0.672032730   39    0
        39
          40           0.671758627   40    0
        40
          41           0.669370508   41    0
        41
          42           0.667597585   42    0
        42
          43           0.663673104   43    0
        43
          44           0.643666516   44    0
        44
          45           0.635860931   45    0
        45
          46           0.629808187   46    0
        46
          47           0.476438085   47    0
        47
          48           0.474510989   48    0
        48
          49           0.454875551   49    0
        49
          50           0.446553915   50    0
        50
          51           0.240713088   51    0
        51
          52           0.198034034   52    0
        52
          53           0.197647449   53    0
        53
          54           0.127290244   54    0
        54
          55           0.108217943   55    0
        55
          56           0.105763613   56    0
        56
          57           0.087086442   57    0
        57
          58           0.079963136   58    0
        58
          59           0.076010421   59    0
        59
          60           0.064735839   60    0
        60
          61           3.034374362    0    0
         0.000000000         0.000000000         0.000000000         0.000000000
         0.000000000         0.000000000         0.000000000         0.000000000
         0.000000000         0.000000000         0.000000000         0.000000000
         0.000000000         0.000000000         0.000000000         0.000000000
         0.000000000         0.000000000         0.000000000         0.000000000
         0.000000000         0.000000000         0.000000000         0.000000000
         0.000000000         0.000000000         0.000000000         0.000000000
         0.000000000         0.000000000         0.000000000         0.000000000
         0.000000000         0.000000000         0.000000000         0.000000000
         0.000000000         0.000000000         0.000000000         0.000000000
         0.000000000         0.000000000         0.000000000         0.000000000
         0.000000000         0.000000000         0.000000000         0.000000000
         0.000000000         0.000000000         0.000000000         0.000000000
         0.000000000         0.000000000         0.000000000         0.000000000
         0.000000000         0.000000000         0.000000000         0.000000000
         0.000010628         0.000525321        -0.162280274        -0.000953192
         0.160983181         0.006517258        -0.006164913         0.010821937
         0.084196313         0.000287772        -0.583817070         0.039589293
        -0.221496363         0.027858176         0.025261853         0.029198984
         0.436395477         0.017406149         0.427208074         0.017601161
        -0.015053453        -0.411166525        -0.001311583        -0.002049884
        -0.030046596         0.017559113         0.005281672        -0.001046848
         0.043434269        -0.002320436        -0.001704090        -0.014396827
        -0.015767033        -0.007643903        -0.002758594        -0.007488777
         0.009193492         0.008723177
          62           1.217514491    0    0
         0.000000000         0.000000000         0.000000000         0.000000000
         0.000000000         0.000000000         0.000000000         0.000000000
         0.000000000         0.000000000         0.000000000         0.000000000
         0.000000000         0.000000000         0.000000000         0.000000000
         0.000000000         0.000000000         0.000000000         0.000000000
         0.000000000         0.000000000         0.000000000         0.000000000
         0.000000000         0.000000000         0.000000000         0.000000000
         0.000000000         0.000000000         0.000000000         0.000000000
         0.000000000         0.000000000         0.000000000         0.000000000
         0.000000000         0.000000000         0.000000000         0.000000000
         0.000000000         0.000000000         0.000000000         0.000000000
         0.000000000         0.000000000         0.000000000         0.000000000
         0.000000000         0.000000000         0.000000000         0.000000000
         0.000000000         0.000000000         0.000000000         0.000000000
         0.000000000         0.000000000         0.000000000         0.000000000
        -0.000081524        -0.000931194         0.009721679         0.000554351
        -0.011395767        -0.049103923         0.051434226        -0.856698691
         0.115181508         0.000517164        -0.238319582        -0.012922694
         0.040978486        -0.012387648        -0.010347064        -0.012192315
        -0.073915084         0.000989627        -0.072516695         0.000775792
        -0.010921952         0.116912681         0.004980510         0.004751983
         0.207608904        -0.086734954        -0.235497568        -0.022168499
        -0.013430449         0.001103390         0.003646283         0.024188032
         0.237383040         0.007428024        -0.007193107         0.007851440
        -0.004443194        -0.003686474
          63           0.996163992    0    0
         0.000000000         0.000000000         0.000000000         0.000000000
         0.000000000         0.000000000         0.000000000         0.000000000
         0.000000000         0.000000000         0.000000000         0.000000000
         0.000000000         0.000000000         0.000000000         0.000000000
         0.000000000         0.000000000         0.000000000         0.000000000
         0.000000000         0.000000000         0.000000000         0.000000000
         0.000000000         0.000000000         0.000000000         0.000000000
         0.000000000         0.000000000         0.000000000         0.000000000
         0.000000000         0.000000000         0.000000000         0.000000000
         0.000000000         0.000000000         0.000000000         0.000000000
         0.000000000         0.000000000         0.000000000         0.000000000
         0.000000000         0.000000000         0.000000000         0.000000000
         0.000000000         0.000000000         0.000000000         0.000000000
         0.000000000         0.000000000         0.000000000         0.000000000
         0.000000000         0.000000000         0.000000000         0.000000000
         0.309104612        -0.658093331        -0.009794372         0.019258382
        -0.007033281        -0.118765327        -0.114050060        -0.001058693
         0.000608309        -0.397347897         0.001965594        -0.006962626
        -0.000460976        -0.019670161         0.006371327         0.018722896
        -0.010847655        -0.006710196         0.012610448         0.007439654
        -0.000149522        -0.000874185        -0.495486346         0.195183267
         0.003001941        -0.000155243         0.000653116        -0.023513287
        -0.000218810         0.001863168        -0.013610603         0.001199311
        -0.000449075        -0.000516112        -0.000209800         0.001185524
         0.011719330        -0.012176494
          64           0.971125014    0    0
         0.000000000         0.000000000         0.000000000         0.000000000
         0.000000000         0.000000000         0.000000000         0.000000000
         0.000000000         0.000000000         0.000000000         0.000000000
         0.000000000         0.000000000         0.000000000         0.000000000
         0.000000000         0.000000000         0.000000000         0.000000000
         0.000000000         0.000000000         0.000000000         0.000000000
         0.000000000         0.000000000         0.000000000         0.000000000
         0.000000000         0.000000000         0.000000000         0.000000000
         0.000000000         0.000000000         0.000000000         0.000000000
         0.000000000         0.000000000         0.000000000         0.000000000
         0.000000000         0.000000000         0.000000000         0.000000000
         0.000000000         0.000000000         0.000000000         0.000000000
         0.000000000         0.000000000         0.000000000         0.000000000
         0.000000000         0.000000000         0.000000000         0.000000000
         0.000000000         0.000000000         0.000000000         0.000000000
         0.000833156        -0.001852112         0.119625185         0.001029985
        -0.118564515         0.020297761        -0.022229391         0.324556683
         0.364747682         0.000234837        -0.661287778        -0.030871334
         0.145632346        -0.013526979        -0.020952613        -0.014896063
        -0.293295846        -0.037496667        -0.287270091        -0.036149256
        -0.025627022         0.231642390        -0.002853864        -0.000317203
        -0.074702389         0.016223360         0.098449437         0.010209994
        -0.016099583         0.000637703        -0.000761868        -0.002480662
         0.174285548         0.004175098        -0.011414778         0.004436936
         0.001345334         0.001427021
          65           0.512102863    0    0
         0.000000000         0.000000000         0.000000000         0.000000000
         0.000000000         0.000000000         0.000000000         0.000000000
         0.000000000         0.000000000         0.000000000         0.000000000
         0.000000000         0.000000000         0.000000000         0.000000000
         0.000000000         0.000000000         0.000000000         0.000000000
         0.000000000         0.000000000         0.000000000         0.000000000
         0.000000000         0.000000000         0.000000000         0.000000000
         0.000000000         0.000000000         0.000000000         0.000000000
         0.000000000         0.000000000         0.000000000         0.000000000
         0.000000000         0.000000000         0.000000000         0.000000000
         0.000000000         0.000000000         0.000000000         0.000000000
         0.000000000         0.000000000         0.000000000         0.000000000
         0.000000000         0.000000000         0.000000000         0.000000000
         0.000000000         0.000000000         0.000000000         0.000000000
         0.000000000         0.000000000         0.000000000         0.000000000
         0.000505404        -0.000662034         0.153714004         0.013903988
        -0.180726597        -0.191483105         0.204021606         0.049546700
        -0.002396411        -0.000658270        -0.001414614        -0.159588065
         0.215346411        -0.089078479        -0.143023185        -0.145895467
         0.106718484         0.411037844         0.084449092         0.446611862
        -0.480149911        -0.051641180         0.003067132         0.007767294
         0.166858854        -0.106537588         0.099591711         0.023245218
         0.011978004        -0.005916693        -0.014512251        -0.104498360
        -0.012139363         0.115957395        -0.160164151         0.129192015
        -0.054894635        -0.033443560
          66           0.504078208    0    0
         0.000000000         0.000000000         0.000000000         0.000000000
         0.000000000         0.000000000         0.000000000         0.000000000
         0.000000000         0.000000000         0.000000000         0.000000000
         0.000000000         0.000000000         0.000000000         0.000000000
         0.000000000         0.000000000         0.000000000         0.000000000
         0.000000000         0.000000000         0.000000000         0.000000000
         0.000000000         0.000000000         0.000000000         0.000000000
         0.000000000         0.000000000         0.000000000         0.000000000
         0.000000000         0.000000000         0.000000000         0.000000000
         0.000000000         0.000000000         0.000000000         0.000000000
         0.000000000         0.000000000         0.000000000         0.000000000
         0.000000000         0.000000000         0.000000000         0.000000000
         0.000000000         0.000000000         0.000000000         0.000000000
         0.000000000         0.000000000         0.000000000         0.000000000
         0.000000000         0.000000000         0.000000000         0.000000000
        -0.018801826         0.037262019         0.248712918        -0.189312146
         0.233815877        -0.152035031        -0.123548537         0.003528989
         0.000463361         0.024171168        -0.000547684         0.123129425
         0.012980609        -0.462836492        -0.143999554         0.443498820
        -0.168027248         0.297272636         0.176269697        -0.244727092
        -0.030638520        -0.001903179        -0.040327655        -0.132895692
         0.012393773        -0.005459493         0.017105216        -0.140015190
        -0.001151005         0.040340396         0.143165586        -0.014948670
        -0.000246232         0.116507809        -0.009841129        -0.100179467
         0.178443236        -0.184842345
          67           0.414561676    0    0
         0.000000000         0.000000000         0.000000000         0.000000000
         0.000000000         0.000000000         0.000000000         0.000000000
         0.000000000         0.000000000         0.000000000         0.000000000
         0.000000000         0.000000000         0.000000000         0.000000000
         0.000000000         0.000000000         0.000000000         0.000000000
         0.000000000         0.000000000         0.000000000         0.000000000
         0.000000000         0.000000000         0.000000000         0.000000000
         0.000000000         0.000000000         0.000000000         0.000000000
         0.000000000         0.000000000         0.000000000         0.000000000
         0.000000000         0.000000000         0.000000000         0.000000000
         0.000000000         0.000000000         0.000000000         0.000000000
         0.000000000         0.000000000         0.000000000         0.000000000
         0.000000000         0.000000000         0.000000000         0.000000000
         0.000000000         0.000000000         0.000000000         0.000000000
         0.000000000         0.000000000         0.000000000         0.000000000
        -0.000327423         0.000589641        -0.218968204        -0.002362663
         0.217128510        -0.096206478         0.101228454         0.022543963
        -0.020662390         0.000346924         0.006420722        -0.301940206
        -0.363704677        -0.398146849        -0.305129469        -0.405347649
        -0.145967387        -0.217828463        -0.150469456        -0.216268708
        -0.262348908        -0.079057680        -0.000730030        -0.001340138
        -0.048576868        -0.152625460        -0.011709364         0.000198929
        -0.022273427        -0.000671420        -0.000633497        -0.005992510
        -0.022783567         0.017736894         0.039301108         0.017369863
        -0.038109199        -0.036568110
          68           0.344908302    0    0
         0.000000000         0.000000000         0.000000000         0.000000000
         0.000000000         0.000000000         0.000000000         0.000000000
         0.000000000         0.000000000         0.000000000         0.000000000
         0.000000000         0.000000000         0.000000000         0.000000000
         0.000000000         0.000000000         0.000000000         0.000000000
         0.000000000         0.000000000         0.000000000         0.000000000
         0.000000000         0.000000000         0.000000000         0.000000000
         0.000000000         0.000000000         0.000000000         0.000000000
         0.000000000         0.000000000         0.000000000         0.000000000
         0.000000000         0.000000000         0.000000000         0.000000000
         0.000000000         0.000000000         0.000000000         0.000000000
         0.000000000         0.000000000         0.000000000         0.000000000
         0.000000000         0.000000000         0.000000000         0.000000000
         0.000000000         0.000000000         0.000000000         0.000000000
         0.000000000         0.000000000         0.000000000         0.000000000
         0.002741997        -0.020057714        -0.181074299         0.271969296
        -0.184819235         0.081475536         0.083737281         0.002785697
        -0.000201787        -0.003525525        -0.000129739        -0.159677638
        -0.002505510        -0.365839058         0.155245245         0.365397270
         0.125643076         0.188438646        -0.123257274        -0.190454425
        -0.001316108        -0.000159985         0.081428315         0.152491399
        -0.001153433        -0.002147003         0.013403444        -0.152158650
        -0.000290186        -0.008472714        -0.009156962        -0.001266540
        -0.000766994        -0.237512049        -0.001603787         0.239398754
        -0.359484592         0.359097396
          69           0.306311860    0    0
         0.000000000         0.000000000         0.000000000         0.000000000
         0.000000000         0.000000000         0.000000000         0.000000000
         0.000000000         0.000000000         0.000000000         0.000000000
         0.000000000         0.000000000         0.000000000         0.000000000
         0.000000000         0.000000000         0.000000000         0.000000000
         0.000000000         0.000000000         0.000000000         0.000000000
         0.000000000         0.000000000         0.000000000         0.000000000
         0.000000000         0.000000000         0.000000000         0.000000000
         0.000000000         0.000000000         0.000000000         0.000000000
         0.000000000         0.000000000         0.000000000         0.000000000
         0.000000000         0.000000000         0.000000000         0.000000000
         0.000000000         0.000000000         0.000000000         0.000000000
         0.000000000         0.000000000         0.000000000         0.000000000
         0.000000000         0.000000000         0.000000000         0.000000000
         0.000000000         0.000000000         0.000000000         0.000000000
         0.000736989        -0.001101629         0.035273681        -0.005830916
        -0.038172732         0.239499773        -0.234167186        -0.035629684
        -0.000745235        -0.000950058         0.002334339         0.186542759
        -0.285436833        -0.060206667         0.188822110        -0.058735485
        -0.082191628         0.216840050        -0.081846120         0.211696102
        -0.406242836         0.029374002        -0.002192882        -0.000735873
        -0.072642231         0.048993459        -0.066905374        -0.006282135
        -0.065166359         0.001598302        -0.007668610        -0.092981834
         0.006614498        -0.342662935         0.383115129        -0.342810682
         0.151591909         0.153999563
          70           0.247197099    0    0
         0.000000000         0.000000000         0.000000000         0.000000000
         0.000000000         0.000000000         0.000000000         0.000000000
         0.000000000         0.000000000         0.000000000         0.000000000
         0.000000000         0.000000000         0.000000000         0.000000000
         0.000000000         0.000000000         0.000000000         0.000000000
         0.000000000         0.000000000         0.000000000         0.000000000
         0.000000000         0.000000000         0.000000000         0.000000000
         0.000000000         0.000000000         0.000000000         0.000000000
         0.000000000         0.000000000         0.000000000         0.000000000
         0.000000000         0.000000000         0.000000000         0.000000000
         0.000000000         0.000000000         0.000000000         0.000000000
         0.000000000         0.000000000         0.000000000         0.000000000
         0.000000000         0.000000000         0.000000000         0.000000000
         0.000000000         0.000000000         0.000000000         0.000000000
         0.000000000         0.000000000         0.000000000         0.000000000
         0.012445794        -0.021069654        -0.418608017        -0.189310325
         0.350590204        -0.104827734         0.315647600         0.065074277
         0.062640458        -0.015774649        -0.001593730         0.169851616
         0.161582857        -0.103529210         0.187028991        -0.201587418
        -0.086981578         0.388807086        -0.094045487         0.149295303
         0.322409653         0.025517816         0.004301655         0.045605311
         0.059933715         0.011591825         0.034251348         0.023897303
        -0.170692002         0.042521171         0.020306586         0.025870917
         0.045838022         0.006059652         0.221109902        -0.076722532
        -0.113238273        -0.035910575
          71           0.245708434    0    0
         0.000000000         0.000000000         0.000000000         0.000000000
         0.000000000         0.000000000         0.000000000         0.000000000
         0.000000000         0.000000000         0.000000000         0.000000000
         0.000000000         0.000000000         0.000000000         0.000000000
         0.000000000         0.000000000         0.000000000         0.000000000
         0.000000000         0.000000000         0.000000000         0.000000000
         0.000000000         0.000000000         0.000000000         0.000000000
         0.000000000         0.000000000         0.000000000         0.000000000
         0.000000000         0.000000000         0.000000000         0.000000000
         0.000000000         0.000000000         0.000000000         0.000000000
         0.000000000         0.000000000         0.000000000         0.000000000
         0.000000000         0.000000000         0.000000000         0.000000000
         0.000000000         0.000000000         0.000000000         0.000000000
         0.000000000         0.000000000         0.000000000         0.000000000
         0.000000000         0.000000000         0.000000000         0.000000000
        -0.038658096         0.062020919        -0.026214739         0.552672170
         0.240628606        -0.367429851        -0.227606438         0.020855744
         0.019979509         0.049766023        -0.000434575         0.060197300
         0.049522330        -0.198748648         0.066593193         0.090889042
        -0.048867801        -0.265469174        -0.015291196         0.446627200
         0.107439555         0.009944733        -0.002083102        -0.116322899
         0.023793918         0.004805973         0.015318980        -0.044089668
        -0.065585724        -0.104776794        -0.049281242         0.013379833
         0.014824775        -0.141779120         0.078773977         0.112295306
         0.084021075        -0.132776351
          72           0.217479735    0    0
         0.000000000         0.000000000         0.000000000         0.000000000
         0.000000000         0.000000000         0.000000000         0.000000000
         0.000000000         0.000000000         0.000000000         0.000000000
         0.000000000         0.000000000         0.000000000         0.000000000
         0.000000000         0.000000000         0.000000000         0.000000000
         0.000000000         0.000000000         0.000000000         0.000000000
         0.000000000         0.000000000         0.000000000         0.000000000
         0.000000000         0.000000000         0.000000000         0.000000000
         0.000000000         0.000000000         0.000000000         0.000000000
         0.000000000         0.000000000         0.000000000         0.000000000
         0.000000000         0.000000000         0.000000000         0.000000000
         0.000000000         0.000000000         0.000000000         0.000000000
         0.000000000         0.000000000         0.000000000         0.000000000
         0.000000000         0.000000000         0.000000000         0.000000000
         0.000000000         0.000000000         0.000000000         0.000000000
         0.026415188         0.042886629        -0.090989073         0.084534257
        -0.080544216        -0.180272851        -0.174337914         0.000978160
         0.000757995        -0.033953677         0.000010176         0.545681799
         0.012501963         0.063738119        -0.532403116        -0.062880238
         0.354270676         0.127828309        -0.377856223        -0.125123694
        -0.001214547         0.000333550         0.017420476        -0.045500840
         0.002949740        -0.000900473         0.004436438        -0.046248786
        -0.003413348         0.006125436        -0.048021002         0.003028721
         0.000391382         0.018783105         0.001414368        -0.021464261
        -0.083329296         0.084636255
          73           0.117474957    0    0
         0.000000000         0.000000000         0.000000000         0.000000000
         0.000000000         0.000000000         0.000000000         0.000000000
         0.000000000         0.000000000         0.000000000         0.000000000
         0.000000000         0.000000000         0.000000000         0.000000000
         0.000000000         0.000000000         0.000000000         0.000000000
         0.000000000         0.000000000         0.000000000         0.000000000
         0.000000000         0.000000000         0.000000000         0.000000000
         0.000000000         0.000000000         0.000000000         0.000000000
         0.000000000         0.000000000         0.000000000         0.000000000
         0.000000000         0.000000000         0.000000000         0.000000000
         0.000000000         0.000000000         0.000000000         0.000000000
         0.000000000         0.000000000         0.000000000         0.000000000
         0.000000000         0.000000000         0.000000000         0.000000000
         0.000000000         0.000000000         0.000000000         0.000000000
         0.000000000         0.000000000         0.000000000         0.000000000
         0.000646993        -0.003433527         0.224459646         0.031882150
        -0.254773636        -0.086663589         0.114184822         0.045761107
         0.101142472        -0.000469597         0.033963189        -0.039887645
        -0.700559443        -0.004014277        -0.110584081        -0.014200745
        -0.033125336         0.199595937         0.044981698         0.189984537
         0.394634774         0.145328071         0.010695179         0.020877302
         0.177132055         0.128594826         0.061039861         0.003628877
         0.020445827        -0.002190275         0.000050923         0.037817507
         0.091478552         0.068242959         0.050484689         0.063905913
        -0.088608216        -0.085777165
          74           0.116697432    0    0
         0.000000000         0.000000000         0.000000000         0.000000000
         0.000000000         0.000000000         0.000000000         0.000000000
         0.000000000         0.000000000         0.000000000         0.000000000
         0.000000000         0.000000000         0.000000000         0.000000000
         0.000000000         0.000000000         0.000000000         0.000000000
         0.000000000         0.000000000         0.000000000         0.000000000
         0.000000000         0.000000000         0.000000000         0.000000000
         0.000000000         0.000000000         0.000000000         0.000000000
         0.000000000         0.000000000         0.000000000         0.000000000
         0.000000000         0.000000000         0.000000000         0.000000000
         0.000000000         0.000000000         0.000000000         0.000000000
         0.000000000         0.000000000         0.000000000         0.000000000
         0.000000000         0.000000000         0.000000000         0.000000000
         0.000000000         0.000000000         0.000000000         0.000000000
         0.000000000         0.000000000         0.000000000         0.000000000
         0.010062103        -0.041389268        -0.180820832         0.352080146
        -0.137588646         0.216688705         0.203423683        -0.001901538
        -0.008669523        -0.012965744        -0.003083399         0.340625151
         0.061503323         0.033920044        -0.321350054        -0.034976778
        -0.477559280         0.008884153         0.476137622        -0.042007202
        -0.036171474        -0.012246934         0.079994750         0.191545246
        -0.018118995        -0.014083983        -0.000307946        -0.047958938
        -0.003026465        -0.050182359        -0.035041213        -0.002502763
        -0.008312965         0.003886075        -0.004129653        -0.014639890
        -0.005336484         0.021585004
          75           0.101187866    0    0
         0.000000000         0.000000000         0.000000000         0.000000000
         0.000000000         0.000000000         0.000000000         0.000000000
         0.000000000         0.000000000         0.000000000         0.000000000
         0.000000000         0.000000000         0.000000000         0.000000000
         0.000000000         0.000000000         0.000000000         0.000000000
         0.000000000         0.000000000         0.000000000         0.000000000
         0.000000000         0.000000000         0.000000000         0.000000000
         0.000000000         0.000000000         0.000000000         0.000000000
         0.000000000         0.000000000         0.000000000         0.000000000
         0.000000000         0.000000000         0.000000000         0.000000000
         0.000000000         0.000000000         0.000000000         0.000000000
         0.000000000         0.000000000         0.000000000         0.000000000
         0.000000000         0.000000000         0.000000000         0.000000000
         0.000000000         0.000000000         0.000000000         0.000000000
         0.000000000         0.000000000         0.000000000         0.000000000
         0.000467940        -0.001372534        -0.077485088         0.007928940
         0.084979149         0.284101751        -0.278764210        -0.013754322
         0.061107015        -0.000382759         0.025811593        -0.500607978
         0.224661568         0.024035436        -0.510326304         0.022518748
         0.102136574         0.150122147         0.098296608         0.147366553
         0.222162204         0.063707474         0.000731128         0.003069508
        -0.043451740         0.235413958        -0.093581524        -0.008695320
        -0.144691717         0.003551077        -0.003876818        -0.034969468
         0.064181577        -0.097315156         0.177735235        -0.099076067
         0.000871923         0.001501889
          76           0.080976475    0    0
         0.000000000         0.000000000         0.000000000         0.000000000
         0.000000000         0.000000000         0.000000000         0.000000000
         0.000000000         0.000000000         0.000000000         0.000000000
         0.000000000         0.000000000         0.000000000         0.000000000
         0.000000000         0.000000000         0.000000000         0.000000000
         0.000000000         0.000000000         0.000000000         0.000000000
         0.000000000         0.000000000         0.000000000         0.000000000
         0.000000000         0.000000000         0.000000000         0.000000000
         0.000000000         0.000000000         0.000000000         0.000000000
         0.000000000         0.000000000         0.000000000         0.000000000
         0.000000000         0.000000000         0.000000000         0.000000000
         0.000000000         0.000000000         0.000000000         0.000000000
         0.000000000         0.000000000         0.000000000         0.000000000
         0.000000000         0.000000000         0.000000000         0.000000000
         0.000000000         0.000000000         0.000000000         0.000000000
         0.011003618        -0.078655370         0.449351802         0.419515313
         0.447505601         0.349674533         0.354095971        -0.000752050
        -0.000505718        -0.014146823        -0.000205796         0.015890064
        -0.005845148         0.055298171        -0.006409356        -0.049384062
         0.186388203         0.104668704        -0.191525050        -0.107032488
        -0.004692592         0.000774220        -0.043137452         0.057709271
        -0.002684550         0.003084845        -0.006819859         0.090143791
        -0.001944299        -0.161646915         0.132196294        -0.005336789
        -0.000415896         0.073126421        -0.004010280        -0.070652637
         0.018018350        -0.016861801
          77           0.064631261    0    0
         0.000000000         0.000000000         0.000000000         0.000000000
         0.000000000         0.000000000         0.000000000         0.000000000
         0.000000000         0.000000000         0.000000000         0.000000000
         0.000000000         0.000000000         0.000000000         0.000000000
         0.000000000         0.000000000         0.000000000         0.000000000
         0.000000000         0.000000000         0.000000000         0.000000000
         0.000000000         0.000000000         0.000000000         0.000000000
         0.000000000         0.000000000         0.000000000         0.000000000
         0.000000000         0.000000000         0.000000000         0.000000000
         0.000000000         0.000000000         0.000000000         0.000000000
         0.000000000         0.000000000         0.000000000         0.000000000
         0.000000000         0.000000000         0.000000000         0.000000000
         0.000000000         0.000000000         0.000000000         0.000000000
         0.000000000         0.000000000         0.000000000         0.000000000
         0.000000000         0.000000000         0.000000000         0.000000000
        -0.000307199        -0.000096822         0.108195928         0.003124321
        -0.105301315         0.065258317        -0.068354809         0.024913880
         0.091269096         0.000721657         0.043796851         0.114985220
         0.108146632        -0.306353641         0.109207920        -0.310991259
         0.373022429        -0.073933326         0.366086641        -0.080888196
         0.066010462         0.553272022        -0.004186178        -0.005809360
        -0.198159481        -0.255645918        -0.020107131        -0.003179020
        -0.020877975        -0.001653075        -0.001185741        -0.011033628
         0.087835833         0.014275760         0.107224482         0.011439494
        -0.068851650        -0.066368393
          78           0.006910756    0    0
         0.000000000         0.000000000         0.000000000         0.000000000
         0.000000000         0.000000000         0.000000000         0.000000000
         0.000000000         0.000000000         0.000000000         0.000000000
         0.000000000         0.000000000         0.000000000         0.000000000
         0.000000000         0.000000000         0.000000000         0.000000000
         0.000000000         0.000000000         0.000000000         0.000000000
         0.000000000         0.000000000         0.000000000         0.000000000
         0.000000000         0.000000000         0.000000000         0.000000000
         0.000000000         0.000000000         0.000000000         0.000000000
         0.000000000         0.000000000         0.000000000         0.000000000
         0.000000000         0.000000000         0.000000000         0.000000000
         0.000000000         0.000000000         0.000000000         0.000000000
         0.000000000         0.000000000         0.000000000         0.000000000
         0.000000000         0.000000000         0.000000000         0.000000000
         0.000000000         0.000000000         0.000000000         0.000000000
        -0.000028256        -0.001108611        -0.069007171        -0.000972840
         0.069040768        -0.012900058         0.016041636         0.254947758
         0.533192296         0.001945227         0.325027265         0.021319910
        -0.013839969         0.076962146         0.021102470         0.077179324
         0.080000939        -0.069652781         0.077289374        -0.065080808
        -0.129025368        -0.147433945         0.005111051         0.003774866
         0.257813770        -0.098300788        -0.352051247        -0.034246576
         0.030419148        -0.000840281         0.003932768         0.022733350
         0.502782588        -0.022350277        -0.043354126        -0.022430312
         0.045676445         0.042293597
          79           0.002211345    0    0
         0.000000000         0.000000000         0.000000000         0.000000000
         0.000000000         0.000000000         0.000000000         0.000000000
         0.000000000         0.000000000         0.000000000         0.000000000
         0.000000000         0.000000000         0.000000000         0.000000000
         0.000000000         0.000000000         0.000000000         0.000000000
         0.000000000         0.000000000         0.000000000         0.000000000
         0.000000000         0.000000000         0.000000000         0.000000000
         0.000000000         0.000000000         0.000000000         0.000000000
         0.000000000         0.000000000         0.000000000         0.000000000
         0.000000000         0.000000000         0.000000000         0.000000000
         0.000000000         0.000000000         0.000000000         0.000000000
         0.000000000         0.000000000         0.000000000         0.000000000
         0.000000000         0.000000000         0.000000000         0.000000000
         0.000000000         0.000000000         0.000000000         0.000000000
         0.000000000         0.000000000         0.000000000         0.000000000
        -0.527759887        -0.392204907        -0.021458077        -0.005767554
        -0.020814755        -0.036522358        -0.035614001         0.000000167
        -0.002674497         0.678419093         0.000034658         0.024124729
         0.000645757         0.020427282        -0.024077682        -0.018999377
         0.013791141         0.025017528        -0.014908040        -0.025190182
        -0.000367861        -0.000443236        -0.286578399         0.132056569
         0.001012238         0.000362084        -0.000262626        -0.007105632
         0.000236329         0.004266780        -0.009373953         0.000645358
         0.000121147         0.006991774         0.000077694        -0.007735100
        -0.013964436         0.014637621
$user-defined bonds
$end
