$dipgrad          cartesian dipole gradients
  0.69864568898821D+00  -.16619040038705D-15  -.10900043485036D-16
  -.15957253155656D-15  0.69864568898821D+00  -.23459890374314D-15
  0.52487243609989D-16  -.10802211174110D-15  0.18468724320116D+01
  0.10207555195637D+01  -.57375653709959D+00  0.10042778376485D-14
  -.57375653709964D+00  0.10207555195638D+01  0.11851134426566D-15
  0.10969095195789D-15  -.16441211261693D-15  0.16632233394425D+01
  0.10207555195637D+01  0.57375653709958D+00  -.10860169637361D-14
  0.57375653709960D+00  0.10207555195637D+01  -.10785371334162D-14
  -.50164838086866D-15  -.23426546393912D-15  0.16632233394425D+01
  -.39604537392138D+00  -.28123723481916D+00  0.44043792885185D+00
  -.28123723481917D+00  -.39604537392138D+00  0.44043792885185D+00
  0.24047037987762D+00  0.24047037987762D+00  -.91553449587469D+00
  -.39604537392140D+00  -.28123723481917D+00  -.44043792885185D+00
  -.28123723481918D+00  -.39604537392141D+00  -.44043792885186D+00
  -.24047037987762D+00  -.24047037987762D+00  -.91553449587468D+00
  -.39604537392135D+00  0.28123723481916D+00  -.44043792885185D+00
  0.28123723481918D+00  -.39604537392133D+00  0.44043792885185D+00
  -.24047037987761D+00  0.24047037987761D+00  -.91553449587469D+00
  -.39604537392136D+00  0.28123723481917D+00  0.44043792885186D+00
  0.28123723481916D+00  -.39604537392136D+00  -.44043792885185D+00
  0.24047037987762D+00  -.24047037987761D+00  -.91553449587469D+00
  -.18838955005881D+00  0.79480203543557D-01  0.13525131228669D+00
  0.12515268120553D+00  -.14723960881313D+00  -.19874739286576D+00
  0.10205979077672D+00  -.12685112188087D+00  -.11694564057930D+00
  -.20539947558062D+00  0.22100128059407D+00  0.17748973111199D+00
  0.22100128059407D+00  -.20539947558061D+00  -.17748973111199D+00
  0.50871732335594D-01  -.50871732335587D-01  -.27160201661432D+00
  -.14723960881313D+00  0.12515268120555D+00  0.19874739286576D+00
  0.79480203543553D-01  -.18838955005880D+00  -.13525131228668D+00
  0.12685112188088D+00  -.10205979077672D+00  -.11694564057930D+00
  -.16809370867853D+00  0.19363270351624D+00  0.14947768683429D+00
  0.17337740034728D+00  -.17965164129808D+00  -.25725618692775D+00
  0.69776206140654D-01  -.12969474543694D+00  -.13982289015134D+00
  -.17965164129808D+00  0.17337740034728D+00  0.25725618692774D+00
  0.19363270351625D+00  -.16809370867852D+00  -.14947768683430D+00
  0.12969474543694D+00  -.69776206140654D-01  -.13982289015134D+00
  -.14723960881313D+00  0.12515268120552D+00  -.19874739286575D+00
  0.79480203543548D-01  -.18838955005879D+00  0.13525131228669D+00
  -.12685112188088D+00  0.10205979077672D+00  -.11694564057930D+00
  -.20539947558061D+00  0.22100128059407D+00  -.17748973111199D+00
  0.22100128059407D+00  -.20539947558062D+00  0.17748973111200D+00
  -.50871732335588D-01  0.50871732335584D-01  -.27160201661434D+00
  -.18838955005878D+00  0.79480203543557D-01  -.13525131228669D+00
  0.12515268120553D+00  -.14723960881313D+00  0.19874739286575D+00
  -.10205979077672D+00  0.12685112188088D+00  -.11694564057930D+00
  -.17965164129808D+00  0.17337740034728D+00  -.25725618692774D+00
  0.19363270351624D+00  -.16809370867852D+00  0.14947768683430D+00
  -.12969474543694D+00  0.69776206140657D-01  -.13982289015134D+00
  -.16809370867853D+00  0.19363270351624D+00  -.14947768683430D+00
  0.17337740034727D+00  -.17965164129808D+00  0.25725618692774D+00
  -.69776206140650D-01  0.12969474543694D+00  -.13982289015132D+00
  -.14723960881313D+00  -.12515268120554D+00  -.19874739286576D+00
  -.79480203543558D-01  -.18838955005877D+00  -.13525131228668D+00
  -.12685112188088D+00  -.10205979077672D+00  -.11694564057927D+00
  -.16809370867853D+00  -.19363270351624D+00  -.14947768683429D+00
  -.17337740034727D+00  -.17965164129808D+00  -.25725618692775D+00
  -.69776206140653D-01  -.12969474543693D+00  -.13982289015133D+00
  -.17965164129809D+00  -.17337740034727D+00  -.25725618692775D+00
  -.19363270351624D+00  -.16809370867853D+00  -.14947768683428D+00
  -.12969474543693D+00  -.69776206140656D-01  -.13982289015134D+00
  -.18838955005878D+00  -.79480203543559D-01  -.13525131228668D+00
  -.12515268120554D+00  -.14723960881313D+00  -.19874739286576D+00
  -.10205979077672D+00  -.12685112188087D+00  -.11694564057928D+00
  -.20539947558060D+00  -.22100128059407D+00  -.17748973111199D+00
  -.22100128059407D+00  -.20539947558060D+00  -.17748973111199D+00
  -.50871732335578D-01  -.50871732335574D-01  -.27160201661433D+00
  -.18838955005875D+00  -.79480203543552D-01  0.13525131228667D+00
  -.12515268120552D+00  -.14723960881313D+00  0.19874739286575D+00
  0.10205979077673D+00  0.12685112188088D+00  -.11694564057927D+00
  -.17965164129809D+00  -.17337740034728D+00  0.25725618692775D+00
  -.19363270351625D+00  -.16809370867852D+00  0.14947768683429D+00
  0.12969474543694D+00  0.69776206140647D-01  -.13982289015132D+00
  -.16809370867853D+00  -.19363270351625D+00  0.14947768683428D+00
  -.17337740034727D+00  -.17965164129809D+00  0.25725618692774D+00
  0.69776206140651D-01  0.12969474543693D+00  -.13982289015131D+00
  -.14723960881313D+00  -.12515268120552D+00  0.19874739286575D+00
  -.79480203543562D-01  -.18838955005875D+00  0.13525131228667D+00
  0.12685112188088D+00  0.10205979077672D+00  -.11694564057927D+00
  -.20539947558060D+00  -.22100128059406D+00  0.17748973111200D+00
  -.22100128059407D+00  -.20539947558061D+00  0.17748973111200D+00
  0.50871732335578D-01  0.50871732335576D-01  -.27160201661434D+00
  0.51723958598165D-01  -.11834795840761D+00  -.33045193697227D-01
  -.77415337707337D-01  0.39403993259185D-01  0.93991946000946D-01
  -.29063036114875D-02  0.78718950811812D-01  0.92921022888376D-01
  0.40813432714940D-01  -.77120320241124D-01  -.15223932746797D+00
  -.61210536364101D-01  0.10882172123287D+00  0.34752342953677D-01
  -.90669031915752D-01  0.18910508910694D-02  -.13773296499846D-01
  0.10901707052193D+00  -.60942862823479D-01  -.93813400696927D-01
  -.60942862823478D-01  0.10901707052193D+00  0.93813400696927D-01
  -.72525841045840D-01  0.72525841045841D-01  -.95165654636592D-03
  0.10882172123287D+00  -.61210536364102D-01  -.34752342953678D-01
  -.77120320241123D-01  0.40813432714936D-01  0.15223932746797D+00
  -.18910508910702D-02  0.90669031915752D-01  -.13773296499847D-01
  0.39403993259184D-01  -.77415337707340D-01  -.93991946000945D-01
  -.11834795840762D+00  0.51723958598164D-01  0.33045193697227D-01
  -.78718950811817D-01  0.29063036114875D-02  0.92921022888376D-01
  0.40813432714940D-01  -.77120320241123D-01  0.15223932746797D+00
  -.61210536364103D-01  0.10882172123287D+00  -.34752342953677D-01
  0.90669031915752D-01  -.18910508910728D-02  -.13773296499847D-01
  0.51723958598163D-01  -.11834795840760D+00  0.33045193697207D-01
  -.77415337707337D-01  0.39403993259181D-01  -.93991946000939D-01
  0.29063036114880D-02  -.78718950811818D-01  0.92921022888378D-01
  0.10901707052193D+00  -.60942862823479D-01  0.93813400696927D-01
  -.60942862823479D-01  0.10901707052193D+00  -.93813400696927D-01
  0.72525841045840D-01  -.72525841045842D-01  -.95165654636553D-03
  0.39403993259182D-01  -.77415337707336D-01  0.93991946000939D-01
  -.11834795840760D+00  0.51723958598163D-01  -.33045193697208D-01
  0.78718950811816D-01  -.29063036114880D-02  0.92921022888378D-01
  0.10882172123287D+00  -.61210536364100D-01  0.34752342953677D-01
  -.77120320241124D-01  0.40813432714940D-01  -.15223932746797D+00
  0.18910508910694D-02  -.90669031915751D-01  -.13773296499847D-01
  0.51723958598165D-01  0.11834795840760D+00  -.33045193697210D-01
  0.77415337707336D-01  0.39403993259181D-01  -.93991946000938D-01
  -.29063036114880D-02  -.78718950811821D-01  0.92921022888380D-01
  0.10901707052193D+00  0.60942862823478D-01  -.93813400696927D-01
  0.60942862823478D-01  0.10901707052193D+00  -.93813400696928D-01
  -.72525841045841D-01  -.72525841045839D-01  -.95165654636403D-03
  0.39403993259181D-01  0.77415337707335D-01  -.93991946000939D-01
  0.11834795840760D+00  0.51723958598166D-01  -.33045193697205D-01
  -.78718950811818D-01  -.29063036114880D-02  0.92921022888380D-01
  0.10882172123287D+00  0.61210536364101D-01  -.34752342953675D-01
  0.77120320241124D-01  0.40813432714940D-01  -.15223932746797D+00
  -.18910508910733D-02  -.90669031915749D-01  -.13773296499847D-01
  0.40813432714941D-01  0.77120320241123D-01  -.15223932746797D+00
  0.61210536364099D-01  0.10882172123287D+00  -.34752342953677D-01
  -.90669031915752D-01  -.18910508910716D-02  -.13773296499847D-01
  0.40813432714941D-01  0.77120320241124D-01  0.15223932746797D+00
  0.61210536364103D-01  0.10882172123287D+00  0.34752342953679D-01
  0.90669031915753D-01  0.18910508910724D-02  -.13773296499849D-01
  0.51723958598166D-01  0.11834795840762D+00  0.33045193697231D-01
  0.77415337707337D-01  0.39403993259184D-01  0.93991946000945D-01
  0.29063036114876D-02  0.78718950811814D-01  0.92921022888377D-01
  0.10901707052193D+00  0.60942862823473D-01  0.93813400696927D-01
  0.60942862823480D-01  0.10901707052192D+00  0.93813400696927D-01
  0.72525841045841D-01  0.72525841045840D-01  -.95165654636328D-03
  0.10882172123287D+00  0.61210536364107D-01  0.34752342953672D-01
  0.77120320241122D-01  0.40813432714942D-01  0.15223932746797D+00
  0.18910508910717D-02  0.90669031915752D-01  -.13773296499848D-01
  0.39403993259183D-01  0.77415337707336D-01  0.93991946000943D-01
  0.11834795840762D+00  0.51723958598163D-01  0.33045193697227D-01
  0.78718950811819D-01  0.29063036114875D-02  0.92921022888377D-01
$end
