$dipgrad          cartesian dipole gradients
  0.72102527981128D+00  -.24636868132649D-16  0.40572885605182D-18
  -.10734197946187D-15  0.72102527981130D+00  0.36765465052147D-16
  -.16889836967443D-16  -.18151916108127D-16  0.19494495039631D+01
  0.10520372790264D+01  -.70481446970195D+00  0.12776644976384D-16
  -.70481446970191D+00  0.10520372790264D+01  -.64251472455738D-16
  -.39801548795888D-17  0.17687000850735D-16  0.29614635696035D+01
  0.10520372790264D+01  0.70481446970196D+00  -.47069104718219D-16
  0.70481446970195D+00  0.10520372790264D+01  -.35970193782330D-16
  0.97282633964663D-16  -.31696078765374D-16  0.29614635696035D+01
  -.44326727635661D+00  -.29379598344832D+00  0.45437396474211D+00
  -.29379598344832D+00  -.44326727635661D+00  0.45437396474211D+00
  0.20178373777255D+00  0.20178373777255D+00  -.16275346322644D+01
  -.44326727635661D+00  -.29379598344833D+00  -.45437396474211D+00
  -.29379598344833D+00  -.44326727635661D+00  -.45437396474211D+00
  -.20178373777255D+00  -.20178373777255D+00  -.16275346322644D+01
  -.44326727635662D+00  0.29379598344833D+00  -.45437396474211D+00
  0.29379598344833D+00  -.44326727635662D+00  0.45437396474211D+00
  -.20178373777255D+00  0.20178373777255D+00  -.16275346322644D+01
  -.44326727635661D+00  0.29379598344833D+00  0.45437396474211D+00
  0.29379598344833D+00  -.44326727635661D+00  -.45437396474211D+00
  0.20178373777256D+00  -.20178373777255D+00  -.16275346322644D+01
  -.18544821988089D+00  0.79636961345201D-01  0.20604366386674D+00
  0.12485707734128D+00  -.16037201185233D+00  -.16306174628257D+00
  0.11408287466003D+00  -.13934041050746D+00  -.13600058004052D+00
  -.19256752145213D+00  0.19951040206419D+00  0.12070379823518D+00
  0.19951040206420D+00  -.19256752145213D+00  -.12070379823518D+00
  0.57165388256235D-01  -.57165388256235D-01  -.25273619832536D+00
  -.16037201185234D+00  0.12485707734127D+00  0.16306174628257D+00
  0.79636961345202D-01  -.18544821988089D+00  -.20604366386674D+00
  0.13934041050745D+00  -.11408287466003D+00  -.13600058004052D+00
  -.15506701687553D+00  0.15573076127979D+00  0.15258214440678D+00
  0.15631808521266D+00  -.17208444132867D+00  -.26116875948297D+00
  0.75067089874223D-01  -.12513252999986D+00  -.11793462920284D+00
  -.17208444132867D+00  0.15631808521266D+00  0.26116875948297D+00
  0.15573076127978D+00  -.15506701687553D+00  -.15258214440678D+00
  0.12513252999986D+00  -.75067089874222D-01  -.11793462920284D+00
  -.16037201185233D+00  0.12485707734127D+00  -.16306174628257D+00
  0.79636961345199D-01  -.18544821988089D+00  0.20604366386674D+00
  -.13934041050746D+00  0.11408287466003D+00  -.13600058004052D+00
  -.19256752145213D+00  0.19951040206419D+00  -.12070379823518D+00
  0.19951040206420D+00  -.19256752145212D+00  0.12070379823518D+00
  -.57165388256233D-01  0.57165388256232D-01  -.25273619832535D+00
  -.18544821988089D+00  0.79636961345201D-01  -.20604366386674D+00
  0.12485707734128D+00  -.16037201185233D+00  0.16306174628257D+00
  -.11408287466003D+00  0.13934041050745D+00  -.13600058004053D+00
  -.17208444132867D+00  0.15631808521266D+00  -.26116875948297D+00
  0.15573076127979D+00  -.15506701687553D+00  0.15258214440678D+00
  -.12513252999986D+00  0.75067089874221D-01  -.11793462920284D+00
  -.15506701687552D+00  0.15573076127980D+00  -.15258214440678D+00
  0.15631808521266D+00  -.17208444132867D+00  0.26116875948297D+00
  -.75067089874221D-01  0.12513252999986D+00  -.11793462920283D+00
  -.16037201185233D+00  -.12485707734127D+00  -.16306174628257D+00
  -.79636961345200D-01  -.18544821988089D+00  -.20604366386674D+00
  -.13934041050746D+00  -.11408287466003D+00  -.13600058004053D+00
  -.15506701687552D+00  -.15573076127979D+00  -.15258214440678D+00
  -.15631808521266D+00  -.17208444132868D+00  -.26116875948297D+00
  -.75067089874222D-01  -.12513252999986D+00  -.11793462920284D+00
  -.17208444132868D+00  -.15631808521266D+00  -.26116875948297D+00
  -.15573076127979D+00  -.15506701687552D+00  -.15258214440678D+00
  -.12513252999986D+00  -.75067089874225D-01  -.11793462920284D+00
  -.18544821988089D+00  -.79636961345194D-01  -.20604366386674D+00
  -.12485707734127D+00  -.16037201185233D+00  -.16306174628257D+00
  -.11408287466003D+00  -.13934041050745D+00  -.13600058004053D+00
  -.19256752145213D+00  -.19951040206420D+00  -.12070379823518D+00
  -.19951040206420D+00  -.19256752145213D+00  -.12070379823518D+00
  -.57165388256231D-01  -.57165388256233D-01  -.25273619832535D+00
  -.18544821988088D+00  -.79636961345203D-01  0.20604366386674D+00
  -.12485707734127D+00  -.16037201185233D+00  0.16306174628257D+00
  0.11408287466003D+00  0.13934041050746D+00  -.13600058004053D+00
  -.17208444132868D+00  -.15631808521266D+00  0.26116875948297D+00
  -.15573076127979D+00  -.15506701687553D+00  0.15258214440678D+00
  0.12513252999986D+00  0.75067089874224D-01  -.11793462920284D+00
  -.15506701687552D+00  -.15573076127979D+00  0.15258214440678D+00
  -.15631808521266D+00  -.17208444132867D+00  0.26116875948297D+00
  0.75067089874223D-01  0.12513252999986D+00  -.11793462920284D+00
  -.16037201185233D+00  -.12485707734129D+00  0.16306174628257D+00
  -.79636961345198D-01  -.18544821988089D+00  0.20604366386674D+00
  0.13934041050746D+00  0.11408287466003D+00  -.13600058004053D+00
  -.19256752145213D+00  -.19951040206419D+00  0.12070379823518D+00
  -.19951040206420D+00  -.19256752145213D+00  0.12070379823518D+00
  0.57165388256232D-01  0.57165388256233D-01  -.25273619832535D+00
  0.54804489649331D-01  -.11453183953860D+00  -.29896138390311D-01
  -.74250621329799D-01  0.46429890066956D-01  0.95033927331417D-01
  -.25425118650802D-02  0.79976669878978D-01  0.89084355792444D-01
  0.37880633577126D-01  -.71802823330695D-01  -.15419519241953D+00
  -.57380791856623D-01  0.10769896345329D+00  0.35450400088677D-01
  -.89917255014233D-01  0.32543498094111D-02  -.64106662325264D-02
  0.10571755153175D+00  -.56914059029473D-01  -.79241968418091D-01
  -.56914059029474D-01  0.10571755153174D+00  0.79241968418091D-01
  -.69573416361874D-01  0.69573416361874D-01  0.46997091579823D-02
  0.10769896345329D+00  -.57380791856619D-01  -.35450400088678D-01
  -.71802823330695D-01  0.37880633577125D-01  0.15419519241953D+00
  -.32543498094112D-02  0.89917255014233D-01  -.64106662325268D-02
  0.46429890066955D-01  -.74250621329800D-01  -.95033927331416D-01
  -.11453183953860D+00  0.54804489649330D-01  0.29896138390314D-01
  -.79976669878976D-01  0.25425118650802D-02  0.89084355792443D-01
  0.37880633577126D-01  -.71802823330695D-01  0.15419519241953D+00
  -.57380791856622D-01  0.10769896345329D+00  -.35450400088677D-01
  0.89917255014234D-01  -.32543498094118D-02  -.64106662325264D-02
  0.54804489649331D-01  -.11453183953860D+00  0.29896138390313D-01
  -.74250621329800D-01  0.46429890066956D-01  -.95033927331416D-01
  0.25425118650802D-02  -.79976669878976D-01  0.89084355792443D-01
  0.10571755153175D+00  -.56914059029473D-01  0.79241968418091D-01
  -.56914059029474D-01  0.10571755153175D+00  -.79241968418091D-01
  0.69573416361876D-01  -.69573416361876D-01  0.46997091579841D-02
  0.46429890066956D-01  -.74250621329801D-01  0.95033927331416D-01
  -.11453183953860D+00  0.54804489649328D-01  -.29896138390313D-01
  0.79976669878976D-01  -.25425118650802D-02  0.89084355792443D-01
  0.10769896345329D+00  -.57380791856621D-01  0.35450400088677D-01
  -.71802823330695D-01  0.37880633577124D-01  -.15419519241953D+00
  0.32543498094117D-02  -.89917255014232D-01  -.64106662325269D-02
  0.54804489649329D-01  0.11453183953860D+00  -.29896138390314D-01
  0.74250621329800D-01  0.46429890066955D-01  -.95033927331415D-01
  -.25425118650803D-02  -.79976669878978D-01  0.89084355792444D-01
  0.10571755153175D+00  0.56914059029473D-01  -.79241968418091D-01
  0.56914059029472D-01  0.10571755153175D+00  -.79241968418091D-01
  -.69573416361871D-01  -.69573416361872D-01  0.46997091579900D-02
  0.46429890066958D-01  0.74250621329798D-01  -.95033927331415D-01
  0.11453183953860D+00  0.54804489649330D-01  -.29896138390312D-01
  -.79976669878976D-01  -.25425118650802D-02  0.89084355792443D-01
  0.10769896345329D+00  0.57380791856623D-01  -.35450400088677D-01
  0.71802823330694D-01  0.37880633577124D-01  -.15419519241953D+00
  -.32543498094126D-02  -.89917255014234D-01  -.64106662325254D-02
  0.37880633577125D-01  0.71802823330694D-01  -.15419519241953D+00
  0.57380791856624D-01  0.10769896345329D+00  -.35450400088677D-01
  -.89917255014232D-01  -.32543498094118D-02  -.64106662325252D-02
  0.37880633577125D-01  0.71802823330693D-01  0.15419519241953D+00
  0.57380791856622D-01  0.10769896345328D+00  0.35450400088680D-01
  0.89917255014232D-01  0.32543498094118D-02  -.64106662325271D-02
  0.54804489649328D-01  0.11453183953859D+00  0.29896138390311D-01
  0.74250621329800D-01  0.46429890066957D-01  0.95033927331416D-01
  0.25425118650803D-02  0.79976669878970D-01  0.89084355792443D-01
  0.10571755153174D+00  0.56914059029471D-01  0.79241968418091D-01
  0.56914059029474D-01  0.10571755153174D+00  0.79241968418091D-01
  0.69573416361869D-01  0.69573416361866D-01  0.46997091579873D-02
  0.10769896345329D+00  0.57380791856621D-01  0.35450400088678D-01
  0.71802823330695D-01  0.37880633577127D-01  0.15419519241953D+00
  0.32543498094119D-02  0.89917255014232D-01  -.64106662325249D-02
  0.46429890066956D-01  0.74250621329799D-01  0.95033927331415D-01
  0.11453183953860D+00  0.54804489649330D-01  0.29896138390311D-01
  0.79976669878977D-01  0.25425118650803D-02  0.89084355792443D-01
$end
