# Electronic transition moments of , IRREP a   electric dipole (length) / electric dipole (velocity) / magnetic dipole
 -.87419732130413E+00   -.87399542428705E+00   0.48583645274778E-05   0.59821703033086E-02   0.59861516596998E-02   -.10094409412842E-05   0.14388518121887E-02   -.14384544813856E-02   0.14932536713075E-06
 -.13970002926431E-06   -.11234237560612E-04   -.58836753698200E-04   0.40412327308180E-05   -.55965882901561E-01   -.56001632384606E-01
 -.87235016458708E+00   0.87261046529196E+00   -.27042711995521E-05   0.59800187802873E-02   -.59814498929544E-02   0.18712113602169E-05   0.14398055761735E-02   0.14401528414351E-02   -.83118203200371E-07
 0.20416212648828E-05   -.64537921153838E-05   0.49430240996793E-05   -.21084141963548E-05   0.55967334168815E-01   -.55951041361786E-01
 0.10999308952910E-03   -.16930796684236E-03   -.15849087013883E+01   -.61417014813962E-05   0.95021531047904E-05   -.16501885794364E-01   0.69030830255282E-08   0.51534849635454E-08   0.17837976094806E-06
 0.50766824302431E-03   0.50906284747620E-03   0.99843233086005E-02   -.80550405991053E-01   0.94588108167932E-04   -.41546060319336E-04
 0.16120398392702E-03   -.69359432470083E-04   0.32662092564796E+00   -.10120620715738E-04   0.19686190533196E-05   0.33969603391602E-02   0.86493146950168E-08   0.12442894816797E-07   0.15191898032461E-06
 0.24504030967080E-02   0.24493614416735E-02   0.48035659863010E-01   0.16633717904453E-01   0.19283909292849E-04   -.92010243176857E-04
 0.82804641507724E+00   -.82818017079785E+00   0.32877471677486E-03   -.35630977159083E-01   0.35638386789338E-01   -.10371078357560E-04   0.21526703212916E-03   0.21532425646228E-03   -.16279916792038E-06
 -.92732170988210E-05   -.18694636274407E-04   0.19523406193707E-04   0.80748567628456E-05   0.32930375205069E+00   -.32924388419990E+00
 -.82714732084974E+00   -.82696746173525E+00   0.18087365761916E-03   0.35635237175952E-01   0.35629120853369E-01   -.10424707715267E-04   -.21511957698666E-03   0.21512547241815E-03   -.60883649116413E-07
 0.16243567925342E-04   0.12899471294502E-04   -.33810938635385E-04   -.40859243312289E-06   0.32921010434599E+00   0.32927036988519E+00
 0.29679048127835E-04   -.34449171270936E-04   0.53290788483561E-04   -.97577573430358E-06   0.32730996020303E-05   0.61792795174569E-06   -.22171327440310E-07   0.62567288172498E-07   0.41553498963591E-02
 -.62697537169678E-02   0.62630926456729E-02   0.23981763313588E-05   0.13602617169641E-05   0.23366762016714E-04   -.61452802323677E-05
 -.40476217294218E-04   0.45879124179147E-05   -.33386739319910E-04   0.53752598605466E-06   0.89505664607242E-07   -.21113781606850E-06   0.42284357322776E-07   -.25133919424095E-07   0.58203220934185E-03
 0.44046110048660E-01   -.44043460864982E-01   0.16980400605113E-04   -.37645701405598E-05   -.38817505542724E-05   0.10570243680414E-04
 -.34262784722367E-01   -.34280249590581E-01   0.57489576486759E-05   -.37381105354282E-02   -.37376640224068E-02   -.25333911144024E-05   -.51725271492094E-03   0.51720530210472E-03   -.31578541894801E-06
 -.74199937383984E-06   -.12983709418737E-04   -.17458602378784E-04   0.68284401082920E-05   0.79949538014478E-01   0.79955565635397E-01
 -.34123706999151E-01   0.34147425520808E-01   -.22827373129272E-05   -.37445718447091E-02   0.37441605915142E-02   -.62539829975958E-06   -.51753020137796E-03   -.51741440870832E-03   0.29398963244124E-06
 0.76849834463297E-05   0.23350841942337E-05   -.52343573211571E-05   0.15275376905868E-05   -.79946209300404E-01   0.79942526836779E-01
 0.20059300807411E+00   -.20070765480022E+00   -.18708344140916E-04   -.13870934203325E-01   0.13879667376297E-01   0.22736278406240E-06   -.26005959378887E-02   -.26020403121724E-02   -.76859834321901E-09
 0.54975475932692E-05   0.27703365398821E-05   -.75567843341573E-06   -.10059587583472E-05   0.18552146919804E-01   -.18558623539602E-01
 -.20026313738500E+00   -.20014804212976E+00   -.16477103672368E-04   0.13876207899083E-01   0.13870365893136E-01   0.27316437307632E-06   0.26028041235465E-02   -.26014335236657E-02   -.92069382096992E-08
 0.11181372626100E-05   -.10010660031549E-04   -.83140033767323E-05   -.19828465279105E-05   0.18518231061532E-01   0.18561922149681E-01
 0.87559467630303E-05   -.11317640603197E-05   0.22643936620440E-04   -.40827412683239E-06   -.84608342157226E-06   0.30446030779746E-04   -.23585428167018E-07   -.66518909904254E-09   0.57729713072551E-06
 0.52752959775900E+00   -.52748065362125E+00   -.19466659861251E-03   -.33398425673358E-04   0.56400514042298E-05   0.13874243899011E-04
 -.11395375488796E-05   -.14944240257386E-04   -.12007531868199E+01   -.11582618169854E-05   -.16704271450181E-04   -.11651503313041E+01   -.49146508562655E-08   -.16506958516046E-07   0.75455005809679E-07
 -.21914638630379E-03   -.21548920387470E-03   -.15791596559739E-03   0.25371515473243E+00   -.17345714147346E-03   0.70200141454745E-04
 -.53061247295948E-05   0.35459412247772E-04   0.62641286438407E+00   -.22264414480072E-05   0.16777095006303E-04   -.30304391114666E+00   -.25518384380015E-08   -.45795789077701E-08   0.77662495862122E-08
 0.45307060700453E-02   0.45484017152706E-02   0.37525982386281E-01   -.38778869607089E+00   0.16636555289438E-03   -.22659792923943E-05
 -.33890445212024E-04   0.49148250588833E-05   -.17815879396585E-01   -.19369682799364E-04   0.21312623649474E-06   0.86773857895572E-02   -.19817422833886E-08   -.64143560057619E-08   -.16667066361431E-07
 0.15974058059238E+00   0.15976522516510E+00   0.13092830194129E+01   0.11184783339041E-01   0.53930739177035E-05   -.16423592573319E-03
 -.94548788820445E-01   0.80987894206427E-01   0.32589050723414E-06   -.13096605447901E+00   0.11219176357604E+00   0.15492720177340E-05   -.95016653503294E-03   -.81404167450534E-03   -.89992934581612E-08
 -.13164910035494E-05   0.56160215900690E-05   0.64553835896263E-04   -.13260283758114E-04   -.25789785312941E+00   0.30100990076669E+00
 0.80847758916149E-01   0.94332332566730E-01   0.15309898883767E-06   0.11210953854324E+00   0.13084935470935E+00   0.12375058623158E-05   0.81384556760107E-03   -.95002915762929E-03   -.27419060649977E-08
 -.44613775364223E-05   -.39851963285189E-05   -.50078922796330E-04   -.10532563291265E-04   -.30093682703070E+00   -.25776114483067E+00
 -.44898770485314E-05   0.23312333504216E-04   -.44518423079060E+00   -.27566230716115E-05   0.18334397851855E-04   -.44888921675760E+00   -.85505323150877E-08   0.24357264207830E-07   -.79262026522417E-07
 -.27661329980247E-03   -.20558425427572E-03   -.22432219442960E-02   -.12443059121053E-01   0.20807831609692E-03   0.86777907880996E-05
 -.92880580488947E-06   -.49359400499369E-05   0.62390242636613E-05   -.40798514183786E-07   -.92077805379854E-07   -.57538383088048E-05   -.13199211203263E-07   0.41552469193315E-07   0.29230246858876E-03
 -.46484879107128E-03   0.47992986989222E-03   -.84298843953014E-04   -.41722266286690E-04   0.44585166082737E-07   0.11565103109526E-05
 0.48077138329749E-05   -.74279070052011E-06   -.16808801188975E-02   0.46707059280840E-05   -.93944364678883E-06   -.85425262507132E-03   0.75423416765405E-09   0.58410151539085E-08   0.10234651517760E-06
 -.36744723862907E-01   -.36767110693164E-01   0.15644000997014E+00   0.77712457123237E-03   -.40541957010976E-06   0.39402798222282E-04
 0.74973946719138E-06   0.98491271697603E-05   0.41470833029942E+00   0.21472626033826E-06   0.67555286180640E-05   0.22655399913886E+00   -.15168030059247E-09   0.18286741706649E-07   -.42198174763065E-08
 -.13301029960260E-03   -.13111772123598E-03   0.74027333473605E-03   -.20523507008736E+00   0.37181418906118E-04   -.10190468065816E-04
 0.14416304970424E-04   0.26827822064290E-05   0.22511940971392E-04   0.65618712987678E-05   0.14856696956858E-05   0.78335505781275E-05   0.13741407953942E-06   -.31516437675408E-07   0.31565803539289E-06
 -.35519913364505E-01   0.35546204989600E-01   -.14385354803238E-04   -.23202670781813E-04   -.15888038127845E-04   -.82804357138533E-04
 0.23479171775743E-04   0.50693246109758E-05   -.65734294717839E-06   0.19761488486467E-04   0.48088306869510E-05   0.37831529209020E-05   0.24711195648259E-06   -.39390915180518E-07   -.10070850805828E-05
 -.52204696467551E+00   0.52205769234820E+00   0.58181842880516E-04   0.29618361198125E-04   -.29470584563831E-04   -.20159018805568E-03
 -.51455667316181E-01   0.49895210050410E-01   0.10417954345385E-04   -.50711419726609E-01   0.49182735148684E-01   0.10158995392458E-04   0.62778586821890E-03   0.60940696446291E-03   0.16680159366745E-06
 -.11294874604783E-04   0.10869435824042E-05   -.66586375435335E-04   0.10105220480582E-04   -.21141486769301E+00   0.21772316456426E+00
 0.49936392478488E-01   0.51426193225380E-01   0.43830576949160E-06   0.49208749390847E-01   0.50685020101844E-01   0.56640983361932E-06   -.61072203183625E-03   0.62913444020141E-03   0.26999482736070E-06
 0.21063413360030E-04   -.23611282822786E-04   0.65703930826839E-04   0.16686438795043E-04   -.21735790220841E+00   -.21067565537637E+00
 -.68490018246568E-05   -.32583439636507E-04   -.53982840543360E-04   -.40382325868642E-05   -.24874552015731E-04   -.42819226185686E-04   0.18007923867839E-07   0.36015622904756E-07   0.17437323305840E-02
 0.25680027637422E-03   -.24758906047903E-03   0.57447028047418E-04   0.13591497650292E-04   0.10411576267545E-03   0.86917095179171E-05
 0.88922748918150E-02   0.91501791446270E-02   -.16100676123367E-04   0.10310993000912E-01   0.10612789461534E-01   -.10725113245121E-04   -.60266797468536E-03   0.61936572426226E-03   0.59257442558121E-07
 -.14482424375754E-05   -.89715816837853E-06   -.57073102382640E-04   -.21415808113640E-04   0.27524320867587E+00   0.26776780539675E+00
 0.91876960283423E-02   -.89664075657818E-02   0.21585423734174E-04   0.10665478068284E-01   -.10401183912822E-01   0.13795403342246E-04   -.62131004172245E-03   -.60448235512247E-03   0.20050708972948E-07
 -.46651517413693E-04   0.17701303954229E-04   -.51437051848879E-04   0.52159368677083E-04   -.26722282701028E+00   0.27495181044292E+00
 -.17477553868549E-01   -.16883573712832E-01   0.85327665362985E-05   -.99316239903484E-01   -.95775246078530E-01   0.16887519111517E-04   0.40358602688468E-03   -.38897975383217E-03   -.67954543723439E-07
 -.22284902769301E-04   0.23843232497461E-04   0.14927629396645E-04   0.43337849747792E-04   -.15768180409104E-01   -.16525502899969E-01
 -.16645197360435E-01   0.17280486515932E-01   -.58130783377714E-05   -.95563346053175E-01   0.99133089569716E-01   -.14498740203345E-04   0.38882753052771E-03   0.40339950839428E-03   0.72564066113476E-07
 0.12370245742443E-04   0.19836561029004E-04   -.11254690147165E-05   -.99211875755979E-04   0.16666058075649E-01   -.16212957895421E-01
 0.49594371242691E-04   0.97244690369216E-05   -.64995688037402E-04   0.40731491190311E-04   0.69476713714865E-05   -.63265050829095E-04   0.40566003561482E-06   -.77800146257462E-07   -.13032782608326E-05
 -.63641081113165E+00   0.63644010414305E+00   0.12294797117178E-03   0.18695228642203E-04   -.45882506358783E-04   -.28407631172997E-03
 0.11592890863689E-04   -.43023053107787E-04   0.14493171918314E+01   0.12015044031864E-04   -.56809299503233E-04   0.14534928477745E+01   0.49828105120873E-07   0.73187321377009E-06   0.29657991725946E-06
 0.58624856809414E-03   0.51712517177737E-03   0.42394010211601E-02   0.15954361695356E+00   -.12726443151321E-02   0.13549948751750E-03
 -.91288590653043E-01   0.88200162384643E-01   -.53898269959601E-03   -.71915505927837E-01   0.69449769109244E-01   -.53724504447759E-03   0.12927937510186E-02   0.12498233286281E-02   0.13942265845448E-06
 0.88302097912114E-06   0.15115077716595E-04   -.68965966202250E-05   -.72475540761621E-04   0.23783882778827E-03   -.73812421768134E-03
 -.88271024794360E-01   -.91279717972398E-01   0.51012339942084E-03   -.69457085462080E-01   -.71824634905068E-01   0.50991752643936E-03   0.12493339756577E-02   -.12922742731478E-02   -.25454905786485E-06
 -.21124910070324E-04   0.47643366973854E-04   -.51896654414986E-04   0.54871134798556E-04   -.14347089397759E-02   -.16244300947313E-02
 -.61248148971236E-02   -.62507075675497E-02   0.76725170842302E-04   -.51341507948738E-01   -.52831764638551E-01   0.71324809476905E-04   0.10752607193344E-04   -.11805923781383E-04   -.27109942963436E-06
 -.14770867672602E-04   0.18800122046735E-04   -.88591653622597E-04   -.21691591819320E-04   0.15223369138615E-01   0.15001618247090E-01
 -.58917807491455E-02   0.56545365661225E-02   -.11775944770928E-03   -.52587769032471E-01   0.51016695241070E-01   -.11276441797550E-03   0.12961464255865E-04   0.12453913913470E-04   0.17343307172934E-06
 -.66508855613052E-04   0.16852225480490E-04   0.24703559497971E-04   0.57007592651952E-04   -.13491990804842E-01   0.13898760451084E-01
 -.44585786728713E-04   0.92502056960248E-05   0.50042077990232E-03   -.46443191997222E-04   0.10614654573944E-04   0.37269081490406E-03   0.12411346892572E-06   -.28440535981164E-07   -.15651981971146E-07
 0.18954472086967E+00   0.18942527602728E+00   -.45217834335984E+01   0.60302266277780E-03   0.42405352651726E-04   -.53896746372468E-03
 0.13735577397799E+00   0.14915504416961E+00   -.81170787157772E-05   0.12261482561518E+00   0.13315642870653E+00   -.59347085161740E-05   0.13010645108652E-02   -.14123776922508E-02   -.14287878394439E-05
 -.24734416166255E-04   0.32251116008875E-04   0.21466481466368E-04   -.30311742822513E-04   -.80359209709617E+00   -.74057507374253E+00
 -.14921163715373E+00   0.13744410661686E+00   -.16198825967395E-04   -.13327685967115E+00   0.12277242478663E+00   -.12309469737350E-04   -.14133404171052E-02   -.13020499539762E-02   -.91507203654700E-06
 0.29429414433573E-04   -.53669193351821E-05   0.20281305775451E-05   -.11555731141973E-04   -.74070870356120E+00   0.80383642113163E+00
 0.17437529873598E+00   -.15233414582296E+00   -.29314338135904E-03   0.16153758508426E+00   -.14112223500638E+00   -.30636916792134E-03   -.42698382344790E-03   -.37335443155845E-03   -.29307527484305E-07
 -.26762818692931E-03   -.26466442763542E-03   -.29287918019446E-02   0.13528199267143E-03   -.15834894370334E+01   0.18125162618261E+01
 0.15244517994065E+00   0.17453112765798E+00   0.24583291937528E-03   0.14118374704189E+00   0.16164245942372E+00   0.25718569109872E-03   -.37226262508527E-03   0.42631277434298E-03   0.41874392901290E-07
 -.17402687654126E-03   -.18913298240350E-03   -.17656231936688E-02   -.14054684961855E-03   0.18132386652114E+01   0.15842053353056E+01
 0.14842103960415E+00   0.13967707551264E+00   -.63139618227770E-05   0.10476947049208E+00   0.98586984328921E-01   -.64014503934484E-05   0.12317500746942E-02   -.11592784416216E-02   -.63824240745675E-06
 -.83995312032455E-04   0.14154355032784E-03   0.90818550210713E-04   0.55066069691905E-05   -.79079555067202E+00   -.84019313685404E+00
 0.13973591165210E+00   -.14851717327795E+00   0.21089790530377E-04   0.98647659620881E-01   -.10483637809257E+00   0.20874668506990E-04   0.11572791505657E-02   0.12299751516960E-02   0.47331651307906E-06
 -.58569760215633E-04   0.86673485910579E-04   0.24939884154222E-03   -.33876993361575E-04   0.83988189962563E+00   -.79056698763359E+00
 0.81452748949691E-01   0.14969850822880E+00   -.33587491846262E-04   0.56223948136119E-02   0.10304103328013E-01   -.30351205038036E-04   -.45025933074304E-03   0.82841936102186E-03   -.13489345889915E-06
 0.23741742892216E-04   0.17240492312922E-05   0.78815977101309E-04   0.23291808271518E-04   -.53363269036766E+00   -.29035944285629E+00
 0.14962044697976E+00   -.81320071980062E-01   0.24777509385269E-04   0.10268981447405E-01   -.55683658978038E-02   0.23620006762687E-04   -.82890347992539E-03   -.45106849454401E-03   0.50748166914843E-07
 0.42295298804520E-04   0.21084095622991E-04   0.30756286247179E-03   -.90421279577265E-05   0.28975359997421E+00   -.53341290222912E+00
 0.15664713281997E-04   -.13937594024556E-04   0.13967438154169E-02   0.13607716591767E-03   -.30478873115070E-04   0.20774492242406E-02   -.70364679331384E-06   -.12698068672035E-06   -.56597601398379E-06
 0.13867669074730E+00   0.13873114149278E+00   0.93631340817722E+00   -.12406182041174E-02   -.40963336074502E-03   0.22102263498409E-02
 -.38535594767940E-01   0.36760548828220E-01   0.61220168913333E-05   -.16738391750641E-01   0.15945576536907E-01   0.75160576646393E-05   0.33043697137273E-03   0.31538829506703E-03   -.49321563163255E-06
 -.10353962016229E-03   -.11099568698106E-03   -.74213009679995E-03   -.23644138605291E-04   0.12092858464949E+00   -.12722832325299E+00
 -.36929365028047E-01   -.38744752298840E-01   -.44111907154906E-05   -.16134977561989E-01   -.16908254945940E-01   -.63660010507708E-05   0.31127388371358E-03   -.32687585925999E-03   0.68294154574951E-06
 -.73430063942237E-04   -.70581769378685E-04   -.59330551986794E-03   0.24967741165326E-04   -.12990050617110E+00   -.12416181859157E+00
 0.43137071815475E-04   0.33524807825215E-03   0.23034208635906E-04   0.26972343937178E-04   0.17166918841297E-03   0.35955116549045E-04   0.32652546660783E-06   -.23114119857736E-05   0.20709804002092E-02
 0.32005663817758E-03   -.22527537735153E-03   0.63178075254508E-04   0.26169829786967E-04   -.89884561599991E-03   -.15854127652909E-03
