# Electronic excitation spectrum of , IRREP a   
#  excitation energy / cm^(-1)  oscillator strength (length rep.)
 0.18660247997126E+04   0.40595548283752E-06
 0.18717313774609E+04   0.40673072523591E-06
 0.25764781571897E+04   0.21311707034261E-05
 0.25866625960945E+04   0.90666980082179E-07
 0.26066629494498E+04   0.20108750529582E-04
 0.26106214590262E+04   0.20136458814000E-04
 0.26519893995752E+04   0.97046676854244E-13
 0.26701394796730E+04   0.27700039470671E-14
 0.32868138004325E+04   0.27898574535088E-06
 0.32911136995910E+04   0.28031990679287E-06
 0.38269398461171E+04   0.44760084906802E-05
 0.38326590528117E+04   0.44813962952118E-05
 0.40372211451009E+04   0.11378410707735E-10
 0.58065495400113E+04   0.23944538763675E-01
 0.10130425929803E+05   0.28259420108829E-02
 0.10196868191783E+05   0.23322290268649E-05
 0.12679907972683E+05   0.11454293992362E-02
 0.12682155779913E+05   0.11437449537388E-02
 0.17214142642751E+05   0.10536300730027E-01
 0.17530597305423E+05   0.17634756543250E-11
 0.17656212327634E+05   0.39138854343988E-07
 0.17905223251986E+05   0.27915642011787E-02
 0.18178314856872E+05   0.58878531857771E-11
 0.18275380155100E+05   0.23756772700807E-10
 0.19393198563536E+05   0.29398536965798E-03
 0.19399624861282E+05   0.29407587199541E-03
 0.19565453128423E+05   0.14670804468171E-09
 0.19622005183137E+05   0.13049947556343E-04
 0.19626610256290E+05   0.13231220050815E-04
 0.21055165239773E+05   0.12175106305184E-02
 0.21058457293495E+05   0.12127825766050E-02
 0.21466623450777E+05   0.37231315104746E-09
 0.22453245988418E+05   0.14408850893351E+00
 0.22568341152981E+05   0.68521078450208E-03
 0.22572195748875E+05   0.68449996099087E-03
 0.22962967040676E+05   0.37855092528998E-03
 0.22966491651299E+05   0.37449575454365E-03
 0.23226644178614E+05   0.99597262709665E-08
 0.23347293932575E+05   0.23236543975354E-02
 0.23348578732249E+05   0.23288007367993E-02
 0.23907035955743E+05   0.33411971574831E-02
 0.23908111519856E+05   0.33450679713147E-02
 0.24326288777053E+05   0.15292814898028E-02
 0.24328099317058E+05   0.15313160582907E-02
 0.24566720658545E+05   0.10282037519361E-04
 0.24567088668862E+05   0.10183124295865E-04
 0.25175669312001E+05   0.33152685088451E-06
 0.25232770316814E+05   0.40962308531796E-04
 0.25236647082874E+05   0.41872504240593E-04
 0.25293991643192E+05   0.24194828866740E-08
