$coord
   -0.00000000000000      0.00000000000000      0.00000000000000  mo
   -0.00000000000000      0.00000000000000     -6.39356240719173  tb
   -0.00000000000000      0.00000000000000      6.39356240719173  tb
    2.42632975558422      2.42632975558422     -2.51314192982796  s
   -2.42632975558422     -2.42632975558422     -2.51314192982796  s
    2.42632975558422     -2.42632975558422      2.51314192982796  s
   -2.42632975558422      2.42632975558422      2.51314192982796  s
    4.65086357302841     -1.58439726752771     -7.64305451188407  c
    3.58803636432150     -3.58803636432150     -6.21363240151634  c
    1.58439726752771     -4.65086357302841     -7.64305451188407  c
    1.39675929282582     -3.29725428252772     -9.95467494841335  c
    3.29725428252772     -1.39675929282582     -9.95467494841335  c
   -1.58439726752771      4.65086357302841     -7.64305451188407  c
   -3.58803636432150      3.58803636432150     -6.21363240151634  c
   -4.65086357302841      1.58439726752771     -7.64305451188407  c
   -3.29725428252772      1.39675929282582     -9.95467494841335  c
   -1.39675929282582      3.29725428252772     -9.95467494841335  c
    1.58439726752771      4.65086357302841      7.64305451188407  c
    1.39675929282582      3.29725428252772      9.95467494841335  c
    3.29725428252772      1.39675929282582      9.95467494841335  c
    4.65086357302841      1.58439726752771      7.64305451188407  c
    3.58803636432150      3.58803636432150      6.21363240151634  c
   -4.65086357302841     -1.58439726752771      7.64305451188407  c
   -3.29725428252772     -1.39675929282582      9.95467494841335  c
   -1.39675929282582     -3.29725428252772      9.95467494841335  c
   -1.58439726752771     -4.65086357302841      7.64305451188407  c
   -3.58803636432150     -3.58803636432150      6.21363240151634  c
    0.37378565474398     -6.20837776123327     -7.03978975152979  h
    0.04984639855943     -3.66479761859701    -11.47438272079984  h
    4.15358952616513     -4.15358952616513     -4.31295760719183  h
    3.66479761859701     -0.04984639855943    -11.47438272079984  h
    6.20837776123327     -0.37378565474398     -7.03978975152979  h
   -0.04984639855943      3.66479761859701    -11.47438272079984  h
   -0.37378565474398      6.20837776123327     -7.03978975152979  h
   -4.15358952616513      4.15358952616513     -4.31295760719183  h
   -6.20837776123327      0.37378565474398     -7.03978975152979  h
   -3.66479761859701      0.04984639855943    -11.47438272079984  h
   -0.37378565474398     -6.20837776123327      7.03978975152979  h
   -4.15358952616513     -4.15358952616513      4.31295760719183  h
   -6.20837776123327     -0.37378565474398      7.03978975152979  h
   -3.66479761859701     -0.04984639855943     11.47438272079984  h
   -0.04984639855943     -3.66479761859701     11.47438272079984  h
    0.04984639855943      3.66479761859701     11.47438272079984  h
    0.37378565474398      6.20837776123327      7.03978975152979  h
    4.15358952616513      4.15358952616513      4.31295760719183  h
    3.66479761859701      0.04984639855943     11.47438272079984  h
    6.20837776123327      0.37378565474398      7.03978975152979  h
$user-defined bonds
$end
