$coord
    0.00000000000000      0.00000000000000      0.00000000000000      mo
    0.00000000000000      0.00000000000000     -6.34375126142251      dy
    0.00000000000000      0.00000000000000      6.34375126142251      dy
    2.43167148938467      2.43167148938467     -2.51250761955991      s
   -2.43167148938467     -2.43167148938467     -2.51250761955991      s
    2.43167148938467     -2.43167148938467      2.51250761955991      s
   -2.43167148938467      2.43167148938467      2.51250761955991      s
    4.62184250661518     -1.55444326849830     -7.57040577492028      c
    3.55462612387293     -3.55462612387293     -6.13861804647862      c
    1.55444326849830     -4.62184250661518     -7.57040577492028      c
    1.37008064768140     -3.27171111774316     -9.88287754493850      c
    3.27171111774316     -1.37008064768140     -9.88287754493850      c
   -1.55444326849830      4.62184250661518     -7.57040577492028      c
   -3.55462612387293      3.55462612387293     -6.13861804647862      c
   -4.62184250661518      1.55444326849830     -7.57040577492028      c
   -3.27171111774316      1.37008064768140     -9.88287754493850      c
   -1.37008064768140      3.27171111774316     -9.88287754493850      c
    1.55444326849830      4.62184250661518      7.57040577492028      c
    1.37008064768140      3.27171111774316      9.88287754493850      c
    3.27171111774316      1.37008064768140      9.88287754493850      c
    4.62184250661518      1.55444326849830      7.57040577492028      c
    3.55462612387293      3.55462612387293      6.13861804647862      c
   -4.62184250661518     -1.55444326849830      7.57040577492028      c
   -3.27171111774316     -1.37008064768140      9.88287754493850      c
   -1.37008064768140     -3.27171111774316      9.88287754493850      c
   -1.55444326849830     -4.62184250661518      7.57040577492028      c
   -3.55462612387293     -3.55462612387293      6.13861804647862      c
    0.34207753950683     -6.17729225856051     -6.96643837737468      h
    0.02619030428907     -3.64184634669871    -11.40428922639542      h
    4.11460422264643     -4.11460422264643     -4.23483150793698      h
    3.64184634669871     -0.02619030428907    -11.40428922639542      h
    6.17729225856051     -0.34207753950683     -6.96643837737468      h
   -0.02619030428907      3.64184634669871    -11.40428922639542      h
   -0.34207753950683      6.17729225856051     -6.96643837737468      h
   -4.11460422264643      4.11460422264643     -4.23483150793698      h
   -6.17729225856051      0.34207753950683     -6.96643837737468      h
   -3.64184634669871      0.02619030428907    -11.40428922639542      h
   -0.34207753950683     -6.17729225856051      6.96643837737468      h
   -4.11460422264643     -4.11460422264643      4.23483150793698      h
   -6.17729225856051     -0.34207753950683      6.96643837737468      h
   -3.64184634669871     -0.02619030428907     11.40428922639542      h
   -0.02619030428907     -3.64184634669871     11.40428922639542      h
    0.02619030428907      3.64184634669871     11.40428922639542      h
    0.34207753950683      6.17729225856051      6.96643837737468      h
    4.11460422264643      4.11460422264643      4.23483150793698      h
    3.64184634669871      0.02619030428907     11.40428922639542      h
    6.17729225856051      0.34207753950683      6.96643837737468      h
$user-defined bonds
$redundant
     number_of_atoms            47
     degrees_of_freedom         19
     internal_coordinates       29
     frozen_coordinates          0
# definitions of redundant internals
   1 k  1.0000000000000 stre    9   30           val=   2.06193
   2 k  1.0000000000000 stre   11   29           val=   2.06343
   3 k  1.0000000000000 stre    8   32           val=   2.06253
   4 k -0.7071147682585 bend    9   32    8      val=   0.43144
        0.7070973901788 bend   12   32    8
        0.0014090114047 bend    2   32    8
   5 k -0.7071031728174 bend   10   29   11      val=   0.28212
        0.7070965179289 bend   12   29   11
        0.0044291448813 bend    2   29   11
   6 k  0.0272637765163 bend   10   30    9      val= 115.49505
        0.0272637765163 bend    8   30    9
        0.9992564100270 bend    2   30    9
   7 k -0.0049567751369 bend   10   29   11      val= 113.50089
       -0.0112201982102 bend   12   29   11
        0.9999247659361 bend    2   29   11
   8 k  0.0164856173197 bend    9   32    8      val= 116.40158
        0.0144938331170 bend   12   32    8
        0.9997590475825 bend    2   32    8
   9 k  1.0000000000000 tors   10   11    2    4 val=  95.66666
        1.0000000000000 tors   10   11    2    5
        1.0000000000000 tors   10   11    2    8
        1.0000000000000 tors   10   11    2    9
        1.0000000000000 tors   10   11    2   13
        1.0000000000000 tors   10   11    2   14
        1.0000000000000 tors   10   11    2   15
        1.0000000000000 tors   10   11    2   16
        1.0000000000000 tors   10   11    2   17
        1.0000000000000 tors   12   11    2    4
        1.0000000000000 tors   12   11    2    5
        1.0000000000000 tors   12   11    2    8
        1.0000000000000 tors   12   11    2    9
        1.0000000000000 tors   12   11    2   13
        1.0000000000000 tors   12   11    2   14
        1.0000000000000 tors   12   11    2   15
        1.0000000000000 tors   12   11    2   16
        1.0000000000000 tors   12   11    2   17
  10 k  1.0000000000000 tors    9    8    2    4 val=  71.69859
        1.0000000000000 tors    9    8    2    5
        1.0000000000000 tors    9    8    2   10
        1.0000000000000 tors    9    8    2   11
        1.0000000000000 tors    9    8    2   13
        1.0000000000000 tors    9    8    2   14
        1.0000000000000 tors    9    8    2   15
        1.0000000000000 tors    9    8    2   16
        1.0000000000000 tors    9    8    2   17
        1.0000000000000 tors   12    8    2    4
        1.0000000000000 tors   12    8    2    5
        1.0000000000000 tors   12    8    2   10
        1.0000000000000 tors   12    8    2   11
        1.0000000000000 tors   12    8    2   13
        1.0000000000000 tors   12    8    2   14
        1.0000000000000 tors   12    8    2   15
        1.0000000000000 tors   12    8    2   16
        1.0000000000000 tors   12    8    2   17
  11 k  1.0000000000000 stre    1    4           val=   4.25896
  12 k  1.0000000000000 bend    5    4    1      val= 107.69529
  13 k  1.0000000000000 stre    2    4           val=   5.14825
  14 k  1.0000000000000 stre    2   11           val=   5.01065
  15 k  1.0000000000000 stre   11   12           val=   2.68931
  16 k  1.0000000000000 stre    2    8           val=   5.02816
  17 k  1.0000000000000 stre   12    8           val=   2.68410
  18 k  1.0000000000000 stre    2    9           val=   5.03118
  19 k  1.0000000000000 stre    8    9           val=   2.68136
  20 k -0.2876535001853 bend    5    4    2      val=  66.73694
       -0.0327074071419 bend   11    4    2
       -0.0182521280078 bend   12    4    2
        0.2958785501037 bend   16   11    2
        0.3341644144383 bend   17   11    2
       -0.1010628920882 bend    8    4    2
       -0.1927862386559 bend    8    5    2
        0.0895326519157 bend    8   11    2
        0.3860547603393 bend    8   16    2
        0.3013900153225 bend    8   17    2
        0.2078987318975 bend   13    8    2
        0.4400172428907 bend   15    8    2
        0.0375531347234 bend   10    8    2
       -0.1639693060168 bend    9    4    2
        0.0526547602767 bend    9   11    2
        0.3464528620709 bend    9   16    2
        0.1828569998935 bend   14    8    2
  21 k  0.5952245439552 bend    5    4    2      val=   4.80783
       -0.2625629660838 bend   11    4    2
       -0.2980724286931 bend   12    4    2
        0.3755117067222 bend   16   11    2
        0.3512352662424 bend   17   11    2
       -0.1162079124231 bend    8    4    2
        0.1423502046479 bend    8    5    2
       -0.1492319787881 bend    8   11    2
        0.0921126460725 bend    8   16    2
        0.0785824672262 bend    8   17    2
       -0.1568084610064 bend   13    8    2
       -0.1484295087742 bend   15    8    2
        0.0832027512338 bend   10    8    2
        0.0685918704977 bend    9    4    2
       -0.2645533258752 bend    9   11    2
        0.1115838598859 bend    9   16    2
       -0.1102762091018 bend   14    8    2
  22 k -0.2752696154946 bend    5    4    2      val= -17.05269
        0.0637369068328 bend   11    4    2
        0.0445589537770 bend   12    4    2
        0.0348058141657 bend   16   11    2
        0.0813649464572 bend   17   11    2
       -0.1395692145382 bend    8    4    2
        0.1728445299161 bend    8    5    2
        0.2487752214870 bend    8   11    2
        0.0461980821947 bend    8   16    2
       -0.1569048140094 bend    8   17    2
       -0.5460706679698 bend   13    8    2
        0.0430077784874 bend   15    8    2
        0.6301235838177 bend   10    8    2
       -0.0429099636783 bend    9    4    2
        0.0310792942594 bend    9   11    2
        0.0653423880124 bend    9   16    2
       -0.2611022117307 bend   14    8    2
  23 k  0.5356310839576 bend    5    4    2      val=  19.95233
        0.0510645141015 bend   11    4    2
       -0.1753654406486 bend   12    4    2
       -0.3147048736760 bend   16   11    2
       -0.2361883658276 bend   17   11    2
       -0.3349496033175 bend    8    4    2
       -0.0729420469901 bend    8    5    2
        0.3396039867974 bend    8   11    2
        0.1024940963422 bend    8   16    2
       -0.0118593389880 bend    8   17    2
        0.0911315214959 bend   13    8    2
        0.4297524793208 bend   15    8    2
        0.1604625458845 bend   10    8    2
       -0.0427148389493 bend    9    4    2
        0.2197839132981 bend    9   11    2
       -0.0955105959750 bend    9   16    2
        0.0586012887314 bend   14    8    2
  24 k  0.1471627908004 bend    5    4    2      val=   7.59904
       -0.0165688942197 bend   11    4    2
       -0.0500393828280 bend   12    4    2
       -0.0252983429585 bend   16   11    2
       -0.0203828440888 bend   17   11    2
        0.0702364963774 bend    8    4    2
        0.1092624189229 bend    8    5    2
       -0.0865467407807 bend    8   11    2
       -0.1410543345788 bend    8   16    2
       -0.1214821139581 bend    8   17    2
       -0.1139817423415 bend   13    8    2
       -0.2636526295158 bend   15    8    2
       -0.0342126769061 bend   10    8    2
       -0.4340799566847 bend    9    4    2
        0.5630456967431 bend    9   11    2
        0.5324999413798 bend    9   16    2
        0.2069204249777 bend   14    8    2
  25 k -0.0900388350158 bend    5    4    2      val=  -1.01787
        0.3921258821405 bend   11    4    2
       -0.5084593624517 bend   12    4    2
       -0.1647681126959 bend   16   11    2
        0.4580907159947 bend   17   11    2
        0.1472445774362 bend    8    4    2
        0.0063801015443 bend    8    5    2
        0.3144368117922 bend    8   11    2
        0.1836625840011 bend    8   16    2
       -0.3090372885055 bend    8   17    2
        0.0632197507464 bend   13    8    2
       -0.1903366603779 bend   15    8    2
       -0.1856345354846 bend   10    8    2
        0.0216444841480 bend    9    4    2
        0.0423902881138 bend    9   11    2
       -0.1228318475577 bend    9   16    2
        0.0271574514885 bend   14    8    2
  26 k  1.0000000000000 bend    2    1    4      val=  84.24138
  27 k  1.0000000000000 bend   12    9    8      val= 108.12427
  28 k  1.0000000000000 bend    8   10    9      val= 107.97906
  29 k  1.0000000000000 bend   12   10   11      val= 107.88538
        19 non zero eigenvalues  of BmBt
           1           2.348650466    1    0
         1
           2           2.092566690    2    0
         2
           3           2.022536045    3    0
         3
           4           1.502143459    4    0
         4
           5           1.022405398    5    0
         5
           6           0.713738473    6    0
         6
           7           0.574870750    7    0
         7
           8           0.573719252    8    0
         8
           9           5.440641776    0    0
         0.000000000         0.000000000         0.000000000         0.000000000
         0.000000000         0.000000000         0.000000000         0.000000000
        -0.056304166         0.347977137         0.001442508        -0.028316686
        -0.462797067         0.626248574         0.048064571         0.135933672
         0.027725505        -0.121635369        -0.011186896        -0.478664181
         0.013629361        -0.000503127         0.000629983        -0.002708042
        -0.003711861        -0.047838573        -0.000422993         0.018027484
        -0.012314196
          10           1.403161398    0    0
         0.000000000         0.000000000         0.000000000         0.000000000
         0.000000000         0.000000000         0.000000000         0.000000000
         0.324141400        -0.598776561         0.116254459        -0.076623496
        -0.288657306         0.121216281        -0.254209503         0.147478290
         0.051131119         0.118645732         0.484786270        -0.061630195
         0.075027849         0.065990257         0.023240652         0.120456725
        -0.065912571         0.014884218        -0.066229567        -0.132498655
         0.159920830
          11           1.287073932    0    0
         0.000000000         0.000000000         0.000000000         0.000000000
         0.000000000         0.000000000         0.000000000         0.000000000
        -0.068995215        -0.043530544        -0.774226907        -0.127766394
        -0.416730096        -0.135551683        -0.119287450        -0.045036929
         0.031735914         0.016797408        -0.057170961         0.150886134
        -0.215919474         0.048288129        -0.177603142        -0.059751587
        -0.011194109         0.240106898        -0.001241674        -0.008642634
         0.007329415
          12           1.239522021    0    0
         0.000000000         0.000000000         0.000000000         0.000000000
         0.000000000         0.000000000         0.000000000         0.000000000
         0.018620397         0.033322418         0.069892730         0.019638681
         0.061836038        -0.031250549        -0.518441349         0.148448272
         0.637045030        -0.150831013        -0.270671195         0.002682359
        -0.049295368        -0.041803691         0.085302002        -0.084878358
        -0.118238847        -0.026942545        -0.286384705         0.266331864
         0.097435213
          13           1.022683754    0    0
         0.000000000         0.000000000         0.000000000         0.000000000
         0.000000000         0.000000000         0.000000000         0.000000000
        -0.152921210        -0.084094765        -0.340334675         0.183836177
         0.488177780         0.367808445         0.194327609         0.156204263
         0.413277222         0.227321553         0.283107157        -0.025094005
        -0.199670982         0.060455471        -0.015458632         0.045344760
         0.001251161        -0.058399178         0.132340194        -0.103369759
        -0.058939695
          14           0.964000298    0    0
         0.000000000         0.000000000         0.000000000         0.000000000
         0.000000000         0.000000000         0.000000000         0.000000000
         0.396166182         0.169225305        -0.214479680         0.074608120
         0.189500875        -0.051657225         0.229728369         0.382988436
        -0.220113974        -0.249999348         0.203590674         0.009165048
         0.053039322         0.207089635        -0.083001508        -0.113536770
         0.049254556        -0.009111044        -0.406757825         0.330774377
         0.171692053
          15           0.760382291    0    0
         0.000000000         0.000000000         0.000000000         0.000000000
         0.000000000         0.000000000         0.000000000         0.000000000
        -0.127440608         0.187810901         0.224558715        -0.191344741
        -0.351157965        -0.276049014         0.439183449         0.299452346
         0.371893463         0.302212757         0.186462218         0.205571013
         0.001258250         0.030085863         0.189401550        -0.009274067
         0.067101172         0.115479988        -0.028938481         0.118743730
        -0.055420632
          16           0.450546401    0    0
         0.000000000         0.000000000         0.000000000         0.000000000
         0.000000000         0.000000000         0.000000000         0.000000000
        -0.001761256         0.344024451        -0.044706765         0.088749402
         0.073890508        -0.193417909        -0.389223511         0.223939834
        -0.224690746         0.681227208         0.057597064        -0.239059910
         0.033079388        -0.052941375        -0.093139327        -0.094251964
        -0.027260785        -0.081604962        -0.047447212        -0.091083637
         0.113250816
          17           0.374822827    0    0
         0.000000000         0.000000000         0.000000000         0.000000000
         0.000000000         0.000000000         0.000000000         0.000000000
         0.444186376         0.152702172        -0.005210771        -0.034178594
        -0.017890676         0.229051384         0.092832764        -0.652989941
         0.152677983         0.364184868        -0.004737598         0.122585074
         0.057225597         0.185168079         0.061120183        -0.172076520
        -0.030589894         0.037996060        -0.136280126         0.163896169
         0.025969062
          18           0.238290387    0    0
         0.000000000         0.000000000         0.000000000         0.000000000
         0.000000000         0.000000000         0.000000000         0.000000000
        -0.068745620         0.147210828        -0.032274357         0.056400044
         0.010701119        -0.452210880        -0.000957785        -0.352107362
         0.167386500        -0.230439915         0.371950791        -0.536140831
        -0.205141081         0.221556706         0.135862641         0.102767060
         0.024847847        -0.057366795        -0.017702636        -0.070291290
         0.067252911
          19           0.014738768    0    0
         0.000000000         0.000000000         0.000000000         0.000000000
         0.000000000         0.000000000         0.000000000         0.000000000
         0.050477908        -0.072596720        -0.280483020         0.498275054
        -0.247444547        -0.118459299         0.093233818        -0.020834693
         0.056116069         0.025482078        -0.070279088         0.065855821
         0.342140670        -0.142064542         0.314340512         0.081983509
         0.002331648        -0.567420873         0.018287741         0.031922110
        -0.040880865
$end
