# Excitation spectrum ; written at 2020-07-31 23:41:44
#     Exc.     energy (Eh)   energy (eV)   energy (cm-1)   energy (nm)     Osc.(vel)      Osc.(len) 
       1 a        0.012853       0.34976        2820.974      3544.874     0.00000000     0.00000000
       2 a        0.013345       0.36313        2928.840      3414.320     0.00126077     0.00000007
       3 a        0.013353       0.36335        2930.652      3412.210     0.00126399     0.00000007
       4 a        0.014644       0.39849        3213.999      3111.388     0.00000000     0.00000000
       5 a        0.014908       0.40567        3271.959      3056.273     0.00156805     0.00001831
       6 a        0.014916       0.40588        3273.612      3054.730     0.00157092     0.00001831
       7 a        0.016431       0.44712        3606.283      2772.938     0.00052538     0.00014697
       8 a        0.016531       0.44983        3628.130      2756.240     0.00000049     0.00000013
       9 a        0.017092       0.46509        3751.181      2665.827     0.00145020     0.00000056
      10 a        0.017100       0.46531        3752.969      2664.557     0.00144941     0.00000056
      11 a        0.017896       0.48697        3927.695      2546.022     0.00143907     0.00001021
      12 a        0.017906       0.48726        3930.015      2544.520     0.00143844     0.00001020
      13 a        0.019455       0.52939        4269.787      2342.037     0.00000000     0.00000000
      14 a        0.028392       0.77258        6231.258      1604.812     0.00575431     0.02353028
      15 a        0.052407       1.42606       11501.940       869.419     0.00000001     0.00000000
      16 a        0.056527       1.53818       12406.244       806.046     0.01067026     0.00000180
      17 a        0.057401       1.56195       12597.984       793.778     0.00796565     0.00108866
      18 a        0.057412       1.56225       12600.379       793.627     0.00796175     0.00108706
      19 a        0.067487       1.83643       14811.783       675.138     0.00000000     0.00000000
      20 a        0.072814       1.98138       15980.912       625.747     0.00000000     0.00000000
      21 a        0.078441       2.13448       17215.749       580.863     0.00378637     0.00710895
      22 a        0.080188       2.18202       17599.189       568.208     0.00000013     0.00000004
      23 a        0.081863       2.22761       17966.858       556.580     0.07466946     0.01706699
      24 a        0.081971       2.23054       17990.542       555.848     0.00219454     0.00000017
      25 a        0.081973       2.23061       17991.094       555.831     0.00219593     0.00000017
      26 a        0.083352       2.26812       18293.611       546.639     0.00205402     0.00023885
      27 a        0.083354       2.26819       18294.147       546.623     0.00205081     0.00023838
      28 a        0.084462       2.29833       18537.262       539.454     0.01389715     0.00249262
      29 a        0.084800       2.30752       18611.387       537.305     0.00000000     0.00000000
      30 a        0.086687       2.35886       19025.496       525.610     0.00000000     0.00000000
      31 a        0.088742       2.41479       19476.561       513.438     0.00000000     0.00000000
      32 a        0.089646       2.43938       19674.928       508.261     0.00023441     0.00008138
      33 a        0.089673       2.44014       19681.056       508.103     0.00023243     0.00007994
      34 a        0.093227       2.53682       20460.865       488.738     0.00085691     0.00095823
      35 a        0.093243       2.53727       20464.471       488.652     0.00085614     0.00095740
      36 a        0.095028       2.58585       20856.274       479.472     0.00110587     0.00054129
      37 a        0.095046       2.58633       20860.195       479.382     0.00110001     0.00053633
      38 a        0.095083       2.58735       20868.407       479.193     0.00000000     0.00000000
      39 a        0.097891       2.66375       21484.629       465.449     0.00000001     0.00000000
      40 a        0.098007       2.66690       21510.010       464.900     0.00726617     0.00034499
      41 a        0.098009       2.66695       21510.429       464.891     0.00726483     0.00034525
      42 a        0.098159       2.67105       21543.509       464.177     0.00000000     0.00000000
      43 a        0.098537       2.68133       21626.419       462.397     0.00006944     0.00000196
      44 a        0.098539       2.68138       21626.784       462.390     0.00007748     0.00000171
      45 a        0.100424       2.73268       22040.535       453.709     0.00002873     0.00001870
      46 a        0.100425       2.73270       22040.692       453.706     0.00003833     0.00002934
      47 a        0.101040       2.74945       22175.790       450.942     0.00104222     0.00145112
      48 a        0.101042       2.74949       22176.120       450.936     0.00103572     0.00144005
      49 a        0.101746       2.76864       22330.578       447.816     0.15113461     0.15078446
      50 a        0.107339       2.92085       23558.239       424.480     0.00115807     0.00173585
      51 a        0.107342       2.92093       23558.863       424.469     0.00115764     0.00173619
      52 a        0.108460       2.95136       23804.284       420.092     0.00016226     0.00006535
      53 a        0.108463       2.95143       23804.852       420.082     0.00016957     0.00006639
      54 a        0.109028       2.96681       23928.940       417.904     0.00275478     0.00000651
      55 a        0.109036       2.96703       23930.720       417.873     0.00275382     0.00000665
      56 a        0.110932       3.01862       24346.811       410.731     0.00648859     0.00398331
      57 a        0.110939       3.01880       24348.235       410.707     0.00647411     0.00398428
      58 a        0.113428       3.08653       24894.550       401.694     0.00000002     0.00000001
      59 a        0.113864       3.09839       24990.167       400.157     0.00046013     0.00006128
      60 a        0.113879       3.09880       24993.525       400.104     0.00045081     0.00006429
      61 a        0.114762       3.12284       25187.437       397.023     0.00013371     0.00008595
      62 a        0.114899       3.12655       25217.341       396.553     0.03006322     0.01937878
      63 a        0.115236       3.13573       25291.384       395.392     0.00034874     0.00149947
      64 a        0.115238       3.13578       25291.746       395.386     0.00035733     0.00150944
      65 a        0.116083       3.15879       25477.356       392.505     0.00000000     0.00000000
      66 a        0.117175       3.18849       25716.884       388.850     0.00000000     0.00000000
      67 a        0.117519       3.19786       25792.513       387.709     0.00000000     0.00000000
      68 a        0.117842       3.20664       25863.316       386.648     0.00119980     0.00039757
      69 a        0.117844       3.20669       25863.681       386.643     0.00121408     0.00040366
      70 a        0.118478       3.22394       26002.820       384.574     0.00417378     0.00156653
      71 a        0.118488       3.22423       26005.183       384.539     0.00416607     0.00155851
      72 a        0.119080       3.24035       26135.145       382.627     0.00000003     0.00000001
      73 a        0.119342       3.24745       26192.455       381.789     0.00041321     0.00029974
      74 a        0.119384       3.24862       26201.854       381.652     0.00303923     0.00272022
      75 a        0.119387       3.24868       26202.360       381.645     0.00305690     0.00272682
      76 a        0.120323       3.27415       26407.834       378.676     0.00000000     0.00000000
      77 a        0.121309       3.30099       26624.263       375.597     0.00000003     0.00000004
      78 a        0.122190       3.32496       26817.651       372.889     0.00028781     0.00008794
      79 a        0.122200       3.32522       26819.704       372.860     0.00028646     0.00008638
      80 a        0.123216       3.35287       27042.708       369.785     0.00013191     0.00030918
      81 a        0.123662       3.36500       27140.577       368.452     0.00000000     0.00000000
      82 a        0.124248       3.38097       27269.353       366.712     0.00004905     0.00005704
      83 a        0.124356       3.38390       27292.973       366.395     0.00000004     0.00000006
      84 a        0.124579       3.38997       27341.949       365.738     0.00111233     0.00334663
      85 a        0.124581       3.39002       27342.348       365.733     0.00110773     0.00335029
      86 a        0.125117       3.40460       27459.991       364.166     0.00000000     0.00000000
      87 a        0.126224       3.43473       27702.996       360.972     0.00000004     0.00000004
      88 a        0.127057       3.45740       27885.802       358.605     0.00017558     0.00000001
      89 a        0.127068       3.45770       27888.202       358.575     0.00017599     0.00000002
      90 a        0.128487       3.49631       28199.635       354.615     0.00000921     0.00000550
      91 a        0.128491       3.49642       28200.536       354.603     0.00001061     0.00000419
      92 a        0.129078       3.51240       28329.408       352.990     0.00950484     0.00384300
      93 a        0.129195       3.51558       28355.060       352.671     0.00100680     0.00041540
      94 a        0.129334       3.51936       28385.523       352.292     0.00000005     0.00000001
      95 a        0.129387       3.52081       28397.235       352.147     0.00000220     0.00000086
      96 a        0.129504       3.52397       28422.769       351.831     0.00276576     0.00164169
      97 a        0.129517       3.52434       28425.746       351.794     0.00275476     0.00163628
      98 a        0.129654       3.52806       28455.760       351.423     0.00076757     0.00000006
      99 a        0.129664       3.52835       28458.045       351.394     0.00076711     0.00000006
     100 a        0.129707       3.52951       28467.426       351.279     0.00000002     0.00000001
