# Electronic transition moments of , IRREP a   electric dipole (length) / electric dipole (velocity) / magnetic dipole
 -.67021657743669E-04   -.25395300488062E-04   -.25236104693895E-04   0.33937023659706E-07   0.16489780213579E-06   0.44234100082476E-05   0.46826393295184E-06   -.14061564377528E-06   0.53623402156779E-05
 0.17796130657412E+00   -.17795188759075E+00   -.44878832595933E-04   -.99159520075647E-05   -.10725622556294E-04   0.23049884975563E-04
 -.26604661667605E+00   -.26633448648502E+00   0.29872145157148E-04   -.20355656063568E-02   -.20367253874809E-02   -.11031288274631E-04   0.22581074227850E-02   -.22604829699068E-02   0.29488837588716E-06
 -.30462270262618E-04   0.22843582740602E-04   0.21849726206175E-04   -.65357718556762E-05   -.12001312799371E-01   -.11987360443442E-01
 -.26658635586307E+00   0.26631027720457E+00   -.25684068017366E-04   -.20073023388429E-02   0.20065104607949E-02   0.13025933725612E-04   0.22605415177142E-02   0.22580248505411E-02   -.14111507362112E-06
 -.21335007334271E-04   0.88101281799778E-05   0.32771920868238E-04   -.67489423004591E-06   0.12026535008251E-01   -.12040333473607E-01
 0.44721447440917E-05   -.54308320525088E-04   0.25827168439244E-04   -.18906475202515E-06   0.24245825884342E-05   -.63581995211727E-05   0.75626224901410E-07   -.20170949055174E-06   -.47099634669333E-02
 0.58349152892790E-03   -.56768314397494E-03   -.46476846109056E-04   0.62624757765402E-05   0.15098945466054E-04   -.72557340170215E-05
 -.28073372703673E+00   0.28099799002917E+00   -.14504851098762E-04   0.30336406858827E-01   -.30363004944884E-01   0.49852656922473E-05   -.95574499810312E-03   -.95667960033602E-03   -.75826107487540E-07
 -.74656977959554E-05   0.20801045541008E-05   0.11731028196572E-04   0.60748220779844E-05   -.25985286159755E+00   0.25959525552018E+00
 0.28118645447489E+00   0.28091761887298E+00   -.11224785945366E-04   -.30357940614905E-01   -.30328066873364E-01   0.15027058505085E-05   0.95566829556949E-03   -.95481967725298E-03   -.39409095661309E-07
 -.27026293392749E-05   0.12608273419401E-05   0.34181927531844E-05   0.96452443906866E-07   -.25965424111522E+00   -.25990520882800E+00
 -.14831787626408E-05   0.36079261301088E-05   0.21899951314302E+00   0.83413229944220E-06   0.12427755278661E-05   -.11582877786196E+00   0.58340679566392E-07   0.12491671307236E-06   0.73319138929506E-07
 -.10253892493654E-02   -.98780958521439E-03   -.72529741058012E-02   0.13254128017769E+00   -.14813204693385E-04   0.62130522970431E-05
 -.34961746268658E-04   0.68562438343939E-05   -.67016123583792E-02   0.21628161282433E-06   0.47379192602549E-06   0.34976913938077E-02   0.44133016250077E-07   0.57656441757043E-07   0.88662904973363E-07
 -.33637798564736E-01   -.33596852382469E-01   -.24244626371809E+00   -.38315501220837E-02   -.26632081336054E-05   -.42072556358374E-05
 0.25225989829528E+00   0.25226436355484E+00   0.71294737278491E-05   0.49593215102608E-02   0.49638627950761E-02   -.11878148839685E-04   0.36660640992453E-03   -.36671740491597E-03   0.69463442759370E-07
 -.10449615609450E-04   -.10010222844750E-04   -.16289589993600E-04   0.45031755684018E-05   -.68559283926978E-01   -.68565130449530E-01
 0.25211217471414E+00   -.25215518619445E+00   -.14660294308801E-04   0.49694973703781E-02   -.49683024902950E-02   0.16208636038205E-04   0.36668742132226E-03   0.36628698575439E-03   -.27129283034613E-07
 -.22032862874803E-04   -.93458949767735E-05   0.23100973815268E-05   -.10390041199980E-04   0.68577396031690E-01   -.68569097568242E-01
 0.24545143005793E+00   -.24571112383462E+00   0.58836540235704E-05   -.20672624693179E-01   0.20691077490423E-01   -.34596315990881E-05   -.22058249041073E-02   -.22080541616748E-02   0.59328884320614E-07
 0.10417110756582E-04   -.13249584369577E-04   -.15365789999855E-04   0.56352404019040E-05   0.74424276387236E-01   -.74351667915826E-01
 0.24559413084095E+00   0.24531595847009E+00   -.95852176445847E-05   -.20676580315842E-01   -.20654480883563E-01   -.12845938647918E-05   -.22084609389017E-02   0.22063906553077E-02   -.41631769689982E-07
 0.21684381327900E-05   -.26439841946594E-05   -.92859475524047E-06   -.24611091245158E-05   -.74351761842243E-01   -.74449396562195E-01
 0.23065609945061E-05   0.12174364297858E-05   -.11816620600180E-04   0.16218881507219E-05   -.56770907108460E-06   0.15670835002689E-04   0.83715126839463E-07   -.31713650679240E-08   0.28999139314430E-05
 0.48459162026231E+00   -.48454952015050E+00   -.22909483611809E-03   -.26136981879783E-04   0.70411751359412E-05   0.23756977507159E-05
 -.58621432225680E-05   0.12959040214607E-04   -.55137442024520E+00   -.19396098818161E-05   -.65272818081968E-07   -.11149707129240E+01   0.16937012452284E-08   0.29237978603816E-10   0.10353991071963E-06
 -.25154239379554E-03   -.23228848660378E-03   -.52653579624083E-03   -.45941793732126E-01   -.69881807405265E-04   0.58384421585491E-04
 0.14354711904572E-04   0.60469164902780E-05   -.47768937792452E-03   -.44772553512521E-05   0.15455312670056E-05   -.66559466647514E-04   -.25616496626906E-07   -.61609282214176E-08   -.25943979427328E-07
 0.83566577708158E-01   0.83602873978982E-01   0.13977535090707E+01   0.40456927178964E-03   0.15007735946527E-04   -.22257651412335E-04
 -.45296908600233E-05   0.58562519002779E-04   -.53211464756395E+00   -.56260606218688E-06   0.18918067634229E-04   0.69099886484858E-02   -.27232171862846E-07   -.18915941592842E-06   -.20283478002431E-07
 -.67703199453036E-04   -.60399550762211E-04   -.89787666936837E-03   0.68126319221459E+00   -.90084190715795E-04   0.19206743636640E-04
 -.34735767369082E+00   0.29580723622817E+00   0.54588110503777E-04   -.12841338268032E+00   0.10935707658815E+00   0.41725292817474E-05   -.10995632493242E-02   -.93648415613120E-03   0.62643644227800E-08
 -.16517413335189E-04   -.98005275372232E-06   -.18335463566571E-05   -.64533330736123E-04   -.32036546808515E+00   0.37612112432419E+00
 0.29574247802426E+00   0.34720920505819E+00   0.51108379026025E-04   0.10928029453074E+00   0.12829475300403E+00   0.55105812296906E-05   0.93652826643282E-03   -.10996709576038E-02   0.97243922577510E-08
 -.43463866323876E-05   0.63942936134010E-05   0.25388372024470E-04   -.63131934406605E-04   -.37585808954975E+00   -.32005813512033E+00
 -.10184429167143E-05   -.53639663507254E-05   -.53149781564530E-04   0.16598782433589E-06   -.23438562376305E-05   -.22481016757821E-04   -.15215044111591E-07   0.14817629787623E-07   0.72912828280342E-03
 -.11782240698104E-03   0.11574250338339E-03   -.62774383067734E-04   0.18682375045011E-04   -.13527777211136E-04   0.13031643126105E-06
 0.53968150162746E-05   -.29363366162789E-06   -.20677755118700E-04   -.21242544626202E-05   -.13211297605443E-05   -.11830063139160E-04   0.71573396717527E-08   -.19586279888549E-07   0.85892945103001E-06
 0.10664823032909E+00   -.10662920573741E+00   -.11472887855698E-03   -.23874736513934E-04   0.42052211321166E-06   -.21922123768798E-04
 -.10169926901697E-05   0.22223885255701E-05   -.26908305486730E+00   -.14741507451738E-05   0.27379420330724E-05   -.36870382849295E+00   -.46850887800202E-08   -.13350387846673E-07   -.27528379053394E-07
 -.14773793238107E-03   -.87754980693699E-04   -.25992935474845E-02   0.11594938511401E+00   0.38591306029110E-04   0.67019943605135E-05
 -.78379625239616E-05   -.98185976216919E-06   -.15696582972810E-02   0.43366697556847E-06   -.17684629584804E-05   -.87245402791962E-03   -.23150646598027E-07   0.15676512064498E-07   -.77162033202045E-10
 -.20205365136920E+00   -.20195006410539E+00   0.34741781465665E+01   -.13020133123632E-02   0.16470787651426E-04   0.15956409344250E-05
 0.35229802692982E-04   0.19322095754725E-03   0.11696966094105E+01   0.34782693806246E-05   -.55050978767743E-05   0.55921677394180E+00   0.79070723704417E-09   0.39905972143461E-07   0.41473069456877E-07
 -.24142164016773E-03   -.27775451814575E-03   0.40611681387248E-02   0.92560484032502E+00   -.18738058609488E-05   -.24811461017665E-04
 0.14168260262318E+00   0.14171629447107E+00   -.86915972099342E-03   -.12200144459706E-02   -.12232430394386E-02   -.41872639318352E-03   -.21007058151549E-04   0.21001760314352E-04   -.21038259066560E-07
 0.59825248706317E-05   -.28952446592806E-05   0.72136673118692E-04   -.69986129711124E-03   -.60858098447572E-02   -.60899145028426E-02
 0.14176492868812E+00   -.14172114054874E+00   0.60368113290439E-03   -.12244481734669E-02   0.12230417840364E-02   0.29039717744735E-03   -.21198137838275E-04   -.21138580297155E-04   0.27690254067746E-07
 0.13335282080069E-04   -.62663849999809E-05   0.49188988500545E-04   0.49678888335116E-03   0.61920219076081E-02   -.61992068624267E-02
 0.12719707292013E+00   -.14417021308077E+00   -.33190354769612E-04   -.43375654247743E-01   0.49161940372079E-01   -.11648933428820E-04   -.94585658895664E-03   -.10721531840413E-02   -.33103017093326E-07
 0.47365996082556E-05   -.17043814661588E-04   0.79864740351645E-04   -.14926756743809E-04   0.25339327933931E+00   -.22352617661017E+00
 -.14406708520054E+00   -.12708247085581E+00   -.76274729048933E-05   0.49119620597999E-01   0.43323926801471E-01   -.22938764939677E-05   0.10717788289949E-02   -.94543019015621E-03   -.36515727489497E-07
 0.61901475232781E-05   0.21994400774152E-05   -.54422577227425E-04   -.23473313188131E-05   0.22340910596135E+00   0.25326769225894E+00
 0.12347588079468E-04   -.28722588662623E-04   0.49679581336238E+00   -.15960218057638E-05   0.31940371662977E-05   0.21039871480913E+00   -.73021907480342E-07   -.15950163874817E-06   0.64295077652697E-08
 0.63434368952383E-04   0.59103392536220E-04   -.13002635874342E-02   0.32416062029735E+00   0.36156708766651E-04   -.30254828065011E-04
 0.26829752736852E-04   -.10680971036400E-04   -.11443282905247E-03   -.96902482313619E-05   0.43090975843001E-05   -.85603021338096E-04   -.19863727033555E-06   -.57507307068609E-07   -.92449277965536E-08
 0.18324344977231E-01   0.18309403932229E-01   -.12972550574957E+01   -.75102839710165E-04   0.28906695782912E-05   -.33571384986392E-04
 -.67624110646946E-05   -.28400282800894E-05   0.81544171069768E-05   -.48953791884612E-05   -.21320198358483E-05   0.11083691830491E-05   -.93277279504013E-07   0.10385306544602E-07   0.18970909346650E-05
 0.29418283466541E+00   -.29421352918293E+00   -.43217366939571E-04   -.13937488012356E-04   0.11470250903996E-04   0.82909619350238E-04
 0.27844389679751E-05   0.20976275523748E-04   0.51555984578649E-04   0.15190400645826E-05   0.18742335237303E-04   0.37891776304594E-04   0.38296214643756E-07   -.17564823347429E-06   -.25907357700910E-02
 -.23592386750314E-03   0.23347618468132E-03   -.75733892108673E-04   -.15687426863417E-04   -.18979551740975E-04   -.27697083162962E-04
 0.45126066268514E-01   -.43427033770157E-01   -.11968201627160E-04   0.26594865299734E-01   -.25581453914185E-01   -.10488988167809E-04   -.48901942905101E-03   -.47061601519680E-03   0.78408524838110E-07
 0.88795663442027E-05   -.62912926225890E-06   0.60921638824744E-04   -.30350306164427E-05   0.15100453298809E+00   -.15674984004941E+00
 0.43237665127719E-01   0.44927106601164E-01   0.44802788201202E-05   0.25358785497971E-01   0.26345863157228E-01   0.39815551795017E-05   -.47141149640576E-03   0.48988308777691E-03   -.52519926647283E-07
 0.27401928880426E-04   -.30797497270696E-04   0.25861427411457E-04   0.86110208962904E-05   -.15743737394195E+00   -.15147478838128E+00
 0.83064411632919E-01   0.82992600546768E-01   -.82667057088894E-05   0.87824655874587E-01   0.87776264736507E-01   -.56607525225231E-05   0.85841765673688E-04   -.85884036122334E-04   0.44814027552125E-07
 0.21313734653044E-04   -.18636267270910E-04   -.22076680162702E-04   -.73003443120750E-05   0.21250075263980E+00   0.21268069034098E+00
 -.82988480250079E-01   0.82980194468064E-01   -.26103025460992E-04   -.87751092085960E-01   0.87757470474346E-01   -.14150866504300E-04   -.86521021590893E-04   -.86521561071401E-04   0.65916786248761E-07
 -.91207690697037E-05   0.18840237561299E-04   0.98919738991373E-04   -.35167382907944E-04   0.21336246358088E+00   -.21334285925711E+00
 0.92853835297706E-01   0.93990040920061E-01   -.10407298210762E-04   0.64954718206253E-01   0.65765213004284E-01   -.72749901151816E-05   -.21003814661500E-03   0.21231355476557E-03   0.51918548514632E-07
 0.39479533076241E-03   -.40141161238256E-03   0.40195401980915E-04   -.13987511583495E-04   0.12758223411796E+00   0.12621362342809E+00
 -.93699062913778E-01   0.92631491571743E-01   0.20735457164030E-05   -.65421511678796E-01   0.64686456997292E-01   -.12293402765639E-05   0.21256141872927E-03   0.21017494124949E-03   0.52152728409757E-07
 -.73129387775087E-03   0.77523276772092E-03   -.74774747175632E-04   -.54064328207569E-04   0.12612824282925E+00   -.12762127540381E+00
 -.16904815720837E-03   0.38233940026794E-04   0.83749553545947E-04   -.11812204215233E-03   0.26208244809477E-04   0.65004339603831E-04   -.49969244318892E-07   0.17338627517598E-06   0.12079661384519E-05
 0.76633255737479E+00   -.76638799011956E+00   -.11598185044905E-03   -.65585202556426E-05   0.11574829774596E-03   0.65678988081867E-04
 0.26108410911359E-04   0.33339693584509E-03   0.41554002455315E-05   -.49781537246062E-05   -.67725160486192E-04   0.30586419255725E-05   0.13848560578268E-06   -.10862287723821E-05   0.12284733036826E-02
 -.12253153930778E-02   0.12845411362911E-02   -.19041586600206E-04   -.20090950937863E-04   0.63578541712996E-04   0.11432952013157E-04
 0.23061738457872E+00   -.24088343885887E+00   0.68716552258585E-05   -.50253110546306E-01   0.52485551845271E-01   0.11701041597744E-05   0.88524213461003E-03   0.92477374296909E-03   0.80437459639213E-06
 0.88485099540723E-04   -.69474748536078E-04   0.65783536309845E-04   0.19520219769272E-04   -.75333219678025E-01   0.72113144951418E-01
 -.24085745584514E+00   -.23059511819621E+00   0.34824590363250E-05   0.52507584255574E-01   0.50268597898962E-01   0.66171373742233E-06   -.93097811219313E-03   0.89139107394195E-03   0.90484020562619E-06
 -.39251150523829E-04   0.22855018482310E-04   -.56099795681282E-04   0.11051712823291E-04   -.73147266044726E-01   -.76378000482943E-01
 0.88499654970412E-04   -.38288266910371E-04   -.19467380842170E-04   -.22373961076166E-04   0.83824609246619E-05   -.18613173788463E-04   0.90428509469892E-06   0.13859146816889E-06   -.60797818468440E-05
 -.23283175555636E+00   0.23279755300339E+00   0.69242308087711E-04   -.66482814872610E-05   -.69970618051734E-05   0.12200863425958E-03
 -.21986865745970E-01   0.23951664217093E-01   -.11469059828027E-04   -.36992901914664E-02   0.40192141225034E-02   -.11278156107642E-04   0.74699138123107E-03   0.81163838929485E-03   -.16645458229580E-06
 0.96017193868885E-04   -.77096594838699E-04   0.42713225815025E-04   -.40992334292153E-05   -.19856401077882E+00   0.18276440232793E+00
 0.25235080950983E-01   0.23293304645211E-01   -.10919029387222E-04   0.37538046278093E-02   0.34547142624285E-02   -.91749285599596E-05   -.80785150588577E-03   0.74329219115201E-03   -.12319933091438E-06
 -.83247668128507E-04   0.73731526377653E-04   -.49984884471830E-04   -.20864871511693E-05   -.18243848429253E+00   -.19823749205842E+00
 0.15348987059429E-01   0.13911851405330E-01   0.73387292099651E-04   0.12428696100085E-01   0.11171630892054E-01   0.73667112520529E-04   -.14694206535460E-02   0.13479324452977E-02   0.11051934453947E-06
 0.47709739998054E-05   -.20581085056193E-04   0.45136767595852E-04   0.21469001159211E-04   0.93662766427824E-01   0.10146249898460E+00
 0.16371989079654E-01   -.17448617019033E-01   -.83133728912534E-04   0.14398015082018E-01   -.15197833125656E-01   -.81981663810343E-04   -.13655958577780E-02   -.14846852423271E-02   -.40983335330875E-07
 -.43436978661615E-04   0.17830847861096E-04   0.53766011410695E-04   0.17361230859496E-04   -.92735211435674E-01   0.84346101872358E-01
 0.87456251593218E-01   0.88451530628975E-01   0.25152153195913E-03   0.10319088627379E+00   0.10437588689210E+00   0.25128235665068E-03   -.51667993501120E-03   0.52452254499856E-03   0.12361796382028E-06
 0.19739657283491E-04   -.28841680233010E-04   0.19261819769095E-04   0.33133725273190E-04   -.29028305648929E+00   -.28702486103927E+00
 0.88216297481652E-01   -.87140322121826E-01   -.27514230485977E-03   0.10401331035943E+00   -.10275776370629E+00   -.27671546695526E-03   -.48320778762060E-03   -.47705143389018E-03   -.36548985276282E-07
 0.45586811724403E-04   -.16747455786156E-04   -.49049817070080E-04   -.53478453072821E-04   0.29004235107864E+00   -.29299023129537E+00
 0.14106051350975E-04   -.81474564783694E-04   0.14926905133967E+01   0.15983842056120E-04   -.90290916088998E-04   0.14909603681053E+01   0.39170749599733E-07   -.30864850075159E-06   0.28545459061413E-06
 0.62831758286201E-03   0.59887451346243E-03   0.47913561667627E-02   0.16942903644303E+00   -.44447990635879E-03   0.77947023287093E-04
 0.99777924382216E-01   -.78914876698593E-01   -.24645430849209E-03   0.12215706141172E+00   -.96617811638734E-01   -.23471742885289E-03   0.88888857140503E-04   0.70240122606188E-04   0.31703776173408E-07
 -.97470028829977E-04   -.13257831839422E-03   -.15429775281890E-02   0.44261196279218E-04   -.11931658206614E+01   0.15092609717426E+01
 -.78871367465536E-01   -.99780723187650E-01   -.18195230817733E-03   -.96593200303603E-01   -.12219336831191E+00   -.17184019339499E-03   -.71579657983352E-04   0.89805241145045E-04   0.14160590362861E-07
 0.19446437353798E-04   0.87654050700898E-04   0.62252815365223E-03   0.50525873253578E-04   -.15094522411955E+01   -.11934733703703E+01
 0.30048626054753E-01   0.36621116299715E-01   0.12284459172670E-04   0.19133794168327E-01   0.23188927230087E-01   0.79964886117932E-05   -.63182313752802E-04   0.76736671857798E-04   -.42462539658207E-06
 0.28250760936162E-04   -.24360403597209E-04   -.57585826922838E-05   -.16195665073778E-04   -.26238728866763E+00   -.21583861492379E+00
 -.37249221004481E-01   0.30945733022534E-01   0.13182248762194E-04   -.23334495844874E-01   0.19328356895499E-01   0.42178250096480E-05   0.77663165843666E-04   0.64260958463531E-04   -.19511258759666E-06
 -.13844232712803E-04   0.24936368815957E-04   -.76967565520874E-04   0.12079362607915E-04   -.21699090442492E+00   0.26265444423689E+00
 -.12232601772910E+00   0.15144761579686E+00   0.19965761976240E-04   0.59453286334531E-02   -.73672665920528E-02   0.20509189800805E-04   0.67028474520465E-03   0.83011413210155E-03   0.11912268198476E-06
 0.14371974956782E-04   0.31999331897539E-04   0.17646979678395E-03   -.46276364225436E-05   0.57718757079855E-01   -.46566819818796E-01
 0.15140079622870E+00   0.12231848583921E+00   0.89575497500680E-05   -.74511824187317E-02   -.59960285168446E-02   0.10532656234526E-04   -.83376485958998E-03   0.67368007265047E-03   0.17281572331819E-06
 -.16822168643827E-04   -.29438428259557E-04   -.97730013619897E-04   0.12641357011761E-04   0.47782420637380E-01   0.58898587315709E-01
 -.21084615533275E+00   -.20804113137194E+00   0.18277466878553E-04   -.16519307415424E+00   -.16301109535392E+00   0.19395315596707E-04   -.20720693780031E-02   0.20448787673479E-02   0.57637561657594E-06
 0.93761871334177E-04   -.10447616227788E-03   -.13387789183612E-03   0.47910878279615E-04   0.12818950923636E+01   0.12989819016279E+01
 0.20783394945134E+00   -.21057388486299E+00   0.27990337015741E-04   0.16302574735178E+00   -.16520870347244E+00   0.25920722077356E-04   0.20460713883119E-02   0.20736575695788E-02   0.32621087932412E-06
 -.68044216966646E-04   0.24099327797322E-04   0.27641597449711E-03   0.17860559404203E-04   0.12984390900866E+01   -.12813703814917E+01
 0.90915138540362E-04   -.19721086596262E-04   0.46337713483553E-03   0.42845018982235E-04   -.16475435783598E-04   0.42047868586825E-03   -.26584190741429E-06   -.57912284088836E-07   0.21641153279330E-06
 0.20750478042972E+00   0.20744222264842E+00   0.26961680863469E+01   -.36362775976175E-04   -.30040118958153E-03   0.10640362655047E-02
 -.58164729298555E-01   0.51753531538154E-01   -.31323283832397E-04   0.21283044527009E-01   -.18822104322374E-01   -.27605373113150E-04   0.39963308443830E-03   0.35455123266714E-03   0.20489148144334E-07
 0.26105483237910E-04   0.36950793757913E-04   0.56921198477573E-03   0.57720465273184E-05   -.16790797096691E+00   0.18941387538970E+00
 0.51082851599477E-01   0.57693129745916E-01   0.10223176849449E-05   -.19353240748649E-01   -.21732160763763E-01   -.53061750187243E-05   -.35512835059066E-03   0.40010419901038E-03   0.54490318304039E-07
 0.19696494480724E-04   -.62384236934725E-04   -.55711247118289E-03   -.36319754535094E-05   -.18945527912921E+00   -.16787293057099E+00
 0.22732695640335E-04   -.13517049606599E-04   -.41805400721271E-01   0.34378559652079E-04   -.17163044136731E-04   -.33516845170982E-01   -.18849073179113E-06   -.29136452669810E-07   -.38806870203956E-07
 -.96241563656955E-01   -.96241357254836E-01   0.31359837400953E+01   -.26064897724867E-01   -.11836951721903E-03   0.29460920038435E-03
 -.51347196576437E-05   -.97084729550445E-05   0.62647811603385E+00   -.74592187697887E-05   -.43898115341423E-05   0.50298069420616E+00   0.49812857414403E-07   0.25765583343771E-07   -.17553998297373E-06
 -.64318929288126E-02   -.64316339360564E-02   0.20681282685795E+00   0.38708269994914E+00   0.58437194953567E-04   -.93124475210739E-04
 -.51827307448447E-01   0.43051817940655E-01   0.84629617348867E-05   -.10737847782731E+00   0.89376460724477E-01   0.94370709890175E-05   0.47107708995955E-04   0.38740454204901E-04   -.30647891450506E-06
 0.20280854336385E-04   -.10588065737040E-03   -.82681337433586E-04   -.10529307524962E-03   0.30364491295206E+00   -.36549746536325E+00
 0.43742547323892E-01   0.52324094597208E-01   0.50377833185400E-04   0.89793738355244E-01   0.10763303484464E+00   0.41458423508332E-04   -.41694195945227E-04   0.50040878366668E-04   -.83433467812827E-06
 -.63012978181153E-04   0.10365566212291E-03   0.19943862081174E-03   -.39970859706246E-04   0.36689978178313E+00   0.30592204002020E+00
 -.56672691927875E-05   -.17780571993384E-05   -.49870491253223E-04   -.12967674600738E-04   -.19315389492684E-04   -.37974545871526E-04   -.18240915197841E-06   0.60966796424462E-06   -.12501290099389E-02
 -.16705238894318E-03   0.61813537711790E-04   0.46788854092752E-04   -.10190014147113E-03   0.63317308946111E-03   0.14957828368620E-03
 0.82811258828455E-05   0.17307780733189E-04   0.22200818247078E-04   -.12843578628198E-04   -.48614374296289E-04   0.11149209361409E-04   -.28455436043285E-07   0.69169320538860E-07   -.13798010241297E-02
 -.24643565211050E-03   0.33738502064755E-03   0.11046225448091E-03   -.97743139661601E-04   -.35704021896205E-03   -.64859928207095E-04
 0.37713533958029E-05   0.24898206426270E-05   0.26332628731509E-06   -.31581395688856E-04   -.17411226930450E-04   0.99716631777442E-05   -.38851987160009E-06   0.15605980495548E-06   0.29365237225854E-05
 -.19055551557191E+00   0.19061617708842E+00   -.20017295270618E-03   -.48822667410499E-05   0.17453319072551E-04   0.14881184201868E-03
 -.75365047524644E-01   -.97939905655073E-01   0.11421642404893E-04   -.43359303030875E-01   -.56396388924728E-01   0.10827573868470E-04   -.59574024358339E-03   0.77138746965442E-03   0.13306591837333E-05
 -.10217915731839E-03   0.73536631362279E-04   0.70030365556972E-04   0.21076151484887E-04   0.60115313808088E+00   0.46534567120477E+00
 -.98266965700571E-01   0.76139963512137E-01   -.20349090734381E-04   -.56640911558794E-01   0.43930430730560E-01   -.13926097319739E-04   -.77198026181417E-03   -.59611047131628E-03   -.51882357153405E-06
 -.89762590339146E-04   0.84836576229090E-04   0.16976864228339E-03   -.18070894110313E-04   -.46312688351128E+00   0.60062593987721E+00
 -.15963575642852E+00   0.16540570965557E+00   -.27702698078154E-04   -.97817936205831E-01   0.10131597764517E+00   -.25809900002486E-04   -.10395409008648E-03   -.10785446918702E-03   0.53143552976625E-06
 -.18336604557996E-03   -.11537434291114E-03   0.21314196207989E-02   0.26611678189015E-03   0.43399719628564E+00   -.41900635976994E+00
 -.16537032534615E+00   -.15935145421423E+00   0.31718006386899E-05   -.10115346374136E+00   -.97457389473787E-01   0.59777542648854E-05   -.11102395579159E-03   0.10686590237287E-03   -.87275989943793E-06
 -.17131936128716E-03   0.99763437477354E-05   0.11720471561481E-02   -.82163106548689E-04   -.41551410563903E+00   -.43114772594371E+00
 0.53331533362893E-03   -.16048717119787E-03   -.25398263872781E-03   0.36960151097962E-03   -.11055947060648E-03   -.19875041024129E-03   -.70833130085657E-08   -.56258058651097E-07   0.99509784284790E-07
 -.10603093095438E+00   -.10597550693177E+00   0.11448431201149E+01   0.46573346439128E-03   -.58993879261341E-03   0.17762675888347E-02
 0.46087529005650E-03   -.10309228715734E-02   -.72057582812135E-01   0.40320736290030E-03   -.90370272185832E-03   -.61371822733327E-01   -.12856488455312E-05   -.30655632815447E-05   -.34587124252152E-06
 0.25729093331576E-03   0.18378841707201E-03   -.16634404505783E-02   0.22936754745345E+00   -.97348088622161E-02   0.42082038290961E-02
 -.15182170425095E+00   0.12303000278314E+00   -.25258337148993E-03   -.14361740701796E+00   0.11641362544298E+00   -.19100246222425E-03   0.59978969852360E-03   0.48672559761583E-03   -.13871901437078E-06
 0.15526238620243E-03   0.18346490092588E-03   0.23550115964880E-02   0.88198221631604E-03   0.14647512639292E+01   -.18068348849555E+01
 0.12337707154299E+00   0.15226835689149E+00   -.11921303200571E-03   0.11651543298246E+00   0.14382115480594E+00   -.83125038296980E-04   -.48474878451896E-03   0.59826535429442E-03   -.29621728748832E-06
 -.60542331442162E-04   -.11040177135916E-03   -.98115852170581E-03   0.46894738925977E-03   0.18072053498826E+01   0.14646371104826E+01
 -.19717798861130E-04   -.46012657897093E-05   0.20552618313381E-04   -.29293566273805E-04   -.60705856222017E-05   0.89568664176286E-05   -.35976747578480E-06   0.14398119470204E-06   -.60368940753970E-05
 -.47508974903349E+00   0.47517468691476E+00   -.13406776359579E-03   0.13473582405547E-03   0.91344024691862E-04   0.26095908394525E-03
 -.49344536973430E-04   0.18264820794291E-04   -.57548694840088E-03   -.41346287188177E-04   0.12210462322953E-04   -.67391636354728E-03   0.95864266813220E-07   0.39044862508412E-07   0.12352670217443E-06
 -.26390010288351E+00   -.26378551194908E+00   0.16224013525422E+01   -.76934067866290E-03   0.16798183599421E-03   -.57723006529064E-03
 0.40003271957934E-01   0.43964833972808E-01   0.22185928328142E-05   -.22098632100851E-01   -.24315617446987E-01   -.55939223936777E-05   0.84438790042608E-04   -.92454815941263E-04   -.12159294967349E-06
 -.41630860667994E-04   0.55321120693651E-04   0.49179779008368E-03   0.84937448636783E-04   -.57171554874681E+00   -.52005159955325E+00
 -.43869826540227E-01   0.39896865326055E-01   0.70137081985546E-05   0.24105906768320E-01   -.21891460513116E-01   -.54024732172399E-05   -.87499577332000E-04   -.78977401772039E-04   -.84843209190258E-07
 -.23292662096029E-04   -.47336293773687E-04   -.85297527616281E-03   0.10092079658190E-03   -.51650028630456E+00   0.56861367925952E+00
 -.14322295560426E-05   -.18562913480217E-04   -.40073243979022E-01   0.89134686973794E-05   -.44117848443351E-04   0.61350139023843E-01   -.84001160039842E-07   -.31315899749781E-06   -.80535719138796E-06
 0.37435422896249E-03   0.24258028486569E-03   0.68190427242443E-02   0.32726563399694E+00   -.18932826298445E-04   0.54408636497690E-05
 -.17134828620070E-04   -.51728928526312E-04   0.27570857087521E-05   -.62221531496546E-05   -.15551323192061E-04   -.14254966553643E-04   -.35028094976470E-06   0.10938284243485E-05   -.29873170416164E-02
 -.31556153574409E-03   0.10603022951557E-03   0.75953053799304E-03   -.76924588504252E-03   0.75282414936673E-03   0.16505414688420E-03
 -.70063272012236E-04   0.24353950253435E-03   0.24333740709590E-01   -.14023966641581E-03   0.45421006251273E-03   0.26237040760381E-01   0.86231640763307E-06   0.26208182651157E-05   -.24918315390766E-05
 -.51765974074148E-02   -.51334374390116E-02   0.74291892577620E-02   0.84583851403142E+00   -.13934717900681E-03   0.21075699259307E-04
 0.28657883668030E-03   -.14225546781499E-03   0.65310550731714E-03   0.52336731492060E-03   -.25301554406694E-03   0.63167401265848E-03   -.33061210169077E-05   -.15650031108095E-05   -.18959427531346E-05
 0.19007793298257E+00   0.19020494053781E+00   -.16914171050348E+00   0.22598397031093E-01   0.68771344903340E-04   0.26980225279801E-04
 -.78345046523010E-01   -.85176969587706E-01   0.43329422754271E-04   -.13589984210642E+00   -.14773774832049E+00   0.33454730048653E-04   0.98449240317470E-03   -.10704120575783E-02   -.62388010697179E-06
 -.78397065082133E-04   0.35164904711497E-03   -.13497037668103E-03   0.93452547405826E-03   0.11223753544630E-01   0.10337148573183E-01
 0.84985659145300E-01   -.78197993148405E-01   0.66481829923477E-04   0.14779546842015E+00   -.13599693327462E+00   0.53357939516436E-04   -.10719198614444E-02   -.98670006495938E-03   -.24158825551583E-06
 -.31410113816736E-03   -.68494816132377E-03   0.31781884711880E-03   0.15988294877258E-02   0.10550100875465E-01   -.11655922109118E-01
 -.31872436941953E-04   -.11424681857066E-04   -.45055874498534E-05   -.93177140199137E-04   -.15220064974839E-04   0.56899258198400E-05   0.14239243464737E-05   -.28617531841454E-06   -.36492468587266E-05
 0.47790537113870E+00   -.47767912183862E+00   -.52879926685154E-03   0.12780391652932E-03   -.25361193457376E-04   -.15375243223934E-03
 -.43606959147828E-04   0.10653265331369E-04   0.64379770633328E-03   -.52313642929128E-04   0.17428294245595E-04   0.64485184274017E-03   0.42875286598546E-06   0.19103388209825E-06   0.13497906512672E-06
 -.22211195140869E+00   -.22232882912478E+00   -.48140641463953E+01   0.17739996448673E-02   0.29547988517301E-03   -.80215152635115E-03
 0.32191424654128E-01   -.32195959981550E-01   0.54312951070764E-06   0.28708921086409E-03   -.29684706348827E-03   -.26523173431464E-07   0.49619377858731E-04   0.49594821915349E-04   -.90852326060974E-08
 -.40815018346319E-04   0.18929371504013E-04   0.10033537695845E-03   -.39992421593143E-05   -.30617187847056E-02   0.30702951849817E-02
 0.32228397128950E-01   0.32231294550356E-01   0.77559875941465E-05   0.30713580786153E-03   0.31687238608943E-03   0.22063295258217E-05   0.49447937503958E-04   -.49428176674048E-04   0.19159144530150E-07
 0.16688073385031E-04   -.16446699475290E-04   -.52705002881768E-04   0.17670218953411E-05   0.30840305854689E-02   0.30763387741171E-02
 -.67275028241216E-02   0.78873783890116E-02   -.10080618144673E-03   0.52127443894454E-02   -.60806698782553E-02   -.61865294687771E-04   -.16965463079516E-02   -.19947322722575E-02   0.15050768152783E-06
 0.43786110218654E-04   0.61518683640765E-04   0.17832994190212E-03   -.27375890345655E-03   -.22178120743919E+00   0.18805110264992E+00
 -.84198623118183E-02   -.72807520225881E-02   0.34560202706006E-04   0.54154493938596E-02   0.44227259178243E-02   0.14905295253230E-04   -.19880318947770E-02   0.16885924088022E-02   -.10772029572341E-06
 0.50216636098561E-04   0.33108957721015E-04   0.25272239880012E-03   0.11386626752135E-03   0.18658743726624E+00   0.21949518601761E+00
 -.18228985221448E-05   -.24131844083997E-04   0.33234677370100E+00   0.22289116005582E-05   -.18871179741576E-04   0.21132651388584E+00   -.30760859660690E-06   -.90940681707213E-06   0.36758966015649E-07
 0.45867013541658E-02   0.46620173719281E-02   0.38966230409922E-01   0.38572647576012E+00   -.65800533185851E-04   -.35346524532855E-04
 -.62622988218552E-05   0.28794919095650E-04   0.10811717070040E+00   -.14660080678477E-05   0.15842234022485E-05   0.69447385499687E-01   -.30625189206990E-07   -.59989984182259E-07   0.23309355562771E-06
 0.43659704170139E-03   0.35954321757545E-03   -.70502138887845E-02   0.99379513087448E-01   -.10842692044441E-03   0.43987089888826E-04
 0.24874172238433E-03   -.36181264127953E-04   0.68306349480261E-03   0.16610696015923E-03   -.17861661931518E-04   0.37723443828171E-03   -.17671089073628E-05   -.31523527008096E-06   -.33582706071632E-06
 -.18984293534797E+00   -.18982878775713E+00   -.16116902237724E+01   0.13913606130374E-02   -.10727684944756E-03   0.92734657311727E-03
 -.30179464120957E-03   0.13199868861070E-04   -.50388969545336E-02   -.26123121868158E-03   0.21072840787644E-04   -.31476079279477E-02   0.23442463793167E-05   0.29844652759802E-06   0.24504678214054E-06
 0.26556030684994E+00   0.26556740698086E+00   0.17717812413392E+01   -.50389634336186E-02   0.21553193798083E-03   -.17931324244872E-02
 0.12671747769829E+00   0.12640242856225E+00   0.35587837333861E-04   0.97631087837896E-01   0.97382743963331E-01   0.15224131143767E-04   -.60291065272200E-03   0.59992701416025E-03   -.82007115364568E-06
 0.51104395103676E-03   0.49454857039739E-03   0.37277384327315E-02   0.27125204191668E-04   0.68604952064751E+00   0.68753447927376E+00
 -.12620201416078E+00   0.12640112038386E+00   0.55388938068011E-04   -.97267209593200E-01   0.97414397880600E-01   0.27408158094901E-04   0.59318980459965E-03   0.59399695929050E-03   -.47051943341668E-06
 -.65468580034125E-03   -.61091016550632E-03   -.47328810500126E-02   0.52662279267423E-04   0.68531579894622E+00   -.68374635013145E+00
 -.66540434470291E-01   -.66727634114424E-01   0.74966036892562E-05   -.57205339351374E-03   -.62008774427421E-03   0.99729773582568E-05   0.86555592716770E-04   -.87200044725436E-04   -.87250412985312E-07
 0.27734217770916E-04   0.96335514264050E-05   0.12599408031645E-03   0.38498032528397E-05   0.20600285780857E+00   0.20592651519185E+00
 0.66631117426242E-01   -.66591711337605E-01   0.21325132695782E-04   0.57467445985596E-03   -.64146729955751E-03   0.15924677226417E-04   -.87843983853545E-04   -.88253672338029E-04   -.54340039204508E-07
 -.43174369074186E-04   -.70260114187987E-04   -.33659252279560E-03   0.12794828266135E-04   0.20501296325681E+00   -.20585483538695E+00
 -.94367391830461E-04   -.38382818634157E-03   -.16027590930065E-03   -.70287663415036E-04   -.30191458588697E-03   -.10448875588608E-03   0.37899547135766E-06   -.16888662498793E-05   -.16651333031770E-03
 -.22918475503079E-04   0.64236868376555E-03   0.11608344222324E-02   -.20519537805839E-03   -.23939110428427E-02   -.62151106805229E-03
