$grad          cartesian gradients
  cycle =      2    SCF energy =    -2512.2262717590   |dE/dxyz| =  0.000007
    0.00000000000000      0.00000000000000      0.00000000000000      mo
    0.00000000000000      0.00000000000000     -6.32223333613574      y
    0.00000000000000      0.00000000000000      6.32223333613574      y
    2.43124400589540      2.43124400589540     -2.42568758571489      s
   -2.43124400589540     -2.43124400589540     -2.42568758571489      s
    2.43124400589540     -2.43124400589540      2.42568758571489      s
   -2.43124400589540      2.43124400589540      2.42568758571489      s
    4.58746124843106     -1.51720420223339     -7.53735509338904      c
    3.52729453309365     -3.52729453309365     -6.10884725458689      c
    1.51720420223339     -4.58746124843106     -7.53735509338904      c
    1.33839634401672     -3.23972958052948     -9.85329654411859      c
    3.23972958052948     -1.33839634401672     -9.85329654411859      c
   -1.51720420223339      4.58746124843106     -7.53735509338904      c
   -3.52729453309365      3.52729453309365     -6.10884725458689      c
   -4.58746124843106      1.51720420223339     -7.53735509338904      c
   -3.23972958052948      1.33839634401672     -9.85329654411859      c
   -1.33839634401672      3.23972958052948     -9.85329654411859      c
    1.51720420223339      4.58746124843106      7.53735509338904      c
    1.33839634401672      3.23972958052948      9.85329654411859      c
    3.23972958052948      1.33839634401672      9.85329654411859      c
    4.58746124843106      1.51720420223339      7.53735509338904      c
    3.52729453309365      3.52729453309365      6.10884725458689      c
   -4.58746124843106     -1.51720420223339      7.53735509338904      c
   -3.23972958052948     -1.33839634401672      9.85329654411859      c
   -1.33839634401672     -3.23972958052948      9.85329654411859      c
   -1.51720420223339     -4.58746124843106      7.53735509338904      c
   -3.52729453309365     -3.52729453309365      6.10884725458689      c
    0.31738605670868     -6.15628408078764     -6.95105947986181      h
   -0.00384008680750     -3.60991770743785    -11.37159622820354      h
    4.10903117439731     -4.10903117439731     -4.22060246077817      h
    3.60991770743785      0.00384008680750    -11.37159622820354      h
    6.15628408078764     -0.31738605670868     -6.95105947986181      h
    0.00384008680750      3.60991770743785    -11.37159622820354      h
   -0.31738605670868      6.15628408078764     -6.95105947986181      h
   -4.10903117439731      4.10903117439731     -4.22060246077817      h
   -6.15628408078764      0.31738605670868     -6.95105947986181      h
   -3.60991770743785     -0.00384008680750    -11.37159622820354      h
   -0.31738605670868     -6.15628408078764      6.95105947986181      h
   -4.10903117439731     -4.10903117439731      4.22060246077817      h
   -6.15628408078764     -0.31738605670868      6.95105947986181      h
   -3.60991770743785      0.00384008680750     11.37159622820354      h
    0.00384008680750     -3.60991770743785     11.37159622820354      h
   -0.00384008680750      3.60991770743785     11.37159622820354      h
    0.31738605670868      6.15628408078764      6.95105947986181      h
    4.10903117439731      4.10903117439731      4.22060246077817      h
    3.60991770743785     -0.00384008680750     11.37159622820354      h
    6.15628408078764      0.31738605670868      6.95105947986181      h
  0.00000000000000D+00  0.00000000000000D+00  0.00000000000000D+00
  0.00000000000000D+00  0.00000000000000D+00  -.23573403776789D-05
  0.00000000000000D+00  0.00000000000000D+00  0.23573403776789D-05
  0.40947913770850D-06  0.40947913593214D-06  0.18484469310742D-06
  -.40947913770850D-06  -.40947913948486D-06  0.18484469310742D-06
  0.40947913859668D-06  -.40947913637623D-06  -.18484469310742D-06
  -.40947913859668D-06  0.40947913904077D-06  -.18484469310742D-06
  -.31774865405509D-07  -.38230820509355D-06  -.59927273721172D-06
  0.14115668500736D-05  -.14115668500736D-05  -.30326386912805D-06
  0.38230820376128D-06  0.31774866737777D-07  -.59927273721172D-06
  -.61842634746512D-06  0.66970465661953D-06  0.94998621458231D-06
  -.66970465528726D-06  0.61842634835330D-06  0.94998621458231D-06
  -.38230820509355D-06  -.31774865405509D-07  -.59927273721172D-06
  -.14115668505177D-05  0.14115668505177D-05  -.30326386912805D-06
  0.31774866737777D-07  0.38230820376128D-06  -.59927273721172D-06
  0.66970465661953D-06  -.61842634835330D-06  0.94998621458231D-06
  0.61842634835330D-06  -.66970465528726D-06  0.94998621458231D-06
  0.38230820376128D-06  -.31774866737777D-07  0.59927273721172D-06
  -.61842634746512D-06  -.66970465661953D-06  -.94998621458231D-06
  -.66970465528726D-06  -.61842634835330D-06  -.94998621458231D-06
  -.31774865405509D-07  0.38230820509355D-06  0.59927273721172D-06
  0.14115668505177D-05  0.14115668500736D-05  0.30326386912805D-06
  0.31774866737777D-07  -.38230820376128D-06  0.59927273721172D-06
  0.66970465661953D-06  0.61842634835330D-06  -.94998621458231D-06
  0.61842634835330D-06  0.66970465528726D-06  -.94998621458231D-06
  -.38230820509355D-06  0.31774865405509D-07  0.59927273721172D-06
  -.14115668500736D-05  -.14115668500736D-05  0.30326386912805D-06
  -.63546677253612D-07  -.20462425665002D-06  0.10280558593312D-06
  -.10741931921743D-06  0.22283353628971D-06  0.28308800859023D-06
  0.12487636780190D-06  -.12487636846803D-06  0.22027512480705D-06
  -.22283353584562D-06  0.10741931921743D-06  0.28308800859023D-06
  0.20462425753820D-06  0.63546676809523D-07  0.10280558593312D-06
  0.10741931921743D-06  -.22283353573460D-06  0.28308800859023D-06
  0.63546676809523D-07  0.20462425753820D-06  0.10280558593312D-06
  -.12487636846803D-06  0.12487636780190D-06  0.22027512480705D-06
  -.20462425665002D-06  -.63546678141790D-07  0.10280558593312D-06
  0.22283353640073D-06  -.10741931921743D-06  0.28308800859023D-06
  0.63546676809523D-07  -.20462425753820D-06  -.10280558593312D-06
  -.12487636846803D-06  -.12487636780190D-06  -.22027512480705D-06
  -.20462425665002D-06  0.63546678141790D-07  -.10280558593312D-06
  0.22283353640073D-06  0.10741931921743D-06  -.28308800859023D-06
  0.10741931921743D-06  0.22283353573460D-06  -.28308800859023D-06
  -.10741931921743D-06  -.22283353628971D-06  -.28308800859023D-06
  -.63546677253612D-07  0.20462425665002D-06  -.10280558593312D-06
  0.12487636780190D-06  0.12487636846803D-06  -.22027512480705D-06
  -.22283353584562D-06  -.10741931921743D-06  -.28308800859023D-06
  0.20462425753820D-06  -.63546676809523D-07  -.10280558593312D-06
  cycle =      3    SCF energy =    -2512.2262717260   |dE/dxyz| =  0.000006
    0.00000000000000      0.00000000000000      0.00000000000000      mo
    0.00000000000000      0.00000000000000     -6.32224172790143      y
    0.00000000000000      0.00000000000000      6.32224172790143      y
    2.43124177555979      2.43124177555979     -2.42569099566565      s
   -2.43124177555979     -2.43124177555979     -2.42569099566565      s
    2.43124177555979     -2.43124177555979      2.42569099566565      s
   -2.43124177555979      2.43124177555979      2.42569099566565      s
    4.58746592801526     -1.51720810596492     -7.53732885969739      c
    3.52728776347675     -3.52728776347675     -6.10881461212853      c
    1.51720810596492     -4.58746592801526     -7.53732885969739      c
    1.33841802129051     -3.23975152133183     -9.85328210384540      c
    3.23975152133183     -1.33841802129051     -9.85328210384540      c
   -1.51720810596492      4.58746592801526     -7.53732885969739      c
   -3.52728776347675      3.52728776347675     -6.10881461212853      c
   -4.58746592801526      1.51720810596492     -7.53732885969739      c
   -3.23975152133183      1.33841802129051     -9.85328210384540      c
   -1.33841802129051      3.23975152133183     -9.85328210384540      c
    1.51720810596492      4.58746592801526      7.53732885969739      c
    1.33841802129051      3.23975152133183      9.85328210384540      c
    3.23975152133183      1.33841802129051      9.85328210384540      c
    4.58746592801526      1.51720810596492      7.53732885969739      c
    3.52728776347675      3.52728776347675      6.10881461212853      c
   -4.58746592801526     -1.51720810596492      7.53732885969739      c
   -3.23975152133183     -1.33841802129051      9.85328210384540      c
   -1.33841802129051     -3.23975152133183      9.85328210384540      c
   -1.51720810596492     -4.58746592801526      7.53732885969739      c
   -3.52728776347675     -3.52728776347675      6.10881461212853      c
    0.31738345036786     -6.15628271202905     -6.95103239391607      h
   -0.00380417967276     -3.60994752950862    -11.37159318405770      h
    4.10900955915327     -4.10900955915327     -4.22056095779393      h
    3.60994752950862      0.00380417967276    -11.37159318405770      h
    6.15628271202905     -0.31738345036786     -6.95103239391607      h
    0.00380417967276      3.60994752950862    -11.37159318405770      h
   -0.31738345036786      6.15628271202905     -6.95103239391607      h
   -4.10900955915327      4.10900955915327     -4.22056095779393      h
   -6.15628271202905      0.31738345036786     -6.95103239391607      h
   -3.60994752950862     -0.00380417967276    -11.37159318405770      h
   -0.31738345036786     -6.15628271202905      6.95103239391607      h
   -4.10900955915327     -4.10900955915327      4.22056095779393      h
   -6.15628271202905     -0.31738345036786      6.95103239391607      h
   -3.60994752950862      0.00380417967276     11.37159318405770      h
    0.00380417967276     -3.60994752950862     11.37159318405770      h
   -0.00380417967276      3.60994752950862     11.37159318405770      h
    0.31738345036786      6.15628271202905      6.95103239391607      h
    4.10900955915327      4.10900955915327      4.22056095779393      h
    3.60994752950862     -0.00380417967276     11.37159318405770      h
    6.15628271202905      0.31738345036786      6.95103239391607      h
  0.00000000000000D+00  0.00000000000000D+00  0.00000000000000D+00
  0.00000000000000D+00  0.00000000000000D+00  -.34745525614444D-05
  0.00000000000000D+00  0.00000000000000D+00  0.34745525614444D-05
  -.34342075849736D-08  -.34342084731520D-08  0.43948587458154D-06
  0.34342066967952D-08  0.34342066967952D-08  0.43948587458154D-06
  -.34342084731520D-08  0.34342080290628D-08  -.43948587458154D-06
  0.34342066967952D-08  -.34342080290628D-08  -.43948587458154D-06
  0.20574116632588D-06  -.30021094321597D-06  0.32770531177562D-07
  0.91036496430164D-06  -.91036496385755D-06  0.34072707322252D-07
  0.30021094188371D-06  -.20574116499361D-06  0.32770531177562D-07
  -.39854849864795D-06  -.44123028786203D-07  0.82126726219656D-06
  0.44123030562560D-07  0.39854849864795D-06  0.82126726219656D-06
  -.30021094321597D-06  0.20574116676997D-06  0.32770531177562D-07
  -.91036496430164D-06  0.91036496385755D-06  0.34072707322252D-07
  -.20574116499361D-06  0.30021094188371D-06  0.32770531177562D-07
  -.44123028786203D-07  -.39854849953613D-06  0.82126726219656D-06
  0.39854849864795D-06  0.44123030118470D-07  0.82126726219656D-06
  0.30021094188371D-06  0.20574116499361D-06  -.32770531177562D-07
  -.39854849864795D-06  0.44123028786203D-07  -.82126726219656D-06
  0.44123030562560D-07  -.39854849864795D-06  -.82126726219656D-06
  0.20574116632588D-06  0.30021094321597D-06  -.32770531177562D-07
  0.91036496430164D-06  0.91036496385755D-06  -.34072707322252D-07
  -.20574116499361D-06  -.30021094188371D-06  -.32770531177562D-07
  -.44123028786203D-07  0.39854849953613D-06  -.82126726219656D-06
  0.39854849864795D-06  -.44123030118470D-07  -.82126726219656D-06
  -.30021094321597D-06  -.20574116676997D-06  -.32770531177562D-07
  -.91036496430164D-06  -.91036496430164D-06  -.34072707322252D-07
  -.11701444435630D-06  0.32251799897409D-07  -.61373219839567D-07
  0.92366517989717D-07  0.25177404250343D-06  -.33205227012445D-07
  -.71080347052721D-07  0.71080346386587D-07  0.16695695537194D-06
  -.25177404205934D-06  -.92366517989717D-07  -.33205227012445D-07
  -.32251799009231D-07  0.11701444391221D-06  -.61373219839567D-07
  -.92366517989717D-07  -.25177404194832D-06  -.33205227012445D-07
  0.11701444346812D-06  -.32251799009231D-07  -.61373219839567D-07
  0.71080346386587D-07  -.71080347052721D-07  0.16695695537194D-06
  0.32251799897409D-07  -.11701444480039D-06  -.61373219839567D-07
  0.25177404261445D-06  0.92366517989717D-07  -.33205227012445D-07
  0.11701444346812D-06  0.32251799009231D-07  0.61373219839567D-07
  0.71080346386587D-07  0.71080347052721D-07  -.16695695537194D-06
  0.32251799897409D-07  0.11701444480039D-06  0.61373219839567D-07
  0.25177404261445D-06  -.92366517989717D-07  0.33205227012445D-07
  -.92366517989717D-07  0.25177404194832D-06  0.33205227012445D-07
  0.92366517989717D-07  -.25177404250343D-06  0.33205227012445D-07
  -.11701444435630D-06  -.32251799897409D-07  0.61373219839567D-07
  -.71080347052721D-07  -.71080346386587D-07  -.16695695537194D-06
  -.25177404205934D-06  0.92366517989717D-07  0.33205227012445D-07
  -.32251799009231D-07  -.11701444391221D-06  0.61373219839567D-07
$end
