$coord
   -0.00000000000000     -0.00000000000000      0.00000000000000  mo
   -0.00000000000000      0.00000000000000     -6.64703600127125  tb
   -0.00000000000000      0.00000000000000      6.64703600127125  tb
    2.32019478082886      2.32019478082886     -2.72879938151941  s
   -2.32019478082886     -2.32019478082886     -2.72879938151941  s
    2.32019478082886     -2.32019478082886      2.72879938151941  s
   -2.32019478082886      2.32019478082886      2.72879938151941  s
    4.65868195776441     -1.58962927610992     -7.94156417517904  c
    3.60280745413106     -3.60280745413106     -6.51756887706249  c
    1.58962927610992     -4.65868195776441     -7.94156417517904  c
    1.39601200771893     -3.29587325313948    -10.24818951997512  c
    3.29587325313948     -1.39601200771893    -10.24818951997512  c
   -1.58962927610992      4.65868195776441     -7.94156417517904  c
   -3.60280745413106      3.60280745413106     -6.51756887706249  c
   -4.65868195776441      1.58962927610992     -7.94156417517904  c
   -3.29587325313948      1.39601200771893    -10.24818951997512  c
   -1.39601200771893      3.29587325313948    -10.24818951997512  c
    1.58962927610992      4.65868195776441      7.94156417517904  c
    1.39601200771893      3.29587325313948     10.24818951997512  c
    3.29587325313948      1.39601200771893     10.24818951997512  c
    4.65868195776441      1.58962927610992      7.94156417517904  c
    3.60280745413106      3.60280745413106      6.51756887706249  c
   -4.65868195776441     -1.58962927610992      7.94156417517904  c
   -3.29587325313948     -1.39601200771893     10.24818951997512  c
   -1.39601200771893     -3.29587325313948     10.24818951997512  c
   -1.58962927610992     -4.65868195776441      7.94156417517904  c
   -3.60280745413106     -3.60280745413106      6.51756887706249  c
    0.39427796024664     -6.23393301247220     -7.35282160125791  h
    0.04728832916324     -3.66317423463996    -11.76706465924250  h
    4.19364459259281     -4.19364459259281     -4.63227430768706  h
    3.66317423463996     -0.04728832916324    -11.76706465924250  h
    6.23393301247220     -0.39427796024664     -7.35282160125791  h
   -0.04728832916324      3.66317423463996    -11.76706465924250  h
   -0.39427796024664      6.23393301247220     -7.35282160125791  h
   -4.19364459259281      4.19364459259281     -4.63227430768706  h
   -6.23393301247220      0.39427796024664     -7.35282160125791  h
   -3.66317423463996      0.04728832916324    -11.76706465924250  h
   -0.39427796024664     -6.23393301247220      7.35282160125791  h
   -4.19364459259281     -4.19364459259281      4.63227430768706  h
   -6.23393301247220     -0.39427796024664      7.35282160125791  h
   -3.66317423463996     -0.04728832916324     11.76706465924250  h
   -0.04728832916324     -3.66317423463996     11.76706465924250  h
    0.04728832916324      3.66317423463996     11.76706465924250  h
    0.39427796024664      6.23393301247220      7.35282160125791  h
    4.19364459259281      4.19364459259281      4.63227430768706  h
    3.66317423463996      0.04728832916324     11.76706465924250  h
    6.23393301247220      0.39427796024664      7.35282160125791  h
$user-defined bonds
$end
