$coord
    0.00000000000000      0.00000000000000      0.00000000000000      mo
    0.00000000000000      0.00000000000000     -6.40262201121694      dy
    0.00000000000000      0.00000000000000      6.40262201121694      dy
    2.40876732762555      2.40876732762555     -2.52827570558806      s
   -2.40876732762555     -2.40876732762555     -2.52827570558806      s
    2.40876732762555     -2.40876732762555      2.52827570558806      s
   -2.40876732762555      2.40876732762555      2.52827570558806      s
    4.63448966135172     -1.56768363299292     -7.62581035317202      c
    3.56576107291467     -3.56576107291467     -6.19250414351906      c
    1.56768363299292     -4.63448966135172     -7.62581035317202      c
    1.38812313133191     -3.28919210114839     -9.94186317937446      c
    3.28919210114839     -1.38812313133191     -9.94186317937446      c
   -1.56768363299292      4.63448966135172     -7.62581035317202      c
   -3.56576107291467      3.56576107291467     -6.19250414351906      c
   -4.63448966135172      1.56768363299292     -7.62581035317202      c
   -3.28919210114839      1.38812313133191     -9.94186317937446      c
   -1.38812313133191      3.28919210114839     -9.94186317937446      c
    1.56768363299292      4.63448966135172      7.62581035317202      c
    1.38812313133191      3.28919210114839      9.94186317937446      c
    3.28919210114839      1.38812313133191      9.94186317937446      c
    4.63448966135172      1.56768363299292      7.62581035317202      c
    3.56576107291467      3.56576107291467      6.19250414351906      c
   -4.63448966135172     -1.56768363299292      7.62581035317202      c
   -3.28919210114839     -1.38812313133191      9.94186317937446      c
   -1.38812313133191     -3.28919210114839      9.94186317937446      c
   -1.56768363299292     -4.63448966135172      7.62581035317202      c
   -3.56576107291467     -3.56576107291467      6.19250414351906      c
    0.35546771716258     -6.19078677256320     -7.02263993712421      h
    0.04767214787333     -3.66282602258438    -11.46571915719116      h
    4.12520186462843     -4.12520186462843     -4.28834210644877      h
    3.66282602258438     -0.04767214787333    -11.46571915719116      h
    6.19078677256320     -0.35546771716258     -7.02263993712421      h
   -0.04767214787333      3.66282602258438    -11.46571915719116      h
   -0.35546771716258      6.19078677256320     -7.02263993712421      h
   -4.12520186462843      4.12520186462843     -4.28834210644877      h
   -6.19078677256320      0.35546771716258     -7.02263993712421      h
   -3.66282602258438      0.04767214787333    -11.46571915719116      h
   -0.35546771716258     -6.19078677256320      7.02263993712421      h
   -4.12520186462843     -4.12520186462843      4.28834210644877      h
   -6.19078677256320     -0.35546771716258      7.02263993712421      h
   -3.66282602258438     -0.04767214787333     11.46571915719116      h
   -0.04767214787333     -3.66282602258438     11.46571915719116      h
    0.04767214787333      3.66282602258438     11.46571915719116      h
    0.35546771716258      6.19078677256320      7.02263993712421      h
    4.12520186462843      4.12520186462843      4.28834210644877      h
    3.66282602258438      0.04767214787333     11.46571915719116      h
    6.19078677256320      0.35546771716258      7.02263993712421      h
$user-defined bonds
$end
