$coord
   -0.00000000000000     -0.00000000000000      0.00000000000000      mo
   -0.00000000000000      0.00000000000000     -6.81981946478266      y
    2.32689804734071      2.34097588881219     -2.55750203734931      s
   -2.32689804734071     -2.34097588881219     -2.55750203734931      s
    2.34097588881219     -2.32689804734071      2.55750203734931      s
   -2.34097588881219      2.32689804734071      2.55750203734931      s
    4.70346697634815     -1.60309593876042     -7.67876772907680      c
    3.52915204880664     -3.57459271983470     -6.25041617655685      c
    1.59540029210753     -4.67785028422603     -7.78539182702054      c
    1.60198514939422     -3.41849809967111    -10.18105611277289      c
    3.52528122658885     -1.51092939405590    -10.11335140434521      c
   -1.59540029210753      4.67785028422603     -7.78539182702054      c
   -3.52915204880664      3.57459271983470     -6.25041617655685      c
   -4.70346697634815      1.60309593876042     -7.67876772907680      c
   -3.52528122658885      1.51092939405590    -10.11335140434521      c
   -1.60198514939422      3.41849809967111    -10.18105611277289      c
    0.06029723422127     -6.98505114433163     -7.13209741506142      c
    0.23337533788132     -4.33615667940080    -12.50012059335357      c
    4.41020839102430     -4.55092520295128     -3.73381741474052      c
    4.53709515220320     -0.06368817438370    -12.34441010525247      c
    7.00811894573635     -0.12222784842231     -6.90389747249942      c
   -0.23337533788132      4.33615667940080    -12.50012059335357      c
   -4.41020839102430      4.55092520295128     -3.73381741474052      c
   -7.00811894573635      0.12222784842231     -6.90389747249942      c
   -4.53709515220320      0.06368817438370    -12.34441010525247      c
    5.85617882512596     -6.03540031717624     -3.99736648125436      h
    2.85613306734859     -5.38422933939995     -2.63300394812711      h
   -2.85613306734859      5.38422933939995     -2.63300394812711      h
   -5.85617882512596      6.03540031717624     -3.99736648125436      h
    5.26338776392913     -3.05187497808666     -2.57385155165999      h
   -5.26338776392913      3.05187497808666     -2.57385155165999      h
    7.04224058286055      1.77677793269039     -7.75606799705467      h
    8.75075039786344     -1.09651644170551     -7.51831716637869      h
    7.11660489900180      0.11439235366293     -4.84148657847978      h
   -7.04224058286055     -1.77677793269039     -7.75606799705467      h
   -8.75075039786344      1.09651644170551     -7.51831716637869      h
   -7.11660489900180     -0.11439235366293     -4.84148657847978      h
   -0.06029723422127      6.98505114433163     -7.13209741506142      c
   -1.04065826873747      8.72337246630128     -7.74904732919973      h
    1.80171207508041      6.97704903033233     -8.06324572442339      h
    0.26220808897413      7.14353801650294     -5.08424306989120      h
    1.04065826873747     -8.72337246630128     -7.74904732919973      h
   -1.80171207508041     -6.97704903033233     -8.06324572442339      h
    3.14095012656877      0.10160332867761    -13.87209043572270      h
   -3.14095012656877     -0.10160332867761    -13.87209043572270      h
   -1.24445488041752      5.96252602081392    -13.33508630823975      h
    1.24445488041752     -5.96252602081392    -13.33508630823975      h
   -0.26220808897413     -7.14353801650294     -5.08424306989120      h
   -0.00000000000000     -0.00000000000000      6.81981946478266      y
    1.60309593876042      4.70346697634815      7.67876772907680      c
   -1.60309593876042     -4.70346697634815      7.67876772907680      c
    4.67785028422603      1.59540029210753      7.78539182702054      c
   -4.67785028422603     -1.59540029210753      7.78539182702054      c
    3.57459271983470      3.52915204880664      6.25041617655685      c
   -3.57459271983470     -3.52915204880664      6.25041617655685      c
    3.41849809967111      1.60198514939422     10.18105611277289      c
   -3.41849809967111     -1.60198514939422     10.18105611277289      c
    1.51092939405590      3.52528122658885     10.11335140434521      c
   -1.51092939405590     -3.52528122658885     10.11335140434521      c
    6.98505114433163      0.06029723422127      7.13209741506142      c
   -6.98505114433163     -0.06029723422127      7.13209741506142      c
    0.12222784842231      7.00811894573635      6.90389747249942      c
   -0.12222784842231     -7.00811894573635      6.90389747249942      c
    4.33615667940080      0.23337533788132     12.50012059335357      c
   -4.33615667940080     -0.23337533788132     12.50012059335357      c
    0.06368817438370      4.53709515220320     12.34441010525247      c
   -0.06368817438370     -4.53709515220320     12.34441010525247      c
    4.55092520295128      4.41020839102430      3.73381741474052      c
   -4.55092520295128     -4.41020839102430      3.73381741474052      c
    6.03540031717624      5.85617882512596      3.99736648125436      h
   -6.03540031717624     -5.85617882512596      3.99736648125436      h
    5.38422933939995      2.85613306734859      2.63300394812711      h
   -5.38422933939995     -2.85613306734859      2.63300394812711      h
    3.05187497808666      5.26338776392913      2.57385155165999      h
   -3.05187497808666     -5.26338776392913      2.57385155165999      h
   -1.77677793269039      7.04224058286055      7.75606799705467      h
    1.77677793269039     -7.04224058286055      7.75606799705467      h
    6.97704903033233     -1.80171207508041      8.06324572442339      h
   -6.97704903033233      1.80171207508041      8.06324572442339      h
    1.09651644170551      8.75075039786344      7.51831716637869      h
   -1.09651644170551     -8.75075039786344      7.51831716637869      h
    8.72337246630128      1.04065826873747      7.74904732919973      h
   -8.72337246630128     -1.04065826873747      7.74904732919973      h
   -0.11439235366293      7.11660489900180      4.84148657847978      h
    0.11439235366293     -7.11660489900180      4.84148657847978      h
    7.14353801650294     -0.26220808897413      5.08424306989120      h
   -7.14353801650294      0.26220808897413      5.08424306989120      h
    4.97839507955382     -1.70132832993260     12.08635631892788      h
   -1.70132832993260     -4.97839507955382    -12.08635631892788      h
    1.70132832993260      4.97839507955382    -12.08635631892788      h
   -0.10160332867761      3.14095012656877     13.87209043572270      h
    0.10160332867761     -3.14095012656877     13.87209043572270      h
    2.87373013782184      0.11351225016836     13.97005564395293      h
    0.11351225016836     -2.87373013782184    -13.97005564395293      h
   -2.87373013782184     -0.11351225016836     13.97005564395293      h
   -0.11351225016836      2.87373013782184    -13.97005564395293      h
   -4.97839507955382      1.70132832993260     12.08635631892788      h
    1.85889097962356     -5.15193353876403     11.83864753820808      h
   -5.15193353876403     -1.85889097962356    -11.83864753820808      h
   -1.85889097962356      5.15193353876403     11.83864753820808      h
    5.15193353876403      1.85889097962356    -11.83864753820808      h
   -5.96252602081392     -1.24445488041752     13.33508630823975      h
    5.96252602081392      1.24445488041752     13.33508630823975      h
   -1.03951362501029     -6.20460553941331     13.13909610651894      h
   -6.20460553941331      1.03951362501029    -13.13909610651894      h
    1.03951362501029      6.20460553941331     13.13909610651894      h
    6.20460553941331     -1.03951362501029    -13.13909610651894      h
$redundant
     number_of_atoms           107
     degrees_of_freedom         78
     internal_coordinates       96
     frozen_coordinates          0
# definitions of redundant internals
   1 k  1.0000000000000 stre   17   43           val=   2.08187
   2 k  1.0000000000000 stre   20  101           val=   2.08090
   3 k  1.0000000000000 stre   19   26           val=   2.08901
   4 k  1.0000000000000 stre   21   32           val=   2.08173
   5 k  1.0000000000000 stre   17   48           val=   2.07914
   6 k  1.0000000000000 stre   19   30           val=   2.07860
   7 k  1.0000000000000 stre   20   44           val=   2.07614
   8 k  1.0000000000000 stre   19   27           val=   2.07878
   9 k  1.0000000000000 stre   20  107           val=   2.08910
  10 k  1.0000000000000 stre   18   94           val=   2.07696
  11 k  1.0000000000000 stre   18   89           val=   2.08008
  12 k  1.0000000000000 stre    9   17           val=   2.84719
  13 k  1.0000000000000 stre    8   19           val=   2.83950
  14 k  1.0000000000000 stre   11   20           val=   2.84533
  15 k  1.0000000000000 stre   18   47           val=   2.08914
  16 k  1.0000000000000 stre   17   42           val=   2.08890
  17 k  1.0000000000000 stre   10   18           val=   2.84486
  18 k  1.0000000000000 stre   21   34           val=   2.07877
  19 k  1.0000000000000 stre   21   33           val=   2.08890
  20 k  1.0000000000000 stre    7   21           val=   2.84690
  21 k  0.4509239421124 bend  101   44   20      val=   1.83308
        0.4107665406624 bend  107   44   20
        0.4068935283703 bend  107  101   20
       -0.3914649268858 bend   11   44   20
       -0.3913908439229 bend   11  101   20
       -0.3948981164605 bend   11  107   20
  22 k  0.4514142038308 bend   89   94   18      val=   1.82242
        0.4087157140129 bend   47   94   18
        0.4081393720272 bend   47   89   18
       -0.3915490678930 bend   10   94   18
       -0.3913081518660 bend   10   89   18
       -0.3951786841612 bend   10   47   18
  23 k  0.4374730472766 bend   43   48   17      val=   1.75640
        0.4196471330126 bend   42   48   17
        0.4098075983518 bend   42   43   17
       -0.3918232621627 bend    9   48   17
       -0.3948312849550 bend    9   43   17
       -0.3938960987913 bend    9   42   17
  24 k  0.4362745231686 bend   32   34   21      val=   1.74391
        0.4205573972841 bend   33   34   21
        0.4097884152113 bend   33   32   21
       -0.3921737445006 bend    7   34   21
       -0.3953553684904 bend    7   32   21
       -0.3933997426441 bend    7   33   21
  25 k  0.4348076756525 bend   27   30   19      val=   1.68497
        0.4143538433379 bend   26   30   19
        0.4160021800801 bend   26   27   19
       -0.3954105708393 bend    8   30   19
       -0.3949532268607 bend    8   27   19
       -0.3922471069801 bend    8   26   19
  26 k  1.0000000000000 tors   34   21    7    2 val=  62.15459
        1.0000000000000 tors   34   21    7    8
        1.0000000000000 tors   34   21    7   11
        1.0000000000000 tors   32   21    7    2
        1.0000000000000 tors   32   21    7    8
        1.0000000000000 tors   32   21    7   11
        1.0000000000000 tors   33   21    7    2
        1.0000000000000 tors   33   21    7    8
        1.0000000000000 tors   33   21    7   11
  27 k  1.0000000000000 tors   48   17    9    2 val=  58.41935
        1.0000000000000 tors   48   17    9    8
        1.0000000000000 tors   48   17    9   10
        1.0000000000000 tors   43   17    9    2
        1.0000000000000 tors   43   17    9    8
        1.0000000000000 tors   43   17    9   10
        1.0000000000000 tors   42   17    9    2
        1.0000000000000 tors   42   17    9    8
        1.0000000000000 tors   42   17    9   10
  28 k  1.0000000000000 tors   44   20   11    2 val=  90.69289
        1.0000000000000 tors   44   20   11    7
        1.0000000000000 tors   44   20   11   10
        1.0000000000000 tors  101   20   11    2
        1.0000000000000 tors  101   20   11    7
        1.0000000000000 tors  101   20   11   10
        1.0000000000000 tors  107   20   11    2
        1.0000000000000 tors  107   20   11    7
        1.0000000000000 tors  107   20   11   10
  29 k  1.0000000000000 tors   94   18   10    2 val=  68.38832
        1.0000000000000 tors   94   18   10    9
        1.0000000000000 tors   94   18   10   11
        1.0000000000000 tors   89   18   10    2
        1.0000000000000 tors   89   18   10    9
        1.0000000000000 tors   89   18   10   11
        1.0000000000000 tors   47   18   10    2
        1.0000000000000 tors   47   18   10    9
        1.0000000000000 tors   47   18   10   11
  30 k  1.0000000000000 tors   30   19    8    2 val=  59.26662
        1.0000000000000 tors   30   19    8    7
        1.0000000000000 tors   30   19    8    9
        1.0000000000000 tors   27   19    8    2
        1.0000000000000 tors   27   19    8    7
        1.0000000000000 tors   27   19    8    9
        1.0000000000000 tors   26   19    8    2
        1.0000000000000 tors   26   19    8    7
        1.0000000000000 tors   26   19    8    9
  31 k  0.0247076821354 bend   27   30   19      val=   0.00893
        0.5833359161020 bend   26   30   19
       -0.6069567352761 bend   26   27   19
        0.3882523102248 bend    8   30   19
       -0.3738242417494 bend    8   27   19
       -0.0150943968939 bend    8   26   19
  32 k -0.1913911299630 bend   89   94   18      val=   0.25030
       -0.4632132521033 bend   47   94   18
        0.6702217896831 bend   47   89   18
       -0.4357546995971 bend   10   94   18
        0.3084100414447 bend   10   89   18
        0.1208584262534 bend   10   47   18
  33 k -0.1857406942290 bend  101   44   20      val=   0.28631
       -0.4655506950135 bend  107   44   20
        0.6694916718003 bend  107  101   20
       -0.4362310472209 bend   11   44   20
        0.3101660311766 bend   11  101   20
        0.1185046531342 bend   11  107   20
  34 k -0.0480982745533 bend   32   34   21      val=   0.07451
       -0.5623485295344 bend   33   34   21
        0.6232904889171 bend   33   32   21
       -0.4017031679964 bend    7   34   21
        0.3613394996671 bend    7   32   21
        0.0320621980360 bend    7   33   21
  35 k -0.0510687713672 bend   43   48   17      val=   0.06520
       -0.5606014381096 bend   42   48   17
        0.6237961738035 bend   42   43   17
       -0.4029895589259 bend    9   48   17
        0.3611777136337 bend    9   43   17
        0.0338587699068 bend    9   42   17
  36 k -0.6721003439021 bend   27   30   19      val=   0.70911
        0.3692424485469 bend   26   30   19
        0.3286084788289 bend   26   27   19
       -0.2119224574416 bend    8   30   19
       -0.2400029884080 bend    8   27   19
        0.4488262995265 bend    8   26   19
  37 k -0.6690852904908 bend   32   34   21      val=   0.61586
        0.3935553259908 bend   33   34   21
        0.3020234064453 bend   33   32   21
       -0.1975541171683 bend    7   34   21
       -0.2569694009150 bend    7   32   21
        0.4485086835006 bend    7   33   21
  38 k -0.6679010914760 bend   43   48   17      val=   0.61989
        0.3962482204440 bend   42   48   17
        0.3002843135356 bend   42   43   17
       -0.1965153041597 bend    9   48   17
       -0.2593079025326 bend    9   43   17
        0.4481807199778 bend    9   42   17
  39 k -0.6350427133835 bend   89   94   18      val=   1.21369
        0.5108017163719 bend   47   94   18
        0.1796546329705 bend   47   89   18
       -0.1064539658612 bend   10   94   18
       -0.3342117493160 bend   10   89   18
        0.4248489512214 bend   10   47   18
  40 k -0.6369246086128 bend  101   44   20      val=   1.18654
        0.5075493643216 bend  107   44   20
        0.1828309895321 bend  107  101   20
       -0.1096619843881 bend   11   44   20
       -0.3312604382127 bend   11  101   20
        0.4260684055901 bend   11  107   20
  41 k -0.7071021287792 bend    7   19    8      val=   0.12369
        0.7071103047519 bend    9   19    8
        0.0012634831323 bend    2   19    8
  42 k -0.7071402501622 bend    8   17    9      val=   0.01465
        0.7070703373029 bend   10   17    9
        0.0020505382157 bend    2   17    9
  43 k -0.7071645549452 bend    8   21    7      val=   0.00532
        0.7070412431848 bend   11   21    7
        0.0033125013034 bend    2   21    7
  44 k  0.7068239681379 bend    9   18   10      val=   0.44188
       -0.7072762201376 bend   11   18   10
        0.0126580604245 bend    2   18   10
  45 k  0.7067616893835 bend    7   20   11      val=   0.32245
       -0.7073296726792 bend   10   20   11
        0.0131395801820 bend    2   20   11
  46 k  0.0279778502117 bend  101   44   20      val=   0.26005
        0.3730622627280 bend  107   44   20
       -0.4031096668913 bend  107  101   20
       -0.6127851386566 bend   11   44   20
        0.5650945553868 bend   11  101   20
        0.0520278944254 bend   11  107   20
  47 k  0.0333674570368 bend   89   94   18      val=   0.23013
        0.3702216452329 bend   47   94   18
       -0.4045953296929 bend   47   89   18
       -0.6176097211400 bend   10   94   18
        0.5594132020183 bend   10   89   18
        0.0611577236626 bend   10   47   18
  48 k -0.0067078903748 bend   27   30   19      val=   0.00114
       -0.3779680117219 bend   26   30   19
        0.3844946848686 bend   26   27   19
        0.6014538560515 bend    8   30   19
       -0.5893840158221 bend    8   27   19
       -0.0117798371669 bend    8   26   19
  49 k -0.0224051525902 bend   43   48   17      val=   0.38516
        0.3939428066209 bend   42   48   17
       -0.3719141181952 bend   42   43   17
       -0.5759726458565 bend    9   48   17
        0.6109383723091 bend    9   43   17
       -0.0315718134020 bend    9   42   17
  50 k -0.0225205433756 bend   32   34   21      val=   0.39973
        0.3931816481258 bend   33   34   21
       -0.3712594663708 bend   33   32   21
       -0.5760683705064 bend    7   34   21
        0.6117168658855 bend    7   32   21
       -0.0318611648630 bend    7   33   21
  51 k -0.4452005742306 bend   27   30   19      val=   0.57310
        0.2368508936555 bend   26   30   19
        0.2227105260191 bend   26   27   19
        0.3270830563641 bend    8   30   19
        0.3459403485431 bend    8   27   19
       -0.6851569703134 bend    8   26   19
  52 k  0.4400725752342 bend  101   44   20      val=  -0.46957
       -0.2606061175496 bend  107   44   20
       -0.1991417238385 bend  107  101   20
       -0.2937091649533 bend   11   44   20
       -0.3736108103608 bend   11  101   20
        0.6876867329338 bend   11  107   20
  53 k  0.4393053040954 bend   89   94   18      val=  -0.46655
       -0.2661050602776 bend   47   94   18
       -0.1931537523330 bend   47   89   18
       -0.2859095337531 bend   10   94   18
       -0.3805784858695 bend   10   89   18
        0.6872454650634 bend   10   47   18
  54 k -0.4471545671272 bend   32   34   21      val=   0.31916
        0.2110413099212 bend   33   34   21
        0.2484021532279 bend   33   32   21
        0.3647493879229 bend    7   34   21
        0.3065573131124 bend    7   32   21
       -0.6832212135634 bend    7   33   21
  55 k  0.4475491887777 bend   43   48   17      val=  -0.25920
       -0.2114149860550 bend   42   48   17
       -0.2482873363672 bend   42   43   17
       -0.3642836127562 bend    9   48   17
       -0.3065416028903 bend    9   43   17
        0.6831445828448 bend    9   42   17
  56 k -0.0785402666276 bend    7   19    8      val=  89.59574
       -0.0803148747632 bend    9   19    8
        0.9936704420530 bend    2   19    8
  57 k -0.1323083829771 bend    9   18   10      val=  76.73919
       -0.1146031773561 bend   11   18   10
        0.9845611222945 bend    2   18   10
  58 k -0.1329177373457 bend    7   20   11      val=  76.59923
       -0.1145228364543 bend   10   20   11
        0.9844883925316 bend    2   20   11
  59 k -0.0756500370781 bend    8   21    7      val=  89.19079
       -0.0803196439039 bend   11   21    7
        0.9938942733979 bend    2   21    7
  60 k -0.0747852717919 bend    8   17    9      val=  89.53418
       -0.0776758069401 bend   10   17    9
        0.9941698205735 bend    2   17    9
  61 k  1.0000000000000 tors    1    3    2    4 val=  98.07787
        1.0000000000000 tors    1    3    2    7
        1.0000000000000 tors    1    3    2    8
        1.0000000000000 tors    1    3    2    9
        1.0000000000000 tors    1    3    2   10
        1.0000000000000 tors    1    3    2   11
        1.0000000000000 tors    1    3    2   12
        1.0000000000000 tors    1    3    2   13
        1.0000000000000 tors    1    3    2   14
        1.0000000000000 tors    1    3    2   15
        1.0000000000000 tors    1    3    2   16
  62 k  1.0000000000000 tors    8    9    2    3 val=  96.93321
        1.0000000000000 tors    8    9    2    4
        1.0000000000000 tors    8    9    2    7
        1.0000000000000 tors    8    9    2   11
        1.0000000000000 tors    8    9    2   13
        1.0000000000000 tors    8    9    2   14
        1.0000000000000 tors    8    9    2   15
        1.0000000000000 tors    8    9    2   16
        1.0000000000000 tors   10    9    2    3
        1.0000000000000 tors   10    9    2    4
        1.0000000000000 tors   10    9    2    7
        1.0000000000000 tors   10    9    2   11
        1.0000000000000 tors   10    9    2   13
        1.0000000000000 tors   10    9    2   14
        1.0000000000000 tors   10    9    2   15
        1.0000000000000 tors   10    9    2   16
  63 k  1.0000000000000 tors    8    7    2    3 val=  85.17740
        1.0000000000000 tors    8    7    2    4
        1.0000000000000 tors    8    7    2    9
        1.0000000000000 tors    8    7    2   10
        1.0000000000000 tors    8    7    2   12
        1.0000000000000 tors    8    7    2   13
        1.0000000000000 tors    8    7    2   15
        1.0000000000000 tors    8    7    2   16
        1.0000000000000 tors   11    7    2    3
        1.0000000000000 tors   11    7    2    4
        1.0000000000000 tors   11    7    2    9
        1.0000000000000 tors   11    7    2   10
        1.0000000000000 tors   11    7    2   12
        1.0000000000000 tors   11    7    2   13
        1.0000000000000 tors   11    7    2   15
        1.0000000000000 tors   11    7    2   16
  64 k  1.0000000000000 tors    9   10    2    3 val=  98.07149
        1.0000000000000 tors    9   10    2    4
        1.0000000000000 tors    9   10    2    7
        1.0000000000000 tors    9   10    2    8
        1.0000000000000 tors    9   10    2   12
        1.0000000000000 tors    9   10    2   13
        1.0000000000000 tors    9   10    2   14
        1.0000000000000 tors    9   10    2   15
        1.0000000000000 tors    9   10    2   16
        1.0000000000000 tors   11   10    2    3
        1.0000000000000 tors   11   10    2    4
        1.0000000000000 tors   11   10    2    7
        1.0000000000000 tors   11   10    2    8
        1.0000000000000 tors   11   10    2   12
        1.0000000000000 tors   11   10    2   13
        1.0000000000000 tors   11   10    2   14
        1.0000000000000 tors   11   10    2   15
        1.0000000000000 tors   11   10    2   16
  65 k  1.0000000000000 tors    7    8    2    3 val=  46.84977
        1.0000000000000 tors    7    8    2    4
        1.0000000000000 tors    7    8    2   10
        1.0000000000000 tors    7    8    2   11
        1.0000000000000 tors    7    8    2   12
        1.0000000000000 tors    7    8    2   14
        1.0000000000000 tors    7    8    2   15
        1.0000000000000 tors    7    8    2   16
        1.0000000000000 tors    9    8    2    3
        1.0000000000000 tors    9    8    2    4
        1.0000000000000 tors    9    8    2   10
        1.0000000000000 tors    9    8    2   11
        1.0000000000000 tors    9    8    2   12
        1.0000000000000 tors    9    8    2   14
        1.0000000000000 tors    9    8    2   15
        1.0000000000000 tors    9    8    2   16
  66 k  1.0000000000000 tors    7   11    2    3 val=  83.87551
        1.0000000000000 tors    7   11    2    4
        1.0000000000000 tors    7   11    2    8
        1.0000000000000 tors    7   11    2    9
        1.0000000000000 tors    7   11    2   12
        1.0000000000000 tors    7   11    2   13
        1.0000000000000 tors    7   11    2   14
        1.0000000000000 tors    7   11    2   15
        1.0000000000000 tors    7   11    2   16
        1.0000000000000 tors   10   11    2    3
        1.0000000000000 tors   10   11    2    4
        1.0000000000000 tors   10   11    2    8
        1.0000000000000 tors   10   11    2    9
        1.0000000000000 tors   10   11    2   12
        1.0000000000000 tors   10   11    2   13
        1.0000000000000 tors   10   11    2   14
        1.0000000000000 tors   10   11    2   15
        1.0000000000000 tors   10   11    2   16
  67 k  1.0000000000000 stre    1    3           val=   4.17558
  68 k  1.0000000000000 bend    4    3    1      val= 104.46036
  69 k  1.0000000000000 stre    2    3           val=   5.39092
  70 k  1.0000000000000 stre    2    9           val=   5.03586
  71 k  1.0000000000000 stre    2    7           val=   5.04285
  72 k  1.0000000000000 stre    2   10           val=   5.05474
  73 k  1.0000000000000 stre    9   10           val=   2.70651
  74 k  1.0000000000000 stre    2    8           val=   5.05538
  75 k  1.0000000000000 stre    9    8           val=   2.70420
  76 k  1.0000000000000 stre    7    8           val=   2.70296
  77 k  1.0000000000000 stre    2   11           val=   5.05548
  78 k  1.0000000000000 stre    7   11           val=   2.70625
  79 k  1.0000000000000 stre   10   11           val=   2.70970
  80 k -0.2028464523431 bend    4    3    2      val=  51.48713
       -0.1725096652606 bend    9    3    2
       -0.0996816759568 bend    9    4    2
       -0.1016107267455 bend    7    3    2
       -0.1741915209968 bend    7    4    2
        0.1356619571820 bend    7   12    2
        0.0203957865494 bend    7    9    2
       -0.0709141595745 bend   10    3    2
       -0.0492043173412 bend   10    4    2
        0.3300490314639 bend   10   12    2
        0.0573483625257 bend   10    7    2
        0.2515443868593 bend   16    7    2
        0.3050607006694 bend   16   10    2
        0.0503279653699 bend   13    7    2
       -0.1509469917970 bend    8    3    2
       -0.1495404586073 bend    8    4    2
        0.0690793651122 bend    8   12    2
        0.0311413617105 bend    8   10    2
        0.3002155619672 bend    8   16    2
       -0.0516038746288 bend   11    3    2
       -0.0769269575480 bend   11    4    2
        0.0580730906590 bend   11    9    2
        0.0300832229812 bend   11    8    2
        0.2478108972469 bend   15    9    2
        0.3336954190448 bend   15    7    2
        0.2726058297221 bend   15   10    2
        0.2910787276599 bend   15    8    2
        0.3089479121115 bend   15   11    2
  81 k -0.0096999343092 bend    4    3    2      val=   0.20769
        0.0742966632909 bend    9    3    2
       -0.0246565849716 bend    9    4    2
        0.0238343517985 bend    7    3    2
       -0.0817400235273 bend    7    4    2
        0.0021922579042 bend    7   12    2
        0.0023698127365 bend    7    9    2
        0.2574790741713 bend   10    3    2
        0.0794642271953 bend   10    4    2
       -0.2317993820605 bend   10   12    2
        0.1943678087104 bend   10    7    2
       -0.1781627761293 bend   16    7    2
       -0.4370198784389 bend   16   10    2
        0.0317402317535 bend   13    7    2
        0.0350819929990 bend    8    3    2
       -0.0404674759644 bend    8    4    2
       -0.0315295957787 bend    8   12    2
        0.2464642690919 bend    8   10    2
       -0.2399082374607 bend    8   16    2
       -0.0688191357295 bend   11    3    2
       -0.2532546541409 bend   11    4    2
       -0.1772997479104 bend   11    9    2
       -0.2351104277238 bend   11    8    2
        0.1783301678647 bend   15    9    2
        0.2344748243186 bend   15    7    2
       -0.0053557204359 bend   15   10    2
        0.2379972875926 bend   15    8    2
        0.4212620857409 bend   15   11    2
  82 k  0.0019119946928 bend    4    3    2      val=   0.21867
       -0.3136454710741 bend    9    3    2
        0.2975623179642 bend    9    4    2
       -0.3016591578480 bend    7    3    2
        0.3125613185703 bend    7    4    2
        0.0004761718407 bend    7   12    2
        0.0003119754467 bend    7    9    2
       -0.2887195441611 bend   10    3    2
        0.2963293262750 bend   10    4    2
       -0.0627076094807 bend   10   12    2
        0.0221534319430 bend   10    7    2
       -0.0228786191012 bend   16    7    2
       -0.1104569720934 bend   16   10    2
        0.0234152761855 bend   13    7    2
       -0.3426689047050 bend    8    3    2
        0.3438256968032 bend    8    4    2
       -0.0235145796812 bend    8   12    2
        0.0538028770865 bend    8   10    2
       -0.0526101500697 bend    8   16    2
       -0.2952587859873 bend   11    3    2
        0.2891723312333 bend   11    4    2
       -0.0202787559328 bend   11    9    2
       -0.0548542844358 bend   11    8    2
        0.0246967721525 bend   15    9    2
        0.0632635159981 bend   15    7    2
        0.0014667968128 bend   15   10    2
        0.0516400700567 bend   15    8    2
        0.1103068761672 bend   15   11    2
  83 k -0.3820960187553 bend    4    3    2      val=   5.80758
       -0.1605237334540 bend    9    3    2
        0.0144506749858 bend    9    4    2
        0.0033191381286 bend    7    3    2
       -0.1523262092855 bend    7    4    2
        0.1323828580711 bend    7   12    2
       -0.0372542859550 bend    7    9    2
        0.1771392347528 bend   10    3    2
        0.1881167797413 bend   10    4    2
       -0.0001726497995 bend   10   12    2
        0.1735970098665 bend   10    7    2
       -0.0212571872400 bend   16    7    2
       -0.2518656741185 bend   16   10    2
        0.0624558615574 bend   13    7    2
       -0.1966015046995 bend    8    3    2
       -0.2001686598650 bend    8    4    2
        0.1064369555510 bend    8   12    2
        0.3595552018951 bend    8   10    2
        0.0799436912313 bend    8   16    2
        0.1901149953354 bend   11    3    2
        0.1849927531699 bend   11    4    2
        0.1660294021896 bend   11    9    2
        0.3715049838440 bend   11    8    2
       -0.0253298412949 bend   15    9    2
       -0.0121279663580 bend   15    7    2
       -0.2892821004905 bend   15   10    2
        0.0577123941873 bend   15    8    2
       -0.2678371702017 bend   15   11    2
  84 k  0.1011815431661 bend    4    3    2      val= -18.38353
        0.1260841803559 bend    9    3    2
       -0.2120227803575 bend    9    4    2
       -0.2203384128521 bend    7    3    2
        0.1089707164480 bend    7    4    2
       -0.4371957943978 bend    7   12    2
        0.5206762245318 bend    7    9    2
        0.0335643310073 bend   10    3    2
       -0.0961374153516 bend   10    4    2
        0.0575526046734 bend   10   12    2
        0.2847409610992 bend   10    7    2
       -0.1379620038234 bend   16    7    2
        0.0400249878760 bend   16   10    2
       -0.2328730790693 bend   13    7    2
       -0.0754767185098 bend    8    3    2
       -0.0816358991362 bend    8    4    2
       -0.2232509169109 bend    8   12    2
        0.1114994635818 bend    8   10    2
        0.0743250190803 bend    8   16    2
       -0.1040478628343 bend   11    3    2
        0.0400110672452 bend   11    4    2
        0.2959236120620 bend   11    9    2
        0.1188983295054 bend   11    8    2
       -0.1672477083585 bend   15    9    2
        0.0819949834525 bend   15    7    2
       -0.0433654050713 bend   15   10    2
        0.0594529822976 bend   15    8    2
        0.0470821062353 bend   15   11    2
  85 k  0.6942657981842 bend    4    3    2      val=  10.15757
       -0.1034403708723 bend    9    3    2
       -0.1596512967428 bend    9    4    2
       -0.1854906311134 bend    7    3    2
        0.0252326723590 bend    7    4    2
        0.2467346409022 bend    7   12    2
       -0.1873048532649 bend    7    9    2
       -0.0037610201610 bend   10    3    2
       -0.2362794502315 bend   10    4    2
        0.0869133843903 bend   10   12    2
        0.1118904243368 bend   10    7    2
       -0.0284466304334 bend   16    7    2
       -0.1021113292299 bend   16   10    2
       -0.0207241215602 bend   13    7    2
       -0.0195840086054 bend    8    3    2
       -0.1198203418832 bend    8    4    2
        0.2835832649314 bend    8   12    2
        0.1674946865028 bend    8   10    2
        0.0549651550129 bend    8   16    2
       -0.2263573449359 bend   11    3    2
       -0.0177521559984 bend   11    4    2
        0.0179546977461 bend   11    9    2
        0.2013313182236 bend   11    8    2
        0.1233531389503 bend   15    9    2
        0.0212939801885 bend   15    7    2
       -0.1466517736012 bend   15   10    2
        0.0061970108884 bend   15    8    2
       -0.0857989677722 bend   15   11    2
  86 k  0.1907394520186 bend    4    3    2      val=   4.19830
        0.2007910480999 bend    9    3    2
       -0.1192372023455 bend    9    4    2
        0.0235790967356 bend    7    3    2
       -0.2395233894183 bend    7    4    2
        0.0853173221235 bend    7   12    2
       -0.0596366613931 bend    7    9    2
       -0.0406526928727 bend   10    3    2
       -0.0339419890303 bend   10    4    2
       -0.0953775984614 bend   10   12    2
       -0.1372465568041 bend   10    7    2
        0.2746473048478 bend   16    7    2
       -0.0277758285332 bend   16   10    2
        0.5583487796546 bend   13    7    2
       -0.1847039931735 bend    8    3    2
        0.1288444453979 bend    8    4    2
       -0.4665934667985 bend    8   12    2
        0.1238576334639 bend    8   10    2
       -0.0575314015339 bend    8   16    2
       -0.0891520430635 bend   11    3    2
        0.0433863459517 bend   11    4    2
        0.1915758462488 bend   11    9    2
       -0.0022837522313 bend   11    8    2
       -0.2444257684498 bend   15    9    2
        0.1214434847881 bend   15    7    2
       -0.0493151515884 bend   15   10    2
        0.0974581585880 bend   15    8    2
       -0.0398831899577 bend   15   11    2
  87 k  0.1073741157233 bend    4    3    2      val=   8.13569
        0.1976467661135 bend    9    3    2
        0.1583754302579 bend    9    4    2
        0.1786299404487 bend    7    3    2
        0.2188617437890 bend    7    4    2
       -0.1799550004010 bend    7   12    2
       -0.0259590262208 bend    7    9    2
       -0.1129846365778 bend   10    3    2
        0.0160804293637 bend   10    4    2
       -0.2193322265430 bend   10   12    2
       -0.2821330651909 bend   10    7    2
       -0.1106056933212 bend   16    7    2
        0.0404761633130 bend   16   10    2
        0.0269517650961 bend   13    7    2
       -0.2476633874424 bend    8    3    2
       -0.2365280335736 bend    8    4    2
        0.0162753473224 bend    8   12    2
        0.2338650253976 bend    8   10    2
        0.3568183955722 bend    8   16    2
        0.0211515463625 bend   11    3    2
       -0.1195318402665 bend   11    4    2
       -0.2694758115128 bend   11    9    2
        0.2111438786406 bend   11    8    2
       -0.0769477542964 bend   15    9    2
       -0.2411491961850 bend   15    7    2
        0.1493792641260 bend   15   10    2
        0.3696116615489 bend   15    8    2
        0.0404233201873 bend   15   11    2
  88 k  0.0117643663949 bend    4    3    2      val=   0.75378
        0.2627907730556 bend    9    3    2
        0.2912746301939 bend    9    4    2
       -0.2594423844592 bend    7    3    2
       -0.2480534110830 bend    7    4    2
        0.0112533758832 bend    7   12    2
       -0.0078681134170 bend    7    9    2
       -0.0862836259553 bend   10    3    2
        0.0808141949063 bend   10    4    2
       -0.3676479946459 bend   10   12    2
        0.1216438365626 bend   10    7    2
        0.3355202003404 bend   16    7    2
       -0.0285385878955 bend   16   10    2
       -0.1967665743629 bend   13    7    2
        0.1377152239188 bend    8    3    2
       -0.1463714012731 bend    8    4    2
        0.1968198904568 bend    8   12    2
       -0.1058033663908 bend    8   10    2
        0.1467255246250 bend    8   16    2
       -0.0721131599961 bend   11    3    2
        0.0612635727036 bend   11    4    2
       -0.1684943894958 bend   11    9    2
        0.1210351349174 bend   11    8    2
       -0.3234431456540 bend   15    9    2
        0.3338747130657 bend   15    7    2
        0.0150643794166 bend   15   10    2
       -0.1406499228521 bend   15    8    2
        0.0307815147128 bend   15   11    2
  89 k -0.0244342742322 bend    4    3    2      val=   0.54093
       -0.0326575042013 bend    9    3    2
       -0.2235500010542 bend    9    4    2
        0.2721658242436 bend    7    3    2
        0.0426765112271 bend    7    4    2
        0.0033992999639 bend    7   12    2
       -0.0285045059515 bend    7    9    2
       -0.0871995144738 bend   10    3    2
        0.2558519217152 bend   10    4    2
       -0.0217246563138 bend   10   12    2
       -0.4157664613421 bend   10    7    2
        0.0347058251509 bend   16    7    2
       -0.2779601594351 bend   16   10    2
       -0.1112591713301 bend   13    7    2
        0.1727926081019 bend    8    3    2
       -0.1734206525417 bend    8    4    2
        0.1325405201575 bend    8   12    2
       -0.0602973445433 bend    8   10    2
        0.1097309674045 bend    8   16    2
       -0.2961892515636 bend   11    3    2
        0.1131409531807 bend   11    4    2
        0.4307994058103 bend   11    9    2
        0.0852834262802 bend   11    8    2
       -0.0832123213714 bend   15    9    2
        0.0153285252959 bend   15    7    2
        0.0041607843851 bend   15   10    2
       -0.1522997661712 bend   15    8    2
        0.3427271095694 bend   15   11    2
  90 k -0.1529017140479 bend    4    3    2      val=  10.39220
        0.0702681821784 bend    9    3    2
        0.2702612910181 bend    9    4    2
        0.2090779091764 bend    7    3    2
        0.0593928188833 bend    7    4    2
        0.0611685156361 bend    7   12    2
       -0.2277707889174 bend    7    9    2
        0.2527574553714 bend   10    3    2
       -0.3499770296954 bend   10    4    2
        0.0384457782164 bend   10   12    2
        0.1488962388876 bend   10    7    2
       -0.3044763191862 bend   16    7    2
        0.3435050300843 bend   16   10    2
        0.0947738784447 bend   13    7    2
       -0.0435923896794 bend    8    3    2
       -0.0089606961139 bend    8    4    2
        0.0687293341343 bend    8   12    2
        0.0607229112069 bend    8   10    2
       -0.0650331107233 bend    8   16    2
       -0.3028559776762 bend   11    3    2
        0.2213383650047 bend   11    4    2
        0.0735265452021 bend   11    9    2
        0.0629972259262 bend   11    8    2
       -0.2930043895007 bend   15    9    2
        0.0386337090935 bend   15    7    2
       -0.1240109607373 bend   15   10    2
       -0.0644447085252 bend   15    8    2
        0.3073986972086 bend   15   11    2
  91 k  1.0000000000000 bend    2    1    3      val=  90.01594
  92 k  1.0000000000000 bend   11    8    7      val= 108.12487
  93 k  1.0000000000000 bend    9    7    8      val= 107.95632
  94 k  1.0000000000000 bend   10    8    9      val= 108.11097
  95 k  1.0000000000000 bend   11    9   10      val= 107.88903
  96 k  1.0000000000000 bend   10    7   11      val= 107.90929
        78 non zero eigenvalues  of BmBt
           1           3.660146001    1    0
         1
           2           3.643909493    2    0
         2
           3           3.578102741    3    0
         3
           4           3.517751020    4    0
         4
           5           3.506782507    5    0
         5
           6           3.484627764    6    0
         6
           7           3.455421717    7    0
         7
           8           3.452500079    8    0
         8
           9           3.405004010    9    0
         9
          10           3.396105655   10    0
        10
          11           3.185716130   11    0
        11
          12           3.166543070   12    0
        12
          13           3.160817124   13    0
        13
          14           3.149710304   14    0
        14
          15           3.147597188   15    0
        15
          16           2.076309414   16    0
        16
          17           1.833036084   17    0
        17
          18           1.435112217   18    0
        18
          19           1.431804145   19    0
        19
          20           1.409449233   20    0
        20
          21           1.236703198   21    0
        21
          22           1.220304672   22    0
        22
          23           1.032323832   23    0
        23
          24           1.025257747   24    0
        24
          25           1.010742327   25    0
        25
          26           0.908543920   26    0
        26
          27           0.901582453   27    0
        27
          28           0.774106042   28    0
        28
          29           0.772093905   29    0
        29
          30           0.741298755   30    0
        30
          31           0.737388200   31    0
        31
          32           0.678918534   32    0
        32
          33           0.677145267   33    0
        33
          34           0.676875348   34    0
        34
          35           0.676572459   35    0
        35
          36           0.676473492   36    0
        36
          37           0.673947948   37    0
        37
          38           0.673569750   38    0
        38
          39           0.672655126   39    0
        39
          40           0.672088945   40    0
        40
          41           0.671234520   41    0
        41
          42           0.668416316   42    0
        42
          43           0.665055873   43    0
        43
          44           0.643302950   44    0
        44
          45           0.637642156   45    0
        45
          46           0.630213795   46    0
        46
          47           0.475343229   47    0
        47
          48           0.474232330   48    0
        48
          49           0.455626775   49    0
        49
          50           0.446529272   50    0
        50
          51           0.240843555   51    0
        51
          52           0.198005349   52    0
        52
          53           0.197599790   53    0
        53
          54           0.127312465   54    0
        54
          55           0.107549827   55    0
        55
          56           0.105719120   56    0
        56
          57           0.088376659   57    0
        57
          58           0.080763277   58    0
        58
          59           0.077937736   59    0
        59
          60           0.065862686   60    0
        60
          61           3.112941581    0    0
         0.000000000         0.000000000         0.000000000         0.000000000
         0.000000000         0.000000000         0.000000000         0.000000000
         0.000000000         0.000000000         0.000000000         0.000000000
         0.000000000         0.000000000         0.000000000         0.000000000
         0.000000000         0.000000000         0.000000000         0.000000000
         0.000000000         0.000000000         0.000000000         0.000000000
         0.000000000         0.000000000         0.000000000         0.000000000
         0.000000000         0.000000000         0.000000000         0.000000000
         0.000000000         0.000000000         0.000000000         0.000000000
         0.000000000         0.000000000         0.000000000         0.000000000
         0.000000000         0.000000000         0.000000000         0.000000000
         0.000000000         0.000000000         0.000000000         0.000000000
         0.000000000         0.000000000         0.000000000         0.000000000
         0.000000000         0.000000000         0.000000000         0.000000000
         0.000000000         0.000000000         0.000000000         0.000000000
         0.000579400        -0.173554724         0.169818234        -0.001676448
         0.000596608         0.002677239         0.013990749        -0.065723489
        -0.584756561         0.034789547         0.016903047         0.433596036
         0.015932972        -0.226798911         0.029651195         0.031299632
         0.421997404         0.016484873        -0.014869755        -0.411033845
        -0.002613227        -0.000438230        -0.028305298         0.020588877
         0.003843423        -0.001072568         0.045613638         0.003133218
        -0.002276005        -0.014710989        -0.012234588        -0.007313902
        -0.004213141        -0.006900638         0.009439860         0.009004976
          62           1.195313082    0    0
         0.000000000         0.000000000         0.000000000         0.000000000
         0.000000000         0.000000000         0.000000000         0.000000000
         0.000000000         0.000000000         0.000000000         0.000000000
         0.000000000         0.000000000         0.000000000         0.000000000
         0.000000000         0.000000000         0.000000000         0.000000000
         0.000000000         0.000000000         0.000000000         0.000000000
         0.000000000         0.000000000         0.000000000         0.000000000
         0.000000000         0.000000000         0.000000000         0.000000000
         0.000000000         0.000000000         0.000000000         0.000000000
         0.000000000         0.000000000         0.000000000         0.000000000
         0.000000000         0.000000000         0.000000000         0.000000000
         0.000000000         0.000000000         0.000000000         0.000000000
         0.000000000         0.000000000         0.000000000         0.000000000
         0.000000000         0.000000000         0.000000000         0.000000000
         0.000000000         0.000000000         0.000000000         0.000000000
        -0.002385708         0.001731231        -0.003284090        -0.050034402
         0.000593754         0.051626205        -0.888221525        -0.069885299
        -0.170401844        -0.009460868        -0.007833714        -0.043884777
         0.005325477         0.026678234        -0.012081304        -0.009635800
        -0.042554499         0.004099404        -0.010587520         0.083765871
         0.005516085        -0.000492379         0.185338456        -0.100513153
        -0.243252458        -0.078512142        -0.031726961        -0.002160562
         0.005902836         0.028218293         0.219316840         0.006892123
        -0.006575354         0.007534886        -0.004367506        -0.003525187
          63           0.933165005    0    0
         0.000000000         0.000000000         0.000000000         0.000000000
         0.000000000         0.000000000         0.000000000         0.000000000
         0.000000000         0.000000000         0.000000000         0.000000000
         0.000000000         0.000000000         0.000000000         0.000000000
         0.000000000         0.000000000         0.000000000         0.000000000
         0.000000000         0.000000000         0.000000000         0.000000000
         0.000000000         0.000000000         0.000000000         0.000000000
         0.000000000         0.000000000         0.000000000         0.000000000
         0.000000000         0.000000000         0.000000000         0.000000000
         0.000000000         0.000000000         0.000000000         0.000000000
         0.000000000         0.000000000         0.000000000         0.000000000
         0.000000000         0.000000000         0.000000000         0.000000000
         0.000000000         0.000000000         0.000000000         0.000000000
         0.000000000         0.000000000         0.000000000         0.000000000
         0.000000000         0.000000000         0.000000000         0.000000000
        -0.001268037        -0.128690177         0.126209084        -0.020508116
         0.000113961         0.021433039        -0.237282435         0.312745875
         0.705844873         0.030031798         0.017356270         0.298959546
         0.037207778        -0.152502264         0.014978012         0.017402162
         0.291226799         0.035646498         0.032285637        -0.246027130
         0.000176028         0.000310869         0.042150546        -0.006692446
        -0.068624198        -0.023619781         0.012072020         0.000768233
         0.000633652         0.001167562        -0.208438824        -0.004740108
         0.012698211        -0.004709556        -0.001650368        -0.001571819
          64           0.782383284    0    0
         0.000000000         0.000000000         0.000000000         0.000000000
         0.000000000         0.000000000         0.000000000         0.000000000
         0.000000000         0.000000000         0.000000000         0.000000000
         0.000000000         0.000000000         0.000000000         0.000000000
         0.000000000         0.000000000         0.000000000         0.000000000
         0.000000000         0.000000000         0.000000000         0.000000000
         0.000000000         0.000000000         0.000000000         0.000000000
         0.000000000         0.000000000         0.000000000         0.000000000
         0.000000000         0.000000000         0.000000000         0.000000000
         0.000000000         0.000000000         0.000000000         0.000000000
         0.000000000         0.000000000         0.000000000         0.000000000
         0.000000000         0.000000000         0.000000000         0.000000000
         0.000000000         0.000000000         0.000000000         0.000000000
         0.000000000         0.000000000         0.000000000         0.000000000
         0.000000000         0.000000000         0.000000000         0.000000000
        -0.778361842        -0.004132060        -0.001875310        -0.123651086
         0.028434417        -0.116694240         0.003181004        -0.000473009
        -0.000979081        -0.015505860         0.013823594        -0.019002400
        -0.007853374         0.000095608        -0.030776152         0.028712974
         0.018878920         0.009351019        -0.000575755        -0.000224162
        -0.125744992         0.586403854         0.004413542        -0.000571010
         0.007532926        -0.031063392        -0.000238868        -0.003977875
        -0.015183264         0.001672718        -0.000195425        -0.003017912
        -0.000543349         0.004504070         0.012435564        -0.013371872
          65           0.515056791    0    0
         0.000000000         0.000000000         0.000000000         0.000000000
         0.000000000         0.000000000         0.000000000         0.000000000
         0.000000000         0.000000000         0.000000000         0.000000000
         0.000000000         0.000000000         0.000000000         0.000000000
         0.000000000         0.000000000         0.000000000         0.000000000
         0.000000000         0.000000000         0.000000000         0.000000000
         0.000000000         0.000000000         0.000000000         0.000000000
         0.000000000         0.000000000         0.000000000         0.000000000
         0.000000000         0.000000000         0.000000000         0.000000000
         0.000000000         0.000000000         0.000000000         0.000000000
         0.000000000         0.000000000         0.000000000         0.000000000
         0.000000000         0.000000000         0.000000000         0.000000000
         0.000000000         0.000000000         0.000000000         0.000000000
         0.000000000         0.000000000         0.000000000         0.000000000
         0.000000000         0.000000000         0.000000000         0.000000000
         0.010969291        -0.090959558         0.244712064         0.147882526
        -0.064410187        -0.230800828        -0.047659663        -0.003938862
        -0.001531022         0.183096193         0.097475430        -0.146022115
        -0.320053142        -0.194413705        -0.032017303         0.252782227
        -0.036554273        -0.492581712         0.456689449         0.056920597
        -0.038241652        -0.017987277        -0.158514917         0.121707848
        -0.065319409        -0.069849083        -0.016806515        -0.020275824
         0.053649838         0.097229601         0.013075290        -0.080758819
         0.150429665        -0.148294316         0.097079667        -0.015179099
          66           0.513167186    0    0
         0.000000000         0.000000000         0.000000000         0.000000000
         0.000000000         0.000000000         0.000000000         0.000000000
         0.000000000         0.000000000         0.000000000         0.000000000
         0.000000000         0.000000000         0.000000000         0.000000000
         0.000000000         0.000000000         0.000000000         0.000000000
         0.000000000         0.000000000         0.000000000         0.000000000
         0.000000000         0.000000000         0.000000000         0.000000000
         0.000000000         0.000000000         0.000000000         0.000000000
         0.000000000         0.000000000         0.000000000         0.000000000
         0.000000000         0.000000000         0.000000000         0.000000000
         0.000000000         0.000000000         0.000000000         0.000000000
         0.000000000         0.000000000         0.000000000         0.000000000
         0.000000000         0.000000000         0.000000000         0.000000000
         0.000000000         0.000000000         0.000000000         0.000000000
         0.000000000         0.000000000         0.000000000         0.000000000
         0.043192491         0.291375674         0.186935177        -0.199239631
        -0.189499846        -0.068335371         0.019510609         0.000644798
        -0.000290013         0.082558817        -0.177400487        -0.133945435
         0.390208105         0.064409865        -0.464011034         0.385951710
         0.191450059        -0.120066001        -0.152353326        -0.017903525
        -0.120068934        -0.062538371         0.054084061        -0.038806333
         0.054758272        -0.105030821         0.004034549        -0.047775119
         0.135603815        -0.044431065        -0.004389561         0.141948277
        -0.049918735        -0.064466853         0.158290930        -0.186560501
          67           0.412681942    0    0
         0.000000000         0.000000000         0.000000000         0.000000000
         0.000000000         0.000000000         0.000000000         0.000000000
         0.000000000         0.000000000         0.000000000         0.000000000
         0.000000000         0.000000000         0.000000000         0.000000000
         0.000000000         0.000000000         0.000000000         0.000000000
         0.000000000         0.000000000         0.000000000         0.000000000
         0.000000000         0.000000000         0.000000000         0.000000000
         0.000000000         0.000000000         0.000000000         0.000000000
         0.000000000         0.000000000         0.000000000         0.000000000
         0.000000000         0.000000000         0.000000000         0.000000000
         0.000000000         0.000000000         0.000000000         0.000000000
         0.000000000         0.000000000         0.000000000         0.000000000
         0.000000000         0.000000000         0.000000000         0.000000000
         0.000000000         0.000000000         0.000000000         0.000000000
         0.000000000         0.000000000         0.000000000         0.000000000
        -0.001282860         0.215755593        -0.212935017         0.098288607
         0.001334064        -0.103742014        -0.021843901        -0.017961983
        -0.010324436         0.303528548         0.307814351         0.152308273
         0.220014332         0.359279169         0.397108654         0.403001276
         0.157510473         0.219122733         0.262551296         0.073771142
         0.001557878         0.000682397         0.064916165         0.146990351
         0.008792068         0.001927897         0.024608197        -0.000905729
         0.000824977         0.006755566         0.022890028        -0.019173862
        -0.035991329        -0.019216557         0.038403084         0.036297763
          68           0.339728970    0    0
         0.000000000         0.000000000         0.000000000         0.000000000
         0.000000000         0.000000000         0.000000000         0.000000000
         0.000000000         0.000000000         0.000000000         0.000000000
         0.000000000         0.000000000         0.000000000         0.000000000
         0.000000000         0.000000000         0.000000000         0.000000000
         0.000000000         0.000000000         0.000000000         0.000000000
         0.000000000         0.000000000         0.000000000         0.000000000
         0.000000000         0.000000000         0.000000000         0.000000000
         0.000000000         0.000000000         0.000000000         0.000000000
         0.000000000         0.000000000         0.000000000         0.000000000
         0.000000000         0.000000000         0.000000000         0.000000000
         0.000000000         0.000000000         0.000000000         0.000000000
         0.000000000         0.000000000         0.000000000         0.000000000
         0.000000000         0.000000000         0.000000000         0.000000000
         0.000000000         0.000000000         0.000000000         0.000000000
         0.002474374         0.175245860         0.185056811        -0.082008114
        -0.261722167        -0.081163165        -0.005902957        -0.000130008
         0.000217424         0.142747451        -0.138746272        -0.132719971
        -0.198144389         0.002721699         0.368333664        -0.369032491
         0.130705103         0.197762011         0.005557071        -0.000643371
        -0.169325566        -0.026222358         0.000070261         0.002919982
        -0.038402510         0.147398167        -0.000748213         0.005530222
         0.005531682         0.002847201         0.001273069         0.237926036
         0.001082168        -0.237253820         0.361851147        -0.363490111
          69           0.304576350    0    0
         0.000000000         0.000000000         0.000000000         0.000000000
         0.000000000         0.000000000         0.000000000         0.000000000
         0.000000000         0.000000000         0.000000000         0.000000000
         0.000000000         0.000000000         0.000000000         0.000000000
         0.000000000         0.000000000         0.000000000         0.000000000
         0.000000000         0.000000000         0.000000000         0.000000000
         0.000000000         0.000000000         0.000000000         0.000000000
         0.000000000         0.000000000         0.000000000         0.000000000
         0.000000000         0.000000000         0.000000000         0.000000000
         0.000000000         0.000000000         0.000000000         0.000000000
         0.000000000         0.000000000         0.000000000         0.000000000
         0.000000000         0.000000000         0.000000000         0.000000000
         0.000000000         0.000000000         0.000000000         0.000000000
         0.000000000         0.000000000         0.000000000         0.000000000
         0.000000000         0.000000000         0.000000000         0.000000000
         0.002197801        -0.009017283         0.011314337        -0.232654105
         0.008056378         0.226574080         0.033393413        -0.000720851
        -0.001745540        -0.191083508        -0.191763737         0.082829214
        -0.223284561         0.268493548         0.066211173         0.068499289
         0.080712703        -0.219204204         0.396234351        -0.026227755
         0.002333286        -0.002470849         0.074012247        -0.064821149
         0.057522458         0.018111680         0.077586041         0.003035601
         0.010119381         0.091567038        -0.005628230         0.345442496
        -0.394443067         0.348201163        -0.151617252        -0.150642112
          70           0.249099277    0    0
         0.000000000         0.000000000         0.000000000         0.000000000
         0.000000000         0.000000000         0.000000000         0.000000000
         0.000000000         0.000000000         0.000000000         0.000000000
         0.000000000         0.000000000         0.000000000         0.000000000
         0.000000000         0.000000000         0.000000000         0.000000000
         0.000000000         0.000000000         0.000000000         0.000000000
         0.000000000         0.000000000         0.000000000         0.000000000
         0.000000000         0.000000000         0.000000000         0.000000000
         0.000000000         0.000000000         0.000000000         0.000000000
         0.000000000         0.000000000         0.000000000         0.000000000
         0.000000000         0.000000000         0.000000000         0.000000000
         0.000000000         0.000000000         0.000000000         0.000000000
         0.000000000         0.000000000         0.000000000         0.000000000
         0.000000000         0.000000000         0.000000000         0.000000000
         0.000000000         0.000000000         0.000000000         0.000000000
         0.011052543         0.417167447        -0.391740911         0.175061031
         0.085524373        -0.280433266        -0.067305195         0.057324310
         0.010552225        -0.157215799        -0.196660388         0.103784364
        -0.320706347        -0.200101324         0.140369850         0.180227817
         0.093411683        -0.218718930        -0.341961301        -0.025253229
        -0.022683665        -0.014542844        -0.067327158         0.000343041
        -0.039640917        -0.029071218         0.176922118         0.024240858
        -0.012637067        -0.030475222        -0.050858077         0.006327698
        -0.212477353         0.038496294         0.101764472         0.064897991
          71           0.244422147    0    0
         0.000000000         0.000000000         0.000000000         0.000000000
         0.000000000         0.000000000         0.000000000         0.000000000
         0.000000000         0.000000000         0.000000000         0.000000000
         0.000000000         0.000000000         0.000000000         0.000000000
         0.000000000         0.000000000         0.000000000         0.000000000
         0.000000000         0.000000000         0.000000000         0.000000000
         0.000000000         0.000000000         0.000000000         0.000000000
         0.000000000         0.000000000         0.000000000         0.000000000
         0.000000000         0.000000000         0.000000000         0.000000000
         0.000000000         0.000000000         0.000000000         0.000000000
         0.000000000         0.000000000         0.000000000         0.000000000
         0.000000000         0.000000000         0.000000000         0.000000000
         0.000000000         0.000000000         0.000000000         0.000000000
         0.000000000         0.000000000         0.000000000         0.000000000
         0.000000000         0.000000000         0.000000000         0.000000000
         0.086910556         0.038492093         0.163690202        -0.359462767
         0.583925250        -0.295923479         0.010197874        -0.007526579
        -0.001340132         0.097226809        -0.037198675         0.013415240
        -0.312801750         0.026583522        -0.170890436         0.120590078
        -0.049548559         0.390556088         0.047096323         0.005784179
        -0.098136804        -0.098267181         0.013851747         0.000808620
         0.022570648        -0.063441068        -0.035577227         0.107742888
        -0.056647599         0.010145912         0.006431715        -0.137314636
         0.035093978         0.124198930         0.088412512        -0.110136326
          72           0.215900999    0    0
         0.000000000         0.000000000         0.000000000         0.000000000
         0.000000000         0.000000000         0.000000000         0.000000000
         0.000000000         0.000000000         0.000000000         0.000000000
         0.000000000         0.000000000         0.000000000         0.000000000
         0.000000000         0.000000000         0.000000000         0.000000000
         0.000000000         0.000000000         0.000000000         0.000000000
         0.000000000         0.000000000         0.000000000         0.000000000
         0.000000000         0.000000000         0.000000000         0.000000000
         0.000000000         0.000000000         0.000000000         0.000000000
         0.000000000         0.000000000         0.000000000         0.000000000
         0.000000000         0.000000000         0.000000000         0.000000000
         0.000000000         0.000000000         0.000000000         0.000000000
         0.000000000         0.000000000         0.000000000         0.000000000
         0.000000000         0.000000000         0.000000000         0.000000000
         0.000000000         0.000000000         0.000000000         0.000000000
         0.005980799         0.094947769         0.086215607         0.138142160
        -0.010019493         0.132126518        -0.001647612         0.000652629
         0.000094219        -0.545410011         0.531825975        -0.350343312
        -0.171939832        -0.016355225        -0.096581251         0.092830114
         0.378470681         0.171122179         0.002259868        -0.000220444
         0.022156727         0.002958074        -0.002730585         0.001451911
        -0.008734344         0.032140925         0.002040132         0.021362199
         0.040091433        -0.003292922        -0.000419282        -0.044263381
         0.000080633         0.046093191         0.087731384        -0.089656019
          73           0.115667616    0    0
         0.000000000         0.000000000         0.000000000         0.000000000
         0.000000000         0.000000000         0.000000000         0.000000000
         0.000000000         0.000000000         0.000000000         0.000000000
         0.000000000         0.000000000         0.000000000         0.000000000
         0.000000000         0.000000000         0.000000000         0.000000000
         0.000000000         0.000000000         0.000000000         0.000000000
         0.000000000         0.000000000         0.000000000         0.000000000
         0.000000000         0.000000000         0.000000000         0.000000000
         0.000000000         0.000000000         0.000000000         0.000000000
         0.000000000         0.000000000         0.000000000         0.000000000
         0.000000000         0.000000000         0.000000000         0.000000000
         0.000000000         0.000000000         0.000000000         0.000000000
         0.000000000         0.000000000         0.000000000         0.000000000
         0.000000000         0.000000000         0.000000000         0.000000000
         0.000000000         0.000000000         0.000000000         0.000000000
        -0.029787150        -0.169318463        -0.136721656         0.218119806
         0.359690608         0.210277531         0.000197138         0.005620654
        -0.001569738         0.336438215        -0.323715846        -0.478055715
         0.019148489         0.047522301         0.033310649        -0.031942574
         0.475921111        -0.042502359        -0.028013285        -0.009155053
         0.198113286         0.059048401        -0.013640128        -0.009763686
         0.010692437        -0.051685516        -0.003087871         0.049890208
        -0.032509611        -0.001754601        -0.006621197         0.008618835
        -0.004474660        -0.014907826        -0.005771721         0.018470957
          74           0.114462022    0    0
         0.000000000         0.000000000         0.000000000         0.000000000
         0.000000000         0.000000000         0.000000000         0.000000000
         0.000000000         0.000000000         0.000000000         0.000000000
         0.000000000         0.000000000         0.000000000         0.000000000
         0.000000000         0.000000000         0.000000000         0.000000000
         0.000000000         0.000000000         0.000000000         0.000000000
         0.000000000         0.000000000         0.000000000         0.000000000
         0.000000000         0.000000000         0.000000000         0.000000000
         0.000000000         0.000000000         0.000000000         0.000000000
         0.000000000         0.000000000         0.000000000         0.000000000
         0.000000000         0.000000000         0.000000000         0.000000000
         0.000000000         0.000000000         0.000000000         0.000000000
         0.000000000         0.000000000         0.000000000         0.000000000
         0.000000000         0.000000000         0.000000000         0.000000000
         0.000000000         0.000000000         0.000000000         0.000000000
        -0.001241887         0.228805741        -0.250149508        -0.098047284
         0.025407774         0.115134625         0.047365319        -0.089469064
         0.023006640        -0.015765279        -0.075046180        -0.028934194
         0.197980940        -0.705366477        -0.019794924        -0.028794314
         0.026786531         0.187698283         0.398473674         0.146742363
         0.018783686         0.002744863         0.195656327         0.097654316
         0.051876389         0.016554702         0.024700172         0.001095875
         0.002355273         0.041322125         0.095744948         0.063272540
         0.063354544         0.059588609        -0.090302551        -0.086500061
          75           0.099336292    0    0
         0.000000000         0.000000000         0.000000000         0.000000000
         0.000000000         0.000000000         0.000000000         0.000000000
         0.000000000         0.000000000         0.000000000         0.000000000
         0.000000000         0.000000000         0.000000000         0.000000000
         0.000000000         0.000000000         0.000000000         0.000000000
         0.000000000         0.000000000         0.000000000         0.000000000
         0.000000000         0.000000000         0.000000000         0.000000000
         0.000000000         0.000000000         0.000000000         0.000000000
         0.000000000         0.000000000         0.000000000         0.000000000
         0.000000000         0.000000000         0.000000000         0.000000000
         0.000000000         0.000000000         0.000000000         0.000000000
         0.000000000         0.000000000         0.000000000         0.000000000
         0.000000000         0.000000000         0.000000000         0.000000000
         0.000000000         0.000000000         0.000000000         0.000000000
         0.000000000         0.000000000         0.000000000         0.000000000
         0.001656122         0.065260677        -0.075242504        -0.277969603
        -0.009418470         0.270945287         0.011097675         0.058101640
        -0.019542454         0.503473853         0.515296064        -0.107198036
        -0.158565342        -0.203252071        -0.018938386        -0.016123793
        -0.101897551        -0.154935994        -0.233517270        -0.082021276
        -0.004122569        -0.002257572         0.019718310        -0.250142779
         0.070274962         0.022803200         0.148686948         0.005299836
         0.004627289         0.033229095        -0.070600944         0.087726913
        -0.172003967         0.090414683         0.005699795         0.005182570
          76           0.081495204    0    0
         0.000000000         0.000000000         0.000000000         0.000000000
         0.000000000         0.000000000         0.000000000         0.000000000
         0.000000000         0.000000000         0.000000000         0.000000000
         0.000000000         0.000000000         0.000000000         0.000000000
         0.000000000         0.000000000         0.000000000         0.000000000
         0.000000000         0.000000000         0.000000000         0.000000000
         0.000000000         0.000000000         0.000000000         0.000000000
         0.000000000         0.000000000         0.000000000         0.000000000
         0.000000000         0.000000000         0.000000000         0.000000000
         0.000000000         0.000000000         0.000000000         0.000000000
         0.000000000         0.000000000         0.000000000         0.000000000
         0.000000000         0.000000000         0.000000000         0.000000000
         0.000000000         0.000000000         0.000000000         0.000000000
         0.000000000         0.000000000         0.000000000         0.000000000
         0.000000000         0.000000000         0.000000000         0.000000000
        -0.072121711         0.452214051         0.450462656         0.348378850
         0.414383354         0.353072968        -0.002175513         0.000822605
        -0.000214881         0.002678085         0.009613018         0.186824750
         0.103264425        -0.006817336         0.057911613        -0.050786232
        -0.192341759        -0.107183827        -0.006543967         0.001192487
         0.021930626         0.066944858        -0.003113927         0.003709071
        -0.018346101         0.075901897        -0.003482785         0.172710485
         0.131332204        -0.007709250        -0.000558089         0.073928483
        -0.004925929        -0.071266617         0.019053114        -0.017280685
          77           0.065837285    0    0
         0.000000000         0.000000000         0.000000000         0.000000000
         0.000000000         0.000000000         0.000000000         0.000000000
         0.000000000         0.000000000         0.000000000         0.000000000
         0.000000000         0.000000000         0.000000000         0.000000000
         0.000000000         0.000000000         0.000000000         0.000000000
         0.000000000         0.000000000         0.000000000         0.000000000
         0.000000000         0.000000000         0.000000000         0.000000000
         0.000000000         0.000000000         0.000000000         0.000000000
         0.000000000         0.000000000         0.000000000         0.000000000
         0.000000000         0.000000000         0.000000000         0.000000000
         0.000000000         0.000000000         0.000000000         0.000000000
         0.000000000         0.000000000         0.000000000         0.000000000
         0.000000000         0.000000000         0.000000000         0.000000000
         0.000000000         0.000000000         0.000000000         0.000000000
         0.000000000         0.000000000         0.000000000         0.000000000
        -0.000253479         0.107192763        -0.103691748         0.064535952
         0.003569563        -0.068618744         0.022739244        -0.075807394
         0.031560820         0.123663155         0.115481467         0.374644751
        -0.075416961         0.115266256        -0.311050353        -0.317121473
         0.367866200        -0.083432279         0.059985155         0.542059950
        -0.006717651         0.000207596        -0.220346837        -0.242190593
        -0.014003019        -0.006813804        -0.025837560         0.002053575
        -0.002067349        -0.013041400         0.086084151         0.015976492
         0.105523737         0.012601843        -0.069723021        -0.066740850
          78           0.006208427    0    0
         0.000000000         0.000000000         0.000000000         0.000000000
         0.000000000         0.000000000         0.000000000         0.000000000
         0.000000000         0.000000000         0.000000000         0.000000000
         0.000000000         0.000000000         0.000000000         0.000000000
         0.000000000         0.000000000         0.000000000         0.000000000
         0.000000000         0.000000000         0.000000000         0.000000000
         0.000000000         0.000000000         0.000000000         0.000000000
         0.000000000         0.000000000         0.000000000         0.000000000
         0.000000000         0.000000000         0.000000000         0.000000000
         0.000000000         0.000000000         0.000000000         0.000000000
         0.000000000         0.000000000         0.000000000         0.000000000
         0.000000000         0.000000000         0.000000000         0.000000000
         0.000000000         0.000000000         0.000000000         0.000000000
         0.000000000         0.000000000         0.000000000         0.000000000
         0.000000000         0.000000000         0.000000000         0.000000000
        -0.000741974        -0.064521547         0.065437498        -0.012078576
        -0.001996478         0.018396378         0.267418178        -0.498656399
         0.293141837         0.017069823         0.018742360         0.077359902
        -0.068718095        -0.013994940         0.077189998         0.072140544
         0.072824538        -0.062363755        -0.121752126        -0.135676734
         0.004199996        -0.002903064         0.220630053        -0.113511438
        -0.357577277        -0.115117751        -0.000524666         0.000040453
         0.006828717         0.029454540         0.556688962        -0.022323213
        -0.039105531        -0.024475925         0.045658236         0.040006087
$user-defined bonds
$end
