$energy      SCF               SCFKIN            SCFPOT
     1 -3297.188607367      3175.776822535     -6472.965429902
     2 -3297.188952395      3176.004148760     -6473.193101155
     3 -3297.188968562      3176.054878663     -6473.243847225
     4 -3297.188235020      3176.089334508     -6473.277569527
     5 -3297.188238681      3176.092059961     -6473.280298643
     6 -3297.188245246      3176.075820561     -6473.264065807
     7 -3297.188247539      3176.069086546     -6473.257334086
     8 -3297.188248498      3176.068460393     -6473.256708891
     9 -3297.188250194      3176.071036246     -6473.259286440
    10 -3297.188250858      3176.072825803     -6473.261076661
    11 -3297.188252165      3176.073388295     -6473.261640460
    12 -3297.188254057      3176.072707872     -6473.260961928
    13 -3297.188255086      3176.072347610     -6473.260602697
    14 -3297.188255465      3176.073279949     -6473.261535414
    15 -3297.188254858      3176.072969129     -6473.261223986
    16 -3297.188254574      3176.072430245     -6473.260684819
    17 -3297.188254547      3176.072245165     -6473.260499712
$end
