$hessapprox internal
  0.192849223203D+00 -0.427777363647D-02  0.489113917155D+00  0.887229950016D-03
  0.195938896327D-02  0.411634083039D+00 -0.231146883624D-02 -0.865503107495D-02
 -0.699127079341D-02  0.455276128678D+00 -0.139086195861D-01 -0.817177667491D-02
 -0.823066914216D-02 -0.730711913827D-02  0.453171072335D+00 -0.220425458655D-03
 -0.164643732402D-02 -0.243105825314D-03 -0.217560387769D-02 -0.188326316063D-02
  0.400378467731D+00  0.455580189090D-01 -0.338007170379D-02  0.277347079771D-02
 -0.323599720677D-02 -0.469199027043D-02  0.543750177878D-02  0.345925908540D+00
 -0.281430237102D-02  0.134744179793D-01  0.608102309654D-02 -0.786023648451D-02
 -0.583181819996D-02  0.615629955064D-02 -0.691398240294D-02  0.423547123370D+00
 -0.140285163500D-01  0.280311635237D-02 -0.390507440565D-02 -0.863255740740D-02
 -0.164148884677D-01 -0.151818811446D-02 -0.941563033852D-03  0.105547902800D-01
  0.444690368422D+00 -0.455847428532D-02 -0.174582123508D-01 -0.374612362812D-02
 -0.101511506833D-01 -0.221807321493D-02 -0.463313477881D-03 -0.434865458759D-02
 -0.366071755888D-02 -0.132286935004D-01  0.343200913278D+00 -0.236384678391D-02
 -0.114872016162D-01  0.328737086295D-02  0.721738743033D-03  0.131094105140D-01
 -0.651535037123D-02  0.881669561173D-02  0.224405937738D-02  0.855758791046D-03
 -0.214320364815D-02  0.434857814741D+00  0.286912574207D-02 -0.171980365661D-01
  0.117621834009D-02  0.643752071959D-03  0.998380741078D-02 -0.582694977056D-02
 -0.549570373995D-02 -0.106874274253D-01 -0.112767660648D-01  0.100262292383D-01
 -0.452878021906D-01  0.258604699205D+00 -0.408959408559D-03  0.119877892462D-02
  0.148887483554D-03  0.883361120757D-04 -0.234900894901D-03 -0.403465915792D-03
 -0.648172078699D-04  0.600823144416D-03  0.130666648873D-03 -0.154406820585D-02
  0.140349273103D-03 -0.121395832250D-02  0.938911581526D-03  0.373767209669D-01
  0.518090708653D-02  0.381507685155D-02 -0.475087275096D-02 -0.452010321904D-02
 -0.618923178798D-03 -0.742624303598D-02 -0.428688248966D-02  0.142856351968D-01
  0.494288529568D-02 -0.118462534797D-01 -0.319814914613D-01 -0.166956196129D-02
  0.302431874124D+00 -0.353813180661D-03  0.824420926525D-04 -0.143467838406D-04
  0.261903461812D-03 -0.361251661999D-03  0.936178766281D-04 -0.241932429598D-03
 -0.454623022174D-03  0.765404693433D-03  0.215864042016D-03 -0.295421987614D-03
 -0.129938295189D-02 -0.771077839291D-04 -0.202692240746D-02  0.244560391093D-02
 -0.396363421592D-02  0.159788189365D-01  0.215743193189D-02 -0.929066346939D-02
 -0.939224501793D-02  0.829643537016D-02 -0.164094066849D-01 -0.622372350443D-02
  0.701810888654D-02  0.764090194485D-02  0.211609647463D-01  0.125197414374D-01
  0.894660066017D-03  0.797453151587D-02 -0.976231126745D-03  0.263396131291D+00
 -0.317715538389D-02  0.455512444021D-02  0.322629731287D-02 -0.207261737028D-02
  0.109016047737D-02  0.890687951535D-03  0.528873918669D-02  0.124487846366D-01
  0.511146648868D-02  0.443407986786D-02 -0.781081314837D-02 -0.105709849863D-01
 -0.171763572389D-03  0.470041172532D-02 -0.906354988852D-04  0.183627247065D-01
  0.396125079289D+00 -0.375691679345D-02  0.788112879860D-02 -0.502801491599D-02
 -0.337096395428D-02 -0.279443678695D-02  0.471746861565D-02  0.419606222292D-02
 -0.606363486958D-03  0.347727534928D-02 -0.291852582587D-02  0.784145151042D-02
 -0.186823166626D-02  0.193346447606D-02 -0.178847946318D-02 -0.743117216676D-03
  0.328659323371D-02 -0.815457813457D-02  0.258887493404D+00  0.257645879679D-01
 -0.518903347286D-02 -0.456599086520D-02  0.298631636852D-01 -0.374737786200D-02
 -0.707529929852D-02 -0.325789998548D-01  0.107062496997D-01 -0.167077254084D-01
  0.918495485772D-02 -0.757679291930D-02 -0.124065282967D-02 -0.627353398348D-03
  0.339692621554D-01 -0.182632653640D-02  0.157322217360D-01  0.849823762783D-03
  0.185333518863D-01  0.226336007380D+00  0.961699790631D-02  0.167807804158D-01
 -0.684802597384D-02 -0.372521012532D-02 -0.301758496144D-02  0.262148919856D-02
  0.222754091399D-02 -0.955263447256D-03 -0.114193802741D-02 -0.613921621983D-03
 -0.239892211559D-02 -0.121477183110D-01  0.130092445976D-02  0.124507125032D-01
  0.757014368628D-03 -0.753842289930D-02  0.256019238620D-02 -0.106044570964D-01
 -0.117167305898D-01  0.242387481313D+00 -0.481332940572D-02 -0.477339746252D-02
  0.235016257085D-02 -0.826433842129D-03  0.203910686934D-01 -0.578907222326D-03
 -0.403835852317D-02 -0.151644007238D-01 -0.568048622786D-02  0.132965500124D-01
 -0.217181369147D-01 -0.393697631936D-01 -0.283306583728D-02  0.904758757212D-02
  0.103143016786D-01 -0.166634579070D-01  0.263148313373D-02 -0.964197627176D-02
 -0.185389162901D-01  0.118761474950D-01  0.356390728950D+00 -0.149298232654D-01
 -0.718492929832D-02 -0.220074677824D-02  0.450627219221D-02 -0.482507865257D-03
 -0.318198286852D-02  0.816483374916D-03 -0.833995290979D-02 -0.319192760170D-02
  0.363295386758D-02  0.852137192080D-02  0.536685125019D-02 -0.565968810500D-03
 -0.168254280070D-02 -0.148746596853D-02 -0.903818000693D-02 -0.617273656997D-03
  0.752097756983D-02 -0.169595321073D-01  0.185670046375D-01 -0.250106047653D-01
  0.284618212481D+00 -0.117400513138D-01 -0.900815321575D-02  0.528001709933D-03
 -0.242726291081D-02  0.670241002303D-02  0.608345678706D-02 -0.102762995829D-01
 -0.262309313309D-02  0.785137310817D-03  0.136375864773D-01 -0.138519456977D-01
 -0.156220593245D-01 -0.599209188167D-02  0.198498385778D-01  0.262777110562D-02
 -0.959347392190D-02 -0.715365633951D-02 -0.392589269457D-01  0.190317776021D-01
 -0.369701413600D-01  0.291225628213D-01  0.116958438183D-01  0.295784119274D+00
  0.111178559121D-01  0.107820442868D-01  0.360024550447D-02  0.454610201537D-02
 -0.179245597970D-01  0.699054414456D-02 -0.144129179881D-01  0.596826204697D-02
  0.164076142786D-01 -0.419266993253D-02  0.167210333913D-01  0.760233327605D-02
  0.106275939392D-02 -0.297268419846D-01  0.239115345468D-02 -0.134626555242D-01
  0.640392745775D-02 -0.234804663983D-01 -0.327787454590D-01  0.214149767569D-01
  0.132942536958D-01 -0.316974691371D-01 -0.293069225391D-01  0.267536544231D+00
  0.323614364557D-01  0.835422064794D-02 -0.501585151609D-03 -0.119680100885D-01
  0.112126640410D-01  0.254275293402D-02  0.370172811682D-02 -0.107035963365D-01
  0.248159426543D-02 -0.580448286536D-02  0.542069559443D-02  0.228097715456D-02
  0.398483418626D-03  0.347742350786D-01 -0.521855400765D-02 -0.203318116999D-01
 -0.116331518647D-02 -0.939384725665D-02  0.331293294826D-01  0.715398275886D-02
 -0.801894198570D-01 -0.101742036858D-02  0.853638740260D-02  0.452912506391D-01
  0.304113623905D+00  0.136479228944D-01  0.113723360216D-01  0.783740256527D-03
 -0.483019192961D-02 -0.184614568282D-01  0.223786162260D-02  0.183984568119D-02
  0.457884377108D-02  0.739038181959D-02 -0.225623434263D-02  0.734443870575D-02
 -0.598619660475D-02  0.522878735038D-03 -0.730824658539D-02  0.322097572315D-02
 -0.497115971500D-02  0.298133166239D-02 -0.259625505772D-02  0.181148081131D-02
  0.399104283689D-02 -0.192748456415D-01  0.432777271659D-02 -0.115613632683D-01
 -0.833876735155D-03  0.861180643756D-02  0.244157950002D+00  0.751091831268D-03
  0.438088785210D-02 -0.571839477713D-03 -0.391220806600D-02 -0.318351654797D-02
 -0.647115553389D-03 -0.177771467852D-02  0.156186821467D-02  0.147961569136D-03
  0.571127931051D-03 -0.277293087595D-02 -0.100983260295D-01  0.190694833554D-02
 -0.147616549935D-01  0.865606480287D-03 -0.312057884836D-02  0.527677797387D-02
  0.160628105888D-01  0.773125691102D-02 -0.224231798176D-01  0.178398101440D-01
  0.438765492955D-02  0.859511763786D-02  0.157402939641D-01  0.165014061819D-01
  0.199390044160D-02  0.302337971351D+00 -0.455294353736D-02  0.113015790494D-02
 -0.496586205297D-02  0.615257300327D-02  0.286482156482D-02 -0.310666057902D-02
 -0.110777670748D-01 -0.131985410365D-02 -0.682081964358D-02  0.226146603129D-02
  0.197259983003D-01  0.178858510900D-01 -0.844519918939D-03  0.173036329762D-01
  0.400035733529D-03  0.178492412011D-01  0.145721920747D-02  0.127094626370D-01
 -0.194970084038D-01 -0.183750553068D-01  0.705892197101D-02 -0.783089548710D-02
  0.169668921061D-01  0.279924273404D-01  0.578132186172D-02 -0.878121585077D-02
 -0.655671535973D-02  0.267603543148D+00  0.100676906841D-01  0.297934611844D-02
 -0.974193371626D-03 -0.420602745690D-02 -0.559404069080D-02  0.339632843546D-02
 -0.216776712156D-02  0.307258923206D-02 -0.264786638152D-02  0.604131574482D-02
  0.704823670557D-02  0.203225541910D-01 -0.314204891457D-02  0.153584343847D-01
  0.223514028236D-03 -0.265998539365D-01  0.103666404827D-01  0.767251582046D-02
 -0.120275969581D-01 -0.286823697094D-02 -0.563684355525D-02  0.517164739245D-02
  0.162334418623D-01 -0.710319271837D-02 -0.177264181618D-01  0.101038232633D-02
  0.380845198506D-03  0.222606569723D-01  0.287426068929D+00  0.585018338217D-02
 -0.510562845203D-02  0.345746544759D-02 -0.296668588732D-02  0.264723643993D-02
  0.152637148606D-02  0.520405316214D-02 -0.322024794644D-02  0.231670955650D-02
  0.457166876169D-03 -0.126546911737D-02 -0.128579007371D-02 -0.450857256384D-03
  0.346365390454D-02 -0.379640185654D-03 -0.993273377121D-02 -0.407898350654D-02
  0.139023523073D-01  0.747803223064D-02 -0.365886840685D-02 -0.735855604082D-02
 -0.251347853451D-02 -0.714060034571D-02 -0.550081458779D-02  0.529984860425D-03
 -0.149694609224D-02 -0.759731489577D-02  0.797621984006D-02 -0.835407466786D-02
  0.193267949026D+00 -0.308149679899D-02  0.216766902183D-02  0.151273128986D-02
  0.554683129776D-03  0.110912713870D-02  0.268981265609D-02 -0.673983029132D-02
 -0.209028241150D-02  0.174636452935D-02 -0.544997156882D-02  0.219529795130D-02
 -0.193716919482D-02 -0.113327015097D-02  0.451201310610D-02 -0.838553760674D-03
 -0.168570821400D-01 -0.144463001479D-02 -0.141233229063D-02 -0.190513376868D-02
 -0.207947227674D-01 -0.699487948633D-02  0.871599348474D-02 -0.491355430531D-02
 -0.107865615841D-02 -0.654539205933D-02 -0.514650572506D-02 -0.645033002364D-02
  0.363769440697D-02 -0.664920170059D-02 -0.997503093769D-02  0.193218865837D+00
 -0.776496390246D-03  0.246861632589D-02  0.131456114477D-02 -0.171844934210D-02
 -0.141778480954D-02  0.831830892259D-03 -0.550573919477D-02  0.523910702391D-02
 -0.655923972955D-03  0.105151631064D-02  0.438015919748D-02 -0.184005576429D-02
 -0.269848053489D-03  0.659980554090D-02  0.375261313941D-03  0.459746705925D-03
  0.406079745920D-02  0.222959691423D-04  0.207475096009D-02  0.364728432239D-02
  0.109053307965D-01  0.787190983426D-03  0.738837438801D-03 -0.559001851173D-03
 -0.750958927250D-02  0.668420851339D-02  0.155642491066D-02  0.223541213880D-02
 -0.594276138754D-03 -0.129707623048D-01 -0.295338055434D-03  0.375048220177D-01
  0.164937595503D-02 -0.432476734671D-02 -0.536744135202D-03 -0.125479856411D-02
 -0.302300623079D-02  0.124491077347D-02 -0.837102983221D-03  0.444145184334D-02
 -0.870853545914D-03 -0.163211757500D-02 -0.367241456954D-02  0.570023495870D-02
  0.118401606367D-03 -0.256957298607D-02 -0.304664064991D-03  0.515159561770D-02
  0.630173788930D-04 -0.902456261232D-02 -0.912407768481D-02  0.514555952882D-02
 -0.715374744104D-02 -0.474240199360D-02  0.206163688089D-03 -0.627294225267D-02
 -0.471421553242D-02  0.733988306052D-02  0.381580360082D-02 -0.724335728676D-02
  0.122340483208D-01 -0.158613054516D-01 -0.517652805261D-02 -0.465624734946D-02
  0.219484221843D+00  0.128201826942D-02 -0.361777135416D-02 -0.160320922857D-02
  0.358075652961D-03 -0.245935147097D-02 -0.542857747155D-03 -0.255064857101D-02
  0.247742399414D-02 -0.378684275167D-02  0.919017132573D-03  0.292140776843D-02
  0.473369584025D-02  0.597127409503D-03  0.211700178697D-03 -0.266995265579D-04
 -0.703064414234D-03  0.144509094139D-02 -0.313663599932D-02 -0.352788191834D-02
  0.565343762884D-02  0.320833504144D-02  0.456727244439D-02 -0.637480609230D-02
  0.456313818500D-02  0.467817530901D-03  0.779570013772D-03  0.164400951997D-02
 -0.876355175984D-02  0.253856583306D-02 -0.327093517869D-02 -0.112374845516D-01
 -0.835600311600D-02  0.423713628209D-01  0.898198294528D-01 -0.359868896057D-02
 -0.562119041193D-02  0.437279394899D-02 -0.229962927779D-03 -0.500858691572D-02
  0.373807182781D-02 -0.277317466115D-01  0.490280111384D-02 -0.699758126668D-02
  0.865328344652D-02 -0.111030423619D-01 -0.153154169879D-02  0.141675753213D-03
  0.201940784120D-02  0.233469619491D-03 -0.105359771543D-01  0.108182894833D-01
  0.648610762008D-02 -0.883528533457D-02  0.863270989918D-02  0.462820389607D-01
  0.957523644033D-02  0.116534283814D-01  0.119742280211D-01 -0.104264103140D-01
 -0.506421941713D-02  0.296137698923D-02  0.228488153913D-01 -0.150392244686D-01
  0.624746360425D-02 -0.278557299201D-03 -0.116413652820D-02  0.263695409513D-02
 -0.151754808425D-02  0.310409008664D+00 -0.370040255001D-03 -0.198423005099D-02
 -0.226187871023D-02 -0.315209544330D-02 -0.170778045513D-02 -0.243239968805D-02
 -0.686021268516D-02 -0.673762605219D-02 -0.322921559811D-02  0.279194590444D-02
 -0.158352621999D-01  0.118933402129D-02 -0.161703404904D-03 -0.125380870149D-01
 -0.282837848700D-03  0.118277369500D-02  0.210734623775D-02  0.688311887460D-02
  0.105171057873D-01  0.476522630078D-02  0.163936000247D-01  0.974436874645D-02
  0.283685265035D-01  0.188715521603D-01 -0.732029928352D-02 -0.939016533491D-02
 -0.584466113121D-02  0.151121792639D-01 -0.118752971791D-01  0.124479569586D-01
  0.189631061387D-02  0.206840638655D-01 -0.920796827283D-02  0.204784008712D-01
  0.823975716772D-02  0.292375021430D+00  0.127517618119D-01 -0.220797115768D-02
 -0.667005829424D-02 -0.862791887202D-02 -0.336311852918D-02  0.624774391085D-04
 -0.135945302303D-02 -0.112991949138D-01 -0.662637594975D-03  0.413044013243D-02
  0.248713240496D-01  0.195903670164D-01 -0.913135404444D-03  0.243103492314D-02
  0.172773973506D-02 -0.670684918677D-02  0.388588589751D-02 -0.737836326264D-02
  0.226315458782D-01  0.109385071526D-03  0.169481368729D-01 -0.259834120216D-01
 -0.119268618098D-01 -0.924629875694D-02 -0.154619462922D-01  0.665190228467D-02
 -0.433798006294D-03 -0.258299354953D-01  0.154635291619D-01  0.246806180759D-02
  0.509682722851D-02  0.127564740438D-01 -0.192390705216D-01  0.115587861005D-01
  0.978102185401D-02  0.376635018825D-02  0.321006301765D+00  0.266272427993D-02
 -0.521246975943D-02  0.131291198793D-02  0.311270388034D-02  0.318680796872D-02
 -0.319225794312D-02 -0.396487141236D-02  0.663782304901D-02  0.188652007568D-03
 -0.284606213201D-02 -0.141600750702D-01 -0.156752864745D-01  0.145655145671D-02
  0.169305661707D-01  0.741319260948D-03 -0.229943961583D-02 -0.224649007099D-02
  0.554416452827D-02 -0.136517600163D-01  0.141914310631D-01  0.110235666309D-01
 -0.314614983390D-02 -0.368573382085D-01  0.993475294579D-02  0.753318191565D-02
  0.213140230167D-01  0.442345917267D-02  0.152681670527D-01  0.553164896730D-02
 -0.357799223665D-02 -0.135351832229D-02 -0.503769241474D-02 -0.996790829339D-02
  0.610036638417D-02 -0.397158552783D-01  0.449859943663D-01 -0.480411605967D-01
  0.196056240796D+00  0.163628245451D-02  0.133243502679D-02 -0.958349498072D-02
 -0.786828438417D-03 -0.322416726151D-04 -0.800480585236D-03  0.193405451316D-01
 -0.137590028778D-01 -0.102950300796D-02 -0.115554294357D-02  0.125167755462D-01
  0.165508643486D-01 -0.101579630070D-02 -0.246818385047D-01 -0.620021355280D-04
 -0.448357667884D-02 -0.423169537351D-02 -0.152651819479D-01  0.546477718237D-02
 -0.355524439273D-01 -0.312562707657D-01 -0.255951490040D-02  0.182045518111D-01
 -0.165294553751D-01  0.486883052564D-03 -0.127067587177D-01 -0.635001635874D-02
 -0.190859763537D-01  0.225467548288D-02 -0.222101903068D-02  0.307031802238D-02
 -0.155120963727D-01  0.709294587113D-02 -0.142866054751D-01  0.307343882326D-01
 -0.734049969210D-01 -0.105408264656D-01 -0.120790279985D+00  0.224750238471D+00
  0.116619376457D-01  0.520639520666D-02 -0.592301273275D-02 -0.832516639016D-02
 -0.290280900533D-02  0.120013850294D-02  0.135314617598D-01  0.565520689156D-02
 -0.551470307365D-03 -0.492899494587D-02  0.946244356233D-02 -0.560310148780D-02
 -0.774223952380D-04  0.103355629672D-01  0.981501833825D-03  0.621212957174D-02
  0.253644761318D-02 -0.192812559476D-01 -0.490057911969D-05 -0.204275736249D-01
  0.734143930855D-02 -0.232595413050D-01 -0.282800067899D-01 -0.151869851707D-01
 -0.165468966130D-01  0.128036891469D-01  0.356258603337D-02 -0.183545992919D-01
  0.120093129200D-01 -0.194700625432D-02  0.143326676599D-01  0.421689448495D-02
 -0.380448274911D-02  0.509433904825D-02 -0.202783599167D-01  0.424199903865D-01
  0.514320352173D-01  0.834453077935D-01  0.569075652987D-01  0.285247289992D+00
  0.227298705494D-02  0.382464033450D-02 -0.354408416824D-02 -0.366950277681D-02
 -0.903948358118D-02  0.133168712085D-03 -0.165106266324D-03 -0.631319818099D-02
  0.166542672115D-02  0.279919615458D-02  0.779517445936D-02  0.155824516861D-01
 -0.923049906250D-03 -0.280947780266D-01  0.100126041236D-02  0.426042730421D-02
 -0.166645524859D-02 -0.357460455662D-02  0.161191109161D-01 -0.864962365135D-02
 -0.191362666151D-01  0.834040125736D-02  0.269489705220D-01  0.900436191123D-02
  0.866445554137D-03  0.497463030196D-01 -0.103715969530D-02 -0.697954357480D-02
 -0.819094176354D-02  0.791734199475D-02  0.111093850821D-01  0.940282991965D-02
  0.149083830083D-02  0.573628528319D-02 -0.575018319865D-01  0.145200825795D+00
  0.301023286731D-01 -0.331851447361D-01 -0.336171447507D-02  0.101159684195D-01
  0.166968300157D+00 -0.960567288064D-02  0.204879263872D-01  0.186850816148D-02
 -0.117637458141D-02 -0.875836885539D-02  0.227261008658D-02  0.221231000755D-02
  0.904049626047D-02  0.808263875379D-02 -0.768535842137D-02  0.299717286801D-02
 -0.139841022702D-01 -0.848825786230D-04 -0.107544376976D-01  0.443470922571D-03
  0.482658794721D-03  0.202348941670D-02 -0.886081622105D-02 -0.657280899016D-02
 -0.168090952082D-02 -0.153306460294D-01  0.340647551787D-03  0.197739548303D-01
  0.540324891524D-02  0.976596466313D-02  0.315209205364D-01 -0.790989884815D-02
  0.102719216261D-01 -0.251193925023D-02 -0.275061608956D-01 -0.243763185827D-01
 -0.132041385629D-02 -0.188023101321D-01 -0.715735166409D-01 -0.624222443457D-02
  0.159450315917D-01 -0.102362478440D-01 -0.291887504405D-01  0.250858478801D-01
 -0.594750657450D-02  0.532597562878D-02  0.240149117632D+00
$end
