$energy      SCF               SCFKIN            SCFPOT
     1 -3297.527365068      3176.331300406     -6473.858665474
     2 -3297.528797501      3176.501128447     -6474.029925948
     3 -3297.529247831      3176.624294651     -6474.153542481
     4 -3297.529651313      3176.694792799     -6474.224444111
     5 -3297.530236345      3176.741305522     -6474.271541867
     6 -3297.530332909      3176.748170859     -6474.278503768
     7 -3297.530378340      3176.759631090     -6474.290009430
     8 -3297.530407075      3176.766756018     -6474.297163093
     9 -3297.530454402      3176.771406942     -6474.301861344
    10 -3297.530465082      3176.768224098     -6474.298689180
    11 -3297.530466027      3176.767276417     -6474.297742444
    12 -3297.530467652      3176.765760641     -6474.296228293
    13 -3297.530469867      3176.764402044     -6474.294871912
    14 -3297.530474508      3176.760968389     -6474.291442898
    15 -3297.530474104      3176.751358747     -6474.281832851
    16 -3297.530478223      3176.740199056     -6474.270677278
    17 -3297.530518139      3176.728192680     -6474.258710819
    18 -3297.530704181      3176.731547699     -6474.262251880
    19 -3297.530833627      3176.724529197     -6474.255362824
    20 -3297.531099030      3176.721942404     -6474.253041434
    21 -3297.531399942      3176.719326732     -6474.250726674
    22 -3297.531979454      3176.734936693     -6474.266916147
    23 -3297.532318703      3176.739840148     -6474.272158851
    24 -3297.532445298      3176.773908114     -6474.306353412
    25 -3297.532484796      3176.750670740     -6474.283155536
    26 -3297.532480066      3176.746904567     -6474.279384632
    27 -3297.532498830      3176.745783911     -6474.278282741
    28 -3297.532510099      3176.744547856     -6474.277057955
    29 -3297.532516858      3176.744560386     -6474.277077245
    30 -3297.532527917      3176.745729593     -6474.278257511
    31 -3297.532535730      3176.746646240     -6474.279181970
    32 -3297.532538873      3176.747045845     -6474.279584718
    33 -3297.532543349      3176.747130243     -6474.279673592
    34 -3297.532551187      3176.746666606     -6474.279217793
    35 -3297.532554704      3176.745861840     -6474.278416544
    36 -3297.532556652      3176.745669826     -6474.278226478
    37 -3297.532556096      3176.746244536     -6474.278800632
    38 -3297.532555529      3176.746480774     -6474.279036303
    39 -3297.532553173      3176.747150154     -6474.279703326
    40 -3297.532550672      3176.747245228     -6474.279795900
    41 -3297.532549788      3176.746674238     -6474.279224026
    42 -3297.532550037      3176.746269872     -6474.278819908
    43 -3297.532549530      3176.746190503     -6474.278740032
    44 -3297.532549106      3176.746134876     -6474.278683982
    45 -3297.532548846      3176.746104765     -6474.278653611
    46 -3297.532548808      3176.746113219     -6474.278662027
    47 -3297.532548488      3176.746178074     -6474.278726562
    48 -3297.532549084      3176.746193428     -6474.278742513
    49 -3297.532549364      3176.746321021     -6474.278870385
    50 -3297.532549809      3176.746334799     -6474.278884608
    51 -3297.532549849      3176.746360307     -6474.278910156
    52 -3297.532549902      3176.746361205     -6474.278911107
    53 -3297.544378785      3176.697966375     -6474.242345160
    54 -3297.544378771      3176.697952838     -6474.242331609
    55 -3297.545592341      3176.704285087     -6474.249877428
    56 -3297.545821886      3176.713685418     -6474.259507304
    57 -3297.545880284      3176.718043624     -6474.263923908
    58 -3297.545897723      3176.719932526     -6474.265830249
    59 -3297.545899357      3176.720175173     -6474.266074529
    60 -3297.545899712      3176.720108364     -6474.266008076
    61 -3297.545902654      3176.719745139     -6474.265647793
    62 -3297.545899346      3176.719019695     -6474.264919041
    63 -3297.545901035      3176.718407655     -6474.264308690
    64 -3297.545894628      3176.717913930     -6474.263808558
    65 -3297.545915780      3176.720978905     -6474.266894685
    66 -3297.545904638      3176.719064169     -6474.264968806
    67 -3297.545918169      3176.719811089     -6474.265729257
    68 -3297.545919072      3176.719677110     -6474.265596181
    69 -3297.545919377      3176.719556963     -6474.265476341
    70 -3297.545919803      3176.719284331     -6474.265204134
    71 -3297.545920428      3176.719050004     -6474.264970432
    72 -3297.545921467      3176.718744994     -6474.264666462
    73 -3297.545921266      3176.718843881     -6474.264765147
    74 -3297.545924440      3176.718504607     -6474.264429047
    75 -3297.545922737      3176.719031739     -6474.264954476
    76 -3297.545922562      3176.719210130     -6474.265132692
    77 -3297.545922329      3176.719248029     -6474.265170358
    78 -3297.545921924      3176.719235715     -6474.265157639
    79 -3297.545921934      3176.719204782     -6474.265126716
    80 -3297.545852344      3176.732026127     -6474.277878471
    81 -3297.545922077      3176.719152227     -6474.265074304
    82 -3297.545920646      3176.719464347     -6474.265384994
    83 -3297.545922254      3176.719151972     -6474.265074226
    84 -3297.545921903      3176.719248740     -6474.265170643
    85 -3297.545921809      3176.719291202     -6474.265213011
    86 -3297.545921917      3176.719279009     -6474.265200926
$end
