$coord
    0.02120661450080     -0.00593146969250     -0.00002395265840      mo
   -0.00258846140289      0.00228708115773     -6.48715345111335      y
    0.80293654297000      3.27454394556934     -2.56513525230118      s
   -0.73851247373452     -3.29077687334402     -2.56820744947770      s
    3.29602400725507     -0.77275212791212      2.57771890121742      s
   -3.26930564733154      0.76874929519058      2.55553126312766      s
    4.62920735874012      1.31376990146593     -7.89944659494185      c
    4.99411167969327     -0.64068123368738     -6.07525350673966      c
    4.05600753520747     -2.93707913816867     -7.11982447551639      c
    3.13313930094257     -2.41775153440131     -9.60428620801138      c
    3.51443449906802      0.21375057631274    -10.09927288616411      c
   -4.11589975234255      2.89619334690731     -6.97635150385445      c
   -5.01166230307308      0.54160413042863     -6.03039005851711      c
   -4.61532724243784     -1.32697533515983     -7.93708358856208      c
   -3.52981475908589     -0.11331482256235    -10.09123456415981      c
   -3.18744203441331      2.49911912060782     -9.48160620174000      c
    4.26250508941671     -5.51155412936453     -5.93868883862855      c
    2.32392395097244     -4.40556924976422    -11.46913818187194      c
    6.33417197087990     -0.37463426556133     -3.59174552787848      c
    3.29148560029180      1.50725887550883    -12.61745760359669      c
    5.46885922008600      4.01451065926837     -7.61538055491929      c
   -2.39513258445029      4.57408123652477    -11.25723426551980      c
   -6.36103374799992      0.14540366815453     -3.56942841778228      c
   -5.39959389548303     -4.05326852462363     -7.75776032381925      c
   -3.30413032172888     -1.28156745507416    -12.66928999912886      c
    8.39267512146858     -0.65244158023001     -3.82861180555647      h
    5.66365685352194     -1.76676263864715     -2.20325831994418      h
   -5.75745450095564      1.51525499480680     -2.12959544436474      h
   -8.42622584555012      0.35346456923926     -3.82059339870492      h
    6.02990193033851      1.50082509654876     -2.74960574065958      h
   -5.99494577186131     -1.74424637362847     -2.78492001744016      h
    4.30072714167777      5.31078734804321     -8.75286889958793      h
    7.44984054940153      4.26924127139025     -8.23260359392608      h
    5.33652014613950      4.63316155126288     -5.63388634880429      h
   -4.23729479028687     -5.27403800864919     -8.98153032497711      h
   -7.39064225973715     -4.31897066570384     -8.33675940639099      h
   -5.20867423975707     -4.75825573463693     -5.80961434011710      h
   -4.36585178554205      5.41396639986444     -5.68617956906767      c
   -6.18107610674029      6.32560715366742     -6.18331335407961      h
   -2.84120635495295      6.71813043195493     -6.23631819303524      h
   -4.28668355386101      5.21763885883775     -3.61911321812905      h
    6.05579243411117     -6.43836437527496     -6.48515991620458      h
    2.70926209857049     -6.76180239426529     -6.53344043774046      h
    1.77619496623568      0.70762289849468    -13.79333981077446      h
   -1.79065485504593     -0.42144212513516    -13.80410270548921      h
   -4.02537135954879      5.77306537417760    -11.77799242019491      h
    3.94084919982751     -5.60896716345663    -12.02023124358173      h
    4.19946109885099     -5.40019160722330     -3.86475998988600      h
    0.00104701715105      0.00015556570938      6.48715917447537      y
   -1.32378790564463      4.62220305572237      7.91384653284345      c
    1.31704271365413     -4.62234690566635      7.92265311423657      c
    2.91542446316141      4.08709556235946      7.05285534006273      c
   -2.91811779788368     -4.08488338424625      7.04328010819972      c
    0.59158309126680      5.00272105878714      6.05217966572080      c
   -0.59077693420242     -5.00309752853109      6.05327664516290      c
    2.45224113526693      3.16218979041602      9.54721237634258      c
   -2.46486116516350     -3.15845143027930      9.53888705427718      c
   -0.17113221762178      3.52339682845041     10.09388619336232      c
    0.15592641212188     -3.52087592110820     10.09684269722522      c
    5.46411158717976      4.31622320205206      5.82244507897469      c
   -5.46189101618266     -4.31224219071939      5.80229623256724      c
   -4.03728730200192      5.43278966342887      7.67575628230231      c
    4.03078405938133     -5.43565275544362      7.69726606127747      c
    4.48004716660116      2.36234001548015     11.37202318066215      c
   -4.50001129814130     -2.35680254987883     11.35474633707069      c
   -1.40737425961484      3.30014915429964     12.63966873031386      c
    1.38156174349655     -3.29546755373234     12.64755709935392      c
    0.26548509901271      6.34626226883384      3.57848796019432      c
   -0.25457945582045     -6.34898590164342      3.58223595663524      c
    0.51017214870206      8.40801069461781      3.82151888941394      h
   -0.49572568659118     -8.41093496398575      3.82709961961429      h
    1.64796997202672      5.70683549723767      2.16681544491405      h
   -1.63417530639902     -5.71433255450928      2.16557161192385      h
   -1.61621019894771      6.01250091117597      2.76247573150856      h
    1.62894428934553     -6.01236967721102      2.77154091102748      h
   -5.29790562033496      4.26783770031634      8.85458554707833      h
    5.28737772183983     -4.27012998282912      8.87985143469131      h
    6.74085767854312      2.77787944833799      6.39766205574070      h
   -6.73964758988451     -2.77270404998388      6.37209563105862      h
   -4.29969763322915      7.41914854300961      8.27178695294641      h
    4.28873678943815     -7.42136150935470      8.29744544079676      h
    6.38149467121794      6.12096017923500      6.34596530449481      h
   -6.38305118246365     -6.11604283529850      6.32236749616807      h
   -4.69477654417560      5.26939388467134      5.70949884029883      h
    4.69699772813528     -5.27577679545160      5.73366666824205      h
    5.31445549672504      4.24494466949340      3.75155498729966      h
   -5.30384382484704     -4.24130583732597      3.73200812136502      h
    5.75311571105365      0.92099094822563     10.56745717276278      h
    0.86806991471487     -5.68136364786943    -10.69490842826969      h
   -0.96800314239588      5.84023165437112    -10.41645209204472      h
   -0.58075242593106      1.78564440605774     13.79728973701461      h
    0.54833794102432     -1.78121376500386     13.80075511041366      h
    3.67653510295267      1.58220617992144     13.11957374994457      h
    1.55980069837898     -3.56434537285832    -13.20637595333843      h
   -3.70354690617207     -1.57629173040458     13.10533894537424      h
   -1.59861967611322      3.81537232043515    -13.01799015547681      h
   -5.76902144153965     -0.91518673735100     10.54429605472080      h
    3.42080123079250     -2.92519758533276     12.50036996101582      h
   -2.93355897528212     -3.32387143206441    -12.56884855741834      h
   -3.44637321436671      2.93209541562608     12.48402584967318      h
    2.92377186540626      3.54299481899516    -12.41507942564949      h
   -5.70271201565366     -3.98001652150670     11.88847880791893      h
    5.67978307187448      3.98630193215941     11.91014404096888      h
    1.16141319719220     -5.07376831406982     13.72475923967504      h
   -5.08296318625225     -1.03663777998674    -13.74047161470148      h
   -1.18984290780338      5.07875356862808     13.71690878228156      h
    5.06954520982424      1.31452753866916    -13.70061228648936      h
$end