$dipgrad          cartesian dipole gradients
  0.72816928257007D+00  -.95696075080007D-16  -.70896657240898D-18
  0.64306719021670D-16  0.72816928257007D+00  -.14291393998948D-15
  0.14632494129083D-16  -.79762551542480D-16  0.22663910401673D+01
  0.10710043509092D+01  -.70266048025536D+00  -.55841494080687D-16
  -.70266048025537D+00  0.10710043509092D+01  -.68033686323465D-16
  0.19275028808160D-16  -.35707203287097D-16  0.28032370198367D+01
  0.10710043509092D+01  0.70266048025535D+00  0.24366963400112D-15
  0.70266048025536D+00  0.10710043509092D+01  0.80608578639725D-16
  -.18389799968940D-16  -.39296611280206D-16  0.28032370198367D+01
  -.44360209233208D+00  -.29704706045681D+00  0.35882930083855D+00
  -.29704706045681D+00  -.44360209233208D+00  0.35882930083855D+00
  0.20597461246083D+00  0.20597461246083D+00  -.15855273516323D+01
  -.44360209233208D+00  -.29704706045681D+00  -.35882930083855D+00
  -.29704706045681D+00  -.44360209233208D+00  -.35882930083855D+00
  -.20597461246084D+00  -.20597461246084D+00  -.15855273516323D+01
  -.44360209233208D+00  0.29704706045681D+00  -.35882930083855D+00
  0.29704706045680D+00  -.44360209233208D+00  0.35882930083855D+00
  -.20597461246083D+00  0.20597461246084D+00  -.15855273516323D+01
  -.44360209233207D+00  0.29704706045681D+00  0.35882930083855D+00
  0.29704706045681D+00  -.44360209233208D+00  -.35882930083855D+00
  0.20597461246084D+00  -.20597461246084D+00  -.15855273516323D+01
  -.18861043833447D+00  0.78453504808555D-01  0.20081234437615D+00
  0.12567276173768D+00  -.16813003093189D+00  -.21138665903311D+00
  0.11477786412654D+00  -.14003890609925D+00  -.14643857940400D+00
  -.19029814423970D+00  0.20112392851206D+00  0.13907225480187D+00
  0.20112392851206D+00  -.19029814423970D+00  -.13907225480187D+00
  0.57343298280615D-01  -.57343298280617D-01  -.25267960702463D+00
  -.16813003093189D+00  0.12567276173768D+00  0.21138665903311D+00
  0.78453504808553D-01  -.18861043833448D+00  -.20081234437615D+00
  0.14003890609925D+00  -.11477786412654D+00  -.14643857940400D+00
  -.15689618001837D+00  0.15627498579415D+00  0.15162563310833D+00
  0.15527019538950D+00  -.17285793230590D+00  -.26978018096450D+00
  0.75429820683238D-01  -.12678775838690D+00  -.13031023170602D+00
  -.17285793230590D+00  0.15527019538951D+00  0.26978018096450D+00
  0.15627498579415D+00  -.15689618001837D+00  -.15162563310833D+00
  0.12678775838690D+00  -.75429820683237D-01  -.13031023170603D+00
  -.16813003093189D+00  0.12567276173768D+00  -.21138665903311D+00
  0.78453504808554D-01  -.18861043833447D+00  0.20081234437615D+00
  -.14003890609925D+00  0.11477786412654D+00  -.14643857940400D+00
  -.19029814423970D+00  0.20112392851205D+00  -.13907225480188D+00
  0.20112392851206D+00  -.19029814423970D+00  0.13907225480188D+00
  -.57343298280616D-01  0.57343298280615D-01  -.25267960702463D+00
  -.18861043833447D+00  0.78453504808555D-01  -.20081234437615D+00
  0.12567276173768D+00  -.16813003093190D+00  0.21138665903311D+00
  -.11477786412654D+00  0.14003890609925D+00  -.14643857940401D+00
  -.17285793230590D+00  0.15527019538951D+00  -.26978018096450D+00
  0.15627498579415D+00  -.15689618001837D+00  0.15162563310833D+00
  -.12678775838690D+00  0.75429820683235D-01  -.13031023170603D+00
  -.15689618001837D+00  0.15627498579415D+00  -.15162563310833D+00
  0.15527019538950D+00  -.17285793230590D+00  0.26978018096450D+00
  -.75429820683235D-01  0.12678775838690D+00  -.13031023170603D+00
  -.16813003093189D+00  -.12567276173768D+00  -.21138665903311D+00
  -.78453504808554D-01  -.18861043833447D+00  -.20081234437615D+00
  -.14003890609925D+00  -.11477786412654D+00  -.14643857940400D+00
  -.15689618001837D+00  -.15627498579415D+00  -.15162563310833D+00
  -.15527019538951D+00  -.17285793230590D+00  -.26978018096450D+00
  -.75429820683237D-01  -.12678775838690D+00  -.13031023170602D+00
  -.17285793230591D+00  -.15527019538950D+00  -.26978018096450D+00
  -.15627498579416D+00  -.15689618001837D+00  -.15162563310833D+00
  -.12678775838690D+00  -.75429820683235D-01  -.13031023170602D+00
  -.18861043833447D+00  -.78453504808555D-01  -.20081234437615D+00
  -.12567276173767D+00  -.16813003093189D+00  -.21138665903311D+00
  -.11477786412654D+00  -.14003890609925D+00  -.14643857940400D+00
  -.19029814423970D+00  -.20112392851206D+00  -.13907225480188D+00
  -.20112392851205D+00  -.19029814423969D+00  -.13907225480188D+00
  -.57343298280615D-01  -.57343298280617D-01  -.25267960702463D+00
  -.18861043833448D+00  -.78453504808554D-01  0.20081234437615D+00
  -.12567276173768D+00  -.16813003093190D+00  0.21138665903311D+00
  0.11477786412654D+00  0.14003890609925D+00  -.14643857940400D+00
  -.17285793230591D+00  -.15527019538950D+00  0.26978018096450D+00
  -.15627498579415D+00  -.15689618001837D+00  0.15162563310833D+00
  0.12678775838690D+00  0.75429820683238D-01  -.13031023170602D+00
  -.15689618001837D+00  -.15627498579415D+00  0.15162563310833D+00
  -.15527019538950D+00  -.17285793230590D+00  0.26978018096450D+00
  0.75429820683236D-01  0.12678775838690D+00  -.13031023170602D+00
  -.16813003093190D+00  -.12567276173768D+00  0.21138665903311D+00
  -.78453504808555D-01  -.18861043833448D+00  0.20081234437615D+00
  0.14003890609925D+00  0.11477786412654D+00  -.14643857940400D+00
  -.19029814423969D+00  -.20112392851205D+00  0.13907225480188D+00
  -.20112392851206D+00  -.19029814423970D+00  0.13907225480188D+00
  0.57343298280614D-01  0.57343298280615D-01  -.25267960702463D+00
  0.55140895130422D-01  -.11510559992784D+00  -.33073859026461D-01
  -.75859374409576D-01  0.46052273060339D-01  0.93732768600209D-01
  -.29392083808261D-02  0.80164012476102D-01  0.95266065681250D-01
  0.37761049816594D-01  -.72088929164781D-01  -.15226509723933D+00
  -.58119462658662D-01  0.10802978436572D+00  0.34817036790939D-01
  -.90660053718913D-01  0.34253881605198D-02  -.10497598627975D-01
  0.10586632075693D+00  -.56999805199836D-01  -.79903281923651D-01
  -.56999805199836D-01  0.10586632075693D+00  0.79903281923651D-01
  -.69731572439872D-01  0.69731572439873D-01  0.39513778725099D-02
  0.10802978436572D+00  -.58119462658662D-01  -.34817036790938D-01
  -.72088929164781D-01  0.37761049816594D-01  0.15226509723932D+00
  -.34253881605195D-02  0.90660053718913D-01  -.10497598627975D-01
  0.46052273060337D-01  -.75859374409576D-01  -.93732768600208D-01
  -.11510559992784D+00  0.55140895130422D-01  0.33073859026463D-01
  -.80164012476103D-01  0.29392083808261D-02  0.95266065681250D-01
  0.37761049816594D-01  -.72088929164781D-01  0.15226509723933D+00
  -.58119462658662D-01  0.10802978436572D+00  -.34817036790939D-01
  0.90660053718913D-01  -.34253881605192D-02  -.10497598627975D-01
  0.55140895130422D-01  -.11510559992784D+00  0.33073859026462D-01
  -.75859374409576D-01  0.46052273060336D-01  -.93732768600208D-01
  0.29392083808261D-02  -.80164012476101D-01  0.95266065681251D-01
  0.10586632075693D+00  -.56999805199836D-01  0.79903281923652D-01
  -.56999805199836D-01  0.10586632075693D+00  -.79903281923651D-01
  0.69731572439874D-01  -.69731572439873D-01  0.39513778725135D-02
  0.46052273060337D-01  -.75859374409576D-01  0.93732768600209D-01
  -.11510559992784D+00  0.55140895130422D-01  -.33073859026463D-01
  0.80164012476102D-01  -.29392083808261D-02  0.95266065681250D-01
  0.10802978436572D+00  -.58119462658662D-01  0.34817036790939D-01
  -.72088929164782D-01  0.37761049816595D-01  -.15226509723933D+00
  0.34253881605187D-02  -.90660053718913D-01  -.10497598627975D-01
  0.55140895130422D-01  0.11510559992784D+00  -.33073859026462D-01
  0.75859374409576D-01  0.46052273060338D-01  -.93732768600209D-01
  -.29392083808262D-02  -.80164012476103D-01  0.95266065681250D-01
  0.10586632075693D+00  0.56999805199836D-01  -.79903281923652D-01
  0.56999805199836D-01  0.10586632075693D+00  -.79903281923651D-01
  -.69731572439871D-01  -.69731572439871D-01  0.39513778725102D-02
  0.46052273060337D-01  0.75859374409576D-01  -.93732768600208D-01
  0.11510559992784D+00  0.55140895130422D-01  -.33073859026461D-01
  -.80164012476102D-01  -.29392083808261D-02  0.95266065681250D-01
  0.10802978436572D+00  0.58119462658662D-01  -.34817036790939D-01
  0.72088929164781D-01  0.37761049816596D-01  -.15226509723933D+00
  -.34253881605189D-02  -.90660053718914D-01  -.10497598627976D-01
  0.37761049816595D-01  0.72088929164781D-01  -.15226509723933D+00
  0.58119462658662D-01  0.10802978436572D+00  -.34817036790939D-01
  -.90660053718914D-01  -.34253881605198D-02  -.10497598627974D-01
  0.37761049816594D-01  0.72088929164781D-01  0.15226509723933D+00
  0.58119462658662D-01  0.10802978436572D+00  0.34817036790938D-01
  0.90660053718913D-01  0.34253881605195D-02  -.10497598627976D-01
  0.55140895130422D-01  0.11510559992784D+00  0.33073859026460D-01
  0.75859374409576D-01  0.46052273060338D-01  0.93732768600208D-01
  0.29392083808262D-02  0.80164012476104D-01  0.95266065681250D-01
  0.10586632075693D+00  0.56999805199835D-01  0.79903281923651D-01
  0.56999805199836D-01  0.10586632075693D+00  0.79903281923651D-01
  0.69731572439871D-01  0.69731572439872D-01  0.39513778725084D-02
  0.10802978436572D+00  0.58119462658662D-01  0.34817036790938D-01
  0.72088929164781D-01  0.37761049816593D-01  0.15226509723933D+00
  0.34253881605193D-02  0.90660053718913D-01  -.10497598627974D-01
  0.46052273060337D-01  0.75859374409577D-01  0.93732768600208D-01
  0.11510559992784D+00  0.55140895130423D-01  0.33073859026462D-01
  0.80164012476102D-01  0.29392083808262D-02  0.95266065681250D-01
$end
