$hessapprox internal
  0.412857508407D+00 -0.119870678392D-01  0.421879440363D+00 -0.146804768906D-01
 -0.107313289382D-01  0.416590819412D+00  0.132803887260D-02  0.122747498078D-02
  0.147063951121D-02  0.348304617469D+00 -0.232053166501D-03 -0.139129344210D-02
 -0.106154506423D-02  0.201200896619D-01  0.333258118672D+00  0.380810721118D-03
  0.345375060156D-02  0.219017036473D-02 -0.127440406675D-01  0.169852202380D-01
  0.183006873213D+00  0.283712595569D-02 -0.133687031350D-02  0.556987318876D-03
  0.162268863738D-01 -0.235187983608D-01  0.926159441326D-02  0.175041151460D+00
 -0.367563139051D-03  0.113635263807D-02  0.277973402543D-03 -0.650853038098D-02
  0.828281257099D-02 -0.131892891881D-01  0.210317605467D-02  0.188908821062D+00
  0.600704210458D-02  0.399793026016D-02  0.590403843457D-02  0.122172266317D-01
 -0.163624332322D-01  0.283612484183D-01 -0.292274816729D-01  0.139049138705D-01
  0.952156300522D-01 -0.786389310936D-02 -0.664120379982D-03 -0.420084596632D-02
 -0.251972899632D-02  0.355738533113D-02 -0.631307397005D-02  0.563089976420D-02
 -0.493931133515D-02  0.235247157552D-01  0.264634423074D+00  0.744818374471D-02
  0.515090496742D-02  0.672785841102D-02 -0.450356109608D-03  0.971165069406D-03
  0.104238316683D-01  0.941635060032D-02  0.109495333622D-01 -0.486879388271D-02
 -0.910583997638D-02  0.468983646638D+00  0.969295038797D-02  0.668645552407D-02
  0.905046393648D-02 -0.385122344269D-02  0.600776187848D-02  0.137286866656D-01
  0.230396154661D-01  0.168322506497D-01 -0.595385627705D-03 -0.386652262222D-01
 -0.924698602601D-01  0.347794039459D+00 -0.138882144539D-01 -0.110497922990D-01
 -0.130684732714D-01 -0.274686033736D-02  0.865010393429D-02  0.175371468151D-01
  0.167015382918D-02  0.160878345361D-01  0.124635134723D-02  0.248435696617D-01
  0.450480631840D-01  0.692382609229D-01  0.236785321544D+00 -0.134981466755D-02
 -0.118709560649D-02 -0.723680167321D-03 -0.664645981154D-03  0.445301993354D-03
  0.424793325500D-02  0.246812912147D-02  0.375306108931D-02  0.106174945110D-01
  0.435826006601D-02 -0.235278561295D-01  0.375412152225D-01 -0.314459853079D-01
  0.391444316233D+00 -0.126190359045D-01 -0.971944598753D-02 -0.119989452805D-01
 -0.174415366292D-01  0.308651616422D-01 -0.318332615187D-01  0.383540337497D-01
 -0.160346006204D-01 -0.624088867190D-01 -0.210260507737D-01 -0.219158413913D-01
 -0.272485300277D-01  0.850348092267D-01  0.106928231884D-01  0.408773463772D+00
  0.163626930724D-02  0.309319465524D-02  0.163993262128D-02 -0.311460300064D-01
  0.530416000027D-01 -0.422409852197D-01  0.656468695736D-01 -0.154375625391D-01
 -0.106827548281D+00  0.483645700217D-01  0.184709962412D-01  0.232771349265D-01
 -0.616971985550D-01 -0.407687428988D-01 -0.397950592919D-01  0.298264348216D+00
  0.597537355505D-04  0.413417652236D-03 -0.226864378717D-03 -0.587039411937D-02
  0.106786983980D-01 -0.859015410166D-02  0.113767976865D-01 -0.278628817877D-02
 -0.272963430154D-01  0.600285207779D-02  0.119287306087D-01 -0.103174370272D-01
 -0.419514076806D-01  0.847634598703D-01  0.398031476092D-02 -0.150560971386D-01
  0.402303510605D+00 -0.473455919155D-02 -0.366977102754D-02 -0.516815100146D-02
  0.620682226206D-02 -0.109229318911D-01 -0.902675078056D-02  0.441111908385D-02
 -0.787567308402D-02  0.224526151934D-01  0.120801938726D+00  0.798348855517D-02
  0.163726335463D-01  0.109346267858D+00  0.120296245313D-01  0.384377218954D-01
 -0.278123535232D-01 -0.531715793771D-03  0.144305296967D+00  0.139508356834D-01
  0.587963523007D-02  0.129350879518D-01  0.153429744166D-01 -0.184922221291D-01
 -0.615629777401D-02  0.784372457106D-02 -0.110497570291D-02 -0.216679238111D-02
 -0.755903556687D-01  0.225273068188D-01  0.339796296501D-01  0.632713837226D-01
  0.103087649203D-01  0.244886539531D-01  0.337610815603D-01  0.635786464511D-02
  0.121133017013D-01  0.261606973300D+00
$end
