 -----------------------------------------------------------------------------------------------
 |    Exc.   | energy (Eh) | energy (eV) | energy (cm-1) | energy (nm) | Osc.(vel) | Osc.(len) |
 -----------------------------------------------------------------------------------------------
 |    18 a   |    0.033369 |     0.90802 |      7323.668 |    1365.436 |   0.02493 |   0.05084 |
 |    28 a   |    0.067850 |     1.84631 |     14891.463 |     671.526 |   0.00510 |   0.05068 |
 |    33 a   |    0.078977 |     2.14906 |     17333.347 |     576.923 |   0.00615 |   0.00483 |
 |    36 a   |    0.080407 |     2.18798 |     17647.246 |     566.661 |   0.00001 |   0.01921 |
 |    59 a   |    0.103240 |     2.80929 |     22658.475 |     441.336 |   0.00535 |   0.20191 |
 |    63 a   |    0.105491 |     2.87055 |     23152.507 |     431.919 |   0.00014 |   0.00288 |
 |    64 a   |    0.105495 |     2.87065 |     23153.372 |     431.903 |   0.00013 |   0.00288 |
 |    68 a   |    0.108466 |     2.95151 |     23805.570 |     420.070 |   0.00097 |   0.00745 |
 |    71 a   |    0.110552 |     3.00827 |     24263.364 |     412.144 |   0.01150 |   0.00224 |
 |    72 a   |    0.110555 |     3.00835 |     24263.985 |     412.133 |   0.01130 |   0.00222 |
 |    83 a   |    0.115677 |     3.14774 |     25388.245 |     393.883 |   0.00007 |   0.00245 |
 |    84 a   |    0.115682 |     3.14787 |     25389.264 |     393.867 |   0.00007 |   0.00244 |
 |    86 a   |    0.116865 |     3.18007 |     25649.008 |     389.879 |   0.00039 |   0.00264 |
 |    87 a   |    0.116877 |     3.18039 |     25651.586 |     389.839 |   0.00038 |   0.00265 |
 |    89 a   |    0.117759 |     3.20439 |     25845.184 |     386.919 |   0.00003 |   0.00235 |
 |    90 a   |    0.117846 |     3.20677 |     25864.306 |     386.633 |   0.00012 |   0.00708 |
 |    95 a   |    0.119948 |     3.26394 |     26325.475 |     379.860 |   0.03948 |   0.00577 |
 |    99 a   |    0.123800 |     3.36876 |     27170.918 |     368.041 |   0.01420 |   0.00204 |
 |   100 a   |    0.123800 |     3.36877 |     27170.976 |     368.040 |   0.01420 |   0.00206 |
 -----------------------------------------------------------------------------------------------
