# Excitation spectrum ; written at 2020-07-31 11:36:34
#     Exc.     energy (Eh)   energy (eV)   energy (cm-1)   energy (nm)     Osc.(vel)      Osc.(len) 
       1 a        0.014538       0.39561        3190.771      3134.039     0.00646908     0.00000469
       2 a        0.014550       0.39593        3193.416      3131.443     0.00649782     0.00000469
       3 a        0.015499       0.42176        3401.729      2939.681     0.00124731     0.00000288
       4 a        0.015517       0.42225        3405.673      2936.277     0.00125036     0.00000288
       5 a        0.018338       0.49899        4024.654      2484.686     0.00065412     0.00000247
       6 a        0.018345       0.49918        4026.155      2483.759     0.00064509     0.00000241
       7 a        0.022678       0.61709        4977.147      2009.183     0.00311743     0.00000934
       8 a        0.022683       0.61723        4978.331      2008.705     0.00313358     0.00000940
       9 a        0.023006       0.62603        5049.244      1980.494     0.00000000     0.00000000
      10 a        0.023709       0.64516        5203.589      1921.750     0.00000000     0.00000000
      11 a        0.023838       0.64867        5231.844      1911.372     0.00000000     0.00000000
      12 a        0.027065       0.73646        5939.972      1683.510     0.00539645     0.00000012
      13 a        0.027081       0.73692        5943.635      1682.472     0.00539874     0.00000012
      14 a        0.027231       0.74100        5976.550      1673.206     0.00610708     0.00039297
      15 a        0.027320       0.74342        5996.077      1667.757     0.00005711     0.00000400
      16 a        0.027698       0.75371        6079.051      1644.994     0.00000000     0.00000000
      17 a        0.028581       0.77774        6272.885      1594.163     0.00000000     0.00000000
      18 a        0.033369       0.90802        7323.668      1365.436     0.02492995     0.05084012
      19 a        0.055737       1.51669       12232.940       817.465     0.00006311     0.00003843
      20 a        0.055741       1.51678       12233.660       817.417     0.00006273     0.00003854
      21 a        0.057599       1.56736       12641.574       791.041     0.00003270     0.00000202
      22 a        0.057753       1.57153       12675.275       788.937     0.00811308     0.00055374
      23 a        0.064161       1.74592       14081.783       710.137     0.00000000     0.00000000
      24 a        0.064319       1.75021       14116.421       708.395     0.00000000     0.00000000
      25 a        0.066562       1.81124       14608.658       684.526     0.00001163     0.00117493
      26 a        0.066569       1.81143       14610.132       684.457     0.00001186     0.00117365
      27 a        0.067323       1.83194       14775.611       676.791     0.00001344     0.00008929
      28 a        0.067850       1.84631       14891.463       671.526     0.00510495     0.05067678
      29 a        0.070095       1.90739       15384.119       650.021     0.00496132     0.00001043
      30 a        0.070110       1.90779       15387.363       649.884     0.00516580     0.00000846
      31 a        0.070536       1.91938       15480.826       645.960     0.00690780     0.00029519
      32 a        0.070544       1.91960       15482.584       645.887     0.00670890     0.00029708
      33 a        0.078977       2.14906       17333.347       576.923     0.00615099     0.00483388
      34 a        0.079354       2.15933       17416.180       574.179     0.00000313     0.00000107
      35 a        0.079869       2.17334       17529.178       570.477     0.00000000     0.00000000
      36 a        0.080407       2.18798       17647.246       566.661     0.00000867     0.01921155
      37 a        0.082932       2.25670       18201.506       549.405     0.00451475     0.00003160
      38 a        0.082962       2.25752       18208.126       549.205     0.00448088     0.00003196
      39 a        0.086223       2.34624       18923.670       528.439     0.00152857     0.00032452
      40 a        0.086260       2.34726       18931.906       528.209     0.00151154     0.00032373
      41 a        0.089982       2.44855       19748.853       506.359     0.00000000     0.00000000
      42 a        0.093713       2.55007       20567.698       486.199     0.00318292     0.00150798
      43 a        0.093730       2.55052       20571.361       486.113     0.00316329     0.00150267
      44 a        0.093981       2.55735       20626.456       484.814     0.00000204     0.00000001
      45 a        0.096851       2.63545       21256.377       470.447     0.00000000     0.00000000
      46 a        0.096914       2.63717       21270.222       470.141     0.00158335     0.00032785
      47 a        0.096928       2.63756       21273.323       470.072     0.00154991     0.00030363
      48 a        0.097518       2.65359       21402.687       467.231     0.00019356     0.00074728
      49 a        0.097546       2.65437       21408.959       467.094     0.00019633     0.00073077
      50 a        0.097732       2.65943       21449.779       466.205     0.00000000     0.00000000
      51 a        0.098141       2.67054       21539.397       464.266     0.00616976     0.00007239
      52 a        0.098154       2.67091       21542.361       464.202     0.00624464     0.00007857
      53 a        0.098285       2.67448       21571.120       463.583     0.01523902     0.00062825
      54 a        0.101119       2.75160       22193.144       450.590     0.00000000     0.00000000
      55 a        0.101294       2.75634       22231.374       449.815     0.00005467     0.00000717
      56 a        0.101298       2.75646       22232.335       449.795     0.00000901     0.00000155
      57 a        0.101875       2.77215       22358.895       447.249     0.00452096     0.00056750
      58 a        0.101876       2.77218       22359.109       447.245     0.00447036     0.00055872
      59 a        0.103240       2.80929       22658.475       441.336     0.00534522     0.20190630
      60 a        0.103521       2.81695       22720.266       440.136     0.00000000     0.00000000
      61 a        0.104369       2.84002       22906.288       436.561     0.00000000     0.00000000
      62 a        0.104415       2.84128       22916.502       436.367     0.00000000     0.00000000
      63 a        0.105491       2.87055       23152.507       431.919     0.00013587     0.00288334
      64 a        0.105495       2.87065       23153.372       431.903     0.00013273     0.00287898
      65 a        0.108079       2.94098       23720.594       421.575     0.00000000     0.00000000
      66 a        0.108102       2.94160       23725.579       421.486     0.00000000     0.00000000
      67 a        0.108174       2.94357       23741.519       421.203     0.00000004     0.00000106
      68 a        0.108466       2.95151       23805.570       420.070     0.00097477     0.00744640
      69 a        0.110176       2.99803       24180.760       413.552     0.01221331     0.00017602
      70 a        0.110180       2.99816       24181.761       413.535     0.01222343     0.00017732
      71 a        0.110552       3.00827       24263.364       412.144     0.01150445     0.00224136
      72 a        0.110555       3.00835       24263.985       412.133     0.01130288     0.00222241
      73 a        0.110905       3.01788       24340.804       410.833     0.03354055     0.00028460
      74 a        0.110907       3.01794       24341.361       410.823     0.03305612     0.00027190
      75 a        0.111828       3.04299       24543.402       407.441     0.00332083     0.00004015
      76 a        0.111866       3.04404       24551.827       407.302     0.00355053     0.00004207
      77 a        0.111969       3.04684       24574.386       406.928     0.00000000     0.00000001
      78 a        0.112187       3.05276       24622.138       406.139     0.00000000     0.00000000
      79 a        0.113176       3.07969       24839.343       402.587     0.00000000     0.00000000
      80 a        0.114762       3.12284       25187.380       397.024     0.01045755     0.00099282
      81 a        0.114765       3.12292       25188.083       397.013     0.01037503     0.00098638
      82 a        0.115486       3.14253       25346.239       394.536     0.00000002     0.00000010
      83 a        0.115677       3.14774       25388.245       393.883     0.00006998     0.00244796
      84 a        0.115682       3.14787       25389.264       393.867     0.00006663     0.00243765
      85 a        0.115883       3.15334       25433.407       393.184     0.00000000     0.00000013
      86 a        0.116865       3.18007       25649.008       389.879     0.00038525     0.00264034
      87 a        0.116877       3.18039       25651.586       389.839     0.00038309     0.00264753
      88 a        0.117633       3.20097       25817.535       387.334     0.00000000     0.00000000
      89 a        0.117759       3.20439       25845.184       386.919     0.00002897     0.00234518
      90 a        0.117846       3.20677       25864.306       386.633     0.00011658     0.00708135
      91 a        0.118409       3.22207       25987.728       384.797     0.00049606     0.00055478
      92 a        0.118433       3.22273       25993.103       384.717     0.00048414     0.00054674
      93 a        0.119196       3.24348       26160.441       382.257     0.00000000     0.00000000
      94 a        0.119858       3.26151       26305.831       380.144     0.00343438     0.00050541
      95 a        0.119948       3.26394       26325.475       379.860     0.03948077     0.00577323
      96 a        0.119959       3.26426       26328.003       379.824     0.00086997     0.00002839
      97 a        0.120016       3.26580       26340.426       379.645     0.00088897     0.00003014
      98 a        0.121875       3.31640       26748.551       373.852     0.00014263     0.00000499
      99 a        0.123800       3.36876       27170.918       368.041     0.01419892     0.00204335
     100 a        0.123800       3.36877       27170.976       368.040     0.01420414     0.00206426
