# Electronic transition moments of , IRREP a   electric dipole (length) / electric dipole (velocity) / magnetic dipole
 -.57771742746229E+00   -.57766615986670E+00   -.60790371344547E-04   0.15564152572551E-01   0.15561693142550E-01   -.18042289216990E-05   0.56155855085327E-02   -.56151715511061E-02   0.23958871073984E-07
 0.81341480336724E-06   -.14511326523031E-04   -.73243820962406E-04   0.10310758062803E-04   0.72192135504747E-01   0.72221767444566E-01
 -.57872307234553E+00   0.57874434886568E+00   -.58826863972201E-05   0.15540105821715E-01   -.15541556731690E-01   -.27350508046286E-05   0.56108568461342E-02   0.56113946742913E-02   0.93327759580148E-08
 -.24667752176081E-05   0.39009210290749E-05   0.22221698430832E-04   -.40496006749116E-05   -.71824612412776E-01   0.71835194014819E-01
 0.24566144726295E+00   -.24568832941667E+00   0.16184632731172E-04   -.11795482180167E-01   0.11794355466265E-01   0.86362722588678E-06   0.38897060968229E-02   0.38892765765138E-02   -.46509700018704E-08
 0.72517239171770E-05   0.23582259429966E-05   0.29505016106346E-04   0.95500361173110E-05   -.63970751367117E-01   0.63992396178061E-01
 0.24583880260530E+00   0.24582619559126E+00   -.27738800112096E-04   -.11804362047409E-01   -.11806389103915E-01   -.46603431293331E-05   0.38896836369243E-02   -.38900272593124E-02   0.54254438237927E-07
 -.17231813061812E-04   0.32184611224482E-05   0.60870548836272E-04   0.86547047106417E-05   0.63988950021836E-01   0.63984524539044E-01
 0.16411345198667E+00   -.16301348526347E+00   0.15423632283661E-04   0.10087690548117E-01   -.10018832580831E-01   -.10330127158778E-05   0.10271567232784E-02   0.10203294335126E-02   -.60442193419177E-08
 -.17228638712140E-05   0.10488244250499E-05   0.12239218796242E-05   -.12326063314669E-05   -.90222787998904E-01   0.90826604121625E-01
 0.16184201602461E+00   0.16295760526680E+00   0.39746789877378E-04   0.98832872691919E-02   0.99513535663877E-02   0.56010170908621E-05   0.10011658986586E-02   -.10080681918807E-02   -.19912194257471E-07
 0.46526006259723E-05   0.34328920965441E-05   0.54800831018757E-04   0.10474182241310E-06   0.89469617345672E-01   0.88844559207428E-01
 -.32324213979091E+00   0.31892928848986E+00   0.34632083666251E-04   -.17690121514826E-01   0.17453863447842E-01   0.82693804428230E-06   -.56103002495615E-03   -.55363828778694E-03   0.31312732908924E-06
 0.13617379703627E-04   -.77468504860141E-05   -.90193492274204E-05   0.45301479933571E-05   0.21393320050047E+00   -.21682827211882E+00
 -.31973823982854E+00   -.32401864968427E+00   0.15272828345422E-04   -.17514769276274E-01   -.17750197362421E-01   0.56454308087398E-05   -.55415445314516E-03   0.56171229173694E-03   -.25162844393828E-06
 0.15672984894441E-04   0.56234817892520E-05   0.72840093904855E-04   -.78832337483778E-07   -.21738772607222E+00   -.21450073063281E+00
 -.11108033197868E-04   0.51471642452380E-04   0.62570538998594E-04   -.23927814555149E-05   0.22517241490647E-05   -.68309640928879E-05   0.34892168785420E-07   -.12353771439754E-07   -.33358692999819E-05
 -.37727376445906E+00   0.37725411583543E+00   0.13986640918774E-03   0.15216972580886E-04   -.13421880478009E-04   -.32066414042020E-04
 0.12362236332922E-05   0.45987312475069E-04   0.43456287107695E-04   -.13543258168743E-05   0.25423976230353E-05   0.22411621335312E-05   0.12147904424012E-07   -.18099029787421E-06   -.95677463008988E-02
 0.87360366978878E-02   -.87294957788308E-02   -.23272242513710E-04   -.46413033099717E-05   0.24246691572677E-04   0.14181599083057E-04
 0.76576114413635E-06   0.48840014362945E-04   0.18082313190326E-04   -.80892238320027E-06   0.21871484627622E-05   0.87784390496845E-05   0.10142355206134E-06   -.53085731970023E-07   0.48619137531896E-03
 0.16609325073898E+00   -.16609012765403E+00   -.18087241285401E-04   -.94613083623496E-05   -.12440635007032E-04   -.19066693228328E-04
 0.38662566753069E+00   -.38679301516411E+00   -.38331015459035E-05   0.18452403461761E-02   -.18442686739172E-02   0.15899424630519E-05   0.55359227309870E-02   0.55381634162315E-02   -.29040841621863E-06
 -.88827709681151E-05   -.54232557535437E-05   0.17612783592572E-04   0.88238628552424E-06   0.21559649027136E-01   -.21564554092621E-01
 0.38676379125683E+00   0.38658079683465E+00   0.68928837245898E-04   0.18348395115131E-02   0.18329014534547E-02   -.31152896511998E-05   0.55375651893715E-02   -.55352391038194E-02   0.48542377104733E-06
 -.24108105660300E-05   0.15459415254723E-06   0.37993607193791E-04   0.14023127875750E-05   -.21527361056339E-01   -.21556723451676E-01
 0.37189803183351E-05   -.62055597173700E-04   -.58000183210796E+00   -.54631109499099E-06   -.17718898177861E-05   0.14712736200244E+00   0.24449128066752E-06   0.25260998333788E-06   -.16023085917201E-06
 -.10380227590611E-02   -.10659158959378E-02   -.32381694953146E-01   -.41461052956400E-01   0.42181895812226E-06   -.15898450366813E-05
 -.60684732186489E-04   0.14611738301821E-04   -.55994436807145E-01   -.13413935033919E-05   0.12173699457822E-05   0.14824259340981E-01   -.45009360799236E-06   -.50774746586420E-07   -.57038955108319E-06
 0.10873714662863E-01   0.10883514514273E-01   0.33078443006542E+00   -.39086226731742E-02   -.43485304562436E-05   0.23749502967171E-04
 0.10467894231877E-04   0.36610290938400E-04   0.51607701184068E-04   -.14744467301744E-05   -.80728714938671E-06   -.61432270581322E-05   0.34717736561056E-07   -.24108694379544E-06   -.96822941280889E-02
 -.91852081945636E-03   0.91999878125660E-03   -.14792807366415E-04   -.30485769808775E-05   0.93782479225832E-05   0.18626079173833E-04
 0.40687454967838E-04   0.75441448515435E-04   0.55007612942310E-04   -.51386241920295E-06   0.22556970936426E-05   0.18754019216576E-04   0.13898427165847E-06   -.37325460743641E-07   -.33933747543375E-04
 0.21130655534172E+00   -.21129380619703E+00   -.30519427187797E-04   -.92052274029632E-05   -.12908334264587E-04   0.97716072713834E-05
 -.98854979152439E-04   -.29241042104069E-04   0.10586056359590E+01   -.61425524239900E-05   -.18192580709630E-05   -.15117387655654E+01   -.87704237351635E-07   -.77357615600208E-07   0.93350121952276E-07
 -.10124219743032E-03   -.33117616049876E-04   -.60742272474235E-03   -.25745315950964E+00   -.69742049298646E-04   0.74640005404052E-04
 0.29292456989894E-01   0.28991302590146E-01   0.10136463404382E-04   0.22859600951845E-01   0.22619278342916E-01   0.47663652723854E-05   0.67416631917193E-03   -.66718849912207E-03   0.11164835700556E-07
 -.45529727777616E-05   -.86824146944579E-07   -.18043893725648E-05   0.19609862254272E-05   -.55504263056269E-01   -.56070196280495E-01
 0.28890573417991E-01   -.29215501602312E-01   -.70130976667602E-06   0.22653804126560E-01   -.22887828408629E-01   -.57509619586820E-05   0.66892238455967E-03   0.67586210642496E-03   -.10399705507454E-07
 -.57126521720216E-05   -.21016430431028E-06   0.33801747525525E-05   -.54391090519993E-05   0.55985724549946E-01   -.55426665291700E-01
 -.17857117240807E-04   0.31528319214750E-04   -.29183074333939E-01   0.27983830020420E-05   0.38368502479725E-05   -.72585272780386E-02   -.62069054347857E-07   0.88509837080145E-08   0.41811505137701E-07
 -.15687035946663E-01   -.15643828396872E-01   -.15709436154601E+01   -.26891039121403E-01   -.19829663624051E-05   -.42153913575940E-05
 -.58118028820388E-05   -.13652828521406E-04   -.45904156365931E+00   -.15556123312951E-05   -.44266934810404E-06   -.11992526537793E+00   -.55225174179752E-07   0.68409283755340E-07   -.30016891938570E-07
 0.89247338080775E-03   0.90359100232396E-03   0.10610831640404E+00   -.43379204615522E+00   0.47251047250512E-04   0.25763942895239E-04
 -.28320868915022E-04   -.22294333935799E-04   -.58630423968670E-04   -.15224687383065E-05   0.15779712611300E-05   -.55344583768941E-05   0.32684093816368E-08   -.47592073286244E-07   0.48498348995289E-03
 -.92760761940364E-02   0.92476936308857E-02   0.10718613486827E-03   0.19950237629721E-04   -.35062582647285E-04   -.81923893033595E-05
 0.33261080945832E-04   0.12201169309074E-03   0.10278431440803E-03   -.32395204700175E-05   0.96353665930028E-05   0.16621891243706E-04   -.10169280195632E-06   0.88337945113755E-08   -.36703722235919E-04
 -.10799289624017E+00   0.10803596214979E+00   0.13164583617453E-03   -.40766427680925E-05   -.29282681552580E-04   0.48732524406923E-04
 0.11415498539081E-01   -.11475037706064E-01   -.33168889771022E-04   0.11495905151694E+00   -.11516051940797E+00   -.92835697808175E-04   0.74189627424854E-03   0.74330945376868E-03   0.12676437357301E-07
 0.97031379040820E-05   0.41185257219473E-05   -.20581886345951E-03   -.15038221049762E-03   0.30923679248496E+00   -.30865606147090E+00
 -.11571230136756E-01   -.11542776287804E-01   -.37133482075051E-04   -.11510015244300E+00   -.11488206739062E+00   -.91997108724615E-04   -.74242016931594E-03   0.74109857265220E-03   -.10864737652001E-07
 -.79652801051309E-05   -.17856017684990E-05   0.96601010818841E-04   -.15427051124571E-03   0.30879132807941E+00   0.30933105617861E+00
 0.12156582410703E-04   -.34592061251163E-04   -.17305699933612E-01   0.21418539238744E-05   -.48312679884834E-05   -.44602858949581E-01   0.69234652625525E-07   0.86493691910161E-07   -.81563094739420E-08
 -.22010475263421E+00   -.22002233987683E+00   0.75171387348159E+01   -.79473172878400E-01   0.24419274922683E-04   -.23751725661812E-04
 0.24107488827494E-04   0.11068878955251E-04   0.33594241407787E+00   0.13565897300508E-05   -.23304779591557E-04   0.10584579922282E+01   0.40673656492617E-07   0.17674448414908E-06   -.34562922669644E-07
 -.93085751936803E-02   -.93691842903078E-02   0.32753063188452E+00   0.18564249494548E+01   0.81079487408238E-04   -.39368305441428E-04
 0.23024941866620E+00   -.23055306703662E+00   0.14174664127244E-04   0.10555984540579E-01   -.10572154289778E-01   0.21555787509605E-04   -.33591725306748E-03   -.33630256186113E-03   -.11238065680807E-07
 0.14861520156776E-04   0.13459750726021E-04   -.56210384956513E-04   0.46249783804459E-04   0.79058499583824E-01   -.78925023976124E-01
 -.23521007035165E+00   -.23494303622108E+00   0.28189587990171E-04   -.95214469287525E-02   -.95019665857013E-02   0.25357428329737E-04   0.35361614271700E-03   -.35324598521002E-03   0.21149161458268E-07
 0.13398848121417E-04   -.21402796455004E-04   0.66808503914436E-04   0.38586879087306E-04   0.79930940170785E-01   0.80010790463860E-01
 0.27206278726330E+00   -.26996599922744E+00   0.52698102361395E-05   -.56239743921867E-01   0.55807207386954E-01   0.12966760473219E-04   -.80423554479024E-03   -.79807614268131E-03   -.88976077730302E-08
 -.58905157394233E-05   -.46136062546274E-05   -.18534090055216E-03   0.16285404321582E-04   0.48608888638578E-01   -.49008490488877E-01
 -.26601498143566E+00   -.26812298493009E+00   -.31349940836439E-05   0.55987727905681E-01   0.56412486112853E-01   0.17751084462405E-04   0.79373590932781E-03   -.79993817251343E-03   -.29404316372660E-07
 -.13061194673981E-04   0.64581154444726E-05   0.17918839536460E-03   0.32125171757113E-04   0.47090464751250E-01   0.46725696202177E-01
 0.11161616010503E-04   0.15518706012858E-04   0.34179771622483E+00   0.14230426309158E-05   -.20794130926676E-05   0.30300145511465E+00   0.43796662989634E-07   -.11998985166263E-07   -.29861893657871E-07
 -.21169848953703E-02   -.21210544129529E-02   0.63978986970783E-01   0.58622782421749E+00   0.12586162392149E-04   -.35628089037957E-04
 0.17242337838350E-04   0.18116913100343E-04   0.76919096698165E-02   0.60857564124382E-06   0.73710764985860E-06   0.44939087970101E-02   0.13452802625821E-07   -.73357161938568E-07   0.26041415089097E-07
 0.81593943930700E-01   0.81547065941351E-01   -.25358414302114E+01   0.10686787494434E-01   0.69448396509818E-05   0.16522864899704E-04
 0.20286310894554E-04   0.21857927569904E-06   0.18256369872357E-04   -.24673466412134E-05   0.43632090597386E-07   0.65730243955546E-04   -.12204782851129E-06   0.14792009457253E-07   0.14033254779516E-05
 0.24626227157298E+00   -.24627031416071E+00   0.17682108823035E-03   0.85838053132901E-05   0.16559682293493E-04   0.82726595008318E-04
 -.47227309367765E-05   -.14685668464230E-04   -.12716655562499E-01   -.25980932088576E-05   0.70304390537070E-05   -.59866039366828E+00   -.62057309025686E-07   -.57263152717069E-07   -.69414895967888E-07
 -.15596074525765E-03   -.14941067150377E-03   -.12773024923000E-02   -.18586075925970E+00   0.69901817769799E-04   0.14901428643169E-04
 -.20201778145624E+00   -.20210764592796E+00   0.13826934783768E-04   -.16895485099120E-01   -.16913698415777E-01   -.12088939042336E-04   -.37824181083486E-04   0.37985069564969E-04   0.12306158323730E-07
 0.16738110138855E-04   0.11597162518787E-04   -.13308485738004E-03   0.67680557623839E-05   0.34272088642582E-01   0.34187418216883E-01
 -.20130085089097E+00   0.20123233630329E+00   -.29790955775036E-04   -.17000757477751E-01   0.16993118773330E-01   0.19938452759309E-04   -.39419859665745E-04   -.39425048191851E-04   0.75104260487208E-08
 0.39993183703874E-04   -.33302157904921E-05   -.30554095621344E-03   -.32703597469516E-04   -.33720785384706E-01   0.33716252187466E-01
 0.11553868961762E+00   -.11507860282568E+00   -.64765022454864E-05   -.53246442639167E-01   0.53012845117478E-01   0.48877889021382E-05   0.74986333878374E-03   0.74697694341266E-03   0.40827916134945E-07
 -.12996328812059E-04   0.71012395059171E-05   -.19013178933100E-04   0.71048228566459E-05   -.11753457222998E+00   0.11783210119916E+00
 0.11441122313841E+00   0.11486775015991E+00   0.69955708238387E-05   -.52953100564604E-01   -.53154607438860E-01   0.47802141043756E-05   0.74676173358262E-03   -.74970444218681E-03   -.12771679033147E-06
 -.24312739838879E-04   0.29201199424780E-04   -.14977141828060E-04   -.55514936096896E-05   0.11785986295529E+00   0.11733565346958E+00
 0.16138106870830E-04   0.44586637095381E-04   0.36676617875874E-04   -.20798239396114E-05   -.26423331279557E-04   -.63848463254788E-05   0.52362221817345E-07   0.97574036207051E-07   0.26655425167273E-02
 0.10345245548230E-02   -.10282371473876E-02   0.27436724513045E-04   -.11757550900041E-04   0.41061699646967E-04   0.10733435217274E-04
 -.16004784077746E+00   -.15915805439363E+00   -.55807841789605E-06   0.11015916019234E+00   0.10955374997975E+00   -.79870232901756E-05   0.38842225577217E-03   -.38637950949016E-03   0.13590073178199E-06
 0.89782560891851E-05   0.75604722402826E-05   0.15788449552519E-03   -.41010337678946E-04   0.18715864884974E+00   0.18840276599056E+00
 0.15863647712402E+00   -.15955552640181E+00   -.21994225960079E-04   -.10933879593007E+00   0.10996752758641E+00   -.19003529647094E-04   -.38622443765531E-03   -.38837617633758E-03   0.12888223112607E-06
 0.32353957170648E-04   0.11776599010104E-04   0.75744376361435E-04   -.71359714035593E-04   0.18922210534417E+00   -.18815451567342E+00
 -.76997480830744E-04   -.12448317991860E-04   -.56988435603407E-02   -.15094589072692E-05   0.17410290432342E-05   -.44637152991852E-03   -.30573726308040E-07   -.11932672109117E-07   0.54104175158981E-08
 0.10613072786299E+00   0.10611300830336E+00   0.11562721942372E+01   0.11182064145310E-02   -.44611124099321E-04   -.24552288884698E-04
 0.89584405141801E-05   0.86081953932176E-05   0.10203670716246E-04   -.31112534439149E-06   -.46138152571011E-05   -.27947888001568E-04   0.36998096277372E-07   0.88316364341828E-08   -.10423982098834E-02
 0.17916619112200E-02   -.17973137894729E-02   0.11547285770768E-03   -.24616277797334E-05   0.68527933309041E-04   0.62291239585747E-04
 0.11456335254538E+00   0.10668483202437E+00   -.57734003940949E-04   0.52091408835419E-01   0.48588532069210E-01   -.21521904903072E-04   0.29369406107855E-03   -.27111426497396E-03   -.30893092590346E-06
 -.13681149654850E-03   0.83853861311718E-04   -.30176639679119E-03   0.57561759532887E-05   0.20240712937236E+00   0.21666691733039E+00
 -.10549584799033E+00   0.11338403100508E+00   -.34058128544872E-04   -.46640378886120E-01   0.50234599846326E-01   -.13693326640876E-04   -.30134589616540E-03   -.32252676183569E-03   -.34065363184610E-06
 0.61607731031949E-04   -.79888156753363E-04   -.52146477457395E-04   -.70070780704165E-05   0.20750240663800E+00   -.19253209237306E+00
 0.38639246488202E-01   -.38526940164535E-01   -.11590663102442E-04   -.75871900786113E-01   0.75749641266440E-01   0.21955992890258E-05   0.99487867369626E-03   0.99374668499943E-03   -.16819514162516E-07
 0.10336660639459E-03   -.11435397123580E-03   0.10938135412744E-03   -.16370079366753E-05   0.12634815255922E+00   -.12655932243621E+00
 0.38845068014554E-01   0.38859042172465E-01   -.68365206309870E-05   -.74895497476246E-01   -.75019517920278E-01   -.12915493960268E-04   0.10081605084354E-02   -.10091131498919E-02   0.10124259253557E-06
 0.13331474378095E-03   -.12475403891142E-03   0.55357314974240E-04   0.10037367428086E-05   -.12766095464277E+00   -.12742138500241E+00
 -.20510387138195E-03   -.65828980360203E-04   -.29830553236129E-04   -.37327016192790E-04   -.10055349758427E-04   -.71390513223534E-04   0.10038293721103E-05   -.16148346777022E-06   -.31458413525666E-05
 -.74875759409693E+00   0.74879791022883E+00   -.28195076290718E-04   0.32803471587945E-05   -.12741400801663E-03   -.74330364408037E-03
 0.21885645031162E+00   0.21540979243953E+00   0.31398073254811E-03   0.23717492772551E-01   0.23322648973887E-01   0.65046323867476E-04   -.88931170043300E-03   0.87543272279017E-03   0.31554651443525E-06
 -.31562003229435E-03   0.28858733385770E-03   -.51102391186307E-03   0.28705716532655E-05   0.62410248759436E+00   0.63397012643599E+00
 0.21674856171954E+00   -.22011411116693E+00   -.90448149006954E-03   0.24321243169998E-01   -.24682163656316E-01   -.17082445383038E-03   -.88227525088240E-03   -.89626447390168E-03   -.15021564352520E-06
 -.14370460262646E-03   0.22594450285447E-03   -.47125912047076E-03   -.95268938331024E-04   -.63733449168404E+00   0.62754691113022E+00
 -.25251211327991E-03   0.49994835468363E-03   -.48225818008554E+00   -.15519100557720E-04   0.70350180797651E-04   -.97919050783129E-01   0.91256013478022E-06   0.26522819610432E-05   -.95606053007205E-08
 -.95429759485496E-03   -.99204823254231E-03   -.12908039944461E-01   -.11707304829198E-01   0.15269700600008E-02   -.87468575230874E-03
 -.42686400796368E-04   -.61779077455490E-04   0.19971813572538E-04   0.16233302347226E-04   0.65736060530211E-05   -.15200962078121E-05   -.40815602061070E-06   0.36926453877176E-06   0.10911086692595E-04
 -.23937637117056E+00   0.23936456731575E+00   -.85206949912642E-04   -.20554500780033E-04   -.10952713216552E-03   -.66675284007467E-04
 0.19832844304010E-01   0.20399745560037E-01   -.13372191092752E-03   -.71529852882764E-02   -.74124143203204E-02   0.61391087496530E-04   -.65450188592945E-03   0.72103891910877E-03   -.97204366672347E-07
 0.25286947606390E-03   -.10524891760006E-03   -.35119499919669E-03   -.26949593905371E-04   -.14131091482613E+00   -.12633480996658E+00
 -.90372094691756E-02   0.71943898645400E-02   -.18335292257871E-04   0.37000258337253E-02   -.30321000862595E-02   0.14543463808995E-03   0.74456921516555E-03   0.68129302096678E-03   -.32595400522039E-07
 0.52438776221706E-04   -.93320989493891E-05   -.29736009060663E-03   0.23552757115053E-04   -.15150203013293E+00   0.16352850140848E+00
 -.12345270810439E+00   0.22655233195722E+00   -.63743737074147E-04   0.43833065471517E-01   -.80213836648977E-01   -.45175884598333E-03   -.22925957822682E-03   -.45745239889895E-03   0.82672051082347E-07
 0.31780272881122E-04   0.32334707962903E-05   0.49674701881806E-04   -.14930076624561E-03   0.49976163774122E+00   -.26665168839349E+00
 -.22572702119734E+00   -.12193539128872E+00   0.36748528042060E-04   0.79836913786721E-01   0.43041809853055E-01   0.15954041721339E-03   -.48750856479561E-03   0.28376989762436E-03   -.19310004288264E-07
 0.15700736988278E-03   -.35230155029939E-04   0.36585245365092E-04   0.82196919231217E-06   -.27897997049667E+00   -.50625223539704E+00
 -.71135087058387E-05   0.13671815968847E-03   0.27867957266976E+00   0.41924570879084E-04   -.19520930011879E-03   0.17127634482684E+01   0.18664036008917E-06   -.68126418625799E-07   0.40436526787190E-06
 0.72189076338259E-03   0.58629843515319E-03   0.80450182585639E-02   0.35598027581580E+00   -.15618788447780E-02   0.17839862385736E-03
 0.12124237477241E-03   0.13041542971863E-03   0.20046841744622E-03   0.60667992788712E-05   0.17579999217929E-04   -.47981107521002E-04   0.67742572886031E-07   0.41048727605986E-06   -.74216944694488E-03
 -.12646049004305E-02   0.12308431051096E-02   -.52902444179542E-03   -.89834173965274E-04   0.10219753273541E-03   0.74699065386187E-04
 -.56062122659735E-04   -.16330505431256E-03   -.12010140847330E-03   0.60132363609550E-05   0.22843627092107E-04   -.16967771995520E-03   0.17370155259044E-06   -.54703133515827E-06   0.96775750988892E-03
 -.16210950942799E-03   0.27916766441187E-03   -.40115868701078E-03   0.44639082523781E-04   -.34027530435479E-03   -.94909184753934E-04
 -.47131221429036E-05   -.42171413879720E-04   0.93819396479302E-05   -.17097994379601E-04   -.15991130117987E-05   0.59734783216623E-05   -.32025188246629E-07   0.13572304367918E-06   0.26533824733702E-04
 -.49311266418789E-01   0.49275320804029E-01   0.78501960868716E-04   -.25423759553719E-04   -.19853881602898E-03   -.42756186254755E-03
 0.29094092083858E-01   0.32947172285721E-01   -.11821061532133E-03   -.13406361957956E+00   -.15174182271532E+00   -.63692944226359E-03   -.21377149184283E-03   0.24160022144889E-03   -.67995699918384E-07
 0.96194932687349E-04   0.14499992859655E-03   0.83910424097832E-03   -.43061922553669E-04   -.16665847045450E+01   -.14726014072136E+01
 -.32604652322976E-01   0.28707521720408E-01   -.16364184723165E-03   0.15161925579151E+00   -.13396396025178E+00   -.85235331324200E-03   0.24211809719197E-03   0.21396202732324E-03   -.10172401380329E-06
 -.13476105582476E-03   -.17422645290533E-03   -.18977058423904E-02   -.53122548348651E-04   -.14721391339184E+01   0.16661400492252E+01
 -.15032037963624E-03   -.11671345555955E-03   -.31218703554796E-04   0.17523232781672E-04   0.56833084479142E-05   0.22232353179173E-04   -.31399949160281E-06   0.21988535585611E-06   -.68676094652444E-03
 -.53416854585035E+00   0.53405601188252E+00   0.48115520999394E-03   -.17465598841115E-04   -.23703528473790E-04   -.11096178636472E-03
 0.31721003091468E-04   -.36049428306428E-04   0.84506845469290E-04   -.53489256703856E-05   0.44028287667187E-05   0.54960659669406E-04   0.10763799394603E-06   0.43848026617596E-07   -.18275062131687E-02
 0.20052652187963E+00   -.20109605043305E+00   0.29890028596567E-02   -.67072360620945E-04   -.12479182662428E-03   -.20919440952444E-04
 0.27156817437695E-03   -.21611665005624E-04   -.67848868140488E-03   -.16953050334323E-05   0.15797831810610E-04   -.38259886305656E-02   0.71061849180083E-06   -.17104938514242E-06   -.22628163913806E-05
 0.29543158381419E+00   0.29512837409772E+00   -.29548309972385E+01   0.30719792572843E-02   -.15451752956224E-03   0.12192769212665E-03
 0.63219386505552E-04   -.25465756722388E-03   0.11610433763178E+00   -.90320722749114E-05   0.22828728531394E-04   0.32090135225739E+00   0.23677175736426E-06   0.11138183187877E-05   0.61703350926389E-06
 0.39108169190703E-02   0.40777679236398E-02   -.38455525333117E-01   -.24083557458868E+00   0.15930787241649E-03   -.11512548964499E-03
 0.29555588163697E+00   0.28093836154250E+00   0.10475999085695E-03   0.35509676076553E-01   0.33697588743450E-01   0.16255397092373E-04   0.17487939605087E-02   -.16616916509887E-02   -.21111748098228E-06
 0.19483844351324E-04   0.15008671479028E-03   0.72184401017738E-03   -.42515350554816E-04   -.34912902336950E+00   -.36755925594912E+00
 -.28095941247587E+00   0.29575726808876E+00   -.38997564091848E-05   -.33856934511428E-01   0.35604928215115E-01   -.66064749564816E-05   -.16633384506335E-02   -.17505988205026E-02   -.80605806387719E-07
 0.64767672867893E-04   -.17098891296330E-04   -.26928297760367E-03   -.32523581914287E-04   -.36748666809665E+00   0.34927011931691E+00
 -.29048787314676E+00   -.26779165047259E+00   0.73825553428245E-04   0.12818506943891E+00   0.11823714788090E+00   0.18785774488257E-04   0.27841687247189E-03   -.25730549508835E-03   -.20740107593305E-06
 -.28598582767991E-04   0.29680005486696E-03   0.92030882628150E-03   0.52113289262163E-04   -.80525406563180E+00   -.87288626063588E+00
 0.26546566942421E+00   -.28789693296613E+00   0.30348015549572E-05   -.11768034731998E+00   0.12769052581467E+00   0.20836226304900E-05   -.25697268408986E-03   -.27950424125717E-03   0.93560243933524E-07
 0.12347714908126E-03   -.56211215743572E-04   -.74462000307385E-03   -.10499405387323E-03   -.86767484739866E+00   0.79958292803250E+00
 0.44678465656959E+00   -.50400682798257E+00   -.93879726611963E-04   -.41189904764473E-01   0.46395740164414E-01   -.84686202900030E-04   0.10794712048628E-02   0.12190980759017E-02   -.93225176819304E-07
 -.40204840128337E-05   -.12492422817960E-03   0.72356052847196E-03   0.13533220351825E-03   -.53521415495348E+00   0.47467734359048E+00
 -.50074313316123E+00   -.44309549597199E+00   0.16092310182299E-04   0.45437053533264E-01   0.40159763797947E-01   -.17491594789596E-04   -.12232357906516E-02   0.10839247581649E-02   -.84654396140013E-07
 -.62311954528634E-05   0.17062738445311E-03   -.38458217177679E-03   0.76865146132267E-05   -.46746544354100E+00   -.52851278970153E+00
 -.14910843381825E+00   0.14936680978899E+00   0.17656020715436E-03   0.16399524680587E-01   -.16419002112515E-01   -.14319798806100E-03   0.98793836010392E-04   0.98758817529885E-04   0.15059453571425E-06
 -.24120660261079E-03   -.30257285793482E-03   -.80330156500915E-03   0.11054730832617E-03   0.22185385835461E+00   -.22137755387939E+00
 -.15445039190740E+00   -.15412223981076E+00   -.11072416825759E-03   0.16812442947370E-01   0.16776635554893E-01   0.71259898581949E-04   0.84729300288844E-04   -.84801900136569E-04   -.32556873014342E-06
 -.19632909787471E-03   -.23895714819068E-03   -.17786734871240E-02   0.91132973073082E-04   -.22350938714290E+00   -.22390378375090E+00
 -.55817695040117E-04   -.16123181702065E-04   0.13942119015216E-03   0.15437700542662E-03   -.22788813157238E-04   0.22871905769087E-03   0.28890914808641E-07   0.61025387673138E-06   0.12096953116198E-06
 0.25697423901417E+00   0.25686585303906E+00   0.34778259562249E+01   0.47674671207497E-03   -.32521499463184E-03   0.13353708628779E-02
 -.10068216425250E-04   0.66825705511204E-04   0.33036007875000E-04   -.25065865786650E-05   -.21627312795595E-04   0.50446206108159E-04   0.92022469785238E-07   -.46246466639214E-06   0.10169834136654E-02
 0.67218652409046E-02   -.66928764878547E-02   0.98391724381254E-03   0.76515457764867E-04   0.62542910031873E-04   -.15406870367375E-04
 -.65175929697478E-04   -.19199275780645E-04   0.47246266849095E-04   -.24817098604123E-04   -.71829567521360E-05   0.31481857509688E-04   -.44991926047007E-06   0.48191227768122E-07   -.87828489113122E-05
 0.58393540831947E+00   -.58396444312640E+00   0.15329483200649E-03   -.10390832739921E-03   -.15707828879367E-04   0.58333615417236E-04
 -.26328724027816E+00   -.25954836097357E+00   0.70034218602363E-04   0.81137858309572E-01   0.79958222448512E-01   0.10783874148311E-04   -.31777359220158E-03   0.31343093069284E-03   -.88801649568961E-06
 0.36313102235686E-04   0.16225769280017E-03   -.16406611621955E-03   -.56446543744635E-04   0.27415784708719E+00   0.27848644368063E+00
 0.25850471403672E+00   -.26225659871301E+00   0.39325606566736E-04   -.79749973121283E-01   0.80820920121767E-01   -.36709806128220E-04   0.31491686866700E-03   0.31939881956468E-03   -.51265279292023E-06
 -.96747057648590E-05   -.50953208534494E-04   0.94614456905289E-03   0.99142783031235E-05   0.27833580680021E+00   -.27512613898654E+00
 0.14359302424231E-03   0.52400883930209E-03   -.18386327140351E-04   0.26567346596221E-03   0.10970746007608E-02   0.50398096728433E-05   0.11795942014070E-05   -.43565281419527E-05   -.84972350034167E-03
 0.38031657760451E-02   -.37759745936646E-02   0.63063552290714E-03   -.56554526530199E-04   0.61684627254672E-02   0.13767378433254E-02
 0.21727961668890E-01   0.20863059777523E-01   0.56484729492064E-04   0.12835587583565E+00   0.12356264448176E+00   0.45557961285806E-04   0.39352938349009E-03   -.37833811032362E-03   0.49444690887438E-05
 -.10400703375989E-02   0.98497100246726E-03   0.85169444939556E-04   -.84499849643845E-04   0.78067996770586E+00   0.81059957628312E+00
 0.20465725964484E-01   -.21098404180455E-01   -.10255332710093E-03   0.12330100119909E+00   -.12808160502907E+00   -.67176486673137E-04   0.38520131895720E-03   0.39979957341066E-03   -.33325230114654E-05
 -.61529837862947E-03   0.41351303327300E-03   -.47260568188819E-03   0.47036507853343E-04   -.80439291110220E+00   0.77493332651270E+00
 -.67790355237815E-04   -.28122936968132E-04   -.89660286315565E-04   -.12387950797883E-02   -.41794876311958E-03   -.70800878962689E-04   -.34311457515462E-05   0.86375961708926E-06   -.17208521234302E-04
 -.17565693513844E+00   0.17551720748342E+00   -.33623440326713E-03   0.28695944716549E-04   -.26508431133552E-02   -.85057981852067E-02
 -.50196597452313E-01   -.49245656053768E-01   0.74433710212256E-05   -.13123643233447E+00   -.12909846542978E+00   -.54315672703478E-04   0.93269749686854E-04   -.91902256081221E-04   0.33053726889946E-06
 0.28998742507957E-03   0.97474637587138E-04   0.15169687428639E-02   0.57232669036339E-05   -.17550281822744E+01   -.17846402991251E+01
 -.49145232318259E-01   0.50013314409969E-01   0.14123904866666E-04   -.12921656193485E+00   0.13145895623997E+00   0.65628334767104E-04   0.94062081524538E-04   0.95549640844773E-04   -.23122509175589E-06
 0.27879545338918E-03   0.20529523247186E-03   0.23207300305524E-02   0.54430367609352E-04   0.17858674033539E+01   -.17559999819834E+01
 0.13792058365488E-03   0.31447192994051E-04   0.12652979965214E-04   -.74658404475517E-04   -.13844040310642E-04   -.11307805895403E-04   -.38122265236271E-06   0.12146176316791E-06   -.32098302565135E-05
 0.56892103609811E+00   -.56890537217732E+00   -.28236422545469E-03   0.67746634189043E-04   0.13959607886163E-03   0.84642408140771E-03
 -.24883163104894E-04   0.18509217585397E-04   0.19209483155188E-01   0.78360061021377E-05   -.30896554370464E-04   -.17283679734007E+00   0.53411538785473E-07   0.13037402298520E-06   -.99463045637942E-07
 -.68474458583914E-01   -.68470116952695E-01   0.18958455129812E+01   -.19082944081923E-01   -.24278149803711E-03   0.79230097678215E-04
 -.29609005237929E-04   -.42425834917460E-04   0.38521787510408E-01   0.86871198293279E-05   -.43394535816993E-04   -.30022401149342E+00   -.14775784776978E-06   0.80789464474791E-07   0.41534580859208E-07
 0.40031340025190E-01   0.39992467402054E-01   -.11011733080690E+01   -.32214766912958E-01   -.59635276745251E-03   0.10760683541317E-03
 0.55716432478278E-01   -.56389258598424E-01   -.21590676815251E-04   -.58943255270165E-01   0.59612516170511E-01   -.93862253514115E-05   -.40386631960632E-03   -.40769617077814E-03   -.64087614061952E-06
 -.51657771389939E-03   0.58271242678254E-03   -.72156655202240E-04   -.47369291868467E-04   -.61049267170393E+00   0.60455022801054E+00
 -.55643364872783E-01   -.55095965566182E-01   -.89089806589357E-04   0.59175867349741E-01   0.58505399109839E-01   -.22722754330453E-04   0.40811503151775E-03   -.40367552499933E-03   -.96145384314796E-06
 0.85285062124013E-03   -.91948001670290E-03   -.24689469832374E-03   -.41897661012034E-04   -.60292324784243E+00   -.60883814030843E+00
 0.37187033035575E-04   0.20096896954175E-03   0.73515920509725E-04   -.11123784863326E-04   0.30565254703358E-05   -.31857493435874E-04   -.66028471812324E-06   -.10978771305596E-06   0.46935905520347E-05
 0.61838066968607E+00   -.61849140568939E+00   -.97799176220011E-04   0.62926524382000E-04   0.22185021866097E-03   0.95028296314500E-03
 0.52476077771354E-04   -.21516536676477E-05   -.20731762082469E+00   -.46990523820868E-05   0.11062179707974E-04   0.79530859324655E-01   -.14556856245692E-06   -.10860049773383E-07   0.12377718604538E-06
 0.32983268344011E+00   0.32990514532328E+00   -.24870386884525E+01   -.28151694047357E-01   0.14663625243950E-03   -.44281152540722E-05
 0.12567551766703E-03   0.16362323429802E-03   0.70265555158610E+00   -.28163916687308E-04   -.48653786322421E-04   -.26869462479350E+00   0.27584861154100E-05   -.31093750814700E-05   0.14459214603467E-06
 0.97618092804592E-01   0.97709116796065E-01   -.72055790625240E+00   0.95914018796100E-01   -.93880906194852E-03   -.53525912852283E-03
 0.73745087678878E-01   0.73744350518249E-01   -.13416624598182E-02   -.13315248345239E-01   -.13321544685740E-01   0.51744313716563E-03   0.15149290929220E-02   -.15148722888453E-02   -.45102541468281E-07
 -.10980405815711E-03   -.38894994889957E-03   0.16442262374943E-02   -.17083690910901E-03   -.32860067778534E+00   -.32862691830229E+00
 0.74530884166614E-01   -.74537640621569E-01   0.10517748249627E-03   -.13724733335552E-01   0.13724117349146E-01   -.48792794727732E-04   0.15223351957448E-02   0.15222672254495E-02   0.42133038000120E-08
 0.70796562389222E-04   -.18643297781409E-03   0.43769935316630E-03   0.15502289618051E-04   0.32913700461479E+00   -.32914587350399E+00
 -.21408944969456E-04   -.39496110872295E-05   -.41898509898437E-01   -.68777867116004E-05   -.42074348462972E-04   0.78402654159611E-02   0.95007701874017E-07   -.25150175763291E-06   -.56331671278885E-07
 0.59041080149460E-03   0.62213290991926E-03   0.20475703109171E-02   0.45026834119789E+00   -.30087199945114E-04   -.96005219467461E-04
 -.38115474427576E+00   -.16358416796919E+00   0.35166539198783E-03   0.14470222498915E+00   0.61799842228825E-01   -.11937981507495E-04   -.17481476364525E-02   0.75521018750485E-03   0.12150831292162E-03
 -.74553832876830E-03   -.28722029916894E-03   -.96228936712475E-02   0.19520795831339E-02   0.26496867819290E-01   0.47119048283963E-01
 0.16380805523319E+00   -.38113473423719E+00   0.22342846320365E-02   -.62756501273765E-01   0.14516452238134E+00   0.27086629006863E-03   0.74432095935924E-03   0.17427713733836E-02   0.39868780164402E-04
 -.55632843565871E-03   -.65738076130221E-03   -.17026944224267E-02   0.80149460280125E-02   0.40659634106355E-01   -.11081704326987E-01
