# Electronic excitation spectrum of , IRREP a   
#  excitation energy / cm^(-1)  oscillator strength (length rep.)
 0.31907706535505E+04   0.46949647277791E-05
 0.31934157711912E+04   0.46855262360964E-05
 0.34017291960867E+04   0.28750411285714E-05
 0.34056731959683E+04   0.28834806045753E-05
 0.40246542018846E+04   0.24711666910095E-05
 0.40261547548995E+04   0.24056849290728E-05
 0.49771473669170E+04   0.93367677112689E-05
 0.49783313454411E+04   0.94033921863816E-05
 0.50492444024705E+04   0.88125036528984E-12
 0.52035891382963E+04   0.21055107009026E-12
 0.52318439264920E+04   0.13110754917212E-11
 0.59399720580406E+04   0.12280503259092E-06
 0.59436354714652E+04   0.12143521442505E-06
 0.59765502258828E+04   0.39297225042682E-03
 0.59960771510343E+04   0.40025580647525E-05
 0.60790513366923E+04   0.74905052010509E-12
 0.62728852447168E+04   0.68036129519213E-11
 0.73236683772457E+04   0.50840122054418E-01
 0.12232939602388E+05   0.38428806312642E-04
 0.12233659571826E+05   0.38537139999991E-04
 0.12641574115878E+05   0.20231253025028E-05
 0.12675275325643E+05   0.55373655192584E-03
 0.14081782997402E+05   0.15158384050096E-11
 0.14116421126503E+05   0.16277977764603E-10
 0.14608658475253E+05   0.11749309385948E-02
 0.14610131857059E+05   0.11736473066105E-02
 0.14775610513114E+05   0.89288442735753E-04
 0.14891463115835E+05   0.50676782966243E-01
 0.15384118979560E+05   0.10430153276973E-04
 0.15387363304430E+05   0.84574126606734E-05
 0.15480825895056E+05   0.29518556549138E-03
 0.15482584491152E+05   0.29708339413977E-03
 0.17333347032078E+05   0.48338845580940E-02
 0.17416180111460E+05   0.10683802461701E-05
 0.17529178181228E+05   0.23037119003556E-09
 0.17647245755122E+05   0.19211549832619E-01
 0.18201505593868E+05   0.31598854157626E-04
 0.18208126229672E+05   0.31956659320311E-04
 0.18923670416447E+05   0.32451568731595E-03
 0.18931906468803E+05   0.32373093663456E-03
 0.19748852902325E+05   0.44588338264765E-10
 0.20567697797648E+05   0.15079764265047E-02
 0.20571361089109E+05   0.15026690123192E-02
 0.20626456107803E+05   0.12483994773211E-07
 0.21256376751585E+05   0.51813349101384E-10
 0.21270222495246E+05   0.32785196357724E-03
 0.21273323271645E+05   0.30363401678414E-03
 0.21402687123106E+05   0.74728251761906E-03
 0.21408958920801E+05   0.73076971079656E-03
 0.21449779172065E+05   0.42943750674018E-09
 0.21539397388922E+05   0.72393149056268E-04
 0.21542361073457E+05   0.78573189057526E-04
 0.21571120285680E+05   0.62824890351709E-03
 0.22193144460103E+05   0.20833502898194E-10
 0.22231374312325E+05   0.71657015877890E-05
 0.22232334685216E+05   0.15468182102758E-05
 0.22358894576567E+05   0.56749605448605E-03
 0.22359108572342E+05   0.55872350076172E-03
 0.22658474555837E+05   0.20190629553532E+00
 0.22720265874476E+05   0.18275272338885E-09
 0.22906287661480E+05   0.20420450284069E-08
 0.22916501596802E+05   0.23011802900987E-10
 0.23152507105811E+05   0.28833418370867E-02
 0.23153372353085E+05   0.28789785474943E-02
 0.23720593818205E+05   0.60066060080291E-10
 0.23725579076391E+05   0.22115228214355E-09
 0.23741518709131E+05   0.10556689562782E-05
 0.23805569678461E+05   0.74463953385495E-02
 0.24180760221529E+05   0.17602138235245E-03
 0.24181761156200E+05   0.17731690476057E-03
 0.24263364192629E+05   0.22413637915357E-02
 0.24263985181338E+05   0.22224130194562E-02
 0.24340804399043E+05   0.28459520319856E-03
 0.24341361019511E+05   0.27189561487639E-03
 0.24543402420344E+05   0.40149860418654E-04
 0.24551827427577E+05   0.42070611332388E-04
 0.24574386321568E+05   0.57226680434439E-08
 0.24622137810710E+05   0.22578274506633E-09
 0.24839343027848E+05   0.12514218097864E-09
 0.25187379717376E+05   0.99282029767727E-03
 0.25188083298967E+05   0.98637612093811E-03
 0.25346239154737E+05   0.98099972683749E-07
 0.25388244852920E+05   0.24479611136061E-02
 0.25389263629204E+05   0.24376540508019E-02
 0.25433406984638E+05   0.13243952049440E-06
 0.25649007675324E+05   0.26403353530076E-02
 0.25651585824402E+05   0.26475326187728E-02
 0.25817534989607E+05   0.46217367173939E-09
 0.25845184226871E+05   0.23451816182992E-02
 0.25864305953778E+05   0.70813506418899E-02
 0.25987728198816E+05   0.55478151335862E-03
 0.25993102753753E+05   0.54674061650033E-03
 0.26160440956056E+05   0.91222949132052E-10
 0.26305830788622E+05   0.50541461492076E-03
 0.26325475249191E+05   0.57732266831239E-02
 0.26328003072615E+05   0.28392516465344E-04
 0.26340425511030E+05   0.30141737204777E-04
 0.26748550823195E+05   0.49945807984380E-05
 0.27170918114097E+05   0.20433534203780E-02
 0.27170975699899E+05   0.20642581600206E-02
