$energy      SCF               SCFKIN            SCFPOT
     1 -4085.302667785      3868.538394275     -7953.841062060
     2 -4085.302791578      3868.304503002     -7953.607294581
     3 -4085.308805121      3868.847595116     -7954.156400237
     4 -4085.310673110      3869.169972901     -7954.480646010
     5 -4085.310980989      3869.188471270     -7954.499452260
     6 -4085.311021140      3869.135482481     -7954.446503621
     7 -4085.311161523      3869.148991445     -7954.460152967
     8 -4085.311226204      3869.281735543     -7954.592961747
     9 -4085.311227215      3869.250176464     -7954.561403679
    10 -4085.311240961      3869.232652336     -7954.543893296
    11 -4085.311248306      3869.215594090     -7954.526842396
    12 -4085.311255456      3869.209918193     -7954.521173650
    13 -4085.311260480      3869.245983900     -7954.557244380
    14 -4085.311261695      3869.208979935     -7954.520241630
    15 -4085.311262144      3869.211277046     -7954.522539189
    16 -4085.311262358      3869.217913773     -7954.529176130
    17 -4085.311262862      3869.094425156     -7954.405688018
    18 -4085.311263618      3869.186927362     -7954.498190980
    19 -4085.311264220      3869.197305963     -7954.508570183
    20 -4085.311265913      3869.201681343     -7954.512947256
    21 -4085.311263775      3868.997723565     -7954.308987340
    22 -4085.311265841      3869.219793746     -7954.531059587
    23 -4085.311266009      3869.182504278     -7954.493770288
    24 -4085.311266112      3869.187487395     -7954.498753508
    25 -4085.311266458      3869.194027157     -7954.505293615
    26 -4085.311266665      3869.200642659     -7954.511909324
    27 -4085.311266715      3869.196899559     -7954.508166274
    28 -4085.367129950      3869.371766888     -7954.738896838
$end
