$energy      SCF               SCFKIN            SCFPOT
     1 -3966.084768790      3457.265181655     -7423.349950445
     2 -3966.084739050      3457.202585806     -7423.287324856
     3 -3966.084750303      3457.260510329     -7423.345260632
     4 -3966.162550851      3473.939699652     -7440.102250503
     5 -3966.162552767      3473.957219419     -7440.119772186
     6 -3966.162554195      3473.996764392     -7440.159318587
     7 -3966.162554317      3474.004880941     -7440.167435258
     8 -3966.162554317      3473.988552584     -7440.151106901
     9 -3966.164142160      3473.577880218     -7439.742022378
    10 -3966.164689058      3473.273094446     -7439.437783504
    11 -3966.165041483      3473.166868583     -7439.331910066
    12 -3966.165291475      3473.007156265     -7439.172447740
    13 -3966.165322637      3472.938527193     -7439.103849830
    14 -3966.165332769      3472.928382079     -7439.093714847
    15 -3966.111609048      3464.053395614     -7430.165004662
    16 -3966.111610745      3464.074843004     -7430.186453749
    17 -3966.059020057      3466.017153949     -7432.076174006
    18 -3966.111657432      3464.052662703     -7430.164320135
    19 -3966.112387376      3464.066719313     -7430.179106689
    20 -3966.116335370      3463.601887525     -7429.718222896
    21 -3966.116516722      3463.553747543     -7429.670264266
    22 -3966.116626960      3463.521066772     -7429.637693732
    23 -3966.116730941      3463.509023270     -7429.625754211
    24 -3966.116815547      3463.507581056     -7429.624396603
    25 -3966.117170487      3463.501664398     -7429.618834885
    26 -3966.117558063      3463.478338935     -7429.595896998
    27 -3966.117848186      3463.462076921     -7429.579925107
    28 -3966.118140737      3463.405340258     -7429.523480995
    29 -3966.118431122      3463.395423246     -7429.513854368
    30 -3966.118613511      3463.387033797     -7429.505647308
    31 -3966.118877539      3463.355587762     -7429.474465301
    32 -3966.118987594      3463.340565485     -7429.459553079
    33 -3966.118930290      3463.330458998     -7429.449389288
    34 -3966.118990560      3463.373705858     -7429.492696418
    35 -3966.119071628      3463.361212924     -7429.480284552
    36 -3966.119084522      3463.359159590     -7429.478244112
    37 -3966.119091943      3463.354443025     -7429.473534969
    38 -3966.119113357      3463.378202498     -7429.497315854
    39 -3966.119263201      3463.406254637     -7429.525517838
    40 -3966.119341563      3463.393948119     -7429.513289682
    41 -3966.119410254      3463.358031231     -7429.477441485
    42 -3966.119433050      3463.368292590     -7429.487725640
    43 -3966.119441837      3463.381984931     -7429.501426768
    44 -3966.119446913      3463.386223266     -7429.505670179
    45 -3966.119455193      3463.388780422     -7429.508235616
    46 -3966.119499670      3463.392375722     -7429.511875391
    47 -3966.119783829      3463.411696069     -7429.531479898
    48 -3966.119796004      3463.422793553     -7429.542589557
    49 -3966.119836993      3463.438845553     -7429.558682546
    50 -3966.119868598      3463.433660651     -7429.553529249
    51 -3966.120175629      3463.459094738     -7429.579270367
    52 -3966.120433852      3463.456000780     -7429.576434632
    53 -3966.120516746      3463.442289980     -7429.562806726
    54 -3966.120812863      3463.463532875     -7429.584345738
    55 -3966.120865325      3463.468690837     -7429.589556162
    56 -3966.120895008      3463.466515658     -7429.587410665
    57 -3966.120925582      3463.473534487     -7429.594460069
    58 -3966.120979909      3463.486929622     -7429.607909531
    59 -3966.121046388      3463.505235560     -7429.626281948
    60 -3966.121058728      3463.512420436     -7429.633479164
    61 -3966.121078488      3463.540103243     -7429.661181731
    62 -3966.121093335      3463.565326450     -7429.686419786
    63 -3966.121070069      3463.604488745     -7429.725558814
    64 -3966.121064343      3463.608732104     -7429.729796447
    65 -3966.121063117      3463.614714645     -7429.735777762
    66 -3966.121067686      3463.621830783     -7429.742898470
    67 -3966.121072588      3463.628999595     -7429.750072183
    68 -3966.121072114      3463.633383879     -7429.754455993
    69 -3966.121071824      3463.633049522     -7429.754121346
    70 -3966.121071978      3463.635353000     -7429.756424979
    71 -3966.121075374      3463.641199850     -7429.762275224
    72 -3966.121075747      3463.635627917     -7429.756703665
    73 -3966.121077154      3463.634840340     -7429.755917495
    74 -3966.121077153      3463.636839087     -7429.757916241
    75 -3966.121077928      3463.632955135     -7429.754033063
    76 -3966.121078558      3463.648834716     -7429.769913274
    77 -3966.121078568      3463.670761674     -7429.791840242
    78 -3966.155232264      3469.140598585     -7435.295830849
    79 -3966.155244871      3469.331681452     -7435.486926323
$end
