$energy      SCF               SCFKIN            SCFPOT
     1 -4206.552956383      3939.343689669     -8145.896646053
     2 -4206.556809485      3939.370354350     -8145.927163835
     3 -4206.559314661      3939.306550103     -8145.865864763
     4 -4206.559346592      3939.304843692     -8145.864190284
     5 -4206.559419039      3939.288023665     -8145.847442704
     6 -4206.559445732      3939.282907800     -8145.842353532
     7 -4206.559458933      3939.280783605     -8145.840242537
     8 -4206.559467313      3939.279878931     -8145.839346244
     9 -4206.559474075      3939.280762090     -8145.840236165
    10 -4206.559477981      3939.281793622     -8145.841271602
    11 -4206.559480762      3939.280306754     -8145.839787517
    12 -4206.559483864      3939.276058947     -8145.835542811
    13 -4206.559485327      3939.274425216     -8145.833910543
    14 -4206.559486058      3939.271211757     -8145.830697815
    15 -4206.559488653      3939.274817243     -8145.834305896
    16 -4206.559495604      3939.273968839     -8145.833464443
    17 -4206.559500725      3939.272186860     -8145.831687585
    18 -4206.559504403      3939.269715175     -8145.829219577
    19 -4206.559507982      3939.267900754     -8145.827408736
    20 -4206.559509504      3939.264766364     -8145.824275867
    21 -4206.559511042      3939.260356221     -8145.819867263
    22 -4206.559303192      3939.229343425     -8145.788646618
    23 -4206.559513225      3939.243957464     -8145.803470689
    24 -4206.559513693      3939.130056771     -8145.689570464
    25 -4206.559514994      3939.332702761     -8145.892217756
    26 -4206.559517622      3939.258295594     -8145.817813217
    27 -4206.559521687      3939.265128148     -8145.824649836
    28 -4206.559523766      3939.300026776     -8145.859550542
    29 -4206.559525510      3939.262537427     -8145.822062937
    30 -4206.622505882      3939.351883566     -8145.974389448
    31 -4206.622505771      3939.217621650     -8145.840127421
    32 -4206.622436495      3939.198600819     -8145.821037314
    33 -4206.622524873      3939.228981770     -8145.851506643
    34 -4206.622551150      3939.239428529     -8145.861979679
    35 -4206.623032874      3939.333786569     -8145.956819444
    36 -4206.623623461      3939.486767300     -8146.110390761
    37 -4206.624804126      3939.659375518     -8146.284179643
    38 -4206.625827670      3939.625923696     -8146.251751365
    39 -4206.626584877      3939.577999312     -8146.204584189
    40 -4206.626991023      3939.522758772     -8146.149749794
    41 -4206.627097680      3939.506086502     -8146.133184182
    42 -4206.627462632      3939.513357473     -8146.140820105
    43 -4206.627553455      3939.550014917     -8146.177568372
    44 -4206.627577661      3939.570507123     -8146.198084784
    45 -4206.627590310      3939.582788107     -8146.210378416
    46 -4206.627595168      3939.581051830     -8146.208646997
    47 -4206.627599553      3939.575928908     -8146.203528461
    48 -4206.627603644      3939.569898795     -8146.197502440
    49 -4206.627607191      3939.566362371     -8146.193969562
    50 -4206.627611886      3939.576019150     -8146.203631036
    51 -4206.627613043      3939.574973454     -8146.202586496
    52 -4206.627614658      3939.581882707     -8146.209497365
    53 -4206.627615463      3939.577820615     -8146.205436078
    54 -4206.627617510      3939.618890902     -8146.246508412
    55 -4206.627618442      3939.590904055     -8146.218522497
    56 -4206.627621679      3939.576815441     -8146.204437120
    57 -4206.627625894      3939.576809055     -8146.204434949
    58 -4206.627627815      3939.573055355     -8146.200683171
    59 -4206.627628253      3939.592016856     -8146.219645109
    60 -4206.627630662      3939.592564789     -8146.220195451
    61 -4206.627631515      3939.583449493     -8146.211081008
    62 -4206.627631625      3939.580062310     -8146.207693934
    63 -4206.627631843      3939.577835282     -8146.205467125
    64 -4206.627632079      3939.581108337     -8146.208740416
    65 -4206.627632598      3939.584034845     -8146.211667443
    66 -4206.627632634      3939.578041187     -8146.205673821
    67 -4206.627632691      3939.587001434     -8146.214634125
    68 -4206.627632799      3939.584670805     -8146.212303604
    69 -4206.627632852      3939.578892767     -8146.206525619
    70 -4206.627632846      3939.578554256     -8146.206187101
    71 -4206.627632914      3939.581724609     -8146.209357523
    72 -4206.627632905      3939.578209166     -8146.205842071
    73 -4206.627632931      3939.581331061     -8146.208963992
    74 -4206.627632887      3939.586106942     -8146.213739830
    75 -4206.627632958      3939.580926913     -8146.208559870
    76 -4206.627632863      3939.571121080     -8146.198753942
    77 -4206.627632843      3939.582862704     -8146.210495547
    78 -4206.683636290      3939.672701709     -8146.356337999
    79 -4206.683865052      3939.648257441     -8146.332122493
    80 -4206.683765379      3939.649587360     -8146.333352739
    81 -4206.683732038      3939.642273712     -8146.326005750
    82 -4206.683724560      3939.642951057     -8146.326675616
    83 -4206.683725603      3939.636252230     -8146.319977833
    84 -4206.683725574      3939.650888765     -8146.334614339
    85 -4206.683725076      3939.621727879     -8146.305452955
$end
