$jbas
*
mo def2-SV(P)
# mo    (11s5p5d3f3g) / [8s5p5d2f3g]     {41111111/11111/11111/21/111}
*
   4  s
  22.690166200      0.19499170000
  13.650997000      -1.4097522000
  8.3560478000       3.9693529000
  4.9153221000      -3.9889833000
   1  s
  3.0020634000      -1.8916027000
   1  s
  1.7008034000       2.8537224000
   1  s
  1.0004726000       1.3330890000
   1  s
 0.55855390000      0.52941050000
   1  s
 0.24676010000      0.18254460000
   1  s
 0.11978690000      0.35095100000E-01
   1  s
 0.70462900000E-01  0.30547000000E-02
   1  p
  1.7973997000     -0.28097600000E-01
   1  p
 0.83920100000      0.58692200000E-01
   1  p
 0.38631760000     -0.14297500000E-01
   1  p
 0.17635120000      0.10164900000E-01
   1  p
 0.80279400000E-01  0.11630000000E-03
   1  d
  2.5392437000      0.80985000000E-02
   1  d
  1.1855659000     -0.10338500000E-01
   1  d
 0.54576310000     -0.56162000000E-02
   1  d
 0.24913700000     -0.10227900000E-01
   1  d
 0.11341330000     -0.16306000000E-02
   2  f
  1.7005722000     -0.21050700000E-01
 0.70554750000      0.10135800000E-01
   1  f
 0.29869740000      0.29125000000E-02
   1  g
  2.0378148000      0.90181000000E-02
   1  g
 0.75114700000      0.14579000000E-02
   1  g
 0.27514540000      0.88350000000E-03
*
dy def2-SV(P)
# dy    (18s7p6d6f6g3h5i) / [14s7p6d6f5g2h2i]
# {51111111111111/1111111/111111/111111/21111/21/41}
*
   5  s
  9235.5767762      0.23311200000
  4339.7400172      0.81657400000E-01
  2039.2168104      0.47757530000
  971.93200590      0.34478240000
  469.53009750      0.34849590000
   1  s
  229.72811380     -0.21837120000
   1  s
  113.74761210      0.95865040000
   1  s
  56.949354100      -3.1267157000
   1  s
  28.805928800       10.604116500
   1  s
  14.707459300      -31.387903000
   1  s
  7.5728781000       27.503178500
   1  s
  3.9286764000       6.8586207000
   1  s
  2.0515333000      0.72796100000E-01
   1  s
  1.0772947000       2.9974680000
   1  s
 0.56830780000      0.55526810000
   1  s
 0.30087720000     -0.62494800000E-01
   1  s
 0.15970190000      0.11076070000
   1  s
 0.84898800000E-01  0.60113600000E-01
   1  p
  5.8480296000      0.23901000000E-01
   1  p
  2.8084222000     -0.41047000000E-01
   1  p
  1.3557746000      0.10049000000E-02
   1  p
 0.65718570000      0.72159400000E-01
   1  p
 0.31949310000     -0.56638800000E-01
   1  p
 0.15559670000      0.27649800000E-01
   1  p
 0.75821900000E-01  0.53370000000E-02
   1  d
  49.393543200     -0.60607000000E-02
   1  d
  14.121822200      0.66043300000E-01
   1  d
  4.4312132000      0.10302660000
   1  d
  1.5045636000      0.24076000000E-02
   1  d
 0.54266850000     -0.12240000000E-02
   1  d
 0.20332770000     -0.37718000000E-02
   1  f
  15.305216300     -0.92972000000E-02
   1  f
  3.2263754000      0.10522600000E-01
   1  f
  1.4333002000     -0.22829400000E-01
   1  f
 0.56997720000      0.30657000000E-02
   1  f
 0.22903510000      0.10256000000E-01
   1  f
 0.92356100000E-01  0.22420000000E-03
   2  g
  26.888709400      0.35693500000E-01
  10.299650600      0.53113900000E-01
   1  g
  3.9694162000      0.25427600000E-01
   1  g
  1.5365077000      0.33732000000E-02
   1  g
 0.59633360000     -0.67640000000E-03
   1  g
 0.23164690000     -0.32140000000E-03
   2  h
  1.4557067000     -0.23710000000E-03
 0.61882100000      0.17200000000E-04
   1  h
 0.26387340000     -0.23400000000E-04
   4  i
  50.508511800     -0.13456900000E-01
  21.116495200     -0.27980900000E-01
  8.9224274000     -0.22479600000E-01
  3.7942869000     -0.82445000000E-02
   1  i
  1.6169997000     -0.11315000000E-02
*
s universal
# s     (14s5p5d2f1g) / [8s4p3d1f1g]     {71111111/2111/311/2/1}
*
   7  s
  7399.0303145      0.72279330000
  2710.1675859       1.3706745000
  1034.3279062       4.3217500000
  410.46454110       8.7624644000
  168.97625020       10.528990900
  71.968788900       3.0836598000
  31.617268300      -1.5821203000
   1  s
  14.279683600       4.4920092000
   1  s
  6.6060948000       5.6247567000
   1  s
  3.1181477000      0.23311330000
   1  s
  1.4954039000     -0.45274010000
   1  s
 0.72547790000      0.67316170000
   1  s
 0.35442160000      0.40156530000
   1  s
 0.17355250000      0.61036900000E-01
   2  p
  12.699879900      0.45797100000E-01
  4.4295784000     -0.39496800000E-01
   1  p
  1.5232889000      0.35733800000E-01
   1  p
 0.51946670000     -0.40859000000E-02
   1  p
 0.17665470000     -0.36880000000E-02
   3  d
  16.854646100      0.26323600000E-01
  5.0810461000     -0.19077300000E-01
  1.5102323000      0.21366800000E-01
   1  d
 0.44513310000      0.21936900000E-01
   1  d
 0.13083620000      0.16925000000E-02
   2  f
  1.0809860000       1.0000000000
 0.41614740000       1.0000000000
   1  g
 0.67071000000     -0.44361000000E-02
*
c universal
# c     (12s5p4d2f1g) / [6s4p3d1f1g]     {711111/2111/211/2/1}
*
   7  s
  1861.0916331      0.74417100000E-01
  642.99397640      0.16539570000
  235.11057250      0.55764840000
  90.702889400       1.3108298000
  36.779455200       2.1694681000
  15.604627300       1.7668846000
  6.8907294000      0.29307690000
   1  s
  3.1478850000     -0.17087020000
   1  s
  1.4777287000      0.16415530000
   1  s
 0.70764660000      0.41499410000
   1  s
 0.34301220000      0.16243660000
   1  s
 0.16694530000      0.20767500000E-01
   2  p
  13.547289200     -0.20647700000E-01
  5.4669419000     -0.11528200000E-01
   1  p
  2.1751721000      0.45591400000E-01
   1  p
 0.85821940000      0.28360000000E-02
   1  p
 0.33767200000      0.18187500000E-01
   2  d
  5.9287253000     -0.22594800000E-01
  1.9809209000     -0.47682700000E-01
   1  d
 0.80554170000     -0.36537200000E-01
   1  d
 0.35312440000     -0.14541700000E-01
   2  f
  1.6755626000      0.88798000000E-02
 0.59975360000      0.69903000000E-02
   1  g
  1.0024600000     -0.22192000000E-02
*
h universal
# h     (5s2p1d) / [3s1p1d]     {311/2/1}
*
   3  s
  15.675292700      0.18688600000E-01
  3.6063578000      0.63167000000E-01
  1.2080016000      0.12046090000
   1  s
 0.47267940000      0.59248500000E-01
   1  s
 0.20181000000      0.51272000000E-02
   2  p
  2.0281365000       1.0000000000
 0.53587300000       1.0000000000
   1  d
  2.2165124000      0.33116000000E-02
*
$end
