# Electronic transition moments of , IRREP a   electric dipole (length) / electric dipole (velocity) / magnetic dipole
 0.11269685122271E+00   0.24818403998982E+00   0.28457063108794E-01   0.33389652879510E-01   0.73389556100498E-01   -.19678243303244E-01   -.58801911627473E-03   0.12899902957332E-02   0.10380378273361E-09
 0.31600925586669E-01   0.31858030343393E-01   0.17682318551135E-01   0.76536696492975E-01   0.38186338180548E+00   0.17344978171112E+00
 0.25005237317957E+00   -.11291597555825E+00   0.60233207481051E-04   -.27214353516088E-01   0.12391451501357E-01   0.50914431267679E-04   0.35189366967332E-02   0.15934745295299E-02   0.23511243663560E-10
 0.75304751111367E-05   0.44642414673649E-05   0.91455065272153E-04   -.10435133880546E-03   -.41219689321570E-02   0.91139238839137E-02
 -.96614891715375E-01   -.21514604002389E+00   0.80809369646401E-01   -.39598879651455E-02   -.89137600327178E-02   -.13705766756210E-02   -.21039376950260E-02   0.46442988377012E-02   -.82739506811478E-10
 0.18893972875770E-01   0.19114726477882E-01   0.10170229783965E+00   -.14958829151733E+00   0.15589546518480E+00   0.70888830997157E-01
 0.16556006347072E-05   0.37418533484794E-05   -.47085576299549E-04   0.24696094436272E-06   0.56499058233702E-06   -.18482113181157E-04   0.49787384869735E-07   -.11014023131602E-06   -.12887673389348E-10
 -.26053232654449E-01   0.26128896552192E-01   -.11649039512733E-04   0.55315792893075E-04   0.25843151486412E-06   0.12950105882192E-06
 0.11647660006033E+00   0.25662751935617E+00   -.66261390096689E-02   -.79469989386935E-02   -.17487629341862E-01   0.21645046395476E-02   -.18211493786075E-02   0.40110717292714E-02   -.31304430563428E-11
 -.29118842187058E-02   -.29411067877269E-02   -.47744332079596E-02   -.62609283173177E-03   -.68327931217774E-01   -.31033176712850E-01
