$dipgrad          cartesian dipole gradients
  0.75291677410170D+00  -.21283452988983D+00  0.18240022209989D-15
  -.23157864907063D+00  0.27684167683856D+01  0.19785761220341D-15
  -.12582695064449D-15  0.30269241839557D-16  0.72979884008611D+00
  0.11789714556173D+01  -.15038769680382D+00  -.74961623513044D+00
  -.10102566065792D+00  0.18445850228096D+01  -.45910242924138D-01
  -.74950517222146D+00  -.58497323198531D-01  0.11317758634344D+01
  -.28480056412785D+00  -.22650290244780D+00  -.22899144792204D+00
  -.13243091417867D+00  -.12910101454947D+01  -.23721753995405D+00
  -.20995115128859D+00  -.29647039655851D+00  -.38234878338491D+00
  -.46043045589071D+00  0.33933885057239D+00  -.27979128986898D+00
  0.24652402765009D+00  -.11606775122067D+01  0.16751658640379D+00
  -.30422673418435D+00  0.30102553247227D+00  -.36161263343499D+00
  -.46043045589073D+00  0.33933885057243D+00  0.27979128986899D+00
  0.24652402765008D+00  -.11606775122067D+01  -.16751658640377D+00
  0.30422673418433D+00  -.30102553247227D+00  -.36161263343501D+00
  -.28480056412784D+00  -.22650290244782D+00  0.22899144792200D+00
  -.13243091417868D+00  -.12910101454947D+01  0.23721753995407D+00
  0.20995115128859D+00  0.29647039655852D+00  -.38234878338490D+00
  -.66556163159003D-01  -.13298317051240D+00  0.47943467499740D-01
  -.75950735541115D-01  -.16664157603833D+00  0.76757185024918D-01
  0.72692527181942D-01  0.10427641221182D+00  -.18363066344964D+00
  -.16931727101669D+00  -.95843789687008D-01  0.68172422575547D-01
  -.74569011320372D-01  -.14700081446957D+00  0.87292710914051D-01
  0.46559385146628D-01  0.15302468808856D+00  -.10059962104520D+00
  -.23799210304278D+00  -.25148229006147D+00  0.12376782076745D+00
  -.12034981708156D+00  -.22148050840274D+00  0.51714898038613D-01
  0.95625743481021D-01  0.30937405566840D-01  -.10130902475681D+00
  -.15414911546537D+00  -.93440444244005D-01  0.18480537294340D+00
  -.10534217966675D-01  0.64577959578230D-01  0.51590089558843D-02
  0.17271254377519D+00  0.81969215275519D-01  -.15010644968683D+00
  -.95223113196173D-01  0.87268436298176D-02  0.82767567810117D-01
  -.26254889254044D-01  -.18470930726146D+00  0.12359813945574D+00
  0.10400224592423D+00  0.26567527481161D+00  -.29225256826763D+00
  -.27139502543629D+00  0.22593888068153D+00  0.10541990058091D+00
  0.10664223715096D+00  -.19303831706028D+00  -.35363277397013D-01
  0.64681340107345D-01  -.73629180701405D-01  -.50500967193291D-01
  -.14808179140153D+00  0.18734378238685D+00  0.82781302664467D-01
  0.13023916185777D+00  -.26847484204616D+00  -.10386192354335D+00
  0.86095090065539D-01  -.15142780291934D+00  -.10949968240374D+00
  -.87136330947906D-01  0.10767342565126D+00  0.82411913309598D-01
  0.71130761735515D-01  -.21724084904105D+00  -.11546940800373D+00
  0.13260791145366D+00  -.22449589986849D+00  -.22882960756883D+00
  -.12953544808619D+00  0.93373088764052D-01  0.15034095017854D+00
  0.29710758973527D-01  -.25111751681868D-01  -.47355873711032D-01
  0.12291703238202D+00  -.13724167646300D+00  -.20731754679512D+00
  -.23931500235511D+00  0.13996806657338D+00  0.10393275081487D+00
  0.47744445217654D-01  -.24467792678968D-01  -.29232445875339D-01
  0.13842960197024D+00  -.82199197533070D-01  -.10785595399119D+00
  0.11017315654398D+00  -.46714725457436D-01  0.38376743726044D-01
  -.19097394315010D-01  0.14483864888577D+00  -.34871301741800D-01
  -.57579976579185D-01  -.61273581538930D-01  0.16409001805210D+00
  0.11619744033716D+00  -.63572788355621D-01  -.20972231701130D-01
  0.53858880874309D-01  0.21570440261192D+00  -.62342231387832D-01
  -.41456393264227D-01  0.12548311632030D-01  0.12093040684244D+00
  0.93037347879120D-01  0.68329011626795D-01  -.24222158057967D-01
  0.18098190051549D-01  0.39378472421812D-01  0.46366691865883D-01
  -.89983214206330D-01  -.21277821394105D-01  0.14667165970781D+00
  0.15620683283438D+00  0.55639314924025D-01  -.66819229968931D-01
  0.43752454134137D-01  0.16661214385081D+00  0.12011601857679D-02
  0.36679942235993D-01  0.46989498172537D-01  0.10752970074977D+00
  0.15109749245683D+00  0.28355560853615D-01  -.82472334365950D-01
  -.22966365704460D-01  0.34660051569260D-01  -.22030486718759D-01
  -.29071811821279D-02  -.56257087949689D-01  0.10376928488677D+00
  0.11156643800439D+00  0.44114207460350D-01  0.18140546227638D-02
  -.23563680735779D-01  0.22195636306457D+00  0.63161414326518D-01
  -.40503844711520D-01  0.84658702604593D-02  0.12766986482367D+00
  0.80178904996642D-01  -.21975575952945D-01  -.64597868232180D-01
  0.26709906983805D-01  0.10206205579645D+00  -.30949738234307D-01
  -.59006874124659D-01  0.16253622281245D-01  0.73815319347265D-01
  0.17498715021056D+00  -.71954966453293D-01  -.70235890480302D-01
  -.60879306111425D-02  0.75550247868915D-01  0.13971272019088D-01
  0.37488888023582D-01  -.17638835273110D-01  0.12455508057441D+00
  0.14083573447398D+00  -.19747539535577D-01  -.44719536777345D-01
  -.79286458617930D-01  0.20572471500407D+00  0.87886534528621D-02
  0.97281918938028D-02  -.60177568393178D-01  0.11673288957455D+00
  -.14549986440152D-01  -.35137784249911D-01  0.14617537415543D+00
  -.19496360543682D-01  -.25341220922622D-01  -.13029178827684D-01
  0.10664478580657D+00  -.35341225339514D-01  -.19776549587107D+00
  -.78341199709542D-01  -.49027868775194D-01  -.73490783668047D-01
  0.43464714092440D-02  0.39033911587445D-01  -.38516575447026D-01
  -.11198884855021D-01  -.69950580097053D-01  0.36002010695234D-01
  -.34811512467402D-01  0.46302909651381D-01  -.55218234970480D-01
  -.11069444110616D-01  -.13777421526397D-01  0.56416744189228D-01
  -.58036083707647D-01  0.88914793195270D-01  0.62019059529111D-01
  -.96529140284709D-01  -.12160364495576D-01  0.16460891930242D+00
  0.22228097077752D-02  -.43178344716701D-01  0.75933690499447D-02
  0.16386407218873D+00  0.20775126916373D-01  -.98041373248598D-01
  0.37077486631026D-01  0.66861471053157D-01  -.41715703426404D-01
  0.37843514289240D-01  -.34957547856102D-01  -.34913307323136D-01
  -.24697903713182D-01  0.15066155357207D-01  0.27418021007333D-01
  0.75085042663210D-01  -.88610457842412D-01  -.49587964723895D-01
  -.54773150887631D-01  -.25476676935742D-01  0.42102287414385D-02
  -.49797635740330D-01  -.52914373894307D-01  -.29015673739272D-01
  0.26077892613858D-01  0.63071735747404D-01  -.13970757122652D-01
  0.23750503286413D-01  0.51361273403814D-01  -.22537465572071D-01
  -.86143557440855D-01  0.16015665651967D-01  -.82978230866209D-01
  -.21361674075276D+00  0.19325831366814D-01  0.92153875424493D-01
  -.45747810565123D-03  -.81405703158153D-02  0.33517292023015D-01
  0.13905136133839D+00  0.56538326014529D-01  -.17765908238141D-01
  0.28625729137696D-01  -.76860341317957D-02  -.17024742575573D-01
  0.36365853285977D-01  -.51002663189492D-01  -.24880365656972D-01
  -.39493794540391D-01  -.56512036007853D-01  0.44214526332439D-01
  0.19719294620125D-01  -.33771634262203D-01  0.31056082117605D-01
  -.13755025485641D-01  0.46119276194494D-01  0.53213553895031D-01
  -.51224556477929D-01  0.41042214273685D-01  -.12112364980426D+00
  -.27066805637814D+00  0.76026301412110D-01  -.11051797891529D-01
  0.95497430756561D-01  -.74731208213098D-02  -.23403836473918D-01
  0.41989126290516D-01  -.50970436707391D-01  0.16039107443505D-01
  0.75007513515342D-01  -.52920790497439D-01  -.14270508873189D-02
  -.60048465508482D-01  -.84732936464420D-01  -.12261014997877D-01
  -.31970488813682D-01  0.36633388932773D-01  0.38245275794126D-01
  0.12727572492245D+00  0.22705378162731D-01  0.37286484352178D-01
  -.14956284204760D-01  0.81966651423921D-01  0.20841672640388D-01
  -.79190491648900D-01  0.73735845977663D-01  0.16594151562104D+00
  0.14204879542705D-02  0.67384662613326D-01  0.72489974818143D-01
  0.32215310787013D-01  -.15572296827206D-01  -.10999755372539D+00
  0.15494727169333D-01  -.95403368764800D-01  -.25236130771068D+00
  -.10354050524656D+00  -.68023830674028D-01  -.58587427571663D-01
  -.69034543545835D-01  0.38172259681333D-01  -.17627784540550D-02
  0.23835548879347D-01  0.30295166724857D-01  0.15158494312711D-01
  0.40930425169192D-01  -.32817966135507D-01  -.41365384377793D-01
  0.22316255409173D-01  -.76400472202804D-01  0.69807542498241D-01
  -.96491032064752D-02  0.65532151297573D-01  0.61547655177751D-01
  -.27888974785429D-02  -.16114447387004D-02  0.46757410153904D-01
  0.20804862157344D-01  0.24026825259140D-01  0.51725571065184D-01
  -.27182556947654D-01  0.12184003567901D+00  -.25656236406816D+00
  -.15528945207445D-01  0.94439908385347D-01  -.29819582468272D-01
  0.10892796102908D+00  -.10072742573785D+00  -.10337172519155D-02
  0.30087467571391D-01  -.57371258773668D-01  0.44446828210134D-01
  0.28727354304329D-01  0.84203183621304D-01  0.37435845274122D-01
  0.19718778944396D-01  -.11005916986068D+00  -.87969158074412D-01
  -.19880542410443D-01  -.82395590598623D-01  0.88272525118674D-02
  0.10596616413832D-01  -.13729003850419D+00  0.13303263061967D-02
  -.51365508283886D-01  -.11177428437075D+00  0.29422002318460D-01
  -.35084793575343D-01  0.11610226309509D-01  0.51072521976970D-01
  0.15416453590918D-01  0.30936948622334D-02  0.60407255799759D-01
  -.23336308468090D-01  -.11602633255539D+00  -.98840553916176D-01
  0.29002509651200D-01  -.21033656481183D+00  -.15935557212810D+00
  -.40397835902778D-01  -.12857334965100D+00  0.93056925175375D-01
  -.50371101512435D-01  -.23611896579126D+00  0.77277597651767D-01
  0.81916581048497D-01  0.13732347279159D+00  -.30384739676535D-01
  -.33949604150423D-01  -.42884981976620D-01  -.57467716443342D-01
  -.95494968629782D-01  -.27002901207262D-01  -.24587738905594D-01
  -.71757655565688D-02  -.14064649527310D-01  0.32551616744157D-01
  0.11789714556173D+01  -.15038769680379D+00  0.74961623513041D+00
  -.10102566065794D+00  0.18445850228097D+01  0.45910242924130D-01
  0.74950517222145D+00  0.58497323198611D-01  0.11317758634344D+01
  -.27139502543629D+00  0.22593888068151D+00  -.10541990058090D+00
  0.10664223715096D+00  -.19303831706029D+00  0.35363277397012D-01
  -.64681340107339D-01  0.73629180701393D-01  -.50500967193306D-01
  -.23799210304278D+00  -.25148229006149D+00  -.12376782076746D+00
  -.12034981708156D+00  -.22148050840274D+00  -.51714898038609D-01
  -.95625743481030D-01  -.30937405566843D-01  -.10130902475682D+00
  -.87136330947900D-01  0.10767342565125D+00  -.82411913309595D-01
  0.71130761735512D-01  -.21724084904104D+00  0.11546940800373D+00
  -.13260791145366D+00  0.22449589986849D+00  -.22882960756883D+00
  -.66556163159008D-01  -.13298317051238D+00  -.47943467499739D-01
  -.75950735541112D-01  -.16664157603832D+00  -.76757185024918D-01
  -.72692527181953D-01  -.10427641221181D+00  -.18363066344964D+00
  -.14808179140153D+00  0.18734378238684D+00  -.82781302664469D-01
  0.13023916185778D+00  -.26847484204618D+00  0.10386192354335D+00
  -.86095090065540D-01  0.15142780291933D+00  -.10949968240373D+00
  -.16931727101668D+00  -.95843789687007D-01  -.68172422575548D-01
  -.74569011320377D-01  -.14700081446958D+00  -.87292710914045D-01
  -.46559385146625D-01  -.15302468808857D+00  -.10059962104520D+00
  -.12953544808619D+00  0.93373088764064D-01  -.15034095017855D+00
  0.29710758973518D-01  -.25111751681867D-01  0.47355873711033D-01
  -.12291703238202D+00  0.13724167646300D+00  -.20731754679512D+00
  -.95223113196181D-01  0.87268436298112D-02  -.82767567810117D-01
  -.26254889254046D-01  -.18470930726143D+00  -.12359813945575D+00
  -.10400224592422D+00  -.26567527481165D+00  -.29225256826762D+00
  -.23931500235511D+00  0.13996806657340D+00  -.10393275081487D+00
  0.47744445217661D-01  -.24467792678971D-01  0.29232445875337D-01
  -.13842960197024D+00  0.82199197533071D-01  -.10785595399118D+00
  -.15414911546537D+00  -.93440444244034D-01  -.18480537294341D+00
  -.10534217966673D-01  0.64577959578230D-01  -.51590089558952D-02
  -.17271254377519D+00  -.81969215275514D-01  -.15010644968683D+00
  0.17498715021057D+00  -.71954966453280D-01  0.70235890480297D-01
  -.60879306111490D-02  0.75550247868916D-01  -.13971272019088D-01
  -.37488888023585D-01  0.17638835273115D-01  0.12455508057442D+00
  0.15109749245682D+00  0.28355560853624D-01  0.82472334365949D-01
  -.22966365704464D-01  0.34660051569255D-01  0.22030486718764D-01
  0.29071811821281D-02  0.56257087949687D-01  0.10376928488676D+00
  0.12727572492244D+00  0.22705378162786D-01  -.37286484352242D-01
  -.14956284204761D-01  0.81966651423948D-01  -.20841672640387D-01
  0.79190491648908D-01  -.73735845977680D-01  0.16594151562104D+00
  0.11017315654398D+00  -.46714725457438D-01  -.38376743726045D-01
  -.19097394315005D-01  0.14483864888577D+00  0.34871301741810D-01
  0.57579976579185D-01  0.61273581538928D-01  0.16409001805210D+00
  0.14083573447398D+00  -.19747539535577D-01  0.44719536777347D-01
  -.79286458617924D-01  0.20572471500407D+00  -.87886534528620D-02
  -.97281918937978D-02  0.60177568393174D-01  0.11673288957455D+00
  0.15620683283437D+00  0.55639314923989D-01  0.66819229968933D-01
  0.43752454134131D-01  0.16661214385081D+00  -.12011601857897D-02
  -.36679942235992D-01  -.46989498172533D-01  0.10752970074977D+00
  0.11156643800439D+00  0.44114207460405D-01  -.18140546227755D-02
  -.23563680735779D-01  0.22195636306457D+00  -.63161414326518D-01
  0.40503844711517D-01  -.84658702604727D-02  0.12766986482367D+00
  0.11619744033718D+00  -.63572788355459D-01  0.20972231701158D-01
  0.53858880874306D-01  0.21570440261191D+00  0.62342231387830D-01
  0.41456393264224D-01  -.12548311632031D-01  0.12093040684244D+00
  0.80178904996646D-01  -.21975575952957D-01  0.64597868232178D-01
  0.26709906983802D-01  0.10206205579644D+00  0.30949738234308D-01
  0.59006874124662D-01  -.16253622281250D-01  0.73815319347258D-01
  0.93037347879113D-01  0.68329011626791D-01  0.24222158057956D-01
  0.18098190051553D-01  0.39378472421817D-01  -.46366691865887D-01
  0.89983214206330D-01  0.21277821394103D-01  0.14667165970780D+00
  -.96529140284708D-01  -.12160364495574D-01  -.16460891930242D+00
  0.22228097077748D-02  -.43178344716700D-01  -.75933690499453D-02
  -.16386407218873D+00  -.20775126916371D-01  -.98041373248599D-01
  -.14549986440152D-01  -.35137784249910D-01  -.14617537415543D+00
  -.19496360543682D-01  -.25341220922620D-01  0.13029178827684D-01
  -.10664478580657D+00  0.35341225339515D-01  -.19776549587107D+00
  0.75085042663210D-01  -.88610457842415D-01  0.49587964723900D-01
  -.54773150887632D-01  -.25476676935742D-01  -.42102287414393D-02
  0.49797635740329D-01  0.52914373894308D-01  -.29015673739272D-01
  0.37077486631025D-01  0.66861471053157D-01  0.41715703426403D-01
  0.37843514289242D-01  -.34957547856103D-01  0.34913307323139D-01
  0.24697903713183D-01  -.15066155357206D-01  0.27418021007333D-01
  -.34811512467403D-01  0.46302909651380D-01  0.55218234970482D-01
  -.11069444110616D-01  -.13777421526398D-01  -.56416744189229D-01
  0.58036083707648D-01  -.88914793195274D-01  0.62019059529112D-01
  -.78341199709542D-01  -.49027868775187D-01  0.73490783668059D-01
  0.43464714092425D-02  0.39033911587446D-01  0.38516575447023D-01
  0.11198884855021D-01  0.69950580097053D-01  0.36002010695236D-01
  -.10354050524656D+00  -.68023830674036D-01  0.58587427571677D-01
  -.69034543545834D-01  0.38172259681337D-01  0.17627784540508D-02
  -.23835548879344D-01  -.30295166724859D-01  0.15158494312708D-01
  -.15528945207445D-01  0.94439908385347D-01  0.29819582468273D-01
  0.10892796102908D+00  -.10072742573785D+00  0.10337172519149D-02
  -.30087467571391D-01  0.57371258773668D-01  0.44446828210136D-01
  0.19719294620125D-01  -.33771634262200D-01  -.31056082117604D-01
  -.13755025485641D-01  0.46119276194493D-01  -.53213553895031D-01
  0.51224556477931D-01  -.41042214273684D-01  -.12112364980426D+00
  0.26077892613857D-01  0.63071735747404D-01  0.13970757122652D-01
  0.23750503286412D-01  0.51361273403815D-01  0.22537465572072D-01
  0.86143557440854D-01  -.16015665651967D-01  -.82978230866210D-01
  0.14204879542760D-02  0.67384662613303D-01  -.72489974818125D-01
  0.32215310787014D-01  -.15572296827206D-01  0.10999755372539D+00
  -.15494727169335D-01  0.95403368764802D-01  -.25236130771069D+00
  -.27888974785432D-02  -.16114447386987D-02  -.46757410153903D-01
  0.20804862157343D-01  0.24026825259138D-01  -.51725571065181D-01
  0.27182556947654D-01  -.12184003567901D+00  -.25656236406816D+00
  -.27066805637813D+00  0.76026301412112D-01  0.11051797891529D-01
  0.95497430756559D-01  -.74731208213088D-02  0.23403836473918D-01
  -.41989126290517D-01  0.50970436707386D-01  0.16039107443505D-01
  -.21361674075276D+00  0.19325831366815D-01  -.92153875424492D-01
  -.45747810565238D-03  -.81405703158099D-02  -.33517292023011D-01
  -.13905136133839D+00  -.56538326014530D-01  -.17765908238142D-01
  0.40930425169191D-01  -.32817966135520D-01  0.41365384377815D-01
  0.22316255409171D-01  -.76400472202805D-01  -.69807542498239D-01
  0.96491032064771D-02  -.65532151297570D-01  0.61547655177747D-01
  -.33949604150423D-01  -.42884981976620D-01  0.57467716443341D-01
  -.95494968629779D-01  -.27002901207269D-01  0.24587738905594D-01
  0.71757655565688D-02  0.14064649527310D-01  0.32551616744158D-01
  0.75007513515344D-01  -.52920790497440D-01  0.14270508873176D-02
  -.60048465508483D-01  -.84732936464421D-01  0.12261014997877D-01
  0.31970488813679D-01  -.36633388932773D-01  0.38245275794127D-01
  0.28625729137696D-01  -.76860341317959D-02  0.17024742575573D-01
  0.36365853285975D-01  -.51002663189490D-01  0.24880365656967D-01
  0.39493794540391D-01  0.56512036007853D-01  0.44214526332439D-01
  0.58345077638344D-01  -.45876119268673D-02  0.18868147573053D-01
  0.15587584159314D-01  -.87748098781465D-02  0.52940587651923D-01
  0.43381651241158D-01  -.51752534126499D-01  -.13847148105381D+00
  -.81725373003139D-01  0.12236573562659D+00  -.70678941934590D-01
  0.14351734082689D-01  -.14230994366848D-01  0.56484093685620D-02
  -.71968234152498D-01  0.10939560947877D-01  0.48941910543735D-01
  -.13225477386533D+00  -.67369193607823D-01  -.46433495138189D-01
  0.39939294725559D-01  -.11902496609077D-01  -.13353590446763D-01
  -.33004226230787D-01  0.41749578797018D-02  0.55473156148792D-01
  0.55798261448473D-01  -.48106232201495D-02  0.36334405127567D-01
  -.17082867942676D-01  -.96785550754251D-01  -.61563325221259D-01
  0.27848281640229D-02  -.14835561362591D+00  -.13543420376829D-01
  0.61719409694376D-01  0.30158036541423D-01  0.42638916911711D-01
  0.89301891247912D-02  -.54592495036060D-01  0.32159616459209D-01
  0.21251162409991D-01  0.13196473062198D+00  -.76577746641451D-01
  0.10596616413832D-01  -.13729003850419D+00  -.13303263061969D-02
  -.51365508283888D-01  -.11177428437076D+00  -.29422002318459D-01
  0.35084793575343D-01  -.11610226309509D-01  0.51072521976970D-01
  0.61719409694380D-01  0.30158036541465D-01  -.42638916911714D-01
  0.89301891247906D-02  -.54592495036059D-01  -.32159616459209D-01
  -.21251162409992D-01  -.13196473062198D+00  -.76577746641453D-01
  0.28727354304340D-01  0.84203183621335D-01  -.37435845274126D-01
  0.19718778944400D-01  -.11005916986067D+00  0.87969158074413D-01
  0.19880542410440D-01  0.82395590598620D-01  0.88272525118674D-02
  0.55798261448470D-01  -.48106232201063D-02  -.36334405127558D-01
  -.17082867942675D-01  -.96785550754253D-01  0.61563325221259D-01
  -.27848281640240D-02  0.14835561362591D+00  -.13543420376829D-01
  0.28222449257666D-01  0.17790965054662D-01  0.24116719565203D-01
  0.26799364957627D-01  -.93086843255671D-03  -.89989587236040D-01
  0.71174856685176D-01  -.25682957582998D-01  -.52578338683892D-01
  -.81725373003139D-01  0.12236573562656D+00  0.70678941934585D-01
  0.14351734082689D-01  -.14230994366850D-01  -.56484093685628D-02
  0.71968234152499D-01  -.10939560947881D-01  0.48941910543735D-01
  0.58345077638344D-01  -.45876119268672D-02  -.18868147573053D-01
  0.15587584159314D-01  -.87748098781458D-02  -.52940587651924D-01
  -.43381651241159D-01  0.51752534126501D-01  -.13847148105381D+00
  -.13225477386533D+00  -.67369193607822D-01  0.46433495138189D-01
  0.39939294725559D-01  -.11902496609077D-01  0.13353590446763D-01
  0.33004226230787D-01  -.41749578797027D-02  0.55473156148793D-01
  0.28222449257665D-01  0.17790965054660D-01  -.24116719565203D-01
  0.26799364957625D-01  -.93086843255966D-03  0.89989587236039D-01
  -.71174856685175D-01  0.25682957582999D-01  -.52578338683892D-01
  -.22708798372966D+00  -.16998727176358D+00  0.59077764631450D-02
  -.94357480248285D-01  -.20260931569422D-01  0.25416469958159D-01
  -.57176543479532D-01  -.88503949545962D-02  -.70401366545663D-03
  -.19003262124464D+00  0.20576355368685D+00  0.20065076194908D-02
  0.99476645256571D-01  -.85444750876589D-01  -.39650093372048D-01
  -.43034148654262D-01  -.22761725694667D-01  0.12754357659969D-01
  -.40397835902781D-01  -.12857334965104D+00  -.93056925175384D-01
  -.50371101512433D-01  -.23611896579125D+00  -.77277597651765D-01
  -.81916581048494D-01  -.13732347279158D+00  -.30384739676535D-01
  -.19003262124463D+00  0.20576355368685D+00  -.20065076194908D-02
  0.99476645256570D-01  -.85444750876589D-01  0.39650093372048D-01
  0.43034148654262D-01  0.22761725694667D-01  0.12754357659969D-01
  0.15416453590915D-01  0.30936948622351D-02  -.60407255799760D-01
  -.23336308468090D-01  -.11602633255539D+00  0.98840553916175D-01
  -.29002509651201D-01  0.21033656481183D+00  -.15935557212809D+00
  -.22708798372965D+00  -.16998727176358D+00  -.59077764631450D-02
  -.94357480248285D-01  -.20260931569422D-01  -.25416469958160D-01
  0.57176543479531D-01  0.88503949545948D-02  -.70401366545673D-03
$end
