$energy      SCF               SCFKIN            SCFPOT
     1 -4752.152422416      4246.769842481     -8998.922264896
     2 -4752.152862323      4247.088255090     -8999.241117413
     3 -4752.152966003      4247.290333894     -8999.443299898
     4 -4752.152990234      4247.444366187     -8999.597356420
     5 -4752.152998597      4247.422120974     -8999.575119571
     6 -4752.153008208      4247.402588970     -8999.555597179
     7 -4752.153024197      4247.415315860     -8999.568340057
     8 -4752.153032579      4247.430882896     -8999.583915475
     9 -4752.153037956      4247.441825040     -8999.594862996
    10 -4752.153042116      4247.444107093     -8999.597149208
    11 -4752.153048126      4247.425777113     -8999.578825239
    12 -4752.153053613      4247.397746960     -8999.550800572
    13 -4752.153060828      4247.367132639     -8999.520193467
    14 -4752.153069761      4247.338360218     -8999.491429979
    15 -4752.153076671      4247.328427742     -8999.481504414
    16 -4752.153080237      4247.324986703     -8999.478066940
    17 -4752.153082873      4247.331031187     -8999.484114060
    18 -4752.153084607      4247.334087596     -8999.487172203
    19 -4752.153086225      4247.322069187     -8999.475155412
    20 -4752.153089046      4247.308694201     -8999.461783247
    21 -4752.153093007      4247.308455920     -8999.461548927
    22 -4752.153097741      4247.312128545     -8999.465226285
    23 -4752.153100605      4247.339274480     -8999.492375085
    24 -4752.153102610      4247.356819472     -8999.509922082
    25 -4752.153103990      4247.460178470     -8999.613282460
    26 -4752.153104810      4247.354569580     -8999.507674389
    27 -4752.153105247      4247.347524712     -8999.500629959
    28 -4752.153106395      4247.341453241     -8999.494559636
    29 -4752.153107298      4247.345526964     -8999.498634262
    30 -4752.153107780      4247.343390948     -8999.496498728
$end
