$coord
    0.00000000000000      0.00000000000000      0.00000000000000      mo
    0.00000000000000     -0.00000000000000     -6.12374869749349      dy
    0.00000000000000      0.00000000000000      6.12374869749349      dy
    2.40205143234605      2.40205143234605     -2.75601643429006      s
   -2.40205143234605     -2.40205143234605     -2.75601643429006      s
    2.40205143234605     -2.40205143234605      2.75601643429006      s
   -2.40205143234605      2.40205143234605      2.75601643429006      s
    4.53349159203528     -1.47218920054811     -7.37805395973467      c
    3.47254638493511     -3.47254638493511     -5.95390656751362      c
    1.47218920054811     -4.53349159203528     -7.37805395973467      c
    1.27629698832810     -3.17467073180301     -9.67021139303143      c
    3.17467073180301     -1.27629698832810     -9.67021139303143      c
   -1.47218920054811      4.53349159203528     -7.37805395973467      c
   -3.47254638493511      3.47254638493511     -5.95390656751362      c
   -4.53349159203528      1.47218920054811     -7.37805395973467      c
   -3.17467073180301      1.27629698832810     -9.67021139303143      c
   -1.27629698832810      3.17467073180301     -9.67021139303143      c
    1.47218920054811      4.53349159203528      7.37805395973467      c
    1.27629698832810      3.17467073180301      9.67021139303143      c
    3.17467073180301      1.27629698832810      9.67021139303143      c
    4.53349159203528      1.47218920054811      7.37805395973467      c
    3.47254638493511      3.47254638493511      5.95390656751362      c
   -4.53349159203528     -1.47218920054811      7.37805395973467      c
   -3.17467073180301     -1.27629698832810      9.67021139303143      c
   -1.27629698832810     -3.17467073180301      9.67021139303143      c
   -1.47218920054811     -4.53349159203528      7.37805395973467      c
   -3.47254638493511     -3.47254638493511      5.95390656751362      c
    0.25947476731507     -6.05547713064253     -6.77054804670322      h
   -0.07637749388445     -3.51949796835952    -11.15920136619904      h
    4.01809179338089     -4.01809179338089     -4.06579221765091      h
    3.51949796835952      0.07637749388445    -11.15920136619904      h
    6.05547713064253     -0.25947476731507     -6.77054804670322      h
    0.07637749388445      3.51949796835952    -11.15920136619904      h
   -0.25947476731507      6.05547713064253     -6.77054804670322      h
   -4.01809179338089      4.01809179338089     -4.06579221765091      h
   -6.05547713064253      0.25947476731507     -6.77054804670322      h
   -3.51949796835952     -0.07637749388445    -11.15920136619904      h
   -0.25947476731507     -6.05547713064253      6.77054804670322      h
   -4.01809179338089     -4.01809179338089      4.06579221765091      h
   -6.05547713064253     -0.25947476731507      6.77054804670322      h
   -3.51949796835952      0.07637749388445     11.15920136619904      h
    0.07637749388445     -3.51949796835952     11.15920136619904      h
   -0.07637749388445      3.51949796835952     11.15920136619904      h
    0.25947476731507      6.05547713064253      6.77054804670322      h
    4.01809179338089      4.01809179338089      4.06579221765091      h
    3.51949796835952     -0.07637749388445     11.15920136619904      h
    6.05547713064253      0.25947476731507      6.77054804670322      h
$user-defined bonds
$end
