$coord
   -0.00000000000000      0.00000000000000      0.00000000000000  mo
    0.00000000000000     -0.00000000000000     -6.64701059758661  y
    2.32074021480673      2.32074021480673     -2.68006499764881  s
   -2.32074021480673     -2.32074021480673     -2.68006499764881  s
    2.32074021480673     -2.32074021480673      2.68006499764881  s
   -2.32074021480673      2.32074021480673      2.68006499764881  s
    4.67915095268009     -1.59667385005264     -7.62070283138648  c
    3.54814494662373     -3.54814494662373     -6.14451671402559  c
    1.59667385005264     -4.67915095268009     -7.62070283138648  c
    1.53968979658811     -3.45158810984752    -10.02290445377559  c
    3.45158810984752     -1.53968979658811    -10.02290445377559  c
   -1.59667385005264      4.67915095268009     -7.62070283138648  c
   -3.54814494662373      3.54814494662373     -6.14451671402559  c
   -4.67915095268009      1.59667385005264     -7.62070283138648  c
   -3.45158810984752      1.53968979658811    -10.02290445377559  c
   -1.53968979658811      3.45158810984752    -10.02290445377559  c
    0.04429255623296     -6.93752883532897     -6.87496387156962  c
    0.10253699640525     -4.38853720655069    -12.28465762733643  c
    4.39529806602579     -4.39529806602579     -3.57690723916162  c
    4.38853720655069     -0.10253699640525    -12.28465762733643  c
    6.93752883532897     -0.04429255623296     -6.87496387156962  c
   -0.10253699640525      4.38853720655069    -12.28465762733643  c
   -4.39529806602579      4.39529806602579     -3.57690723916162  c
   -6.93752883532897      0.04429255623296     -6.87496387156962  c
   -4.38853720655069      0.10253699640525    -12.28465762733643  c
    5.86922015836176     -5.86922015836176     -3.72850633637142  h
    2.82020570070802     -5.18043328543734     -2.47363897951999  h
   -2.82020570070802      5.18043328543734     -2.47363897951999  h
   -5.86922015836176      5.86922015836176     -3.72850633637142  h
    5.18043328543734     -2.82020570070802     -2.47363897951999  h
   -5.18043328543734      2.82020570070802     -2.47363897951999  h
    6.90538309586183      1.84118190912013     -7.75721463088812  h
    8.71639392799608     -0.97177430943498     -7.46286686483436  h
    7.00506832012483      0.23731032120141     -4.81743766637872  h
   -6.90538309586183     -1.84118190912013     -7.75721463088812  h
   -8.71639392799608      0.97177430943498     -7.46286686483436  h
   -7.00506832012483     -0.23731032120141     -4.81743766637872  h
   -0.04429255623296      6.93752883532897     -6.87496387156962  c
   -0.97177430943498      8.71639392799608     -7.46286686483436  h
    1.84118190912013      6.90538309586183     -7.75721463088812  h
    0.23731032120141      7.00506832012483     -4.81743766637872  h
    0.97177430943498     -8.71639392799608     -7.46286686483436  h
   -1.84118190912013     -6.90538309586183     -7.75721463088812  h
    2.94670042972851      0.03132981831442    -13.77295992861326  h
   -2.94670042972851     -0.03132981831442    -13.77295992861326  h
   -1.05234963648005      6.05246851899622    -13.12122782859850  h
    1.05234963648005     -6.05246851899622    -13.12122782859850  h
   -0.23731032120141     -7.00506832012483     -4.81743766637872  h
    0.00000000000000      0.00000000000000      6.64701059758661  y
    1.59667385005264      4.67915095268009      7.62070283138648  c
   -1.59667385005264     -4.67915095268009      7.62070283138648  c
    4.67915095268009      1.59667385005264      7.62070283138648  c
   -4.67915095268009     -1.59667385005264      7.62070283138648  c
    3.54814494662373      3.54814494662373      6.14451671402559  c
   -3.54814494662373     -3.54814494662373      6.14451671402559  c
    3.45158810984752      1.53968979658811     10.02290445377559  c
   -3.45158810984752     -1.53968979658811     10.02290445377559  c
    1.53968979658811      3.45158810984752     10.02290445377559  c
   -1.53968979658811     -3.45158810984752     10.02290445377559  c
    6.93752883532897      0.04429255623296      6.87496387156962  c
   -6.93752883532897     -0.04429255623296      6.87496387156962  c
    0.04429255623296      6.93752883532897      6.87496387156962  c
   -0.04429255623296     -6.93752883532897      6.87496387156962  c
    4.38853720655069      0.10253699640525     12.28465762733643  c
   -4.38853720655069     -0.10253699640525     12.28465762733643  c
    0.10253699640525      4.38853720655069     12.28465762733643  c
   -0.10253699640525     -4.38853720655069     12.28465762733643  c
    4.39529806602579      4.39529806602579      3.57690723916162  c
   -4.39529806602579     -4.39529806602579      3.57690723916162  c
    5.86922015836176      5.86922015836176      3.72850633637142  h
   -5.86922015836176     -5.86922015836176      3.72850633637142  h
    5.18043328543734      2.82020570070802      2.47363897951999  h
   -5.18043328543734     -2.82020570070802      2.47363897951999  h
    2.82020570070802      5.18043328543734      2.47363897951999  h
   -2.82020570070802     -5.18043328543734      2.47363897951999  h
   -1.84118190912013      6.90538309586183      7.75721463088812  h
    1.84118190912013     -6.90538309586183      7.75721463088812  h
    6.90538309586183     -1.84118190912013      7.75721463088812  h
   -6.90538309586183      1.84118190912013      7.75721463088812  h
    0.97177430943498      8.71639392799608      7.46286686483436  h
   -0.97177430943498     -8.71639392799608      7.46286686483436  h
    8.71639392799608      0.97177430943498      7.46286686483436  h
   -8.71639392799608     -0.97177430943498      7.46286686483436  h
   -0.23731032120141      7.00506832012483      4.81743766637872  h
    0.23731032120141     -7.00506832012483      4.81743766637872  h
    7.00506832012483     -0.23731032120141      4.81743766637872  h
   -7.00506832012483      0.23731032120141      4.81743766637872  h
    4.97825434633491     -1.83410708652730     11.80542690304881  h
   -1.83410708652730     -4.97825434633491    -11.80542690304881  h
    1.83410708652730      4.97825434633491    -11.80542690304881  h
   -0.03132981831442      2.94670042972851     13.77295992861326  h
    0.03132981831442     -2.94670042972851     13.77295992861326  h
    2.94670042972851     -0.03132981831442     13.77295992861326  h
   -0.03132981831442     -2.94670042972851    -13.77295992861326  h
   -2.94670042972851      0.03132981831442     13.77295992861326  h
    0.03132981831442      2.94670042972851    -13.77295992861326  h
   -4.97825434633491      1.83410708652730     11.80542690304881  h
    1.83410708652730     -4.97825434633491     11.80542690304881  h
   -4.97825434633491     -1.83410708652730    -11.80542690304881  h
   -1.83410708652730      4.97825434633491     11.80542690304881  h
    4.97825434633491      1.83410708652730    -11.80542690304881  h
   -6.05246851899622     -1.05234963648005     13.12122782859850  h
    6.05246851899622      1.05234963648005     13.12122782859850  h
   -1.05234963648005     -6.05246851899622     13.12122782859850  h
   -6.05246851899622      1.05234963648005    -13.12122782859850  h
    1.05234963648005      6.05246851899622     13.12122782859850  h
    6.05246851899622     -1.05234963648005    -13.12122782859850  h
$user-defined bonds
$redundant
     number_of_atoms           107
     degrees_of_freedom         42
     internal_coordinates       52
     frozen_coordinates          0
# definitions of redundant internals
   1 k  2.8284271247462 stre  17   48           val=   2.07781
   2 k  2.0000000000000 stre  19   26           val=   2.08995
   3 k  2.8284271247462 stre  17   43           val=   2.08193
   4 k  2.8284271247462 stre  18   94           val=   2.07650
   5 k  2.8284271247462 stre   7   21           val=   2.84012
   6 k  2.8284271247462 stre  10   18           val=   2.83880
   7 k  2.0000000000000 stre   8   19           val=   2.83336
   8 k  2.8284271247462 stre  18   47           val=   2.09061
   9 k  2.8284271247462 stre  17   42           val=   2.09051
  10 k  2.8284271247462 stre  18   89           val=   2.08039
  11 k  1.2516675044281 bend  89   94   18      val=   1.73117
        1.1710911372518 bend  47   94   18
        1.1633786030797 bend  47   89   18
       -1.1114102537824 bend  10   94   18
       -1.1117694423694 bend  10   89   18
       -1.1122770281303 bend  10   47   18
  12 k  0.8193824016252 bend  30   27   19      val=   1.67766
        0.8540483238474 bend  26   27   19
        0.8540483238474 bend  26   30   19
       -0.8006163506752 bend   8   27   19
       -0.8006163506752 bend   8   30   19
       -0.7667087576366 bend   8   26   19
  13 k  1.1841681828478 bend  43   48   17      val=   1.57749
        1.2104099548832 bend  42   48   17
        1.1775209828491 bend  42   43   17
       -1.1202139751496 bend   9   48   17
       -1.1304125302868 bend   9   43   17
       -1.1015379939208 bend   9   42   17
  14 k  0.9428090415821 tors  48   17    9    2 val=  58.70311
        0.9428090415821 tors  48   17    9    8
        0.9428090415821 tors  48   17    9   10
        0.9428090415821 tors  43   17    9    2
        0.9428090415821 tors  43   17    9    8
        0.9428090415821 tors  43   17    9   10
        0.9428090415821 tors  42   17    9    2
        0.9428090415821 tors  42   17    9    8
        0.9428090415821 tors  42   17    9   10
  15 k  2.8284271247462 stre  19   27           val=   2.07715
  16 k  0.9428090415821 tors  94   18   10    2 val=  69.73272
        0.9428090415821 tors  94   18   10    9
        0.9428090415821 tors  94   18   10   11
        0.9428090415821 tors  89   18   10    2
        0.9428090415821 tors  89   18   10    9
        0.9428090415821 tors  89   18   10   11
        0.9428090415821 tors  47   18   10    2
        0.9428090415821 tors  47   18   10    9
        0.9428090415821 tors  47   18   10   11
  17 k  1.3739294628496 bend  30   27   19      val=  -0.11271
       -0.6624652587348 bend  26   27   19
       -0.6624652587348 bend  26   30   19
        0.4380547736986 bend   8   27   19
        0.4380547736986 bend   8   30   19
       -0.9223954810884 bend   8   26   19
  18 k -1.9201948743932 bend  43   48   17      val=   0.13362
        1.1173300985049 bend  42   48   17
        0.7806042008139 bend  42   43   17
       -0.5184960880118 bend   9   48   17
       -0.7371511284649 bend   9   43   17
        1.2817379597718 bend   9   42   17
  19 k -0.4666256203906 bend  89   94   18      val=   0.10935
       -1.3805471447448 bend  47   94   18
        1.8775224981076 bend  47   89   18
       -1.2069756023681 bend  10   94   18
        0.8995490889102 bend  10   89   18
        0.2920286159962 bend  10   47   18
  20 k -0.1849210376919 bend  43   48   17      val=  -0.08517
       -1.5822699792760 bend  42   48   17
        1.7954399683852 bend  42   43   17
       -1.1237686581941 bend   9   48   17
        0.9807051133815 bend   9   43   17
        0.1182485766242 bend   9   42   17
  21 k -1.8339071223048 bend  89   94   18      val=   0.82012
        1.3714206410885 bend  47   94   18
        0.5672092221571 bend  47   89   18
       -0.3518543758355 bend  10   94   18
       -0.9001673043035 bend  10   89   18
        1.2248106436198 bend  10   47   18
  22 k  2.0000807538285 bend   8   21    7      val=   0.26608
       -1.9999076318474 bend  11   21    7
        0.0068148546257 bend   2   21    7
  23 k  1.9991906348975 bend   9   18   10      val=   0.50501
       -2.0003869720911 bend  11   18   10
        0.0410946131093 bend   2   18   10
  24 k  0.1033955070137 bend  89   94   18      val=   0.26441
        1.0290237628973 bend  47   94   18
       -1.1366049268643 bend  47   89   18
       -1.7598547118539 bend  10   94   18
        1.5831928287878 bend  10   89   18
        0.1869774446040 bend  10   47   18
  25 k -0.9019257799568 bend  30   27   19      val=   0.74123
        0.4589117643600 bend  26   27   19
        0.4589117643600 bend  26   30   19
        0.6783826575900 bend   8   27   19
        0.6783826575900 bend   8   30   19
       -1.3582797253422 bend   8   26   19
  26 k -0.0930249547312 bend  43   48   17      val=   0.63558
        1.1016776013241 bend  42   48   17
       -1.0092075820166 bend  42   43   17
       -1.6228349538400 bend   9   48   17
        1.7633246600073 bend   9   43   17
       -0.1274587499678 bend   9   42   17
  27 k  1.2494728412858 bend  89   94   18      val=  -0.35265
       -0.7571003312938 bend  47   94   18
       -0.5375511366713 bend  47   89   18
       -0.7985339785670 bend  10   94   18
       -1.0916855940531 bend  10   89   18
        1.9357741426928 bend  10   47   18
  28 k -1.2700912965009 bend  43   48   17      val=   0.24210
        0.5718707394165 bend  42   48   17
        0.7159636879987 bend  42   43   17
        1.0746671479335 bend   9   48   17
        0.8355917939038 bend   9   43   17
       -1.9220054184451 bend   9   42   17
  29 k -0.0878303096662 bend   7   19    8      val= 100.77922
       -0.0878303096662 bend   9   19    8
        1.9961391918922 bend   2   19    8
  30 k -0.3567243554535 bend   9   18   10      val=  78.94414
       -0.2991983300646 bend  11   18   10
        2.7898437399813 bend   2   18   10
  31 k -0.1628774579049 bend   8   21    7      val=  96.08220
       -0.1532836337823 bend  11   21    7
        2.8195700135519 bend   2   21    7
  32 k  0.7071067811865 tors   8    7    2    3 val=  62.33239
        0.7071067811865 tors   8    7    2    4
        0.7071067811865 tors   8    7    2    9
        0.7071067811865 tors   8    7    2   10
        0.7071067811865 tors   8    7    2   12
        0.7071067811865 tors   8    7    2   13
        0.7071067811865 tors   8    7    2   15
        0.7071067811865 tors   8    7    2   16
        0.7071067811865 tors  11    7    2    3
        0.7071067811865 tors  11    7    2    4
        0.7071067811865 tors  11    7    2    9
        0.7071067811865 tors  11    7    2   10
        0.7071067811865 tors  11    7    2   12
        0.7071067811865 tors  11    7    2   13
        0.7071067811865 tors  11    7    2   15
        0.7071067811865 tors  11    7    2   16
  33 k  0.6666666666667 tors   9   10    2    3 val=  96.94341
        0.6666666666667 tors   9   10    2    4
        0.6666666666667 tors   9   10    2    7
        0.6666666666667 tors   9   10    2    8
        0.6666666666667 tors   9   10    2   12
        0.6666666666667 tors   9   10    2   13
        0.6666666666667 tors   9   10    2   14
        0.6666666666667 tors   9   10    2   15
        0.6666666666667 tors   9   10    2   16
        0.6666666666667 tors  11   10    2    3
        0.6666666666667 tors  11   10    2    4
        0.6666666666667 tors  11   10    2    7
        0.6666666666667 tors  11   10    2    8
        0.6666666666667 tors  11   10    2   12
        0.6666666666667 tors  11   10    2   13
        0.6666666666667 tors  11   10    2   14
        0.6666666666667 tors  11   10    2   15
        0.6666666666667 tors  11   10    2   16
  34 k  2.0000000000000 stre   1    3           val=   4.23727
  35 k  1.4142135623731 bend   4    3    1      val= 101.53057
  36 k  2.0000000000000 stre   2    3           val=   5.14862
  37 k  2.8284271247462 stre   2    7           val=   5.03904
  38 k  2.0000000000000 stre   2    8           val=   5.04293
  39 k  2.8284271247462 stre   7    8           val=   2.69565
  40 k  2.8284271247462 stre   2   10           val=   5.06762
  41 k  2.8284271247462 stre   7   11           val=   2.69828
  42 k  2.0000000000000 stre  10   11           val=   2.70383
  43 k -0.6949091464340 bend   4    3    2      val=  52.40512
       -0.2539084828160 bend   7    3    2
       -0.4943726955237 bend   7    4    2
        0.0559643875624 bend   9    7    2
        0.4269620918193 bend  12    7    2
       -0.4252123242854 bend   8    3    2
        0.2418857595896 bend  13    7    2
       -0.1656844730841 bend  10    3    2
        0.1644080004431 bend  10    7    2
        0.0907136499154 bend  10    8    2
       -0.0941145675167 bend  11    3    2
        0.9638929152407 bend  15    7    2
        0.8690353946351 bend  15    8    2
        0.7953034346641 bend  15   10    2
        0.7381483031892 bend  16    7    2
        0.8898319403762 bend  16   10    2
  44 k  1.1779643278750 bend   4    3    2      val=   7.83961
       -0.3182301327491 bend   7    3    2
        0.3102423622810 bend   7    4    2
        0.3594509833137 bend   9    7    2
       -0.4040927626305 bend  12    7    2
        0.1461197635969 bend   8    3    2
       -0.2326119677309 bend  13    7    2
       -0.3814821925664 bend  10    3    2
       -0.0851325321364 bend  10    7    2
       -0.3855478200118 bend  10    8    2
       -0.5341146425898 bend  11    3    2
        0.1431772855180 bend  15    7    2
        0.1143490049050 bend  15    8    2
        0.4972143665453 bend  15   10    2
        0.0418967747704 bend  16    7    2
        0.4874173614229 bend  16   10    2
  45 k  0.7216503614715 bend   4    3    2      val=  24.92189
        0.2318838520948 bend   7    3    2
       -0.2461862202360 bend   7    4    2
       -1.1839385351163 bend   9    7    2
        1.0458737018180 bend  12    7    2
        0.1579336360580 bend   8    3    2
        0.5247530723300 bend  13    7    2
       -0.1644805340037 bend  10    3    2
       -0.5263825990106 bend  10    7    2
       -0.1804310050112 bend  10    8    2
       -0.1663257442474 bend  11    3    2
       -0.0517807034496 bend  15    7    2
       -0.1395537062078 bend  15    8    2
        0.0353969501678 bend  15   10    2
        0.3403553632083 bend  16    7    2
       -0.0557480483626 bend  16   10    2
  46 k  0.8641128845472 bend   4    3    2      val=  12.95892
       -0.6553417976487 bend   7    3    2
       -0.2844064940899 bend   7    4    2
        0.1864274377195 bend   9    7    2
        0.3132208922123 bend  12    7    2
       -0.5829412016487 bend   8    3    2
        0.2454102534172 bend  13    7    2
        0.2758236255318 bend  10    3    2
        0.8099121634996 bend  10    7    2
        1.1125167117804 bend  10    8    2
       -0.3251312502392 bend  11    3    2
        0.3329065732505 bend  15    7    2
        0.3521150603009 bend  15    8    2
       -0.7383957123451 bend  15   10    2
       -0.0011941093611 bend  16    7    2
       -0.4671157574228 bend  16   10    2
  47 k  0.1691498987087 bend   4    3    2      val=   7.36263
        0.6646413957621 bend   7    3    2
        0.6191899932732 bend   7    4    2
       -0.2647293993707 bend   9    7    2
       -0.5091866677053 bend  12    7    2
       -0.9710636117957 bend   8    3    2
        0.2180457644391 bend  13    7    2
       -0.3705507179949 bend  10    3    2
       -1.0193792435198 bend  10    7    2
        1.0239081105035 bend  10    8    2
        0.2364398908683 bend  11    3    2
       -0.8883165924857 bend  15    7    2
        1.3877108177290 bend  15    8    2
        0.3951082078859 bend  15   10    2
       -0.3164720326888 bend  16    7    2
       -0.0402377119123 bend  16   10    2
  48 k -0.2479201067688 bend   4    3    2      val=   3.33220
        0.7054136399325 bend   7    3    2
        0.3166770933738 bend   7    4    2
       -0.5689137950285 bend   9    7    2
       -0.0511931752276 bend  12    7    2
       -0.0931524890398 bend   8    3    2
        0.1366168286655 bend  13    7    2
        0.7984384695715 bend  10    3    2
        0.3909220525726 bend  10    7    2
        0.1839242352059 bend  10    8    2
       -1.2341706871217 bend  11    3    2
        0.1273119449149 bend  15    7    2
       -0.1246580414764 bend  15    8    2
       -0.2929086183875 bend  15   10    2
       -1.0357940762262 bend  16    7    2
        1.1943205525333 bend  16   10    2
  49 k  2.0000000000000 bend   2    1    3      val=  89.63232
  50 k  2.8284271247462 bend  11    8    7      val= 108.17603
  51 k  2.0000000000000 bend   9    7    8      val= 107.91414
  52 k  2.8284271247462 bend  11    9   10      val= 107.86406
        42 non zero eigenvalues  of BmBt
           1           3.674910517    1    0
         1
           2           3.517375806    2    0
         2
           3           3.493377909    3    0
         3
           4           3.466219437    4    0
         4
           5           3.413557746    5    0
         5
           6           3.221404024    6    0
         6
           7           3.197041025    7    0
         7
           8           3.175385226    8    0
         8
           9           2.091551289    9    0
         9
          10           1.437805541   10    0
        10
          11           1.248595627   11    0
        11
          12           1.037261595   12    0
        12
          13           1.010940508   13    0
        13
          14           0.912154458   14    0
        14
          15           0.784859742   15    0
        15
          16           0.746985751   16    0
        16
          17           0.689505570   17    0
        17
          18           0.687149181   18    0
        18
          19           0.685232349   19    0
        19
          20           0.683058503   20    0
        20
          21           0.680244566   21    0
        21
          22           0.677478626   22    0
        22
          23           0.640001123   23    0
        23
          24           0.633716087   24    0
        24
          25           0.480335061   25    0
        25
          26           0.459110276   26    0
        26
          27           0.200424974   27    0
        27
          28           0.128953643   28    0
        28
          29           0.107579086   29    0
        29
          30           0.087897638   30    0
        30
          31           0.076157560   31    0
        31
          32           2.953451133    0    0
         0.000000000         0.000000000         0.000000000         0.000000000
         0.000000000         0.000000000         0.000000000         0.000000000
         0.000000000         0.000000000         0.000000000         0.000000000
         0.000000000         0.000000000         0.000000000         0.000000000
         0.000000000         0.000000000         0.000000000         0.000000000
         0.000000000         0.000000000         0.000000000         0.000000000
         0.000000000         0.000000000         0.000000000         0.000000000
         0.000000000         0.000000000         0.000000000        -0.240561114
        -0.003653276        -0.015518991         0.068624172         0.585229555
        -0.040791064         0.230114909        -0.034539788        -0.615990115
        -0.025193343         0.013581158         0.393787517        -0.033200207
         0.008436340         0.006754898        -0.039707097         0.012456101
         0.018307615         0.010802999         0.000729192        -0.011341377
          33           1.237823033    0    0
         0.000000000         0.000000000         0.000000000         0.000000000
         0.000000000         0.000000000         0.000000000         0.000000000
         0.000000000         0.000000000         0.000000000         0.000000000
         0.000000000         0.000000000         0.000000000         0.000000000
         0.000000000         0.000000000         0.000000000         0.000000000
         0.000000000         0.000000000         0.000000000         0.000000000
         0.000000000         0.000000000         0.000000000         0.000000000
         0.000000000         0.000000000         0.000000000         0.009484010
         0.061677983         0.854499296         0.089038851         0.252562933
         0.010545783        -0.033729900         0.011777581         0.090607749
         0.007127433         0.004762121        -0.158274307         0.252991769
         0.113092843         0.166333968         0.010375068        -0.015280510
        -0.233759230        -0.005567104         0.003519976         0.003088634
          34           0.909186938    0    0
         0.000000000         0.000000000         0.000000000         0.000000000
         0.000000000         0.000000000         0.000000000         0.000000000
         0.000000000         0.000000000         0.000000000         0.000000000
         0.000000000         0.000000000         0.000000000         0.000000000
         0.000000000         0.000000000         0.000000000         0.000000000
         0.000000000         0.000000000         0.000000000         0.000000000
         0.000000000         0.000000000         0.000000000         0.000000000
         0.000000000         0.000000000         0.000000000        -0.185236200
         0.031308503         0.320336702        -0.304298951        -0.682799599
        -0.038771006         0.158448915        -0.017669302        -0.424333980
        -0.049680548        -0.037410823         0.199277404         0.096840088
         0.066194660         0.075663159        -0.013634605        -0.001342487
         0.180595755         0.009867070        -0.018054221         0.002845180
          35           0.510227665    0    0
         0.000000000         0.000000000         0.000000000         0.000000000
         0.000000000         0.000000000         0.000000000         0.000000000
         0.000000000         0.000000000         0.000000000         0.000000000
         0.000000000         0.000000000         0.000000000         0.000000000
         0.000000000         0.000000000         0.000000000         0.000000000
         0.000000000         0.000000000         0.000000000         0.000000000
         0.000000000         0.000000000         0.000000000         0.000000000
         0.000000000         0.000000000         0.000000000        -0.245102389
        -0.284721471         0.007257148         0.005613934         0.004815496
        -0.213873798         0.228507168        -0.152158811         0.150959765
         0.611263823        -0.472351749        -0.049955956        -0.121219918
         0.106409215         0.099686926         0.045270737        -0.112372111
        -0.007233289         0.180549968        -0.167944402        -0.064106774
          36           0.417385608    0    0
         0.000000000         0.000000000         0.000000000         0.000000000
         0.000000000         0.000000000         0.000000000         0.000000000
         0.000000000         0.000000000         0.000000000         0.000000000
         0.000000000         0.000000000         0.000000000         0.000000000
         0.000000000         0.000000000         0.000000000         0.000000000
         0.000000000         0.000000000         0.000000000         0.000000000
         0.000000000         0.000000000         0.000000000         0.000000000
         0.000000000         0.000000000         0.000000000        -0.302131887
         0.151189211        -0.016368692        -0.016781090        -0.009865436
         0.440235324         0.359616813         0.574230725         0.208243435
         0.292210877         0.272470905         0.060199973         0.013313563
        -0.111607715         0.081079406         0.022626626         0.013425330
         0.021296504        -0.032080687        -0.034039879         0.056400123
          37           0.310376630    0    0
         0.000000000         0.000000000         0.000000000         0.000000000
         0.000000000         0.000000000         0.000000000         0.000000000
         0.000000000         0.000000000         0.000000000         0.000000000
         0.000000000         0.000000000         0.000000000         0.000000000
         0.000000000         0.000000000         0.000000000         0.000000000
         0.000000000         0.000000000         0.000000000         0.000000000
         0.000000000         0.000000000         0.000000000         0.000000000
         0.000000000         0.000000000         0.000000000         0.050714817
        -0.308150417         0.018811217         0.000899431        -0.001196280
        -0.283580084         0.299303469         0.095753174         0.121072212
        -0.318740390         0.403027419        -0.030352885        -0.048555383
         0.066919786         0.048273132         0.073192427         0.089498652
        -0.005007489         0.478985345        -0.383626561        -0.210203042
          38           0.243399664    0    0
         0.000000000         0.000000000         0.000000000         0.000000000
         0.000000000         0.000000000         0.000000000         0.000000000
         0.000000000         0.000000000         0.000000000         0.000000000
         0.000000000         0.000000000         0.000000000         0.000000000
         0.000000000         0.000000000         0.000000000         0.000000000
         0.000000000         0.000000000         0.000000000         0.000000000
         0.000000000         0.000000000         0.000000000         0.000000000
         0.000000000         0.000000000         0.000000000         0.567363492
        -0.328567179         0.065110947        -0.059537790        -0.012520290
         0.267529701         0.179883509        -0.226061825        -0.149185420
         0.398195280         0.344371694         0.028175302        -0.058832689
         0.025962164         0.080183968        -0.167759313         0.025986489
         0.054604868        -0.038243617         0.221981191        -0.117739113
          39           0.115672720    0    0
         0.000000000         0.000000000         0.000000000         0.000000000
         0.000000000         0.000000000         0.000000000         0.000000000
         0.000000000         0.000000000         0.000000000         0.000000000
         0.000000000         0.000000000         0.000000000         0.000000000
         0.000000000         0.000000000         0.000000000         0.000000000
         0.000000000         0.000000000         0.000000000         0.000000000
         0.000000000         0.000000000         0.000000000         0.000000000
         0.000000000         0.000000000         0.000000000        -0.368592089
        -0.182713435         0.043185905        -0.084948721         0.019677129
        -0.042966688        -0.703344389        -0.018543663        -0.007611931
         0.256610209         0.394543974         0.139430475        -0.089170378
        -0.047293140         0.164720516         0.053431631         0.043047046
         0.093973200         0.118294586         0.029449213        -0.132930950
          40           0.099634307    0    0
         0.000000000         0.000000000         0.000000000         0.000000000
         0.000000000         0.000000000         0.000000000         0.000000000
         0.000000000         0.000000000         0.000000000         0.000000000
         0.000000000         0.000000000         0.000000000         0.000000000
         0.000000000         0.000000000         0.000000000         0.000000000
         0.000000000         0.000000000         0.000000000         0.000000000
         0.000000000         0.000000000         0.000000000         0.000000000
         0.000000000         0.000000000         0.000000000        -0.080462426
        -0.397216709        -0.013519119         0.065378326        -0.020121999
         0.705870281        -0.158278450        -0.027243303        -0.136490790
        -0.247852470        -0.266416277        -0.084969687        -0.054238424
         0.227664607        -0.025871652         0.162567264         0.025314549
        -0.077077166         0.142903190        -0.199098864         0.007980171
          41           0.061604701    0    0
         0.000000000         0.000000000         0.000000000         0.000000000
         0.000000000         0.000000000         0.000000000         0.000000000
         0.000000000         0.000000000         0.000000000         0.000000000
         0.000000000         0.000000000         0.000000000         0.000000000
         0.000000000         0.000000000         0.000000000         0.000000000
         0.000000000         0.000000000         0.000000000         0.000000000
         0.000000000         0.000000000         0.000000000         0.000000000
         0.000000000         0.000000000         0.000000000         0.159765982
        -0.096757111        -0.054719299         0.082650855        -0.031777702
        -0.178872217        -0.130592072         0.453857742        -0.506862005
         0.127709717        -0.057511099        -0.553459964        -0.097403178
        -0.212511898         0.174104713         0.036967563         0.015699079
        -0.090953949        -0.018057851        -0.109045639         0.096608055
          42           0.006114589    0    0
         0.000000000         0.000000000         0.000000000         0.000000000
         0.000000000         0.000000000         0.000000000         0.000000000
         0.000000000         0.000000000         0.000000000         0.000000000
         0.000000000         0.000000000         0.000000000         0.000000000
         0.000000000         0.000000000         0.000000000         0.000000000
         0.000000000         0.000000000         0.000000000         0.000000000
         0.000000000         0.000000000         0.000000000         0.000000000
         0.000000000         0.000000000         0.000000000         0.105811111
        -0.058012703         0.278145224        -0.478016599         0.268941666
         0.026911887        -0.030001832         0.118569198         0.106477571
        -0.074145590        -0.142599407        -0.085733949        -0.363156664
        -0.194945341        -0.261511710         0.036105297         0.011373546
         0.547594320        -0.016286644        -0.060684659         0.059381213
$end
