$hessapprox internal
  0.424202371394D+00 -0.476980042636D-02  0.416023148602D+00 -0.687636127135D-02
 -0.498816542822D-02  0.420159832098D+00 -0.672261778736D-02 -0.482729461806D-02
 -0.714569302081D-02  0.427957140444D+00 -0.571210036394D-03  0.442589178572D-03
  0.139010265637D-02 -0.595094648372D-04  0.412976699437D+00 -0.443120023630D-03
 -0.141421960694D-03  0.227156340530D-02  0.264341682307D-02 -0.763294693789D-02
  0.408244532659D+00 -0.217757451146D-02 -0.339441500577D-02 -0.321312551099D-02
 -0.252954270311D-02  0.199543574607D-02  0.185229332545D-02  0.419239644672D+00
 -0.692298005555D-02 -0.515801640364D-02 -0.744874156687D-02 -0.714339600178D-02
  0.163166376821D-02  0.269541257170D-02 -0.336274049324D-02  0.412737550988D+00
 -0.677058007631D-02 -0.559182074866D-02 -0.716210841885D-02 -0.702255468613D-02
  0.123219045697D-02  0.120067250758D-02 -0.404871273669D-02 -0.734729441656D-02
  0.412812763823D+00 -0.673996931596D-02 -0.490488652045D-02 -0.727604572075D-02
 -0.564163071104D-02  0.974078492621D-03  0.263022141006D-02 -0.297813333179D-02
 -0.737072536134D-02 -0.709186092935D-02  0.422082304798D+00 -0.186397304280D-03
  0.224827222370D-02  0.787302914816D-02  0.706875752814D-02 -0.213656529635D-01
 -0.261477310932D-01  0.136183439000D-01  0.887320686544D-02  0.547888427490D-02
  0.757186501122D-02  0.244805907421D+00 -0.529943911229D-03  0.104950134266D-02
 -0.992903695387D-03 -0.730106637262D-03  0.127975813171D-02  0.342822272294D-02
  0.158332938590D-02 -0.916188470450D-03  0.231954342611D-03 -0.879430888199D-03
  0.610801456950D-02  0.326648452211D+00 -0.524520979651D-03  0.542233285765D-03
  0.377020596457D-02  0.341844485157D-02 -0.116285992737D-01 -0.145539545070D-01
  0.664276246567D-02  0.426665289258D-02  0.223210657990D-02  0.366274172127D-02
 -0.458076307583D-01  0.386889933446D-02  0.303886504505D+00 -0.102158474879D-03
  0.706567578543D-03  0.647510256503D-03  0.752477725539D-03 -0.176264435027D-02
 -0.122197223495D-02  0.224703809018D-02  0.753089944810D-03  0.796527229304D-03
  0.591000214480D-03 -0.530290675257D-02 -0.395358154078D-03 -0.268049049326D-02
  0.716196984963D-01 -0.705502954316D-02 -0.464553021655D-02 -0.655288047835D-02
 -0.691925336972D-02 -0.150664523773D-02 -0.189780295086D-02 -0.178676978780D-02
 -0.653159251356D-02 -0.646240674686D-02 -0.664421403765D-02 -0.307948898462D-02
 -0.345393368747D-03 -0.206755777095D-02 -0.316517420779D-03  0.424573836405D+00
  0.684692180284D-04 -0.222475760308D-02 -0.236280196908D-02 -0.286587877757D-02
  0.546638023056D-02  0.423270746154D-02 -0.696896048576D-02 -0.251056608341D-02
 -0.268391500335D-02 -0.212653971203D-02  0.167242845592D-01  0.648692655318D-03
  0.840994620787D-02  0.461992895531D-02  0.803599377898D-03  0.485877487638D-01
  0.495827928176D-03 -0.418330768337D-02 -0.131872424796D-02 -0.194316496543D-02
  0.484906903707D-02  0.101978971888D-02 -0.913948350380D-02 -0.193742185680D-02
 -0.356780808523D-02 -0.157930082264D-02  0.140820910242D-01  0.526787878443D-02
  0.620004552072D-02  0.295512396632D-02  0.119967833302D-02 -0.844139107443D-02
  0.306921613331D+00 -0.747762689663D-03  0.239087112617D-02 -0.417840734751D-03
  0.273406879348D-03 -0.862269426632D-03  0.267111100193D-02  0.490550490303D-02
 -0.109452053213D-03  0.144211336264D-02 -0.142647182356D-03  0.193106135143D-03
 -0.452080399880D-02  0.109864374707D-02 -0.143683501523D-02 -0.859898403763D-03
  0.382491080421D-02  0.111285857337D-01  0.316416458328D+00  0.266539104316D-03
  0.279478750070D-03  0.556884444842D-03  0.448778355379D-03 -0.713357879380D-03
 -0.985391615523D-03  0.499842450269D-03  0.591081618593D-03  0.478723014147D-03
  0.503048937312D-03 -0.283149737415D-02  0.248183392070D-03 -0.152343316487D-02
 -0.254231767258D-03  0.143839755021D-03  0.105800766956D-02  0.465598015748D-03
  0.339152966662D-04  0.323730727001D+00  0.207501919837D-03 -0.274375350701D-03
  0.173408101167D-02  0.121961036968D-02 -0.403238089401D-02 -0.642038416730D-02
  0.115933361263D-02  0.181193432511D-02  0.702656468641D-03  0.155538763329D-02
 -0.178506477488D-01  0.271347346064D-02 -0.999090072098D-02 -0.878979966196D-03
 -0.365149953659D-03  0.328380331587D-02 -0.415629722075D-03  0.242917121433D-02
 -0.627354422474D-03  0.318790742208D+00  0.617435175066D-03  0.310997456623D-05
  0.441792094416D-03  0.171717563578D-02 -0.245104314744D-03 -0.318602821894D-03
 -0.708648425605D-03  0.410657311647D-03  0.240595975588D-03  0.112455545856D-02
 -0.932931951153D-04  0.850928151278D-03 -0.871013528976D-04  0.258553468932D-04
  0.334678892569D-03  0.342134419145D-03 -0.194503974185D-02  0.147618887936D-02
 -0.949705725786D-04 -0.477568404036D-03  0.324851339888D+00 -0.240667191242D-05
  0.924165960548D-03  0.157443551655D-02  0.101145200610D-02 -0.432538482640D-02
 -0.621223048416D-02  0.311066165842D-02  0.174523889063D-02  0.154428032240D-02
  0.158569950964D-02 -0.216746678390D-01  0.774927878597D-03 -0.115340974868D-01
 -0.183857704965D-02 -0.742280771409D-03  0.461736984734D-02  0.583991554145D-02
 -0.166554901613D-02 -0.683137640986D-03 -0.370034130226D-02  0.615767837409D-03
  0.392884614012D+00  0.130505451001D-03  0.808294115195D-03  0.295046570264D-04
  0.303388977690D-02 -0.704501512377D-03  0.221957898950D-02  0.183271627584D-02
  0.104785575305D-03  0.465693817759D-03  0.133986519149D-02  0.269459739715D-02
 -0.107402376723D-02  0.180290201944D-02 -0.545833578522D-03 -0.247402607761D-03
  0.324134031825D-02  0.163961498927D-02 -0.131358078880D-02 -0.624443855307D-04
  0.647816018693D-03  0.131187052528D-02 -0.845642115661D-04  0.398563813973D+00
  0.274540996867D-03  0.427501852794D-03  0.760475166699D-04  0.534331994154D-04
  0.524469884310D-03  0.928886622353D-03  0.723356760741D-04  0.115871779493D-03
  0.341459387563D-03  0.793315689025D-04  0.253362748348D-02 -0.638130748260D-03
  0.147876519006D-02  0.228805921547D-03  0.320542447738D-03 -0.141388728548D-02
  0.715200533628D-03 -0.784237630031D-03  0.104768511265D-03  0.811785532978D-03
  0.103767315998D-03  0.346604531088D-03 -0.578597406677D-04  0.336013822311D+00
  0.240685874078D-03 -0.392010961543D-02  0.136503530916D-02 -0.570952862791D-04
 -0.310939253383D-02 -0.979975829154D-02 -0.514266149791D-02  0.107050785953D-02
 -0.196818574215D-02  0.845409102907D-03 -0.183119966790D-01  0.824929783692D-02
 -0.115259139708D-01  0.111233064246D-02  0.158606887767D-05 -0.259607420616D-02
 -0.141686147377D-01  0.122230685136D-01 -0.626034421930D-03 -0.745923136580D-02
 -0.221407476300D-02 -0.174376214412D-02  0.243534472746D-02  0.173615533595D-02
  0.313607742408D+00 -0.697407954796D-03  0.219335179959D-02 -0.174448479784D-02
 -0.757514322966D-03  0.285621346865D-02  0.784392877742D-02  0.297827492639D-02
 -0.156913765962D-02  0.588188421687D-03 -0.141358982222D-02  0.160832437514D-01
 -0.594916354502D-02  0.976274565254D-02 -0.362416722584D-03 -0.308104239172D-03
  0.305242504789D-03  0.905017344486D-02 -0.834186733962D-02  0.582039766682D-03
  0.582831882471D-02  0.149493404877D-02  0.182000571298D-02 -0.162942637388D-02
 -0.129816330335D-02  0.160996288173D-01  0.324861674703D+00 -0.152878975044D-03
 -0.419097837669D-03 -0.300400229496D-03 -0.890853324943D-03  0.719038550489D-03
  0.123345776860D-03 -0.773221035788D-03 -0.406448912225D-03 -0.429008870289D-03
 -0.616130875675D-03  0.153441552747D-02  0.308632694446D-03  0.743601362741D-03
 -0.136186889492D-03  0.752832223094D-05  0.153943894817D-02 -0.117455467011D-02
  0.592793941826D-03  0.237358740141D-04  0.103184807696D-03 -0.425500593425D-03
  0.813710424575D-03 -0.878479026754D-03  0.186202110849D-03 -0.523087202358D-03
  0.326102640891D-03  0.335433697771D+00  0.211329872871D-03 -0.224063436220D-02
 -0.659806590137D-03 -0.921212526104D-03  0.222865430490D-02  0.197954986582D-03
 -0.472270827633D-02 -0.964591179156D-03 -0.190513038990D-02 -0.762178415174D-03
  0.635948892756D-02  0.288902007403D-02  0.268168265667D-02  0.159719080753D-02
  0.521456451256D-03 -0.483061303351D-02 -0.952269939486D-02  0.595973736836D-02
  0.226394832188D-03 -0.452762239566D-03 -0.972749524844D-03  0.276620064202D-02
  0.107233158249D-02  0.386550532400D-03 -0.789677998426D-02  0.506808911050D-02
 -0.557992823198D-03  0.330335035067D+00  0.326562457813D-02  0.401642293761D-02
  0.469311614830D-02  0.649206319145D-02 -0.265444466808D-02  0.228694671953D-03
  0.649406018489D-02  0.496875445399D-02  0.453151902380D-02  0.516870355027D-02
 -0.100682923227D-01 -0.969959327479D-03 -0.533841329549D-02 -0.702768353193D-03
  0.169996670159D-02  0.183849887341D-02  0.573512156064D-02 -0.250640042921D-02
 -0.292399691625D-03 -0.196741310156D-02  0.505476992651D-03 -0.588739889422D-02
  0.231749161444D-02  0.175396093942D-03 -0.168294686762D-04  0.557637495714D-03
 -0.483674631542D-04  0.298338279833D-02  0.216102610751D+00 -0.577400595513D-02
 -0.449287918680D-02 -0.390408329374D-02 -0.198312280256D-01  0.322724892482D-02
 -0.383047954480D-02 -0.550110043374D-03 -0.420339665517D-02 -0.516129193451D-02
 -0.121413897817D-01 -0.765465501743D-02 -0.451708008758D-03 -0.548733460169D-02
  0.823769068302D-03 -0.271506052215D-02 -0.459053881715D-02  0.264370913018D-02
 -0.210976396527D-02  0.660170418513D-03 -0.739878598307D-03 -0.724630831072D-02
 -0.444857991444D-02 -0.134006037049D-01  0.794278706387D-03  0.101710221683D-02
 -0.319594010029D-03  0.354261942026D-02  0.688858404883D-03 -0.445809038767D-02
  0.288861892988D+00  0.953490257061D-03 -0.467116508737D-04  0.810029533488D-03
  0.498788345820D-03  0.997280064277D-03 -0.218384071598D-03 -0.158965013823D-02
  0.769276010505D-03  0.594274397898D-03  0.782491738807D-03  0.134353756049D-02
  0.101996117475D-02  0.500019766218D-03  0.310831427442D-03  0.969655531550D-03
 -0.178879291803D-02 -0.274512474073D-02  0.181318756125D-02  0.968134384390D-05
 -0.196370006201D-03 -0.353280371920D-03  0.973817168877D-03  0.172293646223D-03
  0.172555363797D-04 -0.218073704272D-02  0.147468463904D-02 -0.187350381997D-04
 -0.149356034263D-02 -0.994539785189D-03  0.110171669282D-02  0.200846841377D+00
  0.307490588167D-03  0.782119463005D-03  0.122730981759D-02  0.986882325280D-03
 -0.262449905201D-02 -0.140947998255D-02  0.111435198109D-02  0.187015605064D-02
  0.976103617420D-03  0.111458663991D-02 -0.917372623579D-02 -0.124938416124D-02
 -0.526612473100D-02  0.479719024446D-02  0.281886042544D-03 -0.167966839793D-01
  0.472390120569D-02 -0.145844170828D-02  0.279190551160D-03 -0.567439935774D-03
  0.675904877846D-03 -0.427020364307D-02  0.346645660149D-02 -0.108220832092D-02
 -0.173962030696D-02  0.509557249353D-03  0.248032541521D-02  0.167871465488D-02
  0.604938693621D-02  0.110464916082D-02  0.670585322531D-02  0.312761731716D+00
 -0.184460184317D-02  0.465374636354D-02 -0.467742239284D-02 -0.208630821805D-02
  0.687997573989D-02  0.192562672948D-01  0.536519940364D-02 -0.409149098192D-02
  0.654178826325D-03 -0.379819870880D-02  0.421473595784D-01 -0.143563210750D-01
  0.251243048618D-01  0.183456762306D-02 -0.628249079830D-03 -0.704626032156D-02
  0.201280774237D-01 -0.188943789416D-01  0.167629357625D-02  0.147181195659D-01
  0.358733196405D-02  0.489865195301D-02 -0.229973939818D-02 -0.357526110119D-02
  0.369210002537D-01 -0.272039771231D-01  0.133329138877D-02  0.111118701499D-01
  0.463194742647D-02  0.234436842252D-03  0.599567935317D-02 -0.322210237110D-01
  0.351872103174D+00 -0.171846906101D-02  0.680922006865D-03 -0.279602025385D-02
 -0.176670620159D-02  0.399780331596D-02  0.723740076146D-02  0.273836521069D-02
 -0.323107450935D-02 -0.844347628982D-03 -0.250530710639D-02  0.185513925858D-01
 -0.331080149174D-02  0.110220061826D-01 -0.587184199542D-02 -0.172243141058D-02
  0.162965063479D-01  0.291760633449D-02 -0.539664014802D-02  0.154177664477D-03
  0.424289037178D-02  0.435430478016D-03  0.337614313955D-02 -0.432441864070D-02
  0.235964266628D-03  0.139717641927D-01 -0.905630907536D-02 -0.218192265706D-02
  0.259430633418D-02 -0.387009432158D-02 -0.238578386525D-02 -0.789617475645D-02
  0.128182887668D+00  0.681941062807D-01  0.217413487294D+00 -0.220636565382D-02
 -0.200939841592D-02 -0.185261165261D-02 -0.384262274663D-03 -0.198364825956D-02
 -0.207566925602D-02 -0.173172440027D-03 -0.195401492106D-02 -0.235093901858D-02
 -0.111453147933D-02 -0.729598974727D-02  0.129531918586D-02 -0.411462709654D-02
 -0.673251231018D-03 -0.235422836450D-02  0.381811590396D-02 -0.105633794068D-02
  0.148910790823D-02 -0.266831317713D-03 -0.198465840246D-02  0.775242360018D-03
 -0.741552630027D-03  0.126804080880D-02  0.609530321984D-03 -0.383095063664D-02
  0.273381165113D-02 -0.650728499943D-03 -0.581637075058D-03 -0.201375159542D-02
 -0.123474069881D-01  0.619245462940D-03 -0.176081748774D-01  0.847287656017D-02
 -0.267134104343D-02  0.469522834653D+00 -0.967869171838D-02 -0.566515883933D-02
 -0.105549353953D-01 -0.900778010223D-02  0.254334971202D-02  0.262186695874D-02
 -0.206419741538D-02 -0.116653710943D-01 -0.908871318457D-02 -0.101197058170D-01
  0.558054176785D-02 -0.223073757353D-02  0.370139444323D-02 -0.753433885907D-02
 -0.946502143199D-02  0.491800705365D-01  0.522643523445D-02 -0.488357594274D-02
 -0.566579797694D-03  0.188701448555D-02  0.113009522483D-02  0.862291005618D-02
 -0.923261648942D-02  0.276688620022D-02  0.893256025281D-02 -0.659336916494D-02
 -0.495324135365D-02  0.401704611616D-02 -0.210762989098D-02 -0.805404899717D-02
  0.805149078555D-02 -0.345476419159D-01 -0.219913292001D-01 -0.114093646780D-01
 -0.167808364421D-01  0.350369867235D+00 -0.211367635683D-02  0.210506655139D-02
 -0.381589795809D-03  0.252357037827D-03 -0.502802224473D-02 -0.243399996764D-02
  0.717433686451D-02  0.100017897088D-03  0.131147065887D-02 -0.877327024430D-05
 -0.165511153885D-01 -0.385174283937D-02 -0.790464366188D-02 -0.263427512053D-02
 -0.269624021404D-02  0.767287978196D-02  0.151921686927D-01 -0.886824521317D-02
 -0.486510366137D-03 -0.638618062988D-03  0.195230904642D-02 -0.535190030779D-02
 -0.101059664498D-02 -0.388163369153D-03  0.101707536517D-01 -0.643144268393D-02
  0.100313933561D-02  0.786917451134D-02 -0.655511956529D-02 -0.659179926411D-02
  0.297381074941D-02 -0.392193066084D-02 -0.133131104369D-01  0.121466845362D-01
 -0.613708237058D-01  0.187569986033D-01  0.430733281470D+00 -0.320813158774D-02
 -0.418230292891D-02 -0.413259458246D-02 -0.284154121977D-02  0.245691483976D-02
  0.221968896463D-02 -0.537582525750D-02 -0.449284306119D-02 -0.503902726818D-02
 -0.371246879691D-02  0.108848863343D-01  0.167653130825D-02  0.509686152312D-02
  0.127230581922D-02 -0.296486045764D-02  0.269320589992D-02 -0.830611482384D-02
  0.469734599968D-02  0.315741324038D-03  0.610323299008D-03 -0.350496166433D-03
  0.418249004904D-02  0.615290168715D-03  0.819033423476D-03 -0.586596599525D-02
  0.326500661082D-02 -0.172930924555D-02 -0.413581129234D-02  0.830572199303D-02
 -0.427742937379D-02  0.191922774060D-02  0.115022473911D-01  0.445184311336D-02
  0.619898908024D-01  0.186812047275D-01  0.324383543503D-01 -0.284724888221D-01
  0.350492852813D+00 -0.613410450788D-02 -0.290779834073D-02 -0.591180518522D-02
 -0.276194299374D-02 -0.282145908063D-02  0.105090700043D-02  0.106189510899D-02
 -0.526871702349D-02 -0.491631425837D-02 -0.387213232318D-02 -0.388578133364D-02
 -0.254868436731D-02 -0.212101662303D-02  0.224372978498D-02 -0.652326574493D-02
 -0.241231606747D-01  0.518544503241D-02 -0.379289660127D-02  0.642347193516D-03
  0.103128611037D-02  0.361388502788D-02 -0.451728973598D-02  0.699766871935D-02
 -0.181894464993D-02  0.436662728606D-02 -0.370581268499D-02  0.238321623792D-02
  0.208137653306D-02 -0.252030885794D-02 -0.308987286960D-01 -0.217036699444D-02
 -0.271234910087D-01  0.243434187124D-01 -0.784280866039D-01 -0.427002162879D-01
  0.485661930152D-01 -0.210483865453D-01  0.747535214153D-01  0.378932404440D+00
  0.256908962288D-02  0.254273785388D-02  0.137376337310D-02  0.112081037488D-02
  0.308555237010D-02  0.247722293302D-02  0.618171903840D-03  0.814064224021D-03
  0.269074811589D-02  0.120903132533D-02  0.649343829383D-02 -0.164820904542D-02
  0.466803644047D-02 -0.393764522721D-02  0.309815925809D-02  0.252639306997D-01
  0.395359320785D-02 -0.346524333769D-02 -0.474310375140D-03  0.230860465329D-02
  0.602223585829D-04  0.622344887160D-02 -0.637552535234D-02  0.702189033138D-03
  0.836689723739D-02 -0.560998070364D-02 -0.194563709161D-02  0.280464392030D-02
 -0.974982158358D-02  0.531552045481D-02  0.372527054230D-02 -0.356786058751D-02
 -0.256329922100D-01  0.249982162648D-01 -0.583138759128D-01 -0.451212721393D-01
 -0.599043417096D-01 -0.388445174726D-01  0.990275117007D-02  0.394078747301D+00
 -0.385900623428D-02  0.172210356178D-02 -0.239650135867D-02  0.604690877833D-02
 -0.953873083293D-02 -0.143803128031D-02  0.841875469885D-02 -0.969860546011D-03
 -0.347175831276D-04  0.257481610888D-02 -0.216333099884D-01 -0.506766026267D-02
 -0.105912471235D-01  0.174771465312D-02 -0.595788878501D-02 -0.292626444407D-01
  0.172728562512D-01 -0.978613465205D-02  0.952861857809D-04 -0.463963148520D-03
  0.765221474125D-02 -0.107973103708D-01  0.133174681967D-01 -0.310035810382D-02
  0.969359063318D-02 -0.693608613380D-02  0.364958283139D-02  0.809299120805D-02
 -0.499806429455D-02 -0.640657841404D-01 -0.149364052230D-02  0.692114297714D-01
 -0.355436677957D-01  0.388157303844D-01  0.570260393147D-02  0.140705429644D+00
 -0.327004986458D-01  0.510644594804D-02 -0.406831449861D-01  0.383482893308D-01
  0.292398332660D+00 -0.138126475973D-02  0.198119460348D-02 -0.168584921292D-02
  0.343337023129D-02  0.154201940229D-02  0.897789407133D-02  0.401523445425D-02
 -0.125498485114D-02  0.105156850879D-03  0.638518017449D-03  0.574209292825D-02
 -0.594555294698D-02  0.351185145218D-02  0.182627697154D-02 -0.283063414026D-02
 -0.780065853012D-02  0.110678044876D-01 -0.820163023666D-02  0.722911420355D-03
  0.391380628323D-02  0.412728959913D-02 -0.187111920262D-02  0.467254098775D-02
 -0.132425902369D-02  0.105665152537D-01 -0.880793937467D-02  0.660329248233D-03
  0.575629450738D-02  0.190392712334D-01 -0.276135859322D-01  0.558853274556D-02
 -0.375550384913D-01  0.462811587450D-01  0.336567007095D-01  0.286748687136D-02
 -0.209403976710D-02 -0.202654743909D-01 -0.477282351242D-01 -0.138531375535D-01
  0.797134576889D-02 -0.198864919899D-02  0.248869901510D+00
$end
