# Excitation spectrum ; written at 2020-09-02 21:22:54
#     Exc.     energy (Eh)   energy (eV)   energy (cm-1)   energy (nm)     Osc.(vel)      Osc.(len) 
       1 a        0.029176       0.79392        6403.375      1561.677     0.00886635     0.00008183
       2 a        0.029268       0.79642        6423.530      1556.776     0.00918534     0.00017941
       3 a        0.033575       0.91363        7368.890      1357.057     0.02376535     0.01220978
       4 a        0.034218       0.93112        7509.975      1331.562     0.00006727     0.00018707
       5 a        0.036864       1.00312        8090.689      1235.989     0.03493871     0.01122263
       6 a        0.037106       1.00971        8143.900      1227.913     0.00166396     0.00037998
       7 a        0.039200       1.06668        8603.366      1162.336     0.00002355     0.00000037
       8 a        0.041021       1.11624        9003.056      1110.734     0.00000483     0.00000420
       9 a        0.043501       1.18373        9547.466      1047.398     0.00000909     0.00001229
      10 a        0.046417       1.26306       10187.300       981.614     0.02065736     0.02492259
      11 a        0.066733       1.81590       14646.192       682.771     0.00000032     0.00000104
      12 a        0.066762       1.81668       14652.531       682.476     0.00100943     0.00052224
      13 a        0.066905       1.82058       14684.001       681.013     0.00109832     0.00048232
      14 a        0.067740       1.84330       14867.246       672.620     0.00028627     0.00071136
      15 a        0.067918       1.84815       14906.321       670.856     0.00114949     0.00124096
      16 a        0.068990       1.87732       15141.600       660.432     0.00237480     0.00077570
      17 a        0.069108       1.88052       15167.399       659.309     0.00168034     0.00028672
      18 a        0.070545       1.91962       15482.772       645.879     0.00008659     0.00005666
      19 a        0.070629       1.92192       15501.329       645.106     0.00000101     0.00006537
      20 a        0.071212       1.93777       15629.149       639.830     0.00080713     0.00126657
      21 a        0.071359       1.94178       15661.528       638.507     0.00012419     0.00008307
      22 a        0.072511       1.97313       15914.341       628.364     0.00018106     0.00044855
      23 a        0.072855       1.98250       15989.904       625.395     0.00189895     0.00060729
      24 a        0.073074       1.98845       16037.942       623.521     0.00265139     0.00211571
      25 a        0.073279       1.99403       16082.963       621.776     0.00269842     0.00199045
      26 a        0.073785       2.00779       16193.912       617.516     0.00365278     0.00487492
      27 a        0.074959       2.03973       16451.532       607.846     0.00002790     0.00000794
      28 a        0.075716       2.06033       16617.691       601.768     0.00000137     0.00000550
      29 a        0.076141       2.07191       16711.060       598.406     0.00146118     0.00082350
      30 a        0.076244       2.07471       16733.625       597.599     0.00002802     0.00000788
      31 a        0.076395       2.07880       16766.655       596.422     0.00664094     0.00415717
      32 a        0.076691       2.08688       16831.813       594.113     0.00005501     0.00026471
      33 a        0.076744       2.08832       16843.420       593.704     0.00372760     0.00365185
      34 a        0.077418       2.10665       16991.253       588.538     0.00370090     0.00281802
      35 a        0.077980       2.12193       17114.546       584.298     0.00009394     0.00010768
      36 a        0.078016       2.12293       17122.575       584.024     0.00016311     0.00011427
      37 a        0.079766       2.17055       17506.633       571.212     0.00199281     0.00087962
      38 a        0.080198       2.18231       17601.477       568.134     0.00093866     0.00010681
      39 a        0.082194       2.23661       18039.497       554.339     0.00003475     0.00002003
      40 a        0.082444       2.24341       18094.282       552.661     0.00150064     0.00085455
      41 a        0.082568       2.24679       18121.607       551.827     0.00136728     0.00074727
      42 a        0.083271       2.26592       18275.856       547.170     0.00048107     0.00046477
      43 a        0.083359       2.26832       18295.255       546.590     0.04461962     0.04691123
      44 a        0.083370       2.26861       18297.566       546.521     0.00000972     0.00001546
      45 a        0.083841       2.28143       18401.004       543.449     0.00023750     0.00018221
      46 a        0.083878       2.28245       18409.194       543.207     0.00000398     0.00000207
      47 a        0.084098       2.28843       18457.435       541.787     0.00006637     0.00001993
      48 a        0.084600       2.30209       18567.579       538.573     0.01062505     0.01139396
      49 a        0.086624       2.35717       19011.854       525.988     0.00395692     0.00369314
      50 a        0.086631       2.35734       19013.238       525.949     0.00129107     0.00114807
      51 a        0.087238       2.37387       19146.561       522.287     0.00032479     0.00009784
      52 a        0.091492       2.48963       20080.256       498.002     0.00001102     0.00000318
      53 a        0.092751       2.52387       20356.423       491.245     0.00010623     0.00005878
      54 a        0.092838       2.52626       20375.664       490.782     0.00137046     0.00119527
      55 a        0.092914       2.52831       20392.179       490.384     0.00110188     0.00099649
      56 a        0.093095       2.53324       20431.922       489.430     0.00048211     0.00041865
      57 a        0.093631       2.54782       20549.523       486.629     0.00046733     0.00044080
      58 a        0.095207       2.59072       20895.555       478.571     0.00858312     0.00743131
      59 a        0.095937       2.61058       21055.756       474.930     0.01035447     0.00661271
      60 a        0.096870       2.63598       21260.601       470.354     0.00005600     0.00000336
      61 a        0.097943       2.66517       21496.049       465.202     0.00012752     0.00011451
      62 a        0.099336       2.70307       21801.726       458.679     0.04145211     0.03274693
      63 a        0.100193       2.72638       21989.724       454.758     0.00013340     0.00028125
      64 a        0.100206       2.72675       21992.714       454.696     0.00007925     0.00002156
      65 a        0.101410       2.75951       22256.963       449.298     0.00010176     0.00000866
      66 a        0.102809       2.79757       22563.946       443.185     0.00005014     0.00001566
      67 a        0.103028       2.80354       22612.095       442.241     0.01404010     0.01302117
      68 a        0.103270       2.81011       22665.044       441.208     0.00094264     0.00029997
      69 a        0.104207       2.83561       22870.715       437.240     0.02727851     0.02555827
      70 a        0.105393       2.86789       23131.128       432.318     0.00286460     0.00020789
      71 a        0.106258       2.89143       23320.959       428.799     0.02859680     0.02559260
      72 a        0.107211       2.91737       23530.149       424.987     0.00007503     0.00006838
      73 a        0.108967       2.96515       23915.518       418.139     0.00059570     0.00040651
      74 a        0.109548       2.98095       24042.971       415.922     0.00057782     0.00041161
      75 a        0.111225       3.02660       24411.144       409.649     0.00020516     0.00008998
      76 a        0.111325       3.02930       24432.923       409.284     0.00001237     0.00000311
      77 a        0.112113       3.05075       24605.957       406.406     0.00246253     0.00248899
      78 a        0.112399       3.05852       24668.654       405.373     0.00001213     0.00000432
      79 a        0.112633       3.06491       24720.171       404.528     0.00000909     0.00000068
      80 a        0.112686       3.06634       24731.737       404.339     0.00010529     0.00012392
      81 a        0.113025       3.07557       24806.179       403.125     0.00000153     0.00000172
      82 a        0.113077       3.07698       24817.491       402.942     0.00163119     0.00148501
      83 a        0.113540       3.08958       24919.175       401.297     0.02382801     0.02151436
      84 a        0.114813       3.12423       25198.643       396.847     0.00002770     0.00000255
      85 a        0.114823       3.12450       25200.826       396.812     0.00004875     0.00003636
      86 a        0.115370       3.13938       25320.787       394.932     0.00020336     0.00005470
      87 a        0.115932       3.15467       25444.102       393.018     0.00094482     0.00039139
      88 a        0.116013       3.15689       25461.998       392.742     0.00025269     0.00025548
      89 a        0.116224       3.16261       25508.172       392.031     0.00001870     0.00002465
      90 a        0.116427       3.16813       25552.724       391.348     0.00082900     0.00072089
      91 a        0.116534       3.17104       25576.153       390.989     0.00127051     0.00073358
      92 a        0.116906       3.18118       25657.909       389.743     0.00000126     0.00000028
      93 a        0.117095       3.18631       25699.326       389.115     0.00032294     0.00025838
      94 a        0.118849       3.23406       26084.441       383.370     0.03036564     0.02817119
      95 a        0.119150       3.24225       26150.474       382.402     0.00055995     0.00083565
      96 a        0.119622       3.25509       26254.098       380.893     0.00044488     0.00065102
      97 a        0.119786       3.25953       26289.911       380.374     0.00684404     0.00707543
      98 a        0.120049       3.26671       26347.780       379.539     0.00008628     0.00014695
      99 a        0.120590       3.28142       26466.472       377.837     0.00014223     0.00014460
     100 a        0.121063       3.29428       26570.191       376.362     0.00353818     0.00403982
# Excitation spectrum ; written at 2020-09-05 14:37:16
#     Exc.     energy (Eh)   energy (eV)   energy (cm-1)   energy (nm)     Osc.(vel)      Osc.(len) 
       1 a        0.029176       0.79392        6403.374      1561.677     0.00886618     0.00008181
       2 a        0.029268       0.79642        6423.529      1556.777     0.00918550     0.00017933
       3 a        0.033575       0.91363        7368.890      1357.057     0.02376336     0.01220896
       4 a        0.034218       0.93112        7509.974      1331.562     0.00006737     0.00018698
       5 a        0.036864       1.00312        8090.689      1235.989     0.03493534     0.01122130
       6 a        0.037106       1.00971        8143.900      1227.913     0.00166369     0.00037996
       7 a        0.039200       1.06668        8603.365      1162.336     0.00002347     0.00000037
       8 a        0.041021       1.11624        9003.055      1110.734     0.00000484     0.00000421
       9 a        0.043501       1.18373        9547.465      1047.398     0.00000910     0.00001228
      10 a        0.046417       1.26306       10187.300       981.614     0.02065929     0.02492290
      11 a        0.066733       1.81590       14646.192       682.771     0.00000032     0.00000104
      12 a        0.066762       1.81668       14652.530       682.476     0.00100935     0.00052207
      13 a        0.066905       1.82058       14684.001       681.013     0.00109803     0.00048203
      14 a        0.067740       1.84330       14867.246       672.620     0.00028641     0.00071155
      15 a        0.067918       1.84815       14906.320       670.856     0.00114985     0.00124123
      16 a        0.068990       1.87732       15141.599       660.432     0.00237613     0.00077567
      17 a        0.069108       1.88052       15167.398       659.309     0.00168101     0.00028679
      18 a        0.070545       1.91962       15482.772       645.879     0.00008669     0.00005662
      19 a        0.070629       1.92192       15501.329       645.106     0.00000099     0.00006532
      20 a        0.071212       1.93777       15629.149       639.830     0.00080661     0.00126632
      21 a        0.071359       1.94178       15661.528       638.507     0.00012401     0.00008298
      22 a        0.072511       1.97313       15914.341       628.364     0.00018094     0.00044848
      23 a        0.072855       1.98250       15989.904       625.395     0.00189855     0.00060708
      24 a        0.073074       1.98845       16037.942       623.521     0.00265105     0.00211599
      25 a        0.073279       1.99403       16082.963       621.776     0.00269798     0.00199093
      26 a        0.073785       2.00779       16193.912       617.516     0.00365193     0.00487339
      27 a        0.074959       2.03973       16451.532       607.846     0.00002786     0.00000795
      28 a        0.075716       2.06033       16617.691       601.768     0.00000137     0.00000550
      29 a        0.076141       2.07191       16711.060       598.406     0.00146031     0.00082343
      30 a        0.076244       2.07471       16733.625       597.599     0.00002801     0.00000787
      31 a        0.076395       2.07880       16766.655       596.422     0.00663646     0.00415649
      32 a        0.076691       2.08688       16831.813       594.113     0.00005502     0.00026478
      33 a        0.076744       2.08832       16843.420       593.704     0.00372616     0.00365141
      34 a        0.077418       2.10665       16991.253       588.538     0.00369896     0.00281773
      35 a        0.077980       2.12193       17114.546       584.298     0.00009393     0.00010774
      36 a        0.078016       2.12293       17122.575       584.024     0.00016312     0.00011429
      37 a        0.079766       2.17055       17506.632       571.212     0.00199270     0.00087897
      38 a        0.080198       2.18230       17601.477       568.134     0.00093857     0.00010660
      39 a        0.082194       2.23661       18039.497       554.339     0.00003474     0.00002002
      40 a        0.082444       2.24340       18094.281       552.661     0.00150023     0.00085374
      41 a        0.082568       2.24679       18121.606       551.827     0.00136743     0.00074688
      42 a        0.083271       2.26592       18275.856       547.170     0.00048101     0.00046483
      43 a        0.083359       2.26832       18295.255       546.590     0.04460445     0.04691150
      44 a        0.083370       2.26861       18297.566       546.521     0.00000969     0.00001547
      45 a        0.083841       2.28143       18401.003       543.449     0.00023744     0.00018227
      46 a        0.083878       2.28245       18409.194       543.207     0.00000399     0.00000206
      47 a        0.084098       2.28843       18457.434       541.787     0.00006635     0.00001992
      48 a        0.084600       2.30209       18567.579       538.573     0.01062574     0.01139410
      49 a        0.086624       2.35717       19011.854       525.988     0.00395703     0.00369281
      50 a        0.086631       2.35734       19013.238       525.949     0.00129102     0.00114799
      51 a        0.087238       2.37387       19146.561       522.287     0.00032482     0.00009786
      52 a        0.091492       2.48963       20080.255       498.002     0.00001102     0.00000317
      53 a        0.092751       2.52387       20356.423       491.245     0.00010653     0.00005888
      54 a        0.092838       2.52626       20375.663       490.782     0.00137202     0.00119557
      55 a        0.092914       2.52831       20392.178       490.384     0.00110475     0.00099667
      56 a        0.093095       2.53324       20431.922       489.430     0.00048227     0.00041868
      57 a        0.093631       2.54782       20549.522       486.629     0.00046712     0.00044045
      58 a        0.095207       2.59072       20895.554       478.571     0.00858319     0.00743098
      59 a        0.095937       2.61058       21055.756       474.930     0.01035598     0.00661343
      60 a        0.096870       2.63598       21260.601       470.354     0.00005589     0.00000335
      61 a        0.097943       2.66517       21496.049       465.202     0.00012690     0.00011440
      62 a        0.099336       2.70307       21801.726       458.679     0.04145184     0.03274637
      63 a        0.100193       2.72638       21989.724       454.758     0.00013334     0.00028133
      64 a        0.100206       2.72675       21992.714       454.696     0.00007930     0.00002159
      65 a        0.101410       2.75951       22256.963       449.298     0.00010148     0.00000864
      66 a        0.102809       2.79757       22563.946       443.185     0.00005013     0.00001568
      67 a        0.103028       2.80354       22612.095       442.241     0.01403976     0.01302017
      68 a        0.103270       2.81011       22665.043       441.208     0.00094282     0.00029997
      69 a        0.104207       2.83561       22870.715       437.240     0.02727750     0.02555807
      70 a        0.105393       2.86789       23131.127       432.318     0.00286440     0.00020799
      71 a        0.106258       2.89143       23320.959       428.799     0.02859536     0.02559271
      72 a        0.107211       2.91737       23530.148       424.987     0.00007480     0.00006833
      73 a        0.108967       2.96515       23915.517       418.139     0.00059589     0.00040603
      74 a        0.109548       2.98095       24042.970       415.922     0.00057841     0.00041123
      75 a        0.111225       3.02660       24411.144       409.649     0.00020456     0.00008980
      76 a        0.111325       3.02930       24432.922       409.284     0.00001238     0.00000314
      77 a        0.112113       3.05075       24605.957       406.406     0.00246184     0.00248871
      78 a        0.112399       3.05852       24668.653       405.373     0.00001227     0.00000435
      79 a        0.112633       3.06491       24720.170       404.528     0.00000900     0.00000067
      80 a        0.112686       3.06634       24731.737       404.339     0.00010541     0.00012402
      81 a        0.113025       3.07557       24806.179       403.125     0.00000152     0.00000171
      82 a        0.113077       3.07698       24817.491       402.942     0.00163148     0.00148505
      83 a        0.113540       3.08958       24919.175       401.297     0.02382477     0.02151286
      84 a        0.114813       3.12423       25198.643       396.847     0.00002769     0.00000255
      85 a        0.114823       3.12450       25200.826       396.812     0.00004877     0.00003641
      86 a        0.115370       3.13938       25320.787       394.932     0.00020354     0.00005472
      87 a        0.115932       3.15467       25444.102       393.018     0.00094495     0.00039149
      88 a        0.116013       3.15689       25461.998       392.742     0.00025309     0.00025582
      89 a        0.116224       3.16261       25508.172       392.031     0.00001867     0.00002468
      90 a        0.116427       3.16813       25552.724       391.348     0.00082889     0.00072092
      91 a        0.116534       3.17104       25576.153       390.989     0.00127046     0.00073348
      92 a        0.116906       3.18118       25657.909       389.743     0.00000127     0.00000028
      93 a        0.117095       3.18631       25699.326       389.115     0.00032278     0.00025839
      94 a        0.118849       3.23406       26084.440       383.370     0.03036005     0.02816750
      95 a        0.119150       3.24225       26150.473       382.402     0.00055999     0.00083542
      96 a        0.119622       3.25509       26254.097       380.893     0.00044501     0.00065081
      97 a        0.119786       3.25953       26289.910       380.374     0.00684289     0.00707405
      98 a        0.120049       3.26671       26347.780       379.539     0.00008644     0.00014689
      99 a        0.120590       3.28142       26466.471       377.837     0.00014198     0.00014453
     100 a        0.121063       3.29428       26570.190       376.362     0.00353941     0.00404070
