# Electronic transition moments of , IRREP a   electric dipole (length) / electric dipole (velocity) / magnetic dipole
 -.14858130592216E-01   -.18577485391353E-02   0.67499248739411E+00   -.20866487662396E-02   0.74971275888648E-04   0.64830026114990E-01   0.33446281747414E-05   -.16129431964713E-05   0.75568232927385E-04
 -.79163027881059E-01   0.56569630283774E+00   0.16957793851715E-01   0.97004088239100E+00   0.80902861476894E-03   -.15994909105759E-01
 0.68127290482468E+00   0.80058917279273E-01   0.14660169667818E-01   0.95659881494095E-01   -.64801758032347E-02   0.14023242514136E-02   -.15130166527833E-03   0.74747589285249E-04   0.14966081727718E-05
 -.16615228059114E-02   0.12351324558527E-01   0.35405619024691E-03   0.21159679169191E-01   -.35535102625739E-01   0.73760512101669E+00
 0.21076586202487E+00   -.10086212395469E+01   0.26069722189688E-03   -.12346123779482E-01   -.73846500737581E+00   -.31465742496495E-03   0.11074488018222E-02   0.13888852715248E-03   -.41480560988893E-05
 0.14162966750139E-04   0.10153739319906E-01   0.44711558239943E-03   0.33395836768283E-02   0.53021672105409E+00   0.12668407117726E+01
 -.77858293403364E-03   0.43959361975836E-02   0.54118258361004E-01   0.54414741315635E-04   0.31425602057994E-02   -.90501390221962E-01   -.40687752241970E-05   -.57249738325050E-06   -.10790558631934E-02
 -.17203051659273E-01   0.29838000613214E+01   0.81762150020233E-01   0.91464136081155E+00   -.19555804082010E-02   -.51689995051055E-02
 0.10963245500651E+00   0.11872770099516E+01   0.42382607994673E-02   0.31111792085949E-01   0.67503994436528E+00   0.20622903435421E-02   0.23178760329854E-03   0.12654145809147E-03   -.45657112378555E-05
 0.57905726289330E-02   -.79464668509196E-01   0.53288681924166E-02   -.36288910344992E-02   0.74174532332269E-01   -.51948819906977E+00
 -.18153128101844E-02   -.19202963954184E-01   0.25863610757626E+00   -.48546884692808E-03   -.10961913887298E-01   0.12345021911253E+00   -.40111071199025E-05   -.22706699712884E-05   -.31818993044862E-03
 0.35486452818602E+00   -.48023357482524E+01   0.32814777736558E+00   -.19008102753568E+00   -.12525188415905E-02   0.79444486069155E-02
 -.39047066037425E-05   -.78422710766010E-04   -.30017294945002E-01   -.22663185462319E-05   -.66534537993318E-04   -.37432013732914E-02   0.13761234203325E-06   -.72790213453916E-06   0.13166010178824E-04
 0.69855132565157E+00   -.19374637297868E+00   -.67988436542358E+00   -.98952376538212E-01   0.42246734681996E-04   0.17853585458109E-03
 -.26312075715156E-06   -.64390419868937E-05   -.13284346226977E-01   0.32784841591269E-06   -.71225718727604E-05   0.12391621139656E-01   0.18912283267773E-07   -.16695630419072E-07   0.29373598078799E-03
 0.40728114139846E-01   0.17199952771198E-01   -.36590712611887E-01   0.48622115137414E-01   0.31156993616121E-05   0.51814171508222E-05
 0.15361132998655E-01   0.88059965927605E-02   0.16757639240589E-04   0.73727624319158E-02   0.19221854299059E-01   0.90138174862234E-05   -.13572362325906E-03   0.16870709591137E-02   -.10557908992926E-06
 0.29424373905258E-03   -.43993702968587E-03   -.20057881860018E-03   0.19052421158614E-04   -.31017188773900E-01   -.22477889701426E+00
 0.10538798093372E+00   -.81021909929510E+00   -.33220899644808E-04   0.11199245779286E+00   -.89042359342869E+00   -.18220064564079E-04   0.22522045488569E-03   0.26653311516444E-04   0.58034805741410E-07
 -.29637503999385E-04   0.80842518423806E-03   -.46839958194755E-04   0.42720309662731E-04   0.49606022996929E+00   -.53408082843880E+00
 0.34852645401481E-03   0.13044432732702E-03   -.26680920336060E-02   0.24682037997012E-03   0.10140653696045E-03   -.48365971886744E-02   0.25897650217654E-05   0.25145983483114E-06   -.10147911053473E-03
 0.25795288446706E+00   0.35532941353679E-01   -.21017574231857E+00   0.31089502427036E-01   -.15466388525436E-03   0.17569368616634E-02
 0.14174902761604E+00   0.50829870168209E-01   -.18370659380728E-02   0.10107301278769E+00   0.38942769025341E-01   -.12011565491040E-02   0.10620284706859E-02   0.84949251569957E-04   0.11845122310776E-04
 0.15076995921918E-02   -.42522136995876E-02   -.10979726315995E-02   -.80773309676075E-02   -.58849147906640E-01   0.71711503658729E+00
 -.16900200983689E-02   -.58507380377963E-03   -.15691018328667E+00   -.12230771358904E-02   -.44796823806482E-03   -.10397955795669E+00   -.12693561626815E-04   -.93347329579080E-06   0.98788452457308E-03
 0.18109517002957E+00   -.35649982595145E+00   -.13610965764164E+00   -.67031739880147E+00   0.63078610200935E-03   -.82943959797781E-02
 0.71971786096160E-01   -.34011211466671E-01   0.15479733418779E-02   0.12311871653921E+00   -.24315177869560E-01   0.16123312307851E-02   -.17581082735127E-03   -.56634796358345E-04   0.37996232679432E-06
 0.20374529286058E-02   0.35357688404351E-02   -.43584865511880E-03   -.14554720015667E-01   0.22539531180196E+00   -.15890549582251E+01
 0.67855768391071E-03   -.28817489987440E-03   -.15933090476582E+00   0.11793871349258E-02   -.18759793877464E-03   -.16554665202274E+00   -.14709959024685E-05   -.53524160864282E-06   -.14494303717318E-04
 -.20808298453782E+00   -.35871983029149E+00   0.47233561058812E-01   0.14718349510534E+01   0.21684371445987E-02   -.15284427727281E-01
 0.21972353964875E+00   0.57851850411513E-01   -.28590695483388E-02   0.12648897052888E+00   0.29402631333230E-01   -.11767278804652E-02   0.47543464849654E-03   0.14794568707128E-03   0.67869148178927E-05
 0.40199091184178E-02   -.26012991020579E-02   -.23917973160842E-02   -.14053723220309E-01   -.51658182668192E-01   0.42970806398678E+00
 0.32951930177696E-02   0.86865449568855E-03   0.19094622170553E+00   0.19056258379682E-02   0.43692261155202E-03   0.78864481340792E-01   0.72672641035891E-05   0.22401019980006E-05   -.44977723883884E-03
 -.26869300812463E+00   0.15413027095564E+00   0.15872222940497E+00   0.93297518139346E+00   -.79046365631464E-03   0.63341433164790E-02
 -.32864596950214E-01   0.27585537875374E-01   0.23295849050320E-03   -.16419355297990E-02   0.34656370458756E-01   0.10319147120235E-02   0.58992861067599E-03   -.17960496546670E-03   -.16973530608992E-04
 0.16968524129284E-02   0.96179773699120E-02   -.11851113913340E-02   -.40809792731607E-02   0.77527119602262E-01   0.13791138904960E+00
 -.10949311071235E-02   0.95060377898818E-03   -.43969772789222E-02   -.35562976463251E-03   0.12030614019576E-02   -.37237465509982E-01   0.15463648354339E-04   -.44600742470046E-05   0.73537625745743E-03
 -.77723985052023E-01   -.36586008771740E+00   0.67240272761339E-01   0.12188746806495E+00   0.13659897093810E-02   0.57573882243769E-02
 0.90602688449690E-01   -.93766508930845E-01   -.63983325301016E-03   0.10908434177699E+00   -.12156969116356E+00   -.63554359818010E-03   -.26336898548097E-03   -.61767754857726E-04   -.64299425150610E-05
 0.16859521282240E-02   -.52212315541422E-02   -.29756942630562E-02   0.51260234446257E-02   0.19201287610424E+00   -.81073499135175E+00
 0.11641314296858E-02   -.12390574771839E-02   0.51065510502259E-01   0.13082857772000E-02   -.15960195760652E-02   0.41735954450944E-01   -.41657845858151E-05   -.23119329117724E-06   0.71805976303932E-03
 -.16320358511992E+00   0.37665206011064E+00   0.27106557260249E+00   -.37881077398299E+00   0.21721439067291E-02   -.98823707531006E-02
 -.10998552679098E-03   0.10739608628676E-02   0.61190794927962E-01   0.31556607070805E-03   0.52789785174039E-03   0.96325625571837E-01   0.57313821031325E-05   -.54743793416633E-07   -.70328532598075E-03
 0.46383720192628E-01   -.15125358545249E+01   -.37031610022556E-01   -.73644701279457E+00   -.39613343538090E-03   -.47332403733589E-02
 -.31507994514457E-01   0.19520220879097E+00   -.60397949582626E-03   0.33258975177640E-01   0.10675434732419E+00   -.76551150856731E-03   0.92407682072429E-03   -.54798251910811E-05   0.44478894080007E-05
 -.49899995512002E-03   0.10886146474554E-01   0.37144843621782E-03   0.57728907385360E-02   -.99509239933887E-01   -.58072068279027E+00
 0.22919156745920E+00   -.43512865905975E-01   0.17814430451085E-02   0.20123560828656E+00   -.54141218118633E-01   0.15246910447654E-02   0.34090082913496E-04   -.52965601209287E-04   0.28494828409880E-05
 0.26337653989922E-02   0.18747167722379E-02   -.94489125767774E-03   -.16415119271985E-01   0.22886106098049E+00   -.19178612705561E+01
 0.17079087905145E-02   -.80824149786786E-03   -.23501515605296E+00   0.14517355641855E-02   -.88105320550991E-03   -.20184378635809E+00   0.39698381286472E-06   -.41671462849359E-06   -.33090732793165E-03
 -.34317594926390E+00   -.15748231946651E+00   0.12589957378268E+00   0.21547228869631E+01   0.18863008704793E-02   -.13458305906547E-01
 -.44364520082476E-01   -.26886877558671E+00   0.31623795759044E-03   -.37449998838116E-01   -.31257244851340E+00   0.27498030555921E-03   0.36240462337746E-03   -.30148963114310E-04   0.28512666523882E-06
 0.47025276394188E-03   0.13747350071502E-03   -.14594147902847E-03   -.28693957557340E-02   0.44483946068666E-01   0.58100513896493E+00
 -.14057156698926E-01   0.18991589158536E-01   0.18093582641121E-04   -.10243939184369E-01   -.73411359493329E-02   -.32902895469991E-04   0.16528861406139E-03   0.42195710714126E-03   0.72616652354055E-06
 0.89890808875856E-03   -.35337764476810E-02   -.92997973497443E-03   0.94011314965907E-03   -.41699097237105E-01   0.11102683690831E+00
 -.41022098432391E-04   -.30682452436396E-03   -.51926575230682E-02   -.11931011233439E-04   -.32043001951406E-03   0.10436663529582E-01   0.98364832973486E-06   0.35414418452890E-05   -.18454426293095E-03
 -.17653367780076E+00   0.96748221619490E+00   0.18264018371343E+00   -.24798643920346E+00   0.11438351830368E-03   0.55977280164356E-03
 -.35626857114194E-02   0.16962539145103E+00   0.19408554465257E-03   -.66373666068603E-02   0.12719672493357E+00   0.33848748884089E-04   -.30473243264289E-03   -.19640607150057E-02   0.88919523688705E-05
 -.28182493157373E-02   -.33008334163919E-01   0.22656972299331E-02   0.46902023775987E-02   -.13863005094415E+00   -.43504424338298E-01
 0.96968626399222E-03   -.50310863921547E-02   -.22914029702850E-01   0.10991194074229E-02   -.41759942429621E-02   -.11678435020561E-01   0.43617871845005E-05   -.33434292673162E-04   -.10334052907418E-02
 0.26668244273011E+00   0.31298557172908E+01   -.23486901392388E+00   -.38448798810953E+00   0.39441339068749E-02   -.48789609465746E-02
 0.37866569441480E-01   -.35911023932454E+00   0.58660909193289E-03   0.41171493984302E-01   -.28271919001073E+00   0.73899107074988E-03   0.78425747426500E-03   -.81009007433875E-03   0.23467789178861E-04
 -.45182920376854E-02   -.36043086418554E-01   0.54110493090501E-02   0.76469613220453E-04   0.27822520203629E+00   -.78301188367493E-01
 -.36293597871199E-02   0.11647318278895E-01   0.30448404435852E-01   -.45645888140979E-02   0.10509828530141E-01   0.71035878203533E-01   0.28203470885996E-04   0.10103984502952E-04   0.87672441577023E-03
 -.62402956450629E-01   0.16267224228164E+01   0.23402776372024E+00   -.73391989719801E+00   -.97995405719761E-02   0.26905956350488E-01
 -.95510648415323E-01   0.25245645189864E+00   -.10429489093449E-02   -.12215066218168E+00   0.23759294255096E+00   -.23929391945823E-02   0.10284119053131E-02   0.18864039863543E-03   -.34472322189596E-04
 0.33117600147870E-02   -.42400237812801E-01   -.90007890517499E-02   0.22664088795407E-01   -.21504115261541E+00   0.75686990802595E+00
 0.88332532644794E-01   -.25279171219491E+00   0.23761902602726E-03   0.87335144587927E-01   -.21673204623297E+00   0.25705735651383E-03   -.11884159615822E-03   0.19076193208364E-04   0.11353798066590E-05
 0.12567559395610E-02   0.70385626157482E-02   0.47962058827654E-03   -.35851699817440E-02   0.51228743356899E+00   -.48212289035337E+00
 -.47608675588001E-03   0.12399368166606E-02   0.42489141869966E-01   -.48917880689639E-03   0.10722797969737E-02   0.45496981366636E-01   -.11914001206430E-05   -.62238791853775E-05   0.98901062792863E-04
 0.22945534079599E+00   0.11558481061157E+01   0.58063771655460E-01   -.60333082553371E+00   -.27151009350928E-02   0.20085638851324E-02
 0.76520577450550E-02   -.55474985019865E-01   -.18352861625591E-03   0.52573362181436E-02   -.46576776038889E-01   -.19663354503509E-03   -.32137432318648E-03   -.13535710277570E-02   -.45094789181350E-06
 -.12720594876613E-02   -.53027249579063E-02   -.95753016902140E-05   0.26842340226069E-02   0.79477001541231E-01   -.18517824754123E+00
 0.12386621845221E+00   0.14876792708186E+00   0.10170436890672E-03   0.33343355163328E-01   0.12421507596436E+00   0.44862779878309E-04   0.15510589470385E-02   -.45415516867018E-03   -.12872034637315E-05
 -.94024653496649E-04   0.25879326407782E-03   0.96691883913680E-04   -.11667426675449E-03   -.64807659730840E-01   -.28014958728540E-01
 0.84603541747418E-04   0.20038005916161E-03   -.13250022050450E+00   0.58850708548563E-05   0.17118147198310E-03   -.44695815230033E-01   0.10860219868020E-05   -.33439666211852E-06   0.15563881515361E-02
 0.11958968754674E+00   0.41442288475227E+00   -.97575839078374E-01   -.99818485798984E-02   -.13317973234326E-03   0.40009429005169E-04
 0.90331420022377E-05   -.64353541867042E-03   0.25174195231833E-01   0.18636327767816E-04   -.66034383302801E-03   0.19109665452817E-01   -.13992443390092E-07   0.15667170886747E-06   -.28120854669849E-04
 0.15975309587731E+00   0.25917691490162E+01   0.28832197381390E+00   -.12990274906853E+00   0.33902001860730E-03   -.78674060971051E-03
 -.22573371830009E-02   -.15769070023150E-03   0.16522079034802E+00   -.16715306742609E-02   -.66078500717654E-04   0.12467998164680E+00   -.15537796711481E-04   0.40836319158281E-06   -.10722228484104E-02
 -.32423167660744E+00   -.16515049360509E+00   0.12683640871705E-01   0.11141953019567E+01   0.17999069036987E-02   -.17083103794026E-01
 0.15663983878389E+00   0.17248861184818E-01   0.23603152157000E-02   0.11597101296999E+00   0.11092477104428E-01   0.17833444718328E-02   0.10812534472001E-02   -.27431416183716E-04   -.15393333397489E-04
 -.45750453607337E-02   -.12650526586856E-02   0.29540567283077E-03   0.15925218017688E-01   -.13094998637433E+00   0.11942251601895E+01
 0.22603817969886E-01   -.90304359611376E-01   -.12601072512308E-03   0.20805192204911E-01   -.89102918558127E-01   -.13362278699766E-03   -.11637898217464E-03   -.26368060440557E-03   -.52392106798747E-06
 0.12907501579451E-02   0.15278609917245E-03   -.14231483620687E-02   0.66547809867643E-03   0.46616454663931E-01   -.13916797245079E+00
 0.14211339846857E+00   -.88470705797627E+00   -.76540677634211E-04   0.13101495729116E+00   -.90938114526155E+00   -.14045309603399E-03   0.81144521387801E-03   0.14128228072970E-03   0.27367032212126E-06
 0.59404882606076E-02   0.25190478107941E-03   -.56091373522090E-02   0.22329725342806E-03   0.44058322344297E+00   -.32536753810308E+00
 0.17883000618477E-02   -.10903351751780E-01   0.72684207191605E-02   0.16497517887060E-02   -.11191496316509E-01   0.12256790923090E-01   0.88016784736824E-05   0.29954522699200E-06   -.33393927190968E-04
 -.48909936250359E+00   -.14538595872253E+00   0.44498146921183E+00   -.10075290846229E-01   0.54320302762550E-02   -.46614877294831E-02
 -.33189128823091E-06   -.33830360923388E-04   -.65185423145874E-01   0.31943429950114E-06   -.45110908533305E-04   -.57095299849605E-01   0.19744479863076E-06   0.18237250457191E-06   0.15099977066564E-02
 -.12579249871631E+00   -.82738212210333E+00   -.81808979102940E-01   0.10749293111228E+00   -.46326259749057E-05   0.49155850280982E-04
 0.54897552942461E-04   0.19799472546673E-03   0.84374174875536E-02   0.49086859279750E-04   0.22197152931732E-03   0.60814677755722E-02   -.10409727499901E-05   -.15080348760631E-05   0.30426958224237E-03
 0.25003917638880E+00   0.50065562168286E-01   -.18834766689254E+00   -.97893289321566E-01   -.38768569362269E-04   -.58016634694155E-03
 0.88822569947399E-05   0.50209060195942E-04   0.34406421553960E-01   0.39130056697784E-06   0.52679778029539E-04   0.18853744838851E-01   0.23302182976375E-06   0.57877622385995E-06   -.37742507992335E-03
 -.79932974691487E+00   0.27026108217890E+00   0.83198927677220E+00   -.14913553303534E+00   -.31124452441328E-04   0.19933061812911E-03
 -.29393592742491E-01   -.43303954595497E+00   0.37336748722931E-07   -.12939909382613E-01   -.44928046393870E+00   -.64443889152368E-06   -.13728627114373E-02   -.18312524481319E-03   -.86168888615021E-07
 -.61442928135645E-04   -.16760270905437E-03   0.76534844928296E-04   -.26672735217604E-04   0.43224801884180E-01   -.16499028056207E+00
 0.61254220803020E-01   -.25322901098177E+00   0.25330823855631E-01   0.47655292930989E-01   -.24779491135994E+00   0.16659701973126E-01   -.38557256372835E-03   -.17559257545770E-03   0.12238205726520E-03
 -.57725441340155E-01   0.39680165995039E+00   0.22655072955970E-01   0.88053624303446E-01   0.36303080908998E+00   0.10065626918178E+00
 0.33384026020741E-01   -.13814157316669E+00   -.46445090854014E-01   0.25970283107284E-01   -.13517572836352E+00   -.30523524823915E-01   -.21051040943284E-03   -.95693874644891E-04   -.22367677603959E-03
 0.10634139485675E+00   -.72348872854526E+00   -.41472532209687E-01   -.16153693810083E+00   0.19811439313656E+00   0.54807510447927E-01
 0.11564437810795E-04   0.66560678261217E-04   0.74729590704975E-01   0.39049293310566E-05   0.42717150170465E-04   0.41015363133219E-01   -.30739853560871E-06   -.86065420126353E-07   -.45409269043294E-03
 -.14684124207805E+00   -.27560230696295E+01   -.78865799316118E-01   0.17345235612807E+00   0.10787333939700E-03   0.12010079831469E-03
 0.19814746520098E-04   -.18356096981656E-04   0.13444144311789E-01   0.21211200198200E-04   -.48036873659343E-04   0.72239032776065E-02   -.12161079608388E-06   -.31682841303738E-07   0.18938571463765E-04
 -.52193614440660E+00   -.47549373849341E+01   -.42408660063129E+00   0.28978491830240E+00   0.15371427616467E-04   0.54514832804339E-04
 -.30747841228841E-03   -.86841943098392E-05   0.41447173164336E-01   -.29360748519818E-03   -.16461199672142E-04   0.30829852528401E-01   -.18379529860591E-05   -.45109960772827E-06   -.55390731705689E-03
 -.78159952060288E+00   -.53786338792607E+00   0.67469206182869E+00   0.25783631428214E+00   0.38041706509341E-03   -.30959859338084E-02
 -.29925503309688E-02   0.63382539204592E-04   0.14877379779023E+00   -.28477293712511E-02   -.81562291990760E-04   0.13893901916563E+00   -.16338195186643E-04   -.83369426788601E-06   -.67134031117171E-03
 -.22399065755738E+00   -.44985086907260E+00   -.90820227538010E-01   0.11377516774198E+01   0.25625549566941E-02   -.27041635586499E-01
 -.13326985195897E+00   0.39208489389635E-02   -.35461160056919E-02   -.12675693216705E+00   -.30372893937988E-02   -.32869585805441E-02   -.72837191456646E-03   -.42174425011994E-04   0.16708478126420E-04
 0.65842005932163E-02   0.12313737719538E-01   0.22395936584658E-03   -.25828905311778E-01   0.11098338909137E+00   -.11917287245921E+01
 0.41840815326553E-03   0.27250533705203E-04   0.88135179604282E-01   0.33515872235319E-03   0.30640086971391E-03   0.82130432121854E-01   -.10139195472603E-05   0.21816484964471E-06   0.79325754870511E-04
 0.41938568525768E+00   -.87332977769844E+00   0.22416227770102E+00   -.61157801859220E+00   0.22692826248031E-02   -.59322343601111E-02
 0.86504875553897E-01   -.18366231316774E-02   -.59381324045834E-03   0.72216017808466E-01   0.42969671222597E-01   -.55066562055589E-03   -.70478733181217E-04   0.53797788831583E-04   -.27150262504361E-06
 -.24603347524111E-02   0.55703046889368E-02   -.15439646729355E-02   0.35922881808075E-02   0.35837243693055E+00   -.77696652549036E+00
 0.45880364507003E-01   -.36486027962534E+00   0.10769377588022E-04   0.39476791631597E-01   -.33988643424240E+00   0.11815200981899E-04   0.24987087701367E-04   -.51477319734147E-04   0.73249222533507E-07
 -.10213592938612E-03   -.68692115034346E-03   -.50337568477384E-04   0.95412523778985E-04   0.63236659394165E-01   -.10952865179598E+00
 0.21481309844280E-01   -.40178753327414E+00   0.43310225845241E-04   0.21398791289373E-01   -.32083242949571E+00   -.77763032853621E-05   0.10377532516974E-02   0.22408258962800E-03   -.23110836195619E-05
 0.11199202568994E-03   -.48707045557802E-02   -.55607266888739E-03   -.14109355409764E-03   0.22971291772955E+00   -.25728267267667E+00
 0.85315873559890E-04   -.12755277088326E-02   -.29418919109152E-01   0.11336685870286E-03   -.10493584065998E-02   -.71394932633970E-02   0.19035905169539E-05   0.44766801256818E-06   0.11598673003854E-02
 -.11163972288480E+00   0.21114876575048E+01   0.25432889214944E+00   0.56267484672649E-01   0.10117925031815E-02   -.46240328209223E-03
 -.77215542641391E-02   0.43513318101522E-01   -.14962457276061E-04   -.52268612980275E-02   0.41550713273933E-01   -.12309999241490E-04   -.10221480753543E-03   -.10538429271256E-02   0.13182444618108E-06
 0.85513985957602E-04   0.20159608941611E-03   -.13729022950620E-03   0.60237392849798E-04   -.11392079955495E-01   0.26758681498982E-01
 -.32531438390805E-01   0.79049331512997E+00   -.18118679403288E-03   -.83476016923089E-01   0.69822576148079E+00   -.23997302033638E-03   0.78850630991738E-03   0.98006813991930E-04   -.47700891212347E-06
 -.79213574268954E-03   0.11239329100723E-02   -.56336841530840E-03   0.16643118982753E-02   -.95689536645913E+00   0.35055494336341E+00
 0.54939318842892E-03   0.32296495137646E-02   0.44569865611006E-01   0.24095107096304E-04   0.29330909110021E-02   0.64823689991553E-01   0.67976023637637E-05   0.10651685738283E-04   0.34129412964818E-03
 0.15486762101175E+00   -.29396826142990E-01   0.23577814648853E+00   -.44737305976377E+00   -.40371155844807E-02   0.59730137095138E-03
 0.33604533577453E-01   -.75165950012884E-02   -.78291422819549E-03   0.16971076396841E-01   -.57832173565578E-02   -.11349346894453E-02   0.18083460491132E-03   0.59345121365366E-03   -.59330233586343E-05
 -.26134507708904E-02   0.42786490512849E-03   -.42237805263477E-02   0.78223215135081E-02   -.11402335478591E-01   -.19460738844322E-01
 -.60683330641751E-06   -.10585190611827E-03   0.38796124905346E-01   0.10033760448579E-04   -.99436699904334E-04   0.11317011811204E-01   -.24452378277092E-06   -.80341477255980E-08   -.68147526531746E-03
 -.11084863269335E+01   -.12663365044917E+00   0.10938979574236E+01   -.30613315818343E-01   0.13105259173358E-03   -.27906241937031E-04
 0.19370004372069E-01   0.18876628669041E-01   0.17796778696307E-05   0.71557755534670E-02   0.13314268078735E-01   0.65638666565931E-05   0.99477813707446E-04   -.11224785424140E-02   0.58281420014003E-07
 -.74823137738258E-04   0.87810099157739E-04   0.99514497284335E-04   -.37075990326002E-04   -.39187972190943E-01   0.16099485468887E+00
 0.14357712247035E+00   0.42871551522415E+00   0.64478594108295E-04   0.65034288800738E-01   0.43051973317985E+00   0.39798520836510E-05   0.10954570017583E-02   -.28329900471648E-03   -.11713692216054E-05
 -.65730895070115E-04   0.37802644340992E-03   -.92788416598100E-04   -.55751587863971E-04   -.20526849626236E+00   -.56305326432145E+00
 0.10215506436421E-03   0.19106075373777E-03   -.11701255800552E+00   0.59644495223778E-04   0.19921568352419E-03   -.66008295988449E-01   0.59179173601678E-06   -.31207670367765E-06   0.10044191748482E-02
 -.14623877397720E+00   -.52252499477979E+00   -.31828087851791E-02   0.40099195829308E+00   -.24414466289687E-04   -.35921732857905E-03
 -.82301899481371E-02   0.62657174664550E+00   -.45675093970705E-04   -.48539768579519E-01   0.60460051823800E+00   -.30607749824312E-04   -.62456766543107E-04   0.34645264170546E-03   0.20278907813446E-06
 -.11304945451369E-03   -.88527675728570E-04   -.55767074023963E-04   0.24677149763740E-03   -.52758891089767E+00   -.28412307487604E+00
 0.25315684598200E-06   0.39592331065875E-04   0.20191640691244E+00   -.11677617543708E-05   0.36261304377601E-04   0.54394635271773E-01   -.41776303592768E-07   0.71858551717476E-08   -.16605253696439E-02
 0.10333736488963E+00   0.96169004255128E-01   0.85832669763922E-01   -.73174839927972E+00   -.34771713261417E-04   -.43656683264382E-04
 0.20877202301006E+00   -.60008579211267E+00   0.86192266208460E-05   0.89892445907904E-01   -.59430550166097E+00   0.12552374889359E-04   0.17427543391346E-02   0.70868760352084E-04   0.70312911920843E-07
 0.33377392104652E-04   0.12870577234497E-04   0.50007630134483E-04   -.87702640665148E-04   0.64193878811521E+00   -.60595313364867E+00
 0.67190676634399E-02   0.31696482473991E-01   0.23743276864301E-04   -.68931814677198E-03   0.30922718692780E-01   0.16013696924664E-04   0.11452428077266E-03   0.76899814990642E-03   -.75278861520050E-07
 -.29206550386424E-03   -.12019043812977E-04   0.33198410710315E-03   -.76606236971588E-04   -.10525057239283E+00   0.12606363364945E+00
 -.14347547431919E-04   0.71175915942483E-05   -.90554712007024E-01   -.16782339923051E-04   0.61987553138008E-05   -.74805932534081E-01   0.20975192276710E-06   0.21744715219030E-07   -.57170182958783E-03
 -.12277757649888E-01   0.21697177323386E+00   -.47283576518002E-01   0.24191696064924E+00   -.23445769303971E-04   0.45244606912352E-04
 0.88661645506687E-01   -.71404204492566E-02   -.19391047357619E-04   0.74276730628918E-01   -.10907364193229E-01   -.12320844205235E-04   -.68124213270798E-03   0.87989852688780E-04   -.39529863054795E-07
 0.11604711213546E-04   0.88921928617106E-04   -.23564738539406E-04   0.42183984082275E-04   0.49262442305081E-01   -.22750107179150E+00
 0.21415693734452E-01   0.48043436008479E-01   -.22134371314744E-03   0.10956734472758E-01   0.33066999854309E-01   -.11172278650583E-03   -.93292670222013E-05   0.74992397596895E-04   0.24492319654366E-05
 -.50334729590575E-02   0.37034596751657E-02   -.43078822427964E-02   -.24422945743798E-02   -.13705582809348E+00   0.14821194543871E+00
 -.37930879234150E-03   -.77918910638217E-03   -.12878577153404E-01   -.19360082767733E-03   -.52820966302509E-03   -.64487707489891E-02   0.25354897031683E-06   -.14036127474882E-05   0.14000545715435E-03
 -.29306323479702E+00   0.21111044592062E+00   -.25169565471029E+00   -.14228062139790E+00   0.23068588940813E-02   -.25440038486629E-02
 -.32723838900335E-01   0.17853902282451E+00   0.62656440400263E-04   -.35447190709577E-01   0.17900986067295E+00   0.41722100106158E-04   0.14184379088245E-03   -.21230812757326E-04   -.17984093628548E-05
 0.22993879287360E-02   -.39684039241456E-02   0.12553592054006E-02   0.14717868616681E-02   -.14508199553449E-01   -.13325353206860E+00
 -.21510535787131E-03   0.14628809532615E-02   -.12634566736466E-01   -.22072978887818E-03   0.14490508136581E-02   -.74539985640570E-02   0.14068958039460E-05   0.44124804090698E-08   0.30772096604484E-03
 -.41408536993630E+00   0.67809408858131E+00   -.17745936511681E+00   -.26513408803572E+00   -.30330336338845E-03   -.47008260902274E-03
 -.23401690698170E-04   -.56834915904687E-03   0.10988625778399E-01   0.39169998577648E-04   -.66657472889100E-03   0.29394694123683E-02   -.39981773950026E-05   -.40194415526882E-05   0.38244739878612E-04
 -.28372498773501E-01   0.24570134736158E+00   -.33422120115122E+00   -.79482311253440E-01   -.15414463781817E-02   0.66368972793271E-03
 -.64685771299870E-03   0.37429787096436E-01   0.33055741853620E-03   -.30065574678524E-02   0.40502505849268E-01   0.94054545415688E-04   0.15876001273778E-03   0.15771462771600E-03   0.61536047844913E-06
 -.54814678108458E-04   0.53454529535151E-02   -.86198825626609E-02   -.17933796484007E-02   0.49520987021766E-01   -.20707985035974E-01
 -.49403994267099E-03   0.41269767860440E-02   -.17335720746364E-02   -.31861870016559E-03   0.39516435247175E-02   -.26621552911406E-02   0.11157051051672E-04   0.71121289824786E-07   0.12779781775631E-03
 -.21642832297127E+00   -.21350771153082E+00   0.52713864790341E+00   -.28465584923086E-01   -.27076421968319E-03   0.84607001880707E-04
 -.16614894349106E-01   0.14615827382166E+00   0.65040263614170E-04   -.10790661669997E-01   0.13993837923123E+00   0.96423160865085E-04   0.35721400061806E-03   0.11575239515634E-04   -.42383406911965E-05
 0.71641027856677E-02   0.65267223308826E-02   -.16827314924408E-01   0.98025518496388E-03   -.19456354699852E-01   0.15448559944819E-01
 -.37783212621034E-01   0.55979357483417E+00   0.12113222232163E-04   -.27584994333356E-01   0.53241844034630E+00   0.14682351090653E-04   0.31717123719638E-03   0.65495200978155E-04   -.47722371250170E-06
 0.53222871953333E-04   -.13536957595056E-02   0.10084193457060E-02   0.24996168065996E-03   -.40097206884766E+00   0.44626497722301E+00
 -.39399135435163E-02   -.43865780324069E-02   -.18088200468463E-01   -.53742828456347E-03   -.52099369082776E-02   -.24276175007573E-02   0.20368823863045E-04   -.11541118226386E-03   -.24486572705278E-03
 -.24161719243473E+00   -.26614480388745E+00   0.26120280076137E+00   0.57875909774257E-01   -.94139283479908E-02   0.16502476998751E-02
 -.17074754498947E-01   -.18099466830500E-01   0.42013021524778E-02   -.24119917026092E-02   -.21654199928258E-01   0.56422253731342E-03   0.85992965220431E-04   -.49668006392497E-03   0.56990318148526E-04
 0.56147420288464E-01   0.61989203743148E-01   -.60736326374364E-01   -.13371210272778E-01   -.40919978049741E-01   0.76717271069526E-02
 -.61841018498597E-04   -.26265289908934E-03   0.51419379831380E-01   0.53172438621173E-05   -.28752653774364E-03   0.26665750511434E-01   0.16016021708302E-06   0.57380287604021E-06   -.69513032459396E-03
 0.14521460664712E+00   -.25119821909039E+00   -.19671749001916E-01   -.54566106332293E-01   -.43614940624480E-04   0.12260388149453E-03
 -.19161997355884E-03   -.66790149773856E-03   -.11056289863560E+00   -.23468595134450E-04   -.71718501791145E-03   -.71158438034546E-01   0.80846406521154E-08   0.10006834038969E-05   0.14466286190150E-02
 -.48187467651078E-01   -.18113792693222E+00   -.95125092795374E-01   0.49299072668339E-01   -.16262416195109E-03   0.37318862293032E-03
 0.28565021607159E-01   0.49504718300887E-01   -.69246665690796E-03   0.67330292659070E-02   0.57076689955720E-01   -.43714258036094E-03   0.10645307289214E-03   -.37276115462582E-03   0.51878951383898E-05
 -.19235927502437E-02   -.38377857438950E-02   0.15449574026043E-02   -.20656862269045E-03   0.13744462914868E-01   -.42864809472543E-01
 -.38721535278971E-05   -.13544172413672E-02   0.15475578289749E-01   0.92597537931331E-04   -.13218901259854E-02   0.17787900267331E-01   0.19697007573474E-05   -.95147594582540E-05   -.10548757404193E-02
 -.42880151503276E+00   -.39564040943162E+00   0.56184277086875E+00   -.11745934288210E+00   -.58768309099068E-03   0.54679378199851E-03
 0.15290201931856E-01   -.10220922783513E+00   -.17499950714187E-04   0.13844317222905E-01   -.95373114559591E-01   -.96842346333297E-04   0.31999653908640E-03   -.11831245906784E-02   0.73367106910444E-05
 0.32192016235921E-02   0.45945331450894E-02   -.44326303985923E-02   0.10582624884603E-02   -.62775169918174E-01   0.69205443635285E-01
 0.10614670126185E+00   -.71320677294104E-01   -.59620278613720E-04   0.66599778584854E-01   -.70760261554113E-01   -.50817976568170E-04   0.15186179118937E-02   0.14692173620809E-03   0.13538924830272E-06
 -.69885419315633E-03   0.15832969768749E-02   0.34272188442259E-04   0.61169346002317E-04   0.20870166719226E+00   -.10816326735863E+00
 0.15260937130589E-03   -.29794084217569E-03   0.40063374143990E-02   0.11310549295093E-03   -.29943183517810E-03   0.18723001625545E-02   0.15438961081561E-05   0.19215185647430E-05   -.32104851491604E-03
 -.17901584165122E+00   -.46046548496220E+00   0.37583075385606E+00   -.12264821209984E+00   0.40925592456717E-03   -.55478346232755E-03
 0.33915102528226E-03   -.10720730351233E-02   0.64309307938128E-01   0.27509604717836E-03   -.10385356994929E-02   0.57521688359749E-01   0.37717082522484E-05   -.10379400233744E-05   -.25439782329266E-03
 0.50187138790529E+00   -.82815366612702E+00   -.15155650431091E+00   0.17591248255855E-01   0.43104789841138E-03   -.60110730669662E-03
 0.12271462530766E+00   -.60678339893934E+00   -.92328845820323E-04   0.12414849640814E+00   -.58321172447355E+00   -.86470735911504E-04   0.12366714994984E-02   0.42141640174569E-03   0.27402942548899E-06
 -.25624116602595E-03   0.94123151188918E-03   0.42823423431231E-04   -.43881954125782E-03   0.78627456886713E-01   -.36080293091025E+00
 0.77003059786574E-01   0.33463450431673E-01   0.35570646003381E-05   0.91214668186616E-01   0.46904500244873E-01   0.57344736839917E-05   0.40100213933221E-03   0.11990309465965E-03   -.21080588728848E-06
 -.24532335825411E-04   -.50481003927185E-03   0.13441377409863E-03   -.46535452872772E-03   0.60855501787740E-01   0.15516524241231E+00
 -.26133181901056E-03   0.10330732252210E-02   0.74681948867547E-01   -.28453781606083E-03   0.10270735563592E-02   0.90345552808930E-01   -.32306734785290E-05   -.21947992525665E-06   -.39998849306356E-03
 -.74597001724298E-01   -.11513449263074E+00   0.18392036180589E+00   -.14033221332783E+00   -.36765915022124E-03   0.17763172923169E-02
 -.65581380865724E-01   0.28531071082978E+00   -.66693581249637E-03   -.69007980067484E-01   0.28954862765064E+00   -.81450226520370E-03   -.76920985823033E-03   -.75141169664256E-05   0.14575567582266E-05
 0.13592383503578E-02   -.18715687289513E-02   -.70968104251486E-03   -.34710002729830E-02   -.11308357427871E+00   0.51729981602216E+00
 -.68303092054891E-03   0.26085831436006E-02   0.32723743212219E-01   -.71646337827817E-03   0.27069880353939E-02   0.42757888078873E-01   -.63530345425701E-05   0.42311244281927E-06   -.83050194341574E-05
 -.16697936972605E+00   0.80530804806651E-01   0.95720664457633E-02   0.45000284903767E+00   -.14133783794523E-02   0.43442354322290E-02
 -.40046971659199E-03   0.60744275459400E-03   -.42054621869388E-01   -.44739194809262E-03   0.64140580169156E-03   -.42402996521206E-01   -.91204588063953E-07   -.54906580317875E-06   0.67714302366416E-04
 -.97169210877061E-01   -.34175471903682E+00   -.51285161898270E-01   0.40136140579735E-01   -.93300660945664E-03   -.15721576927457E-02
 -.10720523897972E+00   0.17985003587809E+00   0.22774035751371E-03   -.11208193111539E+00   0.19362858233086E+00   0.20834773423274E-03   -.22742509828792E-03   -.14434336143307E-04   -.60060323582310E-06
 0.89503967779871E-03   0.11779672128764E-02   0.48785332943586E-03   -.16364128944292E-02   -.19413790907972E+00   0.33424468576784E-01
# Electronic transition moments of , IRREP a   electric dipole (length) / electric dipole (velocity) / magnetic dipole
 0.14858770018459E-01   0.18573652119867E-02   -.67498621369443E+00   0.20861985694896E-02   -.75426725907660E-04   -.64818747862949E-01   -.33434709714028E-05   0.16152231315455E-05   -.75507988275872E-04
 0.79395104874179E-01   -.56580893123072E+00   -.17212378709760E-01   -.97023633041670E+00   -.80760819165717E-03   0.16003393710873E-01
 -.68128160937370E+00   -.80036129418223E-01   -.14660104559713E-01   -.95637767443375E-01   0.65018284953903E-02   -.14019769430388E-02   0.15125066649989E-03   -.74848746895842E-04   -.14952261993270E-05
 0.16663192009931E-02   -.12355105035881E-01   -.36077664643667E-03   -.21164175153515E-01   0.35465600222397E-01   -.73795238171418E+00
 -.21076044704755E+00   0.10085781135339E+01   -.26089731963532E-03   0.12341501469836E-01   0.73844026899784E+00   0.31456544324455E-03   -.11074440862415E-02   -.13886600850446E-03   0.41478903332522E-05
 -.13399371989971E-04   -.10155102465064E-01   -.44701720934506E-03   -.33394052591348E-02   -.53017950145802E+00   -.12667872583458E+01
 -.77857680082854E-03   0.43957681223509E-02   0.54161116772217E-01   0.54392574270576E-04   0.31424197620109E-02   -.90480358673362E-01   -.40687605604390E-05   -.57239143148568E-06   -.10789975898165E-02
 -.17391050342400E-01   0.29842882141781E+01   0.81659014331980E-01   0.91448767399908E+00   -.19553891177233E-02   -.51686711114758E-02
 -.10962275431093E+00   -.11872201919049E+01   -.42378668217858E-02   -.31113556075006E-01   -.67500003164644E+00   -.20621913856150E-02   -.23179228982177E-03   -.12652958354028E-03   0.45659231042728E-05
 -.57925974548989E-02   0.79470459906451E-01   -.53323581070295E-02   0.36283016045874E-02   -.74264933476549E-01   0.51936647480355E+00
 -.18151016608558E-02   -.19202023354590E-01   0.25861444505341E+00   -.48548635004520E-03   -.10961291623067E-01   0.12344673891109E+00   -.40111146937803E-05   -.22704855021943E-05   -.31820110237386E-03
 0.35497576494740E+00   -.48027022969065E+01   0.32836380610296E+00   -.19003248416395E+00   -.12537615796262E-02   0.79427535590824E-02
 0.38675045621846E-05   0.79155812050075E-04   0.29967750824734E-01   0.23280318828369E-05   0.66735602637966E-04   0.37503961577997E-02   -.13751117956722E-06   0.72758069810496E-06   -.13129320136023E-04
 -.69852600708937E+00   0.19386506301334E+00   0.67968470058192E+00   0.98947642830671E-01   -.41251428983976E-04   -.17997796961944E-03
 0.37691747076372E-06   0.63847475742807E-05   0.13306938908084E-01   -.34405400598324E-06   0.70572712935282E-05   -.12404106101808E-01   -.18815936886100E-07   0.16675507844685E-07   -.29375026859601E-03
 -.40630312129201E-01   -.17412675967574E-01   0.36555925099433E-01   -.48637574164303E-01   -.33905061764017E-05   -.46615815368676E-05
 0.15350341356695E-01   0.88335836102635E-02   0.16820965604571E-04   0.73643517629412E-02   0.19215568004141E-01   0.90229058853141E-05   -.13570369829063E-03   0.16868731420603E-02   -.10549742709658E-06
 0.29408793166272E-03   -.44040819325816E-03   -.20056035532808E-03   0.18593082394044E-04   -.30913170541358E-01   -.22462838881262E+00
 0.10539319904851E+00   -.81025689628790E+00   -.33239019331541E-04   0.11198650704579E+00   -.89042982143723E+00   -.18206167723861E-04   0.22524441172468E-03   0.26662356698639E-04   0.58002996609381E-07
 -.29406769535954E-04   0.80847311822546E-03   -.46865838746719E-04   0.42380445578457E-04   0.49619693343506E+00   -.53394605455525E+00
 -.34838002792178E-03   -.13010814981648E-03   0.26524873129452E-02   -.24674736426716E-03   -.10137175382810E-03   0.48206112943644E-02   -.25899509155117E-05   -.25180607364246E-06   0.10146254293588E-03
 -.25767940062944E+00   -.35602384214132E-01   0.20999313138864E+00   -.31256525324334E-01   0.15531570786035E-03   -.17566880566005E-02
 0.14174057498581E+00   0.50835798356564E-01   -.18367860894215E-02   0.10104929289449E+00   0.38954062264079E-01   -.12007665705309E-02   0.10620929849270E-02   0.85070063582614E-04   0.11845626458429E-04
 0.15077518286081E-02   -.42515493385024E-02   -.10980888168552E-02   -.80769774753866E-02   -.58968428244352E-01   0.71677973041833E+00
 -.16899558232986E-02   -.58508637135287E-03   -.15688970035799E+00   -.12227789378896E-02   -.44799814425618E-03   -.10394822017186E+00   -.12694537454528E-04   -.93499724263321E-06   0.98794330093881E-03
 0.18111613587236E+00   -.35632187705221E+00   -.13598856263586E+00   -.67029966636462E+00   0.63221974691029E-03   -.82911205013189E-02
 0.71990613296921E-01   -.34013979881546E-01   0.15482996453856E-02   0.12312770745408E+00   -.24353413991416E-01   0.16125233232632E-02   -.17586251371313E-03   -.56685962146672E-04   0.38054920521574E-06
 0.20366462609806E-02   0.35399335032574E-02   -.43790463739732E-03   -.14557477571447E-01   0.22538601210749E+00   -.15892656434963E+01
 -.67880813766428E-03   0.28753666208632E-03   0.15935602185346E+00   -.11795320449647E-02   0.18780828641970E-03   0.16556485662004E+00   0.14713148628064E-05   0.53587222500181E-06   0.14533378935985E-04
 0.20799506343850E+00   0.35916824126190E+00   -.47449394037382E-01   -.14721203780590E+01   -.21691711541275E-02   0.15287291489168E-01
 -.21978708716376E+00   -.57859290738697E-01   0.28596407952751E-02   -.12649159506880E+00   -.29381553767859E-01   0.11768986752744E-02   -.47561138183492E-03   -.14807267790121E-03   -.67888593346415E-05
 -.40204044530220E-02   0.25995483646778E-02   0.23945053150464E-02   0.14057800229701E-01   0.51630362730652E-01   -.42991123807267E+00
 -.32959445694519E-02   -.86883663946748E-03   -.19098457364166E+00   -.19056632121207E-02   -.43664451470210E-03   -.78873979472468E-01   -.72697978099870E-05   -.22418287760128E-05   0.44991269270259E-03
 0.26874438301199E+00   -.15403843678778E+00   -.15889869112228E+00   -.93324111866070E+00   0.78990620014330E-03   -.63364608254299E-02
 -.32895605336358E-01   0.27589652892008E-01   0.23177180372106E-03   -.16622078407820E-02   0.34643646027486E-01   0.10315121602464E-02   0.59010749021120E-03   -.17964654986472E-03   -.16977562309837E-04
 0.16925197016577E-02   0.96212148635878E-02   -.11864344807330E-02   -.40804574721674E-02   0.77465254565782E-01   0.13826467294225E+00
 -.10954820188862E-02   0.95070695385681E-03   -.43531489916626E-02   -.35615818809532E-03   0.12028134708897E-02   -.37225402745869E-01   0.15467979949255E-04   -.44610167777208E-05   0.73553327363609E-03
 -.77548878047154E-01   -.36592322991772E+00   0.67304793710594E-01   0.12187235995384E+00   0.13634965898798E-02   0.57666879122695E-02
 0.90559409624054E-01   -.93749718505686E-01   -.63930871970879E-03   0.10906407288462E+00   -.12156586345099E+00   -.63525220380097E-03   -.26325263987940E-03   -.61784924500989E-04   -.64283556219372E-05
 0.16884622790931E-02   -.52258238316614E-02   -.29724877353128E-02   0.51248767750488E-02   0.19216610401023E+00   -.81059205087471E+00
 -.11635372006874E-02   0.12393516482815E-02   -.51027969961017E-01   -.13080575765534E-02   0.15960199893483E-02   -.41714402892706E-01   0.41648636723897E-05   0.23118616463968E-06   -.71797624358728E-03
 0.16337236492365E+00   -.37703795266440E+00   -.27079895017270E+00   0.37872181333065E+00   -.21738417985792E-02   0.98809336970923E-02
 0.10993137096456E-03   -.10738323443046E-02   -.61170517339934E-01   -.31555614036183E-03   -.52779970559650E-03   -.96317945496830E-01   -.57313682174129E-05   0.54586197244262E-07   0.70333166795810E-03
 -.46502533028061E-01   0.15128614515823E+01   0.36973447932895E-01   0.73640692748690E+00   0.39605151418009E-03   0.47329295121626E-02
 -.31559402013769E-01   0.19517297648532E+00   -.60378329114841E-03   0.33245787624398E-01   0.10673884534903E+00   -.76545094546277E-03   0.92404666898557E-03   -.54890047900786E-05   0.44483919014147E-05
 -.49908019011324E-03   0.10887937406649E-01   0.37105025743152E-03   0.57714778559360E-02   -.99515553900322E-01   -.58065357577851E+00
 0.22918134600161E+00   -.43484936430873E-01   0.17814364084594E-02   0.20125886846674E+00   -.54106958770089E-01   0.15249853947629E-02   0.34177833821732E-04   -.52945560869483E-04   0.28484262686734E-05
 0.26346518833736E-02   0.18743474341218E-02   -.94610328198449E-03   -.16416103341277E-01   0.22923087904710E+00   -.19182361769103E+01
 0.17077843369169E-02   -.80804856977172E-03   -.23499559256136E+00   0.14519391253954E-02   -.88075021622998E-03   -.20186799973986E+00   0.39765492467496E-06   -.41644658871783E-06   -.33078578686435E-03
 -.34334995600543E+00   -.15761160765041E+00   0.12593539009798E+00   0.21548927778324E+01   0.18896239690294E-02   -.13460568858868E-01
 -.44385902437621E-01   -.26883290488156E+00   0.31610723579257E-03   -.37462104983210E-01   -.31252114108004E+00   0.27500834113693E-03   0.36241121940502E-03   -.30182748963054E-04   0.28486995230777E-06
 0.47052174232815E-03   0.13792243670635E-03   -.14582218101491E-03   -.28690723434633E-02   0.44853503994898E-01   0.58111877052507E+00
 0.14076496034442E-01   -.18956483774435E-01   -.18066266734370E-04   0.10255834324988E-01   0.73472146881012E-02   0.32950147449032E-04   -.16530325681700E-03   -.42200766835594E-03   -.72609500947269E-06
 -.89909544852971E-03   0.35319259760459E-02   0.92958755918522E-03   -.94022817698898E-03   0.41632875372889E-01   -.11099493631644E+00
 0.41163207343848E-04   0.30704081572882E-03   0.51930005568173E-02   0.12089287993267E-04   0.32050220805423E-03   -.10436402943972E-01   -.98402008137452E-06   -.35416614898734E-05   0.18454406761161E-03
 0.17647167541890E+00   -.96721887910745E+00   -.18270617235904E+00   0.24804101900395E+00   -.11414134786242E-03   -.55980447809969E-03
 0.35678950236495E-02   -.16957528572782E+00   -.19399991334552E-03   0.66225808770481E-02   -.12719216187673E+00   -.33920960901741E-04   0.30476301058951E-03   0.19641329888719E-02   -.88919993215618E-05
 0.28201170459871E-02   0.33009309452460E-01   -.22634472161035E-02   -.46906317026513E-02   0.13855068307529E+00   0.43487831973263E-01
 -.96960740266482E-03   0.50309331837213E-02   0.22907674321744E-01   -.10990879462773E-02   0.41759281775368E-02   0.11671720030968E-01   -.43608273696344E-05   0.33434473986895E-04   0.10333866884271E-02
 -.26670036381832E+00   -.31297674245307E+01   0.23488187639619E+00   0.38444138632925E+00   -.39437362238275E-02   0.48796737416929E-02
 -.37886726162635E-01   0.35898566524130E+00   -.58660602990025E-03   -.41178703262982E-01   0.28269452182139E+00   -.73911479110678E-03   -.78420571529457E-03   0.81005066590561E-03   -.23467489417795E-04
 0.45179641075145E-02   0.36045763723508E-01   -.54094415377837E-02   -.77252088292379E-04   -.27825803555751E+00   0.78498875074563E-01
 -.36294353691604E-02   0.11644022848946E-01   0.30453611736971E-01   -.45649328861035E-02   0.10508834439630E-01   0.71046554962272E-01   0.28205859927970E-04   0.10105623545541E-04   0.87670564973178E-03
 -.62207212898902E-01   0.16264066616854E+01   0.23402845435120E+00   -.73383945720529E+00   -.98057418577239E-02   0.26911986784527E-01
 0.95506416283714E-01   -.25240222982887E+00   0.10432183192145E-02   0.12215599373776E+00   -.23757226643594E+00   0.23933546104031E-02   -.10284598093532E-02   -.18869784231830E-03   0.34471662952406E-04
 -.33051107923649E-02   0.42389276447859E-01   0.90006497171762E-02   -.22661379108704E-01   0.21519548837417E+00   -.75697358905346E+00
 0.88308179094978E-01   -.25272590508546E+00   0.23756101559788E-03   0.87331880506139E-01   -.21672006621804E+00   0.25713431573848E-03   -.11883014638549E-03   0.19005495143196E-04   0.11357104098357E-05
 0.12561934017236E-02   0.70398825396520E-02   0.47883319818149E-03   -.35859827785260E-02   0.51237025062836E+00   -.48206745252954E+00
 -.47581154993168E-03   0.12399760394026E-02   0.42486968968362E-01   -.48907709171502E-03   0.10722860340783E-02   0.45509254572497E-01   -.11909501351647E-05   -.62256474754506E-05   0.98905828377881E-04
 0.22924612194699E+00   0.11560338567914E+01   0.57874592260903E-01   -.60344546083033E+00   -.27150205197007E-02   0.20063232130372E-02
 0.76846478404455E-02   -.55472091070421E-01   -.18353898219943E-03   0.52726846375812E-02   -.46579205758821E-01   -.19663164587356E-03   -.32140358091164E-03   -.13538604901893E-02   -.45072371659606E-06
 -.12715969870280E-02   -.53041919606373E-02   -.92027787245235E-05   0.26848730829063E-02   0.79426146841831E-01   -.18516968561581E+00
 0.12385794537261E+00   0.14876800567432E+00   0.10167963702165E-03   0.33290035371785E-01   0.12418014584772E+00   0.44816372902880E-04   0.15510947690671E-02   -.45405125346339E-03   -.12870831089725E-05
 -.94148374333198E-04   0.25898456582304E-03   0.96092281332562E-04   -.11724460938326E-03   -.64774759886418E-01   -.27736452122797E-01
 0.84468073533692E-04   0.20110316461166E-03   -.13249390406939E+00   0.58386112768736E-05   0.17136243523136E-03   -.44652302017073E-01   0.10864117082547E-05   -.33501610784200E-06   0.15563714179554E-02
 0.11986895894110E+00   0.41427972530953E+00   -.97518308788181E-01   -.10262489508617E-01   -.13219045576101E-03   0.38983674785649E-04
 -.90926191377089E-05   0.64345482852373E-03   -.25170697300545E-01   -.18641958809608E-04   0.66032990256439E-03   -.19101028978491E-01   0.13856000229376E-07   -.15676223732153E-06   0.28062431353959E-04
 -.15958686439191E+00   -.25920297901855E+01   -.28819192222345E+00   0.12986076095633E+00   -.33898877818160E-03   0.78682485438162E-03
 -.22573310936557E-02   -.15807772512732E-03   0.16519811669750E+00   -.16711075027296E-02   -.66463206738278E-04   0.12462097712517E+00   -.15538822165106E-04   0.40544913448691E-06   -.10723508534038E-02
 -.32423700640488E+00   -.16540532375168E+00   0.12519399000193E-01   0.11141205474208E+01   0.18015462825340E-02   -.17073085849637E-01
 -.15664697519556E+00   -.17265485550994E-01   -.23601044211771E-02   -.11593913066922E+00   -.11110402640843E-01   -.17826253376458E-02   -.10813511252055E-02   0.27219758823328E-04   0.15395474994689E-04
 0.45766790773479E-02   0.12707672502556E-02   -.29089888207939E-03   -.15925265820649E-01   0.13106798842669E+00   -.11935999986137E+01
 -.22584664194214E-01   0.90302901133008E-01   0.12588538189466E-03   -.20798755806421E-01   0.89109761298562E-01   0.13362878704049E-03   0.11638450560290E-03   0.26379383567933E-03   0.52388339505730E-06
 -.12907007303134E-02   -.15459319446457E-03   0.14236236091016E-02   -.66548472559840E-03   -.46638655214858E-01   0.13906921586366E+00
 0.14215263325967E+00   -.88454648352008E+00   -.76179945387636E-04   0.13103551163517E+00   -.90938080540083E+00   -.14047890174224E-03   0.81125819263813E-03   0.14120709303277E-03   0.27309417543281E-06
 0.59405091077414E-02   0.25340742997944E-03   -.56094044856463E-02   0.22347512657358E-03   0.44098143360925E+00   -.32544878334631E+00
 -.17885344556406E-02   0.10900917009953E-01   -.72373362342519E-02   -.16499244895258E-02   0.11191231326824E-01   -.12264386997498E-01   -.87993667737133E-05   -.29765429534305E-06   0.33351980218154E-04
 0.48906948676063E+00   0.14560497209948E+00   -.44501885549300E+00   0.10087078805223E-01   -.54371943656549E-02   0.46625099808539E-02
 -.24843312542130E-06   -.33874716019134E-04   -.65176824274867E-01   0.34400110698704E-06   -.45114238413271E-04   -.57104602836257E-01   0.19753647506679E-06   0.18238301522777E-06   0.15098843740976E-02
 -.12594572241114E+00   -.82704723683278E+00   -.81952803454795E-01   0.10752830657878E+00   -.47563594217293E-05   0.49558419925323E-04
 -.54848521997153E-04   -.19794506176320E-03   -.84418723065871E-02   -.49059976843378E-04   -.22195714482609E-03   -.60725122106160E-02   0.10407876461301E-05   0.15086059851540E-05   -.30422794153800E-03
 -.25003036773462E+00   -.50015865340922E-01   0.18829928057533E+00   0.97879668536855E-01   0.38774667925537E-04   0.57999757765410E-03
 0.89292815887397E-05   0.50706170387118E-04   0.34401443563970E-01   0.40241326540410E-06   0.52743176222763E-04   0.18850281729405E-01   0.23329979003668E-06   0.57861565181568E-06   -.37745279351480E-03
 -.79925938865456E+00   0.27033070975995E+00   0.83196201900862E+00   -.14928722792385E+00   -.30465152320477E-04   0.19840916978704E-03
 0.29411777598293E-01   0.43305244247838E+00   -.30081921628207E-07   0.12957591869391E-01   0.44928254862810E+00   0.63422016863372E-06   0.13727958244654E-02   0.18308725907852E-03   0.86105146054834E-07
 0.61328259361021E-04   0.16774069869808E-03   -.76330114285444E-04   0.27127245155607E-04   -.43262908687634E-01   0.16484895257008E+00
 -.61228879871811E-01   0.25324068097390E+00   -.25311141302618E-01   -.47641815629390E-01   0.24778694930385E+00   -.16646619245345E-01   0.38551091990035E-03   0.17557339560622E-03   -.12231772887557E-03
 0.57786674827472E-01   -.39692587270151E+00   -.22598194262928E-01   -.88134959189094E-01   -.36302193691295E+00   -.10087080621981E+00
 -.33371712170809E-01   0.13815422394618E+00   0.46406978620318E-01   -.25964080126424E-01   0.13517758375492E+00   0.30498168067340E-01   0.21048636885300E-03   0.95687691420638E-04   0.22354868884195E-03
 -.10644910559801E+00   0.72368274865444E+00   0.41366488945990E-01   0.16167883901660E+00   -.19811873789100E+00   -.54927337843031E-01
 -.11606057747511E-04   -.66352372989954E-04   -.74732786993076E-01   -.38904216513472E-05   -.42689401498784E-04   -.41019548155777E-01   0.30754170644713E-06   0.86351421657140E-07   0.45407223831714E-03
 0.14701735932864E+00   0.27558991750051E+01   0.79005429907933E-01   -.17349070568965E+00   -.10706176271107E-03   -.12128336052537E-03
 -.19938311910846E-04   0.18355309733197E-04   -.13441140556219E-01   -.21206226155700E-04   0.48018874351390E-04   -.72142926224154E-02   0.12165012870677E-06   0.31570136138192E-07   -.18941491871736E-04
 0.52222176707539E+00   0.47545046579262E+01   0.42442829628202E+00   -.28984054911202E+00   -.14841392202164E-04   -.54842617900779E-04
 0.30792336790836E-03   0.83780710625362E-05   -.41505675662760E-01   0.29360739740113E-03   0.16407274021181E-04   -.30855796928583E-01   0.18385841253487E-05   0.45190199310127E-06   0.55378057597764E-03
 0.78141478121962E+00   0.53792724454370E+00   -.67476034640925E+00   -.25770566481545E+00   -.38098822746217E-03   0.30977977048789E-02
 0.29967786769433E-02   -.60429884982493E-04   -.14885842324493E+00   0.28479918702142E-02   0.82220768053253E-04   -.13895644900203E+00   0.16346314437943E-04   0.83747093546179E-06   0.67155555813734E-03
 0.22399462537853E+00   0.44963166390496E+00   0.90962018482296E-01   -.11379499894266E+01   -.25606418104797E-02   0.27044894790693E-01
 -.13344705259778E+00   0.38032078535859E-02   -.35481721413957E-02   -.12676795328328E+00   -.30634309641653E-02   -.32874374270705E-02   -.72870323865425E-03   -.42340327109024E-04   0.16713643442319E-04
 0.65853426055273E-02   0.12308144892794E-01   0.22798287501540E-03   -.25832977963629E-01   0.11090704405372E+00   -.11918705675929E+01
 0.41827057477136E-03   0.27600744532586E-04   0.88150348782495E-01   0.33521428527527E-03   0.30628805935260E-03   0.82132763809495E-01   -.10143355289123E-05   0.21616985489109E-06   0.79336643862837E-04
 0.41910681260547E+00   -.87299333925416E+00   0.22388600964149E+00   -.61175928188574E+00   0.22701018920316E-02   -.59351596957763E-02
 0.86485615366070E-01   -.18438902319379E-02   -.59400463951727E-03   0.72198601047986E-01   0.42933434176497E-01   -.55074521084522E-03   -.70523280745469E-04   0.53608342769359E-04   -.27100175990524E-06
 -.24582723810742E-02   0.55690627905701E-02   -.15413846338553E-02   0.35935802512762E-02   0.35834179264829E+00   -.77703099811616E+00
 0.45899608764232E-01   -.36485950570786E+00   0.10820599045251E-04   0.39486226393113E-01   -.33987773447826E+00   0.11865221728513E-04   0.24880111527042E-04   -.51487011306486E-04   0.72818391282697E-07
 -.10289270266668E-03   -.68716126526592E-03   -.50527006958714E-04   0.96162398236804E-04   0.63400525988513E-01   -.10965318144971E+00
 -.21460660861708E-01   0.40181798675888E+00   -.43184652651904E-04   -.21386585737622E-01   0.32085067778324E+00   0.78732561062376E-05   -.10376789179996E-02   -.22407492532266E-03   0.23109227771253E-05
 -.11184515763433E-03   0.48693971320955E-02   0.55576973854245E-03   0.14093684903535E-03   -.22975545643233E+00   0.25739697657320E+00
 -.85252238468541E-04   0.12755364205883E-02   0.29389876179005E-01   -.11331803418790E-03   0.10493986777681E-02   0.71231664995524E-02   -.19034307100842E-05   -.44780550346344E-06   -.11598301462024E-02
 0.11146515557156E+00   -.21112647239008E+01   -.25441147921327E+00   -.56133035842387E-01   -.10121472083810E-02   0.46274009506614E-03
 -.76777221247133E-02   0.43411939678815E-01   -.14988407825388E-04   -.52214528661311E-02   0.41530301241499E-01   -.12230405091018E-04   -.10207165199450E-03   -.10533175831989E-02   0.13152777766446E-06
 0.83896886695361E-04   0.20127761918633E-03   -.13898548041531E-03   0.61167539500796E-04   -.11758090870293E-01   0.26639743263993E-01
 -.32541539474554E-01   0.79049030732188E+00   -.18119151693050E-03   -.83473040202004E-01   0.69822001141521E+00   -.24003011362224E-03   0.78859702252361E-03   0.97970762972543E-04   -.47651901556284E-06
 -.79233889125880E-03   0.11267319399449E-02   -.56390988693023E-03   0.16633947396246E-02   -.95698507416381E+00   0.35101222864375E+00
 -.54933525982304E-03   -.32299456422684E-02   -.44559790604584E-01   -.23996443601239E-04   -.29331506204177E-02   -.64832706318750E-01   -.67990361900757E-05   -.10652433518114E-04   -.34117576343957E-03
 -.15506797495603E+00   0.30010485932212E-01   -.23594075724629E+00   0.44725790624536E+00   0.40371182217724E-02   -.59957609034634E-03
 -.33610028739142E-01   0.75339500797975E-02   0.78267713407473E-03   -.16982804588192E-01   0.57831520124225E-02   0.11353209423124E-02   -.18074935679431E-03   -.59363581196820E-03   0.59312379610525E-05
 0.26139056197691E-02   -.44150501490658E-03   0.42221609115087E-02   -.78183055261538E-02   0.11400461600813E-01   0.19365355890165E-01
 0.73711866436859E-06   0.10538354991362E-03   -.38742149913462E-01   -.10063477510982E-04   0.99284361090182E-04   -.11306713554762E-01   0.24450019666088E-06   0.84048817044956E-08   0.68143903031019E-03
 0.11084841216873E+01   0.12643160549037E+00   -.10935911025024E+01   0.30560502378213E-01   -.13179844408828E-03   0.28642392287412E-04
 0.19356815659118E-01   0.18885727187823E-01   0.18462188160415E-05   0.71604430452511E-02   0.13322272306644E-01   0.66098744649032E-05   0.99437895676730E-04   -.11225166554221E-02   0.58148694805644E-07
 -.75298700395462E-04   0.87162016061503E-04   0.98712892992633E-04   -.36432769187022E-04   -.39144538275885E-01   0.16107682211073E+00
 -.14356333679883E+00   -.42871427991128E+00   -.64477816033134E-04   -.65043499079028E-01   -.43050136908711E+00   -.39493546004224E-05   -.10954624151458E-02   0.28330626222190E-03   0.11710636576765E-05
 0.65668332342018E-04   -.37930684349210E-03   0.92961370300880E-04   0.56478638531801E-04   0.20519064310133E+00   0.56256519712463E+00
 -.10206500492987E-03   -.19140413008897E-03   0.11702377160847E+00   -.59657508463888E-04   -.19937459240286E-03   0.66007816515899E-01   -.59171762324743E-06   0.31204608417607E-06   -.10042900516936E-02
 0.14601295008775E+00   0.52305279272168E+00   0.31553663723397E-02   -.40075333018052E+00   0.23708877727213E-04   0.35887447834211E-03
 -.82201994731300E-02   0.62656025826260E+00   -.45639542803663E-04   -.48529841994658E-01   0.60459891364286E+00   -.30568777400161E-04   -.62669769209412E-04   0.34647939096454E-03   0.20242376947319E-06
 -.11343575989591E-03   -.89155010970556E-04   -.56217494476472E-04   0.24691681726074E-03   -.52755904341800E+00   -.28402251700092E+00
 -.17439113908999E-06   -.39545615086002E-04   -.20190931756562E+00   0.12277034307248E-05   -.36239354409195E-04   -.54407867982614E-01   0.41396942023804E-07   -.68691393880500E-08   0.16607983450487E-02
 -.10345147062995E+00   -.95699525840480E-01   -.85956534154328E-01   0.73160632086769E+00   0.34716968236623E-04   0.42053451637860E-04
 -.20874886860790E+00   0.60007690686592E+00   -.86161681863077E-05   -.89879971497176E-01   0.59430877682999E+00   -.12544571619609E-04   -.17427887393537E-02   -.70895248227979E-04   -.70389910684678E-07
 -.33186057182681E-04   -.12955035366139E-04   -.49679232892140E-04   0.87568054500829E-04   -.64191467550612E+00   0.60614243142057E+00
 -.66628542698434E-02   -.31655735985576E-01   -.23715787981481E-04   0.68965156228044E-03   -.30912023726352E-01   -.15955075884006E-04   -.11452198915258E-03   -.76958462761558E-03   0.75771582842909E-07
 0.29165217073717E-03   0.11591191634145E-04   -.33187542587835E-03   0.76046416320582E-04   0.10527811269944E+00   -.12603363309679E+00
 -.14708724307073E-04   0.66831503887885E-05   -.90568933266058E-01   -.16996874192985E-04   0.59431831800400E-05   -.74761124674088E-01   0.21018429450348E-06   0.21020657386148E-07   -.57158939880125E-03
 -.12494418384393E-01   0.21662747419627E+00   -.47215694576893E-01   0.24179530554982E+00   -.24537500556080E-04   0.49432460105133E-04
 -.88706671041116E-01   0.71432066431588E-02   0.19397795320554E-04   -.74243212531354E-01   0.10897155050587E-01   0.12253034524601E-04   0.68066155794815E-03   -.88034663756283E-04   0.39163109817233E-07
 -.11446214245155E-04   -.89057376120234E-04   0.24978177960476E-04   -.41285043627932E-04   -.49163294757520E-01   0.22720284078346E+00
 -.21418430595415E-01   -.47957165539040E-01   0.22160751636116E-03   -.10962953865390E-01   -.33027638988116E-01   0.11226710301910E-03   0.90774038321029E-05   -.74897100156759E-04   -.24477994113138E-05
 0.50371957960744E-02   -.37185350127996E-02   0.43137040391397E-02   0.24448749665226E-02   0.13708551933169E+00   -.14837366346040E+00
 -.37926478530017E-03   -.77754090301795E-03   -.12888385138165E-01   -.19362553124313E-03   -.52746235780054E-03   -.64789253997037E-02   0.24892767588423E-06   -.14017798262548E-05   0.13991197581253E-03
 -.29330907186471E+00   0.21195509908840E+00   -.25203643846760E+00   -.14241884692291E+00   0.23077020682598E-02   -.25483411079607E-02
 -.32703628458226E-01   0.17851710266196E+00   0.62703848428341E-04   -.35451583585754E-01   0.17899876681606E+00   0.41764127415890E-04   0.14188767314521E-03   -.21253526653038E-04   -.17976343550606E-05
 0.23000962779938E-02   -.39694884888301E-02   0.12556138881571E-02   0.14712730227372E-02   -.14551653832923E-01   -.13312236051423E+00
 -.21502809369241E-03   0.14640429077388E-02   -.12712639146953E-01   -.22084638139854E-03   0.14493776282918E-02   -.74723717352357E-02   0.14069189409738E-05   0.41288704845214E-08   0.30770390994011E-03
 -.41380962718488E+00   0.67839895853461E+00   -.17737158002669E+00   -.26495817297442E+00   -.30312759080471E-03   -.46912809226789E-03
 -.22524635262147E-04   -.56844432995984E-03   0.10935074232713E-01   0.39566519520092E-04   -.66686046724982E-03   0.29103123690925E-02   -.39942550784516E-05   -.40193921610463E-05   0.38282062771556E-04
 -.28377204654550E-01   0.24599770332198E+00   -.33433437930428E+00   -.79454694988354E-01   -.15407875518061E-02   0.66588416520725E-03
 -.67433906667022E-03   0.37451123751122E-01   0.32923815879771E-03   -.30209362978789E-02   0.40518804025334E-01   0.93332519393072E-04   0.15861896160062E-03   0.15770854925405E-03   0.61658713996267E-06
 -.55776153814982E-04   0.53525931808491E-02   -.86237973430041E-02   -.17927665225166E-02   0.49503703249298E-01   -.20803663509263E-01
 -.49346199180174E-03   0.41270600248741E-02   -.16953880187344E-02   -.31875313085037E-03   0.39516446580335E-02   -.26428260776735E-02   0.11159886229038E-04   0.66389787282330E-07   0.12785590832539E-03
 -.21650623787191E+00   -.21390585518618E+00   0.52710922044514E+00   -.28523146921932E-01   -.27309186037056E-03   0.88338577205915E-04
 -.16589178631009E-01   0.14617438152104E+00   0.63761216129262E-04   -.10795436700110E-01   0.13993974502283E+00   0.95802429426310E-04   0.35730276916979E-03   0.11437923985078E-04   -.42395951050616E-05
 0.71673584665242E-02   0.65393685543733E-02   -.16826391340457E-01   0.98175506158384E-03   -.19521332812336E-01   0.15552321244921E-01
 -.37764413635008E-01   0.55975659581737E+00   0.12003483331028E-04   -.27589752977979E-01   0.53239958514055E+00   0.14646404728883E-04   0.31737561968412E-03   0.65497947849032E-04   -.47532417473797E-06
 0.54922454529936E-04   -.13528366432633E-02   0.10087480256083E-02   0.24773662200893E-03   -.40118710160001E+00   0.44660921349522E+00
 0.39379623691811E-02   0.43902331987774E-02   0.18081856352271E-01   0.53687733064403E-03   0.52132025329663E-02   0.24315077405393E-02   -.20361373476123E-04   0.11539604569841E-03   0.24501116328512E-03
 0.24173685072584E+00   0.26613869476496E+00   -.26123455451785E+00   -.57811281416906E-01   0.94290510629350E-02   -.16451681953803E-02
 0.17066737429223E-01   0.18115904559520E-01   -.41995009451680E-02   0.24097404720168E-02   0.21669740368083E-01   -.56508156059551E-03   -.85966822941480E-04   0.49665092484913E-03   -.57020167087767E-04
 -.56171390247454E-01   -.61982800921749E-01   0.60738786900133E-01   0.13355144954347E-01   0.40987897663394E-01   -.76479141090118E-02
 -.62097806012789E-04   -.26285677547892E-03   0.51442369172115E-01   0.53082250905342E-05   -.28770156721667E-03   0.26672075552842E-01   0.16099840763217E-06   0.57358724186144E-06   -.69536618653642E-03
 0.14518333441516E+00   -.25123513194865E+00   -.19644836449223E-01   -.54595027328810E-01   -.44377001077725E-04   0.12233622492280E-03
 -.19154660593106E-03   -.66810809218749E-03   -.11057059588452E+00   -.23542123127194E-04   -.71726011883647E-03   -.71167267819479E-01   0.78582060660172E-08   0.99934041895758E-06   0.14467949093653E-02
 -.48216015444525E-01   -.18110573902096E+00   -.95188251676544E-01   0.49147314646785E-01   -.16352406000456E-03   0.37427186660346E-03
 0.28582213605832E-01   0.49546882136978E-01   -.69248496095869E-03   0.67407037235584E-02   0.57113651630750E-01   -.43710880358243E-03   0.10630661597520E-03   -.37273473339147E-03   0.51879833339789E-05
 -.19243838657179E-02   -.38384227691930E-02   0.15448529855552E-02   -.20692549169500E-03   0.13939611417750E-01   -.42968143669334E-01
 -.40305940061730E-05   -.13545242876056E-02   0.15463409429468E-01   0.92564666554481E-04   -.13221333237036E-02   0.17798982754524E-01   0.19694745394959E-05   -.95144374510908E-05   -.10548157477234E-02
 -.42871628760023E+00   -.39588064319174E+00   0.56199989989847E+00   -.11733378475023E+00   -.58817842227973E-03   0.54539802397137E-03
 0.15287455868248E-01   -.10220277976673E+00   -.17331897690952E-04   0.13843789878385E-01   -.95374864640247E-01   -.96961266541894E-04   0.31987757079400E-03   -.11831201091024E-02   0.73346496135144E-05
 0.32180151883707E-02   0.45968448038897E-02   -.44340963505887E-02   0.10579096131861E-02   -.62720309693917E-01   0.69064682473177E-01
 0.10615599473320E+00   -.71302296023519E-01   -.59654794931324E-04   0.66616837302380E-01   -.70734789287200E-01   -.50847039500233E-04   0.15186840807442E-02   0.14686641443950E-03   0.13595106524467E-06
 -.69795462157774E-03   0.15832715750121E-02   0.35766600219058E-04   0.60976912993979E-04   0.20866270523950E+00   -.10800845233970E+00
 0.15241829025089E-03   -.29780552834532E-03   0.40290881562914E-02   0.11312628946118E-03   -.29933217279409E-03   0.18584237868241E-02   0.15441710548439E-05   0.19214272178134E-05   -.32132117944975E-03
 -.17900218390197E+00   -.46037312598548E+00   0.37578477255256E+00   -.12279402428747E+00   0.40963254635727E-03   -.55447940518237E-03
 -.33923956655116E-03   0.10717931933587E-02   -.64292977388383E-01   -.27519269379842E-03   0.10383601602596E-02   -.57522744483801E-01   -.37713017051425E-05   0.10381347430327E-05   0.25411108296387E-03
 -.50199837004285E+00   0.82842621961979E+00   0.15142514334748E+00   -.17548567766032E-01   -.43194420862992E-03   0.60244125702118E-03
 0.12272278802555E+00   -.60672364689187E+00   -.92166999730507E-04   0.12419985530244E+00   -.58316091659501E+00   -.86373154691931E-04   0.12363644477489E-02   0.42136288956224E-03   0.26965419926096E-06
 -.25937782644615E-03   0.93856908389420E-03   0.42684822684440E-04   -.43352247637949E-03   0.78963855558762E-01   -.36138747136739E+00
 -.76993582706386E-01   -.33493206807883E-01   -.35761550142044E-05   -.91202452461135E-01   -.46897551324933E-01   -.58003855760178E-05   -.40081476201487E-03   -.12008000004056E-03   0.21000850806561E-06
 0.23597264293987E-04   0.50630905453173E-03   -.13546828775826E-03   0.46514927311147E-03   -.60930579111391E-01   -.15536434667387E+00
 -.26099787688290E-03   0.10328899196435E-02   0.74693400270925E-01   -.28437007646525E-03   0.10270142208789E-02   0.90331168154052E-01   -.32297906005457E-05   -.21719133718032E-06   -.40010397562231E-03
 -.74128869855952E-01   -.11549249936020E+00   0.18410400353743E+00   -.13977165882764E+00   -.36684954990251E-03   0.17744167745093E-02
 0.65606731947691E-01   -.28527975151434E+00   0.66728388831841E-03   0.69023953897745E-01   -.28951496021773E+00   0.81445497402693E-03   0.76890528104765E-03   0.75750560034044E-05   -.14614374517413E-05
 -.13589592777436E-02   0.18682853832714E-02   0.71094788503546E-03   0.34799119522299E-02   0.11315775723238E+00   -.51784076917091E+00
 0.68275727232036E-03   -.26086687008719E-02   -.32753596402703E-01   0.71641368367219E-03   -.27070362456072E-02   -.42748914353825E-01   0.63516390374640E-05   -.42437860043209E-06   0.83690805334882E-05
 0.16677914432972E+00   -.80502802975879E-01   -.96208783403122E-02   -.45024713475577E+00   0.14126649649444E-02   -.43438921446213E-02
 -.40002903187611E-03   0.60766010734649E-03   -.42018474713300E-01   -.44736596817013E-03   0.64157545412713E-03   -.42393591307932E-01   -.90933555074414E-07   -.54829469027610E-06   0.67541496995635E-04
 -.96848169441507E-01   -.34231163536449E+00   -.51141925539620E-01   0.40215808938918E-01   -.93282378114893E-03   -.15760803063004E-02
 -.10715841214182E+00   0.17992008062109E+00   0.22719440492084E-03   -.11210213606073E+00   0.19364504220432E+00   0.20828461475228E-03   -.22709318163316E-03   -.14509967925093E-04   -.59623277642731E-06
 0.89450230067447E-03   0.11833732426323E-02   0.48796680676508E-03   -.16411248123155E-02   -.19402543835924E+00   0.33776458582220E-01
