# Electronic excitation spectrum of , IRREP a   
#  excitation energy / cm^(-1)  oscillator strength (length rep.)
 0.64033736892426E+04   0.81805926559301E-04
 0.64235289873227E+04   0.17932979479546E-03
 0.73688895242872E+04   0.12208957251800E-01
 0.75099743762099E+04   0.18698001223304E-03
 0.80906891821027E+04   0.11221303704958E-01
 0.81438999082785E+04   0.37995611447397E-03
 0.86033652467880E+04   0.36769245978955E-06
 0.90030554209379E+04   0.42077063498474E-05
 0.95474647320622E+04   0.12281091979868E-04
 0.10187300036110E+05   0.24922895925200E-01
 0.14646191922353E+05   0.10370059083805E-05
 0.14652530191135E+05   0.52206959569599E-03
 0.14684001134006E+05   0.48202670136502E-03
 0.14867245742345E+05   0.71154807967529E-03
 0.14906320381382E+05   0.12412343365870E-02
 0.15141599358431E+05   0.77566993527277E-03
 0.15167398340030E+05   0.28679380041365E-03
 0.15482771722521E+05   0.56624309159183E-04
 0.15501329026229E+05   0.65322839612473E-04
 0.15629148916903E+05   0.12663155569620E-02
 0.15661527882312E+05   0.82983566786624E-04
 0.15914341322083E+05   0.44848219401547E-03
 0.15989903836077E+05   0.60708185291560E-03
 0.16037942025035E+05   0.21159874429533E-02
 0.16082962775799E+05   0.19909307912184E-02
 0.16193911736859E+05   0.48733911504805E-02
 0.16451531764344E+05   0.79538564196787E-05
 0.16617691300270E+05   0.55030917430026E-05
 0.16711060011053E+05   0.82342667656218E-03
 0.16733624531416E+05   0.78722146652469E-05
 0.16766654917458E+05   0.41564936388493E-02
 0.16831812522695E+05   0.26478400686584E-03
 0.16843419650202E+05   0.36514101943744E-02
 0.16991252904365E+05   0.28177262321576E-02
 0.17114545576612E+05   0.10774084949863E-03
 0.17122574962792E+05   0.11429175947976E-03
 0.17506632104892E+05   0.87896573659326E-03
 0.17601476743979E+05   0.10660255920545E-03
 0.18039496526952E+05   0.20016193323873E-04
 0.18094281286855E+05   0.85374124866973E-03
 0.18121606050807E+05   0.74688367027748E-03
 0.18275856288584E+05   0.46482696430540E-03
 0.18295255135213E+05   0.46911498523880E-01
 0.18297566091371E+05   0.15472392778345E-04
 0.18401003456480E+05   0.18226715834044E-03
 0.18409193917365E+05   0.20649241878088E-05
 0.18457434428069E+05   0.19922087316296E-04
 0.18567578981279E+05   0.11394096192553E-01
 0.19011854125355E+05   0.36928103612407E-02
 0.19013237553415E+05   0.11479865693951E-02
 0.19146561343637E+05   0.97858244395142E-04
 0.20080255462655E+05   0.31747106449381E-05
 0.20356422507919E+05   0.58876074942336E-04
 0.20375662862219E+05   0.11955730637536E-02
 0.20392178084320E+05   0.99667216189956E-03
 0.20431921586368E+05   0.41867764778986E-03
 0.20549521818013E+05   0.44045172373986E-03
 0.20895554393301E+05   0.74309839617940E-02
 0.21055756199798E+05   0.66134257078317E-02
 0.21260601307599E+05   0.33487189460902E-05
 0.21496048635216E+05   0.11439959825701E-03
 0.21801725587582E+05   0.32746367155808E-01
 0.21989724092359E+05   0.28133293107035E-03
 0.21992713874131E+05   0.21587714337709E-04
 0.22256962527074E+05   0.86436449201607E-05
 0.22563946274065E+05   0.15678695626454E-04
 0.22612094815613E+05   0.13020171059624E-01
 0.22665043285170E+05   0.29996875285482E-03
 0.22870715126410E+05   0.25558068835191E-01
 0.23131127390864E+05   0.20799113431702E-03
 0.23320958619539E+05   0.25592713407070E-01
 0.23530147878491E+05   0.68331377427356E-04
 0.23915517479636E+05   0.40602789716203E-03
 0.24042970003922E+05   0.41122815598832E-03
 0.24411143658823E+05   0.89797708482094E-04
 0.24432922364622E+05   0.31387730761219E-05
 0.24605956990357E+05   0.24887121748492E-02
 0.24668653201509E+05   0.43450178673880E-05
 0.24720170473858E+05   0.66950684006442E-06
 0.24731736774359E+05   0.12402292409601E-03
 0.24806179298471E+05   0.17105718052287E-05
 0.24817490740588E+05   0.14850515087700E-02
 0.24919174760134E+05   0.21512862839998E-01
 0.25198642595683E+05   0.25548252046678E-05
 0.25200825859935E+05   0.36414623222710E-04
 0.25320786844436E+05   0.54722481311703E-04
 0.25444101694488E+05   0.39148604198639E-03
 0.25461998284853E+05   0.25581707817584E-03
 0.25508172178619E+05   0.24682862884578E-04
 0.25552724363521E+05   0.72091653575383E-03
 0.25576152828480E+05   0.73347880152870E-03
 0.25657908573878E+05   0.27715585841890E-06
 0.25699326283454E+05   0.25839063994840E-03
 0.26084439793048E+05   0.28167499901631E-01
 0.26150472853167E+05   0.83542388569597E-03
 0.26254097103762E+05   0.65081445863123E-03
 0.26289910272433E+05   0.70740516267115E-02
 0.26347779568776E+05   0.14688521943604E-03
 0.26466471477857E+05   0.14453355364706E-03
 0.26570189986684E+05   0.40406961827529E-02
