$coord
   -0.00000000000000      0.00000000000000      0.00000000000000  mo
    0.00000000000000      0.00000000000000     -6.66079771030227  y
    2.35597562751475      2.35597562751475     -2.64278068034121  s
   -2.35597562751475     -2.35597562751475     -2.64278068034121  s
    2.35597562751475     -2.35597562751475      2.64278068034121  s
   -2.35597562751475      2.35597562751475      2.64278068034121  s
    4.71365660167945     -1.62694555518232     -7.67610455661346  c
    3.58509643290733     -3.58509643290733     -6.20277909932118  c
    1.62694555518232     -4.71365660167945     -7.67610455661346  c
    1.56737872844047     -3.48099235998446    -10.08034516932213  c
    3.48099235998446     -1.56737872844047    -10.08034516932213  c
   -1.62694555518232      4.71365660167945     -7.67610455661346  c
   -3.58509643290733      3.58509643290733     -6.20277909932118  c
   -4.71365660167945      1.62694555518232     -7.67610455661346  c
   -3.48099235998446      1.56737872844047    -10.08034516932213  c
   -1.56737872844047      3.48099235998446    -10.08034516932213  c
    0.10893671300944     -7.00670072883790     -6.94544331661347  c
    0.14488034078092     -4.43046747823108    -12.35295078828017  c
    4.47880088458334     -4.47880088458334     -3.66186301660820  c
    4.43046747823108     -0.14488034078092    -12.35295078828017  c
    7.00670072883790     -0.10893671300944     -6.94544331661347  c
   -0.14488034078092      4.43046747823108    -12.35295078828017  c
   -4.47880088458334      4.47880088458334     -3.66186301660820  c
   -7.00670072883790      0.10893671300944     -6.94544331661347  c
   -4.43046747823108      0.14488034078092    -12.35295078828017  c
    5.95021712796179     -5.95021712796179     -3.87265484198311  h
    2.93091162391992     -5.29079165313461     -2.53836982899003  h
   -2.93091162391992      5.29079165313461     -2.53836982899003  h
   -5.95021712796179      5.95021712796179     -3.87265484198311  h
    5.29079165313461     -2.93091162391992     -2.53836982899003  h
   -5.29079165313461      2.93091162391992     -2.53836982899003  h
    7.06249791720917      1.73026911563724     -7.91921474322292  h
    8.76765999249958     -1.12127936227846     -7.44425791097460  h
    7.04881336450924      0.27117361466177     -4.90202288168134  h
   -7.06249791720917     -1.73026911563724     -7.91921474322292  h
   -8.76765999249958      1.12127936227846     -7.44425791097460  h
   -7.04881336450924     -0.27117361466177     -4.90202288168134  h
   -0.10893671300944      7.00670072883790     -6.94544331661347  c
   -1.12127936227846      8.76765999249958     -7.44425791097460  h
    1.73026911563724      7.06249791720917     -7.91921474322292  h
    0.27117361466177      7.04881336450924     -4.90202288168134  h
    1.12127936227846     -8.76765999249958     -7.44425791097460  h
   -1.73026911563724     -7.06249791720917     -7.91921474322292  h
    2.98961112030684      0.00517345600947    -13.84195836513549  h
   -2.98961112030684     -0.00517345600947    -13.84195836513549  h
   -1.11927091935295      6.07958711626929    -13.19336730807678  h
    1.11927091935295     -6.07958711626929    -13.19336730807678  h
   -0.27117361466177     -7.04881336450924     -4.90202288168134  h
    0.00000000000000      0.00000000000000      6.66079771030227  y
    1.62694555518232      4.71365660167945      7.67610455661346  c
   -1.62694555518232     -4.71365660167945      7.67610455661346  c
    4.71365660167945      1.62694555518232      7.67610455661346  c
   -4.71365660167945     -1.62694555518232      7.67610455661346  c
    3.58509643290733      3.58509643290733      6.20277909932118  c
   -3.58509643290733     -3.58509643290733      6.20277909932118  c
    3.48099235998446      1.56737872844047     10.08034516932213  c
   -3.48099235998446     -1.56737872844047     10.08034516932213  c
    1.56737872844047      3.48099235998446     10.08034516932213  c
   -1.56737872844047     -3.48099235998446     10.08034516932213  c
    7.00670072883790      0.10893671300944      6.94544331661347  c
   -7.00670072883790     -0.10893671300944      6.94544331661347  c
    0.10893671300944      7.00670072883790      6.94544331661347  c
   -0.10893671300944     -7.00670072883790      6.94544331661347  c
    4.43046747823108      0.14488034078092     12.35295078828017  c
   -4.43046747823108     -0.14488034078092     12.35295078828017  c
    0.14488034078092      4.43046747823108     12.35295078828017  c
   -0.14488034078092     -4.43046747823108     12.35295078828017  c
    4.47880088458334      4.47880088458334      3.66186301660820  c
   -4.47880088458334     -4.47880088458334      3.66186301660820  c
    5.95021712796179      5.95021712796179      3.87265484198311  h
   -5.95021712796179     -5.95021712796179      3.87265484198311  h
    5.29079165313461      2.93091162391992      2.53836982899003  h
   -5.29079165313461     -2.93091162391992      2.53836982899003  h
    2.93091162391992      5.29079165313461      2.53836982899003  h
   -2.93091162391992     -5.29079165313461      2.53836982899003  h
   -1.73026911563724      7.06249791720917      7.91921474322292  h
    1.73026911563724     -7.06249791720917      7.91921474322292  h
    7.06249791720917     -1.73026911563724      7.91921474322292  h
   -7.06249791720917      1.73026911563724      7.91921474322292  h
    1.12127936227846      8.76765999249958      7.44425791097460  h
   -1.12127936227846     -8.76765999249958      7.44425791097460  h
    8.76765999249958      1.12127936227846      7.44425791097460  h
   -8.76765999249958     -1.12127936227846      7.44425791097460  h
   -0.27117361466177      7.04881336450924      4.90202288168134  h
    0.27117361466177     -7.04881336450924      4.90202288168134  h
    7.04881336450924     -0.27117361466177      4.90202288168134  h
   -7.04881336450924      0.27117361466177      4.90202288168134  h
    5.05056433331117     -1.78586315307338     11.88535891634764  h
   -1.78586315307338     -5.05056433331117    -11.88535891634764  h
    1.78586315307338      5.05056433331117    -11.88535891634764  h
   -0.00517345600947      2.98961112030684     13.84195836513549  h
    0.00517345600947     -2.98961112030684     13.84195836513549  h
    2.98961112030684     -0.00517345600947     13.84195836513549  h
   -0.00517345600947     -2.98961112030684    -13.84195836513549  h
   -2.98961112030684      0.00517345600947     13.84195836513549  h
    0.00517345600947      2.98961112030684    -13.84195836513549  h
   -5.05056433331117      1.78586315307338     11.88535891634764  h
    1.78586315307338     -5.05056433331117     11.88535891634764  h
   -5.05056433331117     -1.78586315307338    -11.88535891634764  h
   -1.78586315307338      5.05056433331117     11.88535891634764  h
    5.05056433331117      1.78586315307338    -11.88535891634764  h
   -6.07958711626929     -1.11927091935295     13.19336730807678  h
    6.07958711626929      1.11927091935295     13.19336730807678  h
   -1.11927091935295     -6.07958711626929     13.19336730807678  h
   -6.07958711626929      1.11927091935295    -13.19336730807678  h
    1.11927091935295      6.07958711626929     13.19336730807678  h
    6.07958711626929     -1.11927091935295    -13.19336730807678  h
$user-defined bonds
$redundant
     number_of_atoms           107
     degrees_of_freedom         42
     internal_coordinates       52
     frozen_coordinates          0
# definitions of redundant internals
   1 k  2.0000000000000 stre  19   26           val=   2.09155
   2 k  2.8284271247462 stre  17   48           val=   2.07890
   3 k  2.0000000000000 stre   8   19           val=   2.83790
   4 k  2.8284271247462 stre  18   94           val=   2.07743
   5 k  2.8284271247462 stre  18   89           val=   2.08109
   6 k  2.8284271247462 stre  18   47           val=   2.09173
   7 k  2.8284271247462 stre  10   18           val=   2.84425
   8 k  2.8284271247462 stre  17   42           val=   2.09156
   9 k  2.8284271247462 stre   7   21           val=   2.84539
  10 k  2.8284271247462 stre  17   43           val=   2.08183
  11 k  1.2862552180159 bend  89   94   18      val=   1.50433
        1.1558948593194 bend  47   94   18
        1.1383428638652 bend  47   89   18
       -1.1083967052920 bend  10   94   18
       -1.1040071623056 bend  10   89   18
       -1.1252799837770 bend  10   47   18
  12 k  0.8786665507544 bend  30   27   19      val=   1.13086
        0.8200233806092 bend  26   27   19
        0.8200233806092 bend  26   30   19
       -0.7978236229986 bend   8   27   19
       -0.7978236229986 bend   8   30   19
       -0.7810399069602 bend   8   26   19
  13 k  1.1550189444188 bend  43   48   17      val=   1.07129
        1.2356282928953 bend  42   48   17
        1.1691787246237 bend  42   43   17
       -1.1256211143288 bend   9   48   17
       -1.1478120938400 bend   9   43   17
       -1.0898071269402 bend   9   42   17
  14 k  0.9428090415821 tors  48   17    9    2 val=  62.34247
        0.9428090415821 tors  48   17    9    8
        0.9428090415821 tors  48   17    9   10
        0.9428090415821 tors  43   17    9    2
        0.9428090415821 tors  43   17    9    8
        0.9428090415821 tors  43   17    9   10
        0.9428090415821 tors  42   17    9    2
        0.9428090415821 tors  42   17    9    8
        0.9428090415821 tors  42   17    9   10
  15 k  2.8284271247462 stre  19   27           val=   2.07787
  16 k  0.9428090415821 tors  94   18   10    2 val=  69.17091
        0.9428090415821 tors  94   18   10    9
        0.9428090415821 tors  94   18   10   11
        0.9428090415821 tors  89   18   10    2
        0.9428090415821 tors  89   18   10    9
        0.9428090415821 tors  89   18   10   11
        0.9428090415821 tors  47   18   10    2
        0.9428090415821 tors  47   18   10    9
        0.9428090415821 tors  47   18   10   11
  17 k -1.9331802129104 bend  43   48   17      val=  -0.02231
        0.7760738305690 bend  42   48   17
        1.0989750264864 bend  42   43   17
       -0.7303919216593 bend   9   48   17
       -0.5006499486000 bend   9   43   17
        1.2917642334492 bend   9   42   17
  18 k -0.3072460850971 bend  89   94   18      val=   0.54037
       -1.4684663428030 bend  47   94   18
        1.8249425735202 bend  47   89   18
       -1.1908389840986 bend  10   94   18
        0.9806904307414 bend  10   89   18
        0.1973318007929 bend  10   47   18
  19 k  0.2233486737547 bend  43   48   17      val=   0.34667
       -1.7557699611418 bend  42   48   17
        1.6110724476317 bend  42   43   17
       -1.0204612734461 bend   9   48   17
        1.1014362914734 bend   9   43   17
       -0.1316421937991 bend   9   42   17
  20 k -1.3483085136168 bend  30   27   19      val=   1.75934
        0.7122181997474 bend  26   27   19
        0.7122181997474 bend  26   30   19
       -0.4418980618090 bend   8   27   19
       -0.4418980618090 bend   8   30   19
        0.8814799089850 bend   8   26   19
  21 k -1.8416590376856 bend  89   94   18      val=   1.23456
        1.2836561330704 bend  47   94   18
        0.7338848220621 bend  47   89   18
       -0.4646772755094 bend  10   94   18
       -0.8323093533828 bend  10   89   18
        1.2301496489392 bend  10   47   18
  22 k -1.9982274191220 bend  11   21    7      val=   4.02665
        1.9969865459391 bend   8   21    7
        0.1383181723687 bend   2   21    7
  23 k  2.0018576897075 bend   9   18   10      val=   0.25460
       -1.9979661290971 bend  11   18   10
        0.0264033547028 bend   2   18   10
  24 k  0.3075125432217 bend  89   94   18      val=   0.08377
        0.8974820420168 bend  47   94   18
       -1.2308394744499 bend  47   89   18
       -1.8512386891284 bend  10   94   18
        1.3831744449142 bend  10   89   18
        0.4947120161922 bend  10   47   18
  25 k -0.8649017469424 bend  30   27   19      val=   0.74082
        0.4578817287312 bend  26   27   19
        0.4578817287312 bend  26   30   19
        0.6735375800484 bend   8   27   19
        0.6735375800484 bend   8   30   19
       -1.3875618435404 bend   8   26   19
  26 k -1.2580433639564 bend  43   48   17      val=   0.49138
        0.4827199205235 bend  42   48   17
        0.7992981800482 bend  42   43   17
        1.1798710516117 bend   9   48   17
        0.7207571257678 bend   9   43   17
       -1.9062644778021 bend   9   42   17
  27 k  1.2110917839187 bend  89   94   18      val=  -0.24658
       -0.9143832075083 bend  47   94   18
       -0.3477485382864 bend  47   89   18
       -0.4988141408614 bend  10   94   18
       -1.3281717488701 bend  10   89   18
        1.8876904548286 bend  10   47   18
  28 k -0.1686476030258 bend  43   48   17      val=   0.59009
        1.1375945071100 bend  42   48   17
       -0.9731896588743 bend  42   43   17
       -1.5314127719020 bend   9   48   17
        1.8201952689712 bend   9   43   17
       -0.2683332184378 bend   9   42   17
  29 k -0.2764645676750 bend   7   19    8      val=  67.18786
       -0.2764645676750 bend   9   19    8
        1.9614114014251 bend   2   19    8
  30 k -0.3370063079063 bend   9   18   10      val=  80.36691
       -0.3007644461776 bend  11   18   10
        2.7921259814605 bend   2   18   10
  31 k -0.2000611963441 bend  11   21    7      val=  78.28414
       -0.3936895826210 bend   8   21    7
        2.7937401508109 bend   2   21    7
  32 k  0.6324555320337 tors   8    7    2    1 val=  73.30514
        0.6324555320337 tors   8    7    2    3
        0.6324555320337 tors   8    7    2    4
        0.6324555320337 tors   8    7    2    9
        0.6324555320337 tors   8    7    2   10
        0.6324555320337 tors   8    7    2   12
        0.6324555320337 tors   8    7    2   13
        0.6324555320337 tors   8    7    2   14
        0.6324555320337 tors   8    7    2   15
        0.6324555320337 tors   8    7    2   16
        0.6324555320337 tors  11    7    2    1
        0.6324555320337 tors  11    7    2    3
        0.6324555320337 tors  11    7    2    4
        0.6324555320337 tors  11    7    2    9
        0.6324555320337 tors  11    7    2   10
        0.6324555320337 tors  11    7    2   12
        0.6324555320337 tors  11    7    2   13
        0.6324555320337 tors  11    7    2   14
        0.6324555320337 tors  11    7    2   15
        0.6324555320337 tors  11    7    2   16
  33 k  0.6324555320337 tors   9   10    2    1 val= 100.45566
        0.6324555320337 tors   9   10    2    3
        0.6324555320337 tors   9   10    2    4
        0.6324555320337 tors   9   10    2    7
        0.6324555320337 tors   9   10    2    8
        0.6324555320337 tors   9   10    2   12
        0.6324555320337 tors   9   10    2   13
        0.6324555320337 tors   9   10    2   14
        0.6324555320337 tors   9   10    2   15
        0.6324555320337 tors   9   10    2   16
        0.6324555320337 tors  11   10    2    1
        0.6324555320337 tors  11   10    2    3
        0.6324555320337 tors  11   10    2    4
        0.6324555320337 tors  11   10    2    7
        0.6324555320337 tors  11   10    2    8
        0.6324555320337 tors  11   10    2   12
        0.6324555320337 tors  11   10    2   13
        0.6324555320337 tors  11   10    2   14
        0.6324555320337 tors  11   10    2   15
        0.6324555320337 tors  11   10    2   16
  34 k  2.0000000000000 stre   1    3           val=   4.25271
  35 k  1.4142135623731 stre   1    2           val=   6.66080
  36 k  2.0000000000000 stre   3    2           val=   5.21974
  37 k  1.4142135623731 bend   4    3    1      val= 103.15805
  38 k  2.0000000000000 stre   2    8           val=   5.09074
  39 k  2.8284271247462 stre   2    7           val=   5.08885
  40 k  2.8284271247462 stre   8    7           val=   2.69790
  41 k  2.8284271247462 stre   7   11           val=   2.70248
  42 k  2.8284271247462 stre   2   10           val=   5.12516
  43 k  2.0000000000000 stre  11   10           val=   2.70626
  44 k -0.8667244763436 bend   4    3    2      val=  27.56939
       -0.3731434424407 bend   8    3    2
       -0.5376332028431 bend   1    8    2
       -0.3974937795406 bend   9    3    2
       -0.1540324018179 bend   7    3    2
        0.4185065045711 bend   7   13    2
       -0.5073985193673 bend   7    1    2
        0.0716204512570 bend   7    9    2
        0.4824188259347 bend   7   12    2
        0.0463580100640 bend  11    3    2
        0.0131473826275 bend  10    3    2
        0.1510564737637 bend  10    8    2
       -0.3908004148806 bend  10    1    2
        0.1851346832508 bend  10    7    2
        0.7008666243754 bend  16    7    2
        0.8421041334570 bend  15    8    2
        0.8941911739268 bend  15    7    2
        0.6984646272190 bend  15   10    2
  45 k  1.2922343507227 bend   4    3    2      val=  14.82036
        0.0187039114145 bend   8    3    2
       -0.0086178940605 bend   1    8    2
       -0.0157542798863 bend   9    3    2
       -0.3220452836413 bend   7    3    2
        0.0837657137096 bend   7   13    2
       -0.0798659649167 bend   7    1    2
       -0.0927251294088 bend   7    9    2
        0.1701994524073 bend   7   12    2
       -0.5334146052391 bend  11    3    2
       -0.4317285236656 bend  10    3    2
       -0.2034097113301 bend  10    8    2
       -0.1978633164505 bend  10    1    2
       -0.1276064803873 bend  10    7    2
        0.2869511671397 bend  16    7    2
        0.2180149443250 bend  15    8    2
        0.2724259817571 bend  15    7    2
        0.4217333538941 bend  15   10    2
  46 k -0.0228773667991 bend   4    3    2      val=  20.08268
        0.1569160558674 bend   8    3    2
        0.2371204098605 bend   1    8    2
       -0.4716601374787 bend   9    3    2
        0.5263299237979 bend   7    3    2
        0.5145045349299 bend   7   13    2
        0.0779869867763 bend   7    1    2
       -1.3720464885624 bend   7    9    2
        1.1595136007550 bend   7   12    2
        0.1460710183108 bend  11    3    2
        0.0260729654048 bend  10    3    2
       -0.1084280932134 bend  10    8    2
        0.1528572481668 bend  10    1    2
       -0.5241947814766 bend  10    7    2
        0.2572023962873 bend  16    7    2
       -0.3277741023235 bend  15    8    2
       -0.1786290346560 bend  15    7    2
       -0.2226719965149 bend  15   10    2
  47 k  0.5855227135750 bend   4    3    2      val=   5.40645
       -0.5653334293445 bend   8    3    2
       -0.8686206254749 bend   1    8    2
       -0.1216757788586 bend   9    3    2
       -0.2148782439174 bend   7    3    2
        0.4751986476090 bend   7   13    2
       -0.1669517009484 bend   7    1    2
       -0.0903198332561 bend   7    9    2
        0.2619596187062 bend   7   12    2
       -0.1638359835263 bend  11    3    2
        0.3123215051152 bend  10    3    2
        1.2994088101257 bend  10    8    2
        0.3839854248869 bend  10    1    2
        0.4996172578608 bend  10    7    2
       -0.3121562227288 bend  16    7    2
        0.3154765857942 bend  15    8    2
       -0.1765488569138 bend  15    7    2
       -0.9730809138419 bend  15   10    2
  48 k  0.0343604266486 bend   4    3    2      val=  -0.54754
        0.4861722625061 bend   8    3    2
        0.7316716407581 bend   1    8    2
       -0.4805300878527 bend   9    3    2
       -0.6979994061671 bend   7    3    2
       -0.0880372372624 bend   7   13    2
       -0.8564145084299 bend   7    1    2
        0.3794705952285 bend   7    9    2
        0.5798672847775 bend   7   12    2
       -0.2365144687391 bend  11    3    2
        0.4529842818046 bend  10    3    2
       -0.3573443247607 bend  10    8    2
        0.1378942679175 bend  10    1    2
        1.1324129730606 bend  10    7    2
        0.2278569975495 bend  16    7    2
       -1.0224767273235 bend  15    8    2
        0.7567328167714 bend  15    7    2
       -0.6738715296506 bend  15   10    2
  49 k  0.2453222882268 bend   4    3    2      val=  10.54408
        0.0089881218432 bend   8    3    2
        0.0065578420485 bend   1    8    2
       -0.2032307722631 bend   9    3    2
       -0.6568099161394 bend   7    3    2
       -0.0044834038271 bend   7   13    2
       -0.6070767310813 bend   7    1    2
        0.5914459219211 bend   7    9    2
        0.1187669199426 bend   7   12    2
        1.6717133290169 bend  11    3    2
       -1.0618147805750 bend  10    3    2
        0.1172472108101 bend  10    8    2
        0.9484506007591 bend  10    1    2
       -0.4904837293679 bend  10    7    2
        0.8884893733652 bend  16    7    2
       -0.0387924085066 bend  15    8    2
       -0.5213241944495 bend  15    7    2
       -0.1602438091434 bend  15   10    2
  50 k  2.8284271247462 bend   8   11    7      val= 108.12136
  51 k  2.0000000000000 bend   9    7    8      val= 107.99880
  52 k  2.8284271247462 bend  11    9   10      val= 107.87507
        42 non zero eigenvalues  of BmBt
           1           3.650567737    1    0
         1
           2           3.491892782    2    0
         2
           3           3.465838157    3    0
         3
           4           3.439909412    4    0
         4
           5           3.386569317    5    0
         5
           6           3.198652715    6    0
         6
           7           3.189026199    7    0
         7
           8           3.152291023    8    0
         8
           9           2.046582471    9    0
         9
          10           1.423076761   10    0
        10
          11           1.240911766   11    0
        11
          12           1.025683332   12    0
        12
          13           1.009808072   13    0
        13
          14           0.911663610   14    0
        14
          15           0.767880102   15    0
        15
          16           0.736797852   16    0
        16
          17           0.681409374   17    0
        17
          18           0.679560729   18    0
        18
          19           0.675142763   19    0
        19
          20           0.674563740   20    0
        20
          21           0.671439469   21    0
        21
          22           0.669318908   22    0
        22
          23           0.643468856   23    0
        23
          24           0.631742233   24    0
        24
          25           0.471995300   25    0
        25
          26           0.450585417   26    0
        26
          27           0.198524320   27    0
        27
          28           0.129610039   28    0
        28
          29           0.106282870   29    0
        29
          30           0.085132532   30    0
        30
          31           0.078626938   31    0
        31
          32           3.142101428    0    0
         0.000000000         0.000000000         0.000000000         0.000000000
         0.000000000         0.000000000         0.000000000         0.000000000
         0.000000000         0.000000000         0.000000000         0.000000000
         0.000000000         0.000000000         0.000000000         0.000000000
         0.000000000         0.000000000         0.000000000         0.000000000
         0.000000000         0.000000000         0.000000000         0.000000000
         0.000000000         0.000000000         0.000000000         0.000000000
         0.000000000         0.000000000         0.000000000        -0.129326397
        -0.052357551         0.010234174         0.358367097         0.501719706
         0.050909234         0.186699213        -0.080450683        -0.067887953
        -0.027572094        -0.626907851         0.010239800         0.392631175
        -0.017907460         0.030907820        -0.007596982         0.041438645
        -0.014250859         0.008083300         0.011554901        -0.016093585
          33           1.261563338    0    0
         0.000000000         0.000000000         0.000000000         0.000000000
         0.000000000         0.000000000         0.000000000         0.000000000
         0.000000000         0.000000000         0.000000000         0.000000000
         0.000000000         0.000000000         0.000000000         0.000000000
         0.000000000         0.000000000         0.000000000         0.000000000
         0.000000000         0.000000000         0.000000000         0.000000000
         0.000000000         0.000000000         0.000000000         0.000000000
         0.000000000         0.000000000         0.000000000         0.001362004
         0.061891165         0.822708095        -0.069483814         0.404670529
         0.096980776        -0.040795255         0.022934502         0.024402822
         0.010445945         0.138959941         0.007994640        -0.212694213
         0.250434831        -0.046049096         0.092562135         0.016960383
         0.006816666        -0.006874974         0.002182030         0.005293598
          34           0.827999598    0    0
         0.000000000         0.000000000         0.000000000         0.000000000
         0.000000000         0.000000000         0.000000000         0.000000000
         0.000000000         0.000000000         0.000000000         0.000000000
         0.000000000         0.000000000         0.000000000         0.000000000
         0.000000000         0.000000000         0.000000000         0.000000000
         0.000000000         0.000000000         0.000000000         0.000000000
         0.000000000         0.000000000         0.000000000         0.000000000
         0.000000000         0.000000000         0.000000000        -0.103011217
         0.013728537         0.417075176         0.164313726        -0.701548340
        -0.292143317         0.098480434        -0.063109712        -0.046346661
        -0.051928555        -0.368708741        -0.039968738         0.089847856
         0.201993742        -0.006281624         0.067472601         0.033092676
        -0.001489769         0.006229387        -0.007713126        -0.000711324
          35           0.490990810    0    0
         0.000000000         0.000000000         0.000000000         0.000000000
         0.000000000         0.000000000         0.000000000         0.000000000
         0.000000000         0.000000000         0.000000000         0.000000000
         0.000000000         0.000000000         0.000000000         0.000000000
         0.000000000         0.000000000         0.000000000         0.000000000
         0.000000000         0.000000000         0.000000000         0.000000000
         0.000000000         0.000000000         0.000000000         0.000000000
         0.000000000         0.000000000         0.000000000         0.250219188
         0.266117940        -0.014224200         0.014457947        -0.004815671
        -0.004880111        -0.182843422         0.205363314         0.168311074
        -0.608682873        -0.151945201         0.499462285        -0.023472423
         0.018601960        -0.146866352        -0.132145957         0.016718916
        -0.126881696        -0.177760210         0.164739193         0.063942180
          36           0.384963092    0    0
         0.000000000         0.000000000         0.000000000         0.000000000
         0.000000000         0.000000000         0.000000000         0.000000000
         0.000000000         0.000000000         0.000000000         0.000000000
         0.000000000         0.000000000         0.000000000         0.000000000
         0.000000000         0.000000000         0.000000000         0.000000000
         0.000000000         0.000000000         0.000000000         0.000000000
         0.000000000         0.000000000         0.000000000         0.000000000
         0.000000000         0.000000000         0.000000000         0.369926708
        -0.133881886         0.010865803        -0.071897277         0.025064441
         0.028227012        -0.374950018        -0.397809920        -0.588765142
        -0.253225804        -0.140544657        -0.250756157        -0.122595014
         0.005273748         0.115984415        -0.094939930         0.007362035
         0.009622358        -0.000325014         0.075770671        -0.053542339
          37           0.314054443    0    0
         0.000000000         0.000000000         0.000000000         0.000000000
         0.000000000         0.000000000         0.000000000         0.000000000
         0.000000000         0.000000000         0.000000000         0.000000000
         0.000000000         0.000000000         0.000000000         0.000000000
         0.000000000         0.000000000         0.000000000         0.000000000
         0.000000000         0.000000000         0.000000000         0.000000000
         0.000000000         0.000000000         0.000000000         0.000000000
         0.000000000         0.000000000         0.000000000        -0.049656383
        -0.408687860         0.023531990        -0.014692487        -0.001388228
         0.002452147         0.140773456        -0.228109215         0.060509899
        -0.339881483         0.115482950         0.368874969        -0.015769356
        -0.011871074         0.104817344         0.123134136        -0.095729943
        -0.081438526         0.495097255        -0.392608819        -0.218394803
          38           0.299825091    0    0
         0.000000000         0.000000000         0.000000000         0.000000000
         0.000000000         0.000000000         0.000000000         0.000000000
         0.000000000         0.000000000         0.000000000         0.000000000
         0.000000000         0.000000000         0.000000000         0.000000000
         0.000000000         0.000000000         0.000000000         0.000000000
         0.000000000         0.000000000         0.000000000         0.000000000
         0.000000000         0.000000000         0.000000000         0.000000000
         0.000000000         0.000000000         0.000000000        -0.604974428
         0.338470881        -0.059090387        -0.102939270         0.038144961
         0.045620596        -0.208824546        -0.245045538         0.148639903
        -0.407782282         0.010535642        -0.354377745        -0.009705177
         0.019269477        -0.033729186        -0.055275279        -0.173779479
         0.021610748         0.019641291        -0.188609925         0.113158400
          39           0.120183447    0    0
         0.000000000         0.000000000         0.000000000         0.000000000
         0.000000000         0.000000000         0.000000000         0.000000000
         0.000000000         0.000000000         0.000000000         0.000000000
         0.000000000         0.000000000         0.000000000         0.000000000
         0.000000000         0.000000000         0.000000000         0.000000000
         0.000000000         0.000000000         0.000000000         0.000000000
         0.000000000         0.000000000         0.000000000         0.000000000
         0.000000000         0.000000000         0.000000000        -0.225387431
         0.015897510         0.023732896         0.286225400        -0.011589432
        -0.088900243        -0.644493389        -0.289696070         0.031383769
         0.328042205         0.122027359         0.386452984         0.148663085
        -0.073350015        -0.126700328         0.137138779         0.054484559
        -0.010689986         0.009569586         0.114417984        -0.087671948
          40           0.106421083    0    0
         0.000000000         0.000000000         0.000000000         0.000000000
         0.000000000         0.000000000         0.000000000         0.000000000
         0.000000000         0.000000000         0.000000000         0.000000000
         0.000000000         0.000000000         0.000000000         0.000000000
         0.000000000         0.000000000         0.000000000         0.000000000
         0.000000000         0.000000000         0.000000000         0.000000000
         0.000000000         0.000000000         0.000000000         0.000000000
         0.000000000         0.000000000         0.000000000         0.173549147
         0.394445998        -0.012453039         0.076429337         0.001283742
        -0.021239522         0.472252247        -0.675733349         0.030023256
         0.053172313         0.201546975         0.137466470         0.003958352
        -0.010220224        -0.170335768        -0.110838817         0.113313084
         0.011061561        -0.069658066         0.075649333        -0.001481090
          41           0.058889375    0    0
         0.000000000         0.000000000         0.000000000         0.000000000
         0.000000000         0.000000000         0.000000000         0.000000000
         0.000000000         0.000000000         0.000000000         0.000000000
         0.000000000         0.000000000         0.000000000         0.000000000
         0.000000000         0.000000000         0.000000000         0.000000000
         0.000000000         0.000000000         0.000000000         0.000000000
         0.000000000         0.000000000         0.000000000         0.000000000
         0.000000000         0.000000000         0.000000000         0.131694793
        -0.102479416        -0.063203270        -0.310976799         0.000882664
         0.095191794        -0.099076893        -0.245056785         0.421577635
         0.184884993        -0.518687615        -0.009032241        -0.431096122
        -0.139055212        -0.185060931         0.233866971         0.062648729
         0.005996741        -0.016118924        -0.085016390         0.076963431
          42           0.013829011    0    0
         0.000000000         0.000000000         0.000000000         0.000000000
         0.000000000         0.000000000         0.000000000         0.000000000
         0.000000000         0.000000000         0.000000000         0.000000000
         0.000000000         0.000000000         0.000000000         0.000000000
         0.000000000         0.000000000         0.000000000         0.000000000
         0.000000000         0.000000000         0.000000000         0.000000000
         0.000000000         0.000000000         0.000000000         0.000000000
         0.000000000         0.000000000         0.000000000        -0.180601624
         0.065979088        -0.069364640        -0.691569221        -0.036770869
         0.195316758         0.025667502        -0.040508363        -0.213227574
         0.108310070        -0.115331508         0.255740045         0.363629468
         0.361956553        -0.006242310         0.068823223         0.092264677
        -0.014938110         0.006586069         0.126824232        -0.096800191
$end
