$coord
    0.00000000000000      0.00000000000000      0.00000000000000      mo
    0.00000000000000      0.00000000000000     -6.66079720226364      y
    2.36452257845645      2.34742774943567     -2.64278060769333      s
   -2.36452257845645     -2.34742774943567     -2.64278060769333      s
    2.34742774943567     -2.36452257845645      2.64278060769333      s
   -2.34742774943567      2.36452257845645      2.64278060769333      s
    4.70230509081389     -1.62328936074208     -7.71854503445255      c
    3.60303648406221     -3.56715801671783     -6.20278337910318      c
    1.63059963634774     -4.72500534272765     -7.63367317470289      c
    1.53106092417196     -3.52471604625743    -10.05333546760227      c
    3.43726287933613     -1.60369161721802    -10.10736143979751      c
   -1.63059963634774      4.72500534272765     -7.63367317470289      c
   -3.60303648406221      3.56715801671783     -6.20278337910318      c
   -4.70230509081389      1.62328936074208     -7.71854503445255      c
   -3.43726287933613      1.60369161721802    -10.10736143979751      c
   -1.53106092417196      3.52471604625743    -10.05333546760227      c
    0.13573207809659     -7.01780893180825     -6.85472661171953      c
    0.07685183910555     -4.51231636666320    -12.29037944074155      c
    4.53523195330822     -4.42237520899412     -3.66186790127892      c
    4.34861270535920     -0.21290332880931    -12.41552559226107      c
    6.99559020382649     -0.08213502211413     -7.03617145327723      c
   -0.07685183910555      4.51231636666320    -12.29037944074155      c
   -4.53523195330822      4.42237520899412     -3.66186790127892      c
   -6.99559020382649      0.08213502211413     -7.03617145327723      c
   -4.34861270535920      0.21290332880931    -12.41552559226107      c
    6.02429833072003     -5.87614103534267     -3.87266515332410      h
    3.00983262234952     -5.24455331627131     -2.51486221988252      h
   -3.00983262234952      5.24455331627131     -2.51486221988252      h
   -6.02429833072003      5.87614103534267     -3.87266515332410      h
    5.33703785391843     -2.85199821474782     -2.56188598741210      h
   -5.33703785391843      2.85199821474782     -2.56188598741210      h
    7.03292904292839      1.74137657927219     -8.04088911483745      h
    8.75683377249982     -1.09360000744410     -7.53570775972251      h
    7.05669505753578      0.33105221739519     -4.99913842915601      h
   -7.03292904292839     -1.74137657927219     -8.04088911483745      h
   -8.75683377249982      1.09360000744410     -7.53570775972251      h
   -7.05669505753578     -0.33105221739519     -4.99913842915601      h
   -0.13573207809659      7.01780893180825     -6.85472661171953      c
   -1.14891021865624      8.77848056794338     -7.35291833468469      h
    1.71920762774261      7.09201191005159     -7.79748091118349      h
    0.21122032922299      7.04097970169494     -4.80490498888286      h
    1.14891021865624     -8.77848056794338     -7.35291833468469      h
   -1.71920762774261     -7.09201191005159     -7.79748091118349      h
    2.88093041674661     -0.08110660534176    -13.88091394137794      h
   -2.88093041674661      0.08110660534176    -13.88091394137794      h
   -1.03651425395837      6.17868890636405    -13.11395219184228      h
    1.03651425395837     -6.17868890636405    -13.11395219184228      h
   -0.21122032922299     -7.04097970169494     -4.80490498888286      h
    0.00000000000000      0.00000000000000      6.66079720226364      y
    1.62328936074208      4.70230509070471      7.71854503478009      c
   -1.62328936074208     -4.70230509070471      7.71854503478009      c
    4.72500534283683      1.63059963634774      7.63367317437535      c
   -4.72500534283683     -1.63059963634774      7.63367317437535      c
    3.56715801649947      3.60303648428057      6.20278337910318      c
   -3.56715801649947     -3.60303648428057      6.20278337910318      c
    3.52471604658497      1.53106092384442     10.05333546738390      c
   -3.52471604658497     -1.53106092384442     10.05333546738390      c
    1.60369161754556      3.43726287900859     10.10736144001588      c
   -1.60369161754556     -3.43726287900859     10.10736144001588      c
    7.01780893191743      0.13573207831495      6.85472661106444      c
   -7.01780893191743     -0.13573207831495      6.85472661106444      c
    0.08213502189577      6.99559020371731      7.03617145393232      c
   -0.08213502189577     -6.99559020371731      7.03617145393232      c
    4.51231636720910      0.07685183866883     12.29037944030483      c
   -4.51231636720910     -0.07685183866883     12.29037944030483      c
    0.21290332924603      4.34861270481330     12.41552559269779      c
   -0.21290332924603     -4.34861270481330     12.41552559269779      c
    4.42237520855740      4.53523195374494      3.66186790127892      c
   -4.42237520855740     -4.53523195374494      3.66186790127892      c
    5.87614103468759      6.02429833137511      3.87266515332410      h
   -5.87614103468759     -6.02429833137511      3.87266515332410      h
    5.24455331583458      3.00983262300460      2.51486221966416      h
   -5.24455331583458     -3.00983262300460      2.51486221966416      h
    2.85199821409274      5.33703785435515      2.56188598763046      h
   -2.85199821409274     -5.33703785435515      2.56188598763046      h
   -1.74137657938137      7.03292904271003      8.04088911571090      h
    1.74137657938137     -7.03292904271003      8.04088911571090      h
    7.09201191026995     -1.71920762763343      7.79748091031004      h
   -7.09201191026995      1.71920762763343      7.79748091031004      h
    1.09360000711656      8.75683377249982      7.53570776037759      h
   -1.09360000711656     -8.75683377249982      7.53570776037759      h
    8.77848056794338      1.14891021898378      7.35291833402961      h
   -8.77848056794338     -1.14891021898378      7.35291833402961      h
   -0.33105221794110      7.05669505764496      4.99913842992027      h
    0.33105221794110     -7.05669505764496      4.99913842992027      h
    7.04097970158576     -0.21122032867708      4.80490498811859      h
   -7.04097970158576      0.21122032867708      4.80490498811859      h
    5.12100960890910     -1.84885805612947     11.78539393970320      h
   -1.84885805569274     -5.12100960836319    -11.78539394035828      h
    1.84885805569274      5.12100960836319    -11.78539394035828      h
    0.08110660599684      2.88093041598235     13.88091394170548      h
   -0.08110660599684     -2.88093041598235     13.88091394170548      h
    3.09829283593663     -0.09146364364352     13.80301080447582      h
   -0.09146364298844     -3.09829283517237    -13.80301080480336      h
   -3.09829283593663      0.09146364364352     13.80301080447582      h
    0.09146364298844      3.09829283517237    -13.80301080480336      h
   -5.12100960890910      1.84885805612947     11.78539393970320      h
    1.72287210595355     -4.98011513560817     11.98532427445624      h
   -4.98011513615407     -1.72287210639027    -11.98532427380116      h
   -1.72287210595355      4.98011513560817     11.98532427445624      h
    4.98011513615407      1.72287210639027    -11.98532427380116      h
   -6.17868890701913     -1.03651425341247     13.11395219129638      h
    6.17868890701913      1.03651425341247     13.11395219129638      h
   -1.20202251183597     -5.98047959372777     13.27278487885178      h
   -5.98047959438285      1.20202251129007    -13.27278487830588      h
    1.20202251183597      5.98047959372777     13.27278487885178      h
    5.98047959438285     -1.20202251129007    -13.27278487830588      h
$end