$dipgrad          cartesian dipole gradients
  0.69760024094163D+00  0.26435972730062D-16  0.24803665775061D-16
  -.60552687197412D-16  0.69760024094163D+00  -.94434009194407D-16
  -.43791599172521D-18  0.87117338463546D-17  0.24165397028118D+01
  0.10745427890824D+01  -.68502034377619D+00  0.58256723826488D-15
  -.68502034377615D+00  0.10745427890823D+01  -.42692281662453D-15
  -.10409717284400D-16  -.22786350951443D-16  0.24627664296214D+01
  0.10745427890823D+01  0.68502034377618D+00  -.19695517800745D-15
  0.68502034377617D+00  0.10745427890823D+01  -.26761539438634D-15
  -.64630678518312D-16  0.14197743915728D-15  0.24627664296214D+01
  -.42817498643284D+00  -.30159339353479D+00  0.17999942167304D+00
  -.30159339353479D+00  -.42817498643284D+00  0.17999942167304D+00
  0.20150401902318D+00  0.20150401902320D+00  -.13322215030972D+01
  -.42817498643284D+00  -.30159339353479D+00  -.17999942167304D+00
  -.30159339353480D+00  -.42817498643283D+00  -.17999942167304D+00
  -.20150401902319D+00  -.20150401902319D+00  -.13322215030972D+01
  -.42817498643281D+00  0.30159339353479D+00  -.17999942167304D+00
  0.30159339353480D+00  -.42817498643283D+00  0.17999942167304D+00
  -.20150401902318D+00  0.20150401902319D+00  -.13322215030972D+01
  -.42817498643283D+00  0.30159339353479D+00  0.17999942167304D+00
  0.30159339353479D+00  -.42817498643282D+00  -.17999942167304D+00
  0.20150401902319D+00  -.20150401902318D+00  -.13322215030972D+01
  -.19305866323361D+00  0.76900900285237D-01  0.19741736147424D+00
  0.13134175372526D+00  -.16239677598105D+00  -.25456475345173D+00
  0.11071019405748D+00  -.13586048754467D+00  -.16230132438586D+00
  -.19903392117376D+00  0.20102431098601D+00  0.18457070633820D+00
  0.20102431098600D+00  -.19903392117376D+00  -.18457070633820D+00
  0.60179292799416D-01  -.60179292799419D-01  -.28352309874708D+00
  -.16239677598104D+00  0.13134175372526D+00  0.25456475345173D+00
  0.76900900285240D-01  -.19305866323362D+00  -.19741736147424D+00
  0.13586048754468D+00  -.11071019405748D+00  -.16230132438587D+00
  -.15775963978014D+00  0.15486391328896D+00  0.22594111017019D+00
  0.15295516684154D+00  -.16949369147326D+00  -.28298384984480D+00
  0.75963880976886D-01  -.12750474349573D+00  -.15733503246971D+00
  -.16949369147326D+00  0.15295516684155D+00  0.28298384984480D+00
  0.15486391328896D+00  -.15775963978014D+00  -.22594111017019D+00
  0.12750474349573D+00  -.75963880976890D-01  -.15733503246972D+00
  -.16239677598105D+00  0.13134175372524D+00  -.25456475345171D+00
  0.76900900285238D-01  -.19305866323361D+00  0.19741736147423D+00
  -.13586048754468D+00  0.11071019405749D+00  -.16230132438587D+00
  -.19903392117376D+00  0.20102431098600D+00  -.18457070633820D+00
  0.20102431098601D+00  -.19903392117375D+00  0.18457070633820D+00
  -.60179292799416D-01  0.60179292799415D-01  -.28352309874708D+00
  -.19305866323361D+00  0.76900900285239D-01  -.19741736147423D+00
  0.13134175372524D+00  -.16239677598104D+00  0.25456475345171D+00
  -.11071019405748D+00  0.13586048754468D+00  -.16230132438587D+00
  -.16949369147327D+00  0.15295516684154D+00  -.28298384984480D+00
  0.15486391328896D+00  -.15775963978013D+00  0.22594111017020D+00
  -.12750474349574D+00  0.75963880976883D-01  -.15733503246973D+00
  -.15775963978013D+00  0.15486391328896D+00  -.22594111017020D+00
  0.15295516684155D+00  -.16949369147326D+00  0.28298384984480D+00
  -.75963880976886D-01  0.12750474349573D+00  -.15733503246974D+00
  -.16239677598104D+00  -.13134175372526D+00  -.25456475345173D+00
  -.76900900285238D-01  -.19305866323362D+00  -.19741736147424D+00
  -.13586048754468D+00  -.11071019405748D+00  -.16230132438587D+00
  -.15775963978014D+00  -.15486391328896D+00  -.22594111017019D+00
  -.15295516684153D+00  -.16949369147326D+00  -.28298384984480D+00
  -.75963880976888D-01  -.12750474349573D+00  -.15733503246973D+00
  -.16949369147326D+00  -.15295516684154D+00  -.28298384984480D+00
  -.15486391328896D+00  -.15775963978014D+00  -.22594111017019D+00
  -.12750474349573D+00  -.75963880976880D-01  -.15733503246973D+00
  -.19305866323362D+00  -.76900900285239D-01  -.19741736147424D+00
  -.13134175372526D+00  -.16239677598104D+00  -.25456475345173D+00
  -.11071019405748D+00  -.13586048754468D+00  -.16230132438587D+00
  -.19903392117375D+00  -.20102431098601D+00  -.18457070633820D+00
  -.20102431098601D+00  -.19903392117376D+00  -.18457070633820D+00
  -.60179292799416D-01  -.60179292799418D-01  -.28352309874706D+00
  -.19305866323361D+00  -.76900900285238D-01  0.19741736147424D+00
  -.13134175372524D+00  -.16239677598105D+00  0.25456475345171D+00
  0.11071019405748D+00  0.13586048754468D+00  -.16230132438587D+00
  -.16949369147326D+00  -.15295516684154D+00  0.28298384984480D+00
  -.15486391328896D+00  -.15775963978013D+00  0.22594111017019D+00
  0.12750474349573D+00  0.75963880976886D-01  -.15733503246973D+00
  -.15775963978013D+00  -.15486391328896D+00  0.22594111017020D+00
  -.15295516684154D+00  -.16949369147327D+00  0.28298384984480D+00
  0.75963880976886D-01  0.12750474349573D+00  -.15733503246973D+00
  -.16239677598104D+00  -.13134175372525D+00  0.25456475345171D+00
  -.76900900285235D-01  -.19305866323361D+00  0.19741736147424D+00
  0.13586048754468D+00  0.11071019405749D+00  -.16230132438587D+00
  -.19903392117375D+00  -.20102431098600D+00  0.18457070633820D+00
  -.20102431098600D+00  -.19903392117376D+00  0.18457070633820D+00
  0.60179292799417D-01  0.60179292799417D-01  -.28352309874706D+00
  0.53228022456927D-01  -.11641948823100D+00  -.38339561630325D-01
  -.76407412398351D-01  0.43633775753031D-01  0.90653477211883D-01
  -.21206562210392D-02  0.80032537836633D-01  0.95875042271426D-01
  0.37688531941611D-01  -.72293353031006D-01  -.15626965297985D+00
  -.59466208005166D-01  0.10732879244637D+00  0.36099866769517D-01
  -.91021871686260D-01  0.25252540967266D-02  -.13240651205504D-01
  0.10636710069500D+00  -.58585989766960D-01  -.76836680809922D-01
  -.58585989766961D-01  0.10636710069500D+00  0.76836680809921D-01
  -.70040411706596D-01  0.70040411706597D-01  0.42303929021157D-02
  0.10732879244637D+00  -.59466208005165D-01  -.36099866769517D-01
  -.72293353031005D-01  0.37688531941611D-01  0.15626965297985D+00
  -.25252540967264D-02  0.91021871686260D-01  -.13240651205504D-01
  0.43633775753030D-01  -.76407412398350D-01  -.90653477211883D-01
  -.11641948823100D+00  0.53228022456930D-01  0.38339561630329D-01
  -.80032537836631D-01  0.21206562210392D-02  0.95875042271425D-01
  0.37688531941610D-01  -.72293353031005D-01  0.15626965297985D+00
  -.59466208005167D-01  0.10732879244637D+00  -.36099866769516D-01
  0.91021871686261D-01  -.25252540967270D-02  -.13240651205504D-01
  0.53228022456929D-01  -.11641948823098D+00  0.38339561630309D-01
  -.76407412398347D-01  0.43633775753026D-01  -.90653477211876D-01
  0.21206562210399D-02  -.80032537836636D-01  0.95875042271428D-01
  0.10636710069500D+00  -.58585989766960D-01  0.76836680809922D-01
  -.58585989766959D-01  0.10636710069500D+00  -.76836680809922D-01
  0.70040411706594D-01  -.70040411706595D-01  0.42303929021129D-02
  0.43633775753026D-01  -.76407412398348D-01  0.90653477211877D-01
  -.11641948823098D+00  0.53228022456931D-01  -.38339561630310D-01
  0.80032537836633D-01  -.21206562210399D-02  0.95875042271428D-01
  0.10732879244637D+00  -.59466208005167D-01  0.36099866769520D-01
  -.72293353031006D-01  0.37688531941612D-01  -.15626965297985D+00
  0.25252540967266D-02  -.91021871686262D-01  -.13240651205505D-01
  0.53228022456931D-01  0.11641948823099D+00  -.38339561630309D-01
  0.76407412398348D-01  0.43633775753025D-01  -.90653477211877D-01
  -.21206562210399D-02  -.80032537836635D-01  0.95875042271429D-01
  0.10636710069500D+00  0.58585989766961D-01  -.76836680809922D-01
  0.58585989766960D-01  0.10636710069500D+00  -.76836680809922D-01
  -.70040411706594D-01  -.70040411706593D-01  0.42303929021127D-02
  0.43633775753027D-01  0.76407412398347D-01  -.90653477211877D-01
  0.11641948823098D+00  0.53228022456933D-01  -.38339561630309D-01
  -.80032537836633D-01  -.21206562210399D-02  0.95875042271429D-01
  0.10732879244637D+00  0.59466208005164D-01  -.36099866769517D-01
  0.72293353031006D-01  0.37688531941610D-01  -.15626965297985D+00
  -.25252540967264D-02  -.91021871686261D-01  -.13240651205504D-01
  0.37688531941614D-01  0.72293353031007D-01  -.15626965297985D+00
  0.59466208005165D-01  0.10732879244637D+00  -.36099866769514D-01
  -.91021871686262D-01  -.25252540967230D-02  -.13240651205503D-01
  0.37688531941612D-01  0.72293353031007D-01  0.15626965297985D+00
  0.59466208005166D-01  0.10732879244637D+00  0.36099866769517D-01
  0.91021871686259D-01  0.25252540967241D-02  -.13240651205505D-01
  0.53228022456932D-01  0.11641948823100D+00  0.38339561630327D-01
  0.76407412398349D-01  0.43633775753031D-01  0.90653477211883D-01
  0.21206562210392D-02  0.80032537836630D-01  0.95875042271426D-01
  0.10636710069500D+00  0.58585989766957D-01  0.76836680809922D-01
  0.58585989766959D-01  0.10636710069499D+00  0.76836680809922D-01
  0.70040411706593D-01  0.70040411706595D-01  0.42303929021142D-02
  0.10732879244637D+00  0.59466208005164D-01  0.36099866769512D-01
  0.72293353031006D-01  0.37688531941617D-01  0.15626965297985D+00
  0.25252540967253D-02  0.91021871686260D-01  -.13240651205508D-01
  0.43633775753031D-01  0.76407412398345D-01  0.90653477211883D-01
  0.11641948823100D+00  0.53228022456929D-01  0.38339561630328D-01
  0.80032537836632D-01  0.21206562210392D-02  0.95875042271425D-01
$end
