$basis
*
mo def2-TZVP
# mo    (7s7p5d1f) / [6s4p3d1f]     {211111/4111/311/1}
*
   2  s
  14.000000000     -0.22490043406
  12.500000000      0.33151248555
   1  s
  4.0921501803       1.0000000000
   1  s
 0.97053602586       1.0000000000
   1  s
 0.44217620170       1.0000000000
   1  s
 0.92915024334E-01   1.0000000000
   1  s
 0.35016314389E-01   1.0000000000
   4  p
  8.8931117915      0.69994449475E-01
  5.4689112270     -0.23547141883
  1.3548473007      0.46315460007
 0.65494867461      0.48820184710
   1  p
 0.30428197472       1.0000000000
   1  p
 0.10000000000       1.0000000000
   1  p
 0.33000000000E-01   1.0000000000
   3  d
  5.0044445497     -0.21587364862E-01
  1.7736823324      0.20958680086
 0.76950591696      0.43730880599
   1  d
 0.31530878939       1.0000000000
   1  d
 0.11754374390       1.0000000000
   1  f
 0.65545000000       1.0000000000
*
gd def2-TZVP
# gd    (14s14p10d8f1g) / [10s7p5d4f1g]     {5111111111/6311111/61111/5111/1}
*
   5  s
  70672.982000      0.13500000000E-03
  10580.420000      0.10060000000E-02
  2467.2196000      0.46050000000E-02
  710.30550000      0.13577000000E-01
  223.69340000      0.20915000000E-01
   1  s
  42.884500000       1.0000000000
   1  s
  30.595200000       1.0000000000
   1  s
  15.792300000       1.0000000000
   1  s
  3.9598000000       1.0000000000
   1  s
  2.0077000000       1.0000000000
   1  s
 0.74940000000       1.0000000000
   1  s
 0.32410000000       1.0000000000
   1  s
 0.57800000000E-01   1.0000000000
   1  s
 0.23700000000E-01   1.0000000000
   6  p
  1547.5176828     -0.27484377768E-03
  341.04355363     -0.22027518871E-02
  100.44808811     -0.74993330072E-02
  25.638724200     -0.75632911948E-01
  15.897630316      0.24448929000
  3.5643308647     -0.26400163004
   3  p
  8.3793352896     -0.11016848999
  4.7567465018     -0.24310255997
  2.1155437701     -0.18589755998
   1  p
  1.2378242468       1.0000000000
   1  p
 0.57874986425       1.0000000000
   1  p
 0.25295715243       1.0000000000
   1  p
 0.78345762145E-01   1.0000000000
   1  p
 0.28325755449E-01   1.0000000000
   6  d
  406.09940000      0.65500000000E-03
  122.42050000      0.53410000000E-02
  46.367900000      0.22180000000E-01
  20.728900000      0.29630000000E-01
  7.9773000000      0.28827000000
  4.1175000000      0.44967800000
   1  d
  2.0783000000       1.0000000000
   1  d
 0.98880000000       1.0000000000
   1  d
 0.33890000000       1.0000000000
   1  d
 0.10370000000       1.0000000000
   5  f
  128.70520000      0.39700000000E-02
  46.564700000      0.38735000000E-01
  20.888200000      0.13395800000
  9.5233000000      0.26283500000
  4.3476000000      0.35391100000
   1  f
  1.9241000000       1.0000000000
   1  f
 0.79260000000       1.0000000000
   1  f
 0.28550000000       1.0000000000
   1  g
 0.47570000000       1.0000000000
*
s def2-TZVP
# s     (14s9p3d1f) / [5s5p2d1f]     {73211/51111/21/1}
*
   7  s
  60700.928104      0.54695944225E-03
  9102.6106854      0.42297224557E-02
  2071.4166009      0.21747824159E-01
  586.02476821      0.85100053589E-01
  190.55395021      0.24799128459
  67.630384260      0.46703640406
  25.127306905      0.36434587550
   3  s
  112.57463010      0.21670040240E-01
  34.795554217      0.93602301760E-01
  6.5115556215     -0.26068001422
   2  s
  3.2399032261       1.2842089435
  1.5477160881      0.66036416584
   1  s
 0.40541030112       1.0000000000
   1  s
 0.14550651059       1.0000000000
   5  p
  564.36716027      0.24796796317E-02
  133.42624379      0.19677930250E-01
  42.468271189      0.89980008258E-01
  15.616527580      0.25705880575
  6.1093988469      0.43515167292
   1  p
  2.4404160198      0.34883240595
   1  p
 0.83882201296       1.0000000000
   1  p
 0.31288746900       1.0000000000
   1  p
 0.10770109004       1.0000000000
   2  d
  3.7560000000      0.20000000000
 0.81200000000       1.0000000000
   1  d
 0.27300000000       1.0000000000
   1  f
 0.55700000000       1.0000000000
*
c def2-TZVP
# c     (11s6p2d1f) / [5s3p2d1f]     {62111/411/11/1}
*
   6  s
  13575.349682      0.22245814352E-03
  2035.2333680      0.17232738252E-02
  463.22562359      0.89255715314E-02
  131.20019598      0.35727984502E-01
  42.853015891      0.11076259931
  15.584185766      0.24295627626
   2  s
  6.2067138508      0.41440263448
  2.5764896527      0.23744968655
   1  s
 0.57696339419       1.0000000000
   1  s
 0.22972831358       1.0000000000
   1  s
 0.95164440028E-01   1.0000000000
   4  p
  34.697232244      0.53333657805E-02
  7.9582622826      0.35864109092E-01
  2.3780826883      0.14215873329
 0.81433208183      0.34270471845
   1  p
 0.28887547253      0.46445822433
   1  p
 0.10056823671      0.24955789874
   1  d
  1.0970000000       1.0000000000
   1  d
 0.31800000000       1.0000000000
   1  f
 0.76100000000       1.0000000000
*
h def2-TZVP
# h     (5s1p) / [3s1p]     {311/1}
*
   3  s
  34.061341000      0.60251978000E-02
  5.1235746000      0.45021094000E-01
  1.1646626000      0.20189726000
   1  s
 0.32723041000       1.0000000000
   1  s
 0.10307241000       1.0000000000
   1  p
 0.80000000000       1.0000000000
*
$ecp
*
mo def2-ecp
*
  ncore =    28           lmax =     3
#        coefficient   r^n          exponent
f
         -24.8051771    2           9.4500000
          -4.1537815    2           4.7200000
s-f
         180.1031085    2           9.7145938
          24.9972279    2           4.6805004
          24.8051771    2           9.4500000
           4.1537815    2           4.7200000
p-f
         123.7727523    2           8.1421366
          19.5302280    2           4.6259863
          24.8051771    2           9.4500000
           4.1537815    2           4.7200000
d-f
          48.3750223    2           6.6184148
           8.8920527    2           3.2487516
          24.8051771    2           9.4500000
           4.1537815    2           4.7200000
*
gd def2-ecp
*
  ncore =    28           lmax =     5
#        coefficient   r^n          exponent
h
           0.0000000    2           1.0000000
s-h
         637.2008690    2          24.6021510
p-h
         261.6896010    2          16.8892500
d-h
         106.8565330    2          13.6433580
f-h
         -50.6835900    2          24.1269170
g-h
         -27.5796300    2          22.1318870
*
$end
