$coord
   -0.00000000000000      0.00000000000000      0.00000000000000  mo
   -0.00000000000000      0.00000000000000     -6.63411891981052  gd
   -0.00000000000000      0.00000000000000      6.63411891981052  gd
    2.34855752579447      2.34855752579447     -2.50437179090202  s
   -2.34855752579447     -2.34855752579447     -2.50437179090202  s
    2.34855752579447     -2.34855752579447      2.50437179090202  s
   -2.34855752579447      2.34855752579447      2.50437179090202  s
    4.71305967295515     -1.65939878757674     -7.89386603516022  c
    3.65065583813685     -3.65065583813685     -6.46754056458137  c
    1.65939878757674     -4.71305967295515     -7.89386603516022  c
    1.48638645544292     -3.37814789781436    -10.20549800784057  c
    3.37814789781436     -1.48638645544292    -10.20549800784057  c
   -1.65939878757674      4.71305967295515     -7.89386603516022  c
   -3.65065583813685      3.65065583813685     -6.46754056458137  c
   -4.71305967295515      1.65939878757674     -7.89386603516022  c
   -3.37814789781436      1.48638645544292    -10.20549800784057  c
   -1.48638645544292      3.37814789781436    -10.20549800784057  c
    1.65939878757674      4.71305967295515      7.89386603516022  c
    1.48638645544292      3.37814789781436     10.20549800784057  c
    3.37814789781436      1.48638645544292     10.20549800784057  c
    4.71305967295515      1.65939878757674      7.89386603516022  c
    3.65065583813685      3.65065583813685      6.46754056458137  c
   -4.71305967295515     -1.65939878757674      7.89386603516022  c
   -3.37814789781436     -1.48638645544292     10.20549800784057  c
   -1.48638645544292     -3.37814789781436     10.20549800784057  c
   -1.65939878757674     -4.71305967295515      7.89386603516022  c
   -3.65065583813685     -3.65065583813685      6.46754056458137  c
    0.46160366258809     -6.25879011923407     -7.30195412167016  h
    0.15625058544405     -3.74516682726441    -11.71259672612033  h
    4.20833828081263     -4.20833828081263     -4.58419754319865  h
    3.74516682726441     -0.15625058544405    -11.71259672612033  h
    6.25879011923407     -0.46160366258809     -7.30195412167016  h
   -0.15625058544405      3.74516682726441    -11.71259672612033  h
   -0.46160366258809      6.25879011923407     -7.30195412167016  h
   -4.20833828081263      4.20833828081263     -4.58419754319865  h
   -6.25879011923407      0.46160366258809     -7.30195412167016  h
   -3.74516682726441      0.15625058544405    -11.71259672612033  h
   -0.46160366258809     -6.25879011923407      7.30195412167016  h
   -4.20833828081263     -4.20833828081263      4.58419754319865  h
   -6.25879011923407     -0.46160366258809      7.30195412167016  h
   -3.74516682726441     -0.15625058544405     11.71259672612033  h
   -0.15625058544405     -3.74516682726441     11.71259672612033  h
    0.15625058544405      3.74516682726441     11.71259672612033  h
    0.46160366258809      6.25879011923407      7.30195412167016  h
    4.20833828081263      4.20833828081263      4.58419754319865  h
    3.74516682726441      0.15625058544405     11.71259672612033  h
    6.25879011923407      0.46160366258809      7.30195412167016  h
$user-defined bonds
$end
