$energy      SCF               SCFKIN            SCFPOT
     1 -3966.155015989      3470.755654612     -7436.910670602
     2 -3966.155016055      3470.754628991     -7436.909645046
     3 -3966.157428118      3471.335149338     -7437.492577456
     4 -3966.159219991      3472.462872907     -7438.622092897
     5 -3966.159442842      3472.535694633     -7438.695137475
     6 -3966.159692605      3472.428305960     -7438.587998565
     7 -3966.160655115      3472.418857207     -7438.579512322
     8 -3966.160954120      3472.637962824     -7438.798916944
     9 -3966.161145823      3472.765898061     -7438.927043884
    10 -3966.161467979      3472.849724024     -7439.011192004
    11 -3966.161831333      3472.834908451     -7438.996739784
    12 -3966.162132113      3472.850061732     -7439.012193846
    13 -3966.162690194      3472.937425098     -7439.100115292
    14 -3966.163676003      3473.282375048     -7439.446051051
    15 -3966.164132863      3473.629025101     -7439.793157964
    16 -3966.164227937      3473.719776569     -7439.884004506
    17 -3966.164339610      3473.811176167     -7439.975515778
    18 -3966.164339868      3473.766041045     -7439.930380913
    19 -3966.164342206      3473.744962110     -7439.909304316
    20 -3966.164369910      3473.687676819     -7439.852046728
    21 -3966.164458413      3473.616485108     -7439.780943521
    22 -3966.164598108      3473.583753604     -7439.748351712
    23 -3966.164706456      3473.611257216     -7439.775963672
    24 -3966.164746738      3473.646583231     -7439.811329969
    25 -3966.164775649      3473.646418962     -7439.811194611
    26 -3966.164816140      3473.630970872     -7439.795787012
    27 -3966.164838306      3473.611722920     -7439.776561226
    28 -3966.164858190      3473.601554570     -7439.766412759
    29 -3966.164886037      3473.589042181     -7439.753928218
    30 -3966.164928201      3473.578597403     -7439.743525604
    31 -3966.164993763      3473.576396663     -7439.741390426
    32 -3966.165171731      3473.583674474     -7439.748846205
    33 -3966.165383719      3473.627842356     -7439.793226075
    34 -3966.165409546      3473.637222742     -7439.802632287
    35 -3966.165469341      3473.621043812     -7439.786513153
    36 -3966.165514869      3473.622947349     -7439.788462218
    37 -3966.165545903      3473.628604980     -7439.794150883
    38 -3966.165586029      3473.642739345     -7439.808325374
    39 -3966.165585697      3473.641132721     -7439.806718418
    40 -3966.165584068      3473.641028879     -7439.806612947
    41 -3966.165583631      3473.644476402     -7439.810060033
    42 -3966.165584164      3473.644287002     -7439.809871166
    43 -3966.165587196      3473.643953569     -7439.809540764
    44 -3966.165588738      3473.643630885     -7439.809219623
    45 -3966.165588877      3473.646087364     -7439.811676241
    46 -3966.165588574      3473.642316405     -7439.807904979
    47 -3967.574469074      3480.198871286     -7447.773340359
    48 -3967.574469077      3480.191100684     -7447.765569761
    49 -3967.577136901      3481.090861375     -7448.667998276
    50 -3967.577282064      3481.300811004     -7448.878093067
    51 -3967.577302272      3481.336487444     -7448.913789716
    52 -3967.577336392      3481.419561630     -7448.996898022
    53 -3967.577335656      3481.421863095     -7448.999198751
    54 -3967.577335359      3481.428271420     -7449.005606779
    55 -3967.577335465      3481.423993271     -7449.001328736
    56 -3967.577335308      3481.425619460     -7449.002954768
    57 -3967.577335270      3481.431352791     -7449.008688061
    58 -3967.577335251      3481.432815789     -7449.010151040
    59 -3967.577400091      3481.548728630     -7449.126128722
    60 -3967.577409273      3481.579541601     -7449.156950874
    61 -3967.577409083      3481.675438552     -7449.252847636
    62 -3967.577409247      3481.578939819     -7449.156349066
    63 -3967.577409260      3481.590228596     -7449.167637856
    64 -3967.577409253      3481.577876474     -7449.155285727
    65 -3967.577409238      3481.612541549     -7449.189950787
    66 -3967.628970622      3480.834049631     -7448.463020254
    67 -3967.628970807      3480.832415272     -7448.461386079
    68 -3967.628970740      3480.829881697     -7448.458852438
$end
