$hessapprox internal
  0.414643255789D+00 -0.113295248618D-01  0.424554420691D+00 -0.132438438073D-01
 -0.895705426032D-02  0.418366411300D+00 -0.766311814981D-02 -0.135765742734D-02
 -0.682497946765D-02  0.264355738272D+00  0.878246310443D-02  0.343587503984D-02
  0.822173798157D-02  0.914686684840D-01  0.257201011430D+00  0.442148046724D-02
  0.165657848059D-02  0.539291627854D-02 -0.188671717911D-01  0.300000648253D-01
  0.177512156206D+00 -0.218190399997D-02  0.199909104098D-02 -0.426771047855D-02
  0.127283743552D-01 -0.260023514242D-01  0.162625712152D-01  0.156292536848D+00
  0.114748173690D-02 -0.140540660713D-02 -0.412826302602D-03 -0.202757277313D-01
  0.298383456059D-01 -0.164923170100D-01 -0.997935476136D-03  0.182885905021D+00
  0.500063478025D-03  0.365042469055D-03 -0.634351976353D-03  0.363322281885D-02
  0.141354575225D-01  0.160457342406D-01 -0.734565601397D-02  0.798761341949D-02
  0.369808823363D-01 -0.453034513176D-02  0.884288706574D-03  0.213806497625D-02
  0.258318562788D-01 -0.167011303770D-01 -0.122825030622D-01  0.364993087652D-01
  0.394636224949D-02 -0.576915707695D-03  0.206339435681D+00  0.880083362632D-02
  0.883414221679D-03  0.693206589052D-02  0.550659789298D-03 -0.732466796163D-02
  0.149416636500D-01  0.249610691103D-02  0.162501231389D-01  0.253121825996D-02
 -0.132826355756D-01  0.478697112221D+00  0.102723297755D-01  0.300987295217D-02
  0.959636610527D-02 -0.131116838420D-01  0.655025634973D-02  0.128516701105D-01
  0.198275665572D-01  0.156777486005D-01  0.914555817900D-02 -0.388628889190D-01
 -0.842960780044D-01  0.352385144410D+00 -0.977843555964D-02 -0.749374173775D-02
 -0.873136857393D-02  0.991308043111D-02  0.116329786197D-02  0.817962258295D-02
  0.617753117479D-02  0.659775544118D-02  0.626180600729D-02  0.349932074608D-01
  0.423321910738D-01  0.638363563190D-01  0.199120998518D+00 -0.215952529826D-02
  0.203376241162D-02  0.131783385583D-02 -0.186872571767D-01  0.151066177025D-01
 -0.666751828766D-02  0.184265542412D-01 -0.320734382915D-02  0.387297893641D-02
  0.984218994699D-03 -0.299970192186D-01  0.286668860629D-01 -0.390478258666D-01
  0.380970561135D+00 -0.121403550155D-01 -0.500570352568D-02 -0.915520954329D-02
 -0.250303745069D-01 -0.368641721796D-02 -0.919623632437D-02  0.516459428518D-02
 -0.572799214286D-02  0.127749776287D-01  0.225040928302D-01 -0.369936922601D-01
 -0.386495008801D-01  0.117816114556D+00  0.312593744672D-01  0.284547363904D+00
  0.102094752745D-01  0.466895150240D-02  0.957523884684D-02  0.913590165471D-02
 -0.198117394496D-01 -0.185078798708D-01  0.349383580284D-01  0.354153889987D-02
 -0.246982175471D-01  0.730457420014D-01  0.940204985103D-02  0.155689172439D-01
 -0.609587012159D-01 -0.286725161056D-01 -0.147464353160D+00  0.184887437246D+00
 -0.208488549086D-03 -0.234904241394D-03 -0.172299383162D-02 -0.113418757948D-02
 -0.629601126988D-02  0.488432168666D-02 -0.449159992053D-02  0.820146762218D-02
 -0.446927458112D-02  0.158534800697D-01  0.953604180339D-02 -0.112178454018D-01
 -0.315712218244D-01  0.899584421448D-01 -0.404547862816D-01 -0.449443680910D-01
  0.390040703299D+00 -0.167029512778D-02  0.199169413407D-03  0.115595460169D-02
  0.198413176744D-01 -0.214137519362D-01 -0.142487019064D-01  0.204712616321D-01
 -0.756903219238D-02 -0.389460036616D-02  0.108620685352D+00  0.739361381417D-02
  0.219514918571D-01  0.982127996806D-01  0.759877401688D-02  0.797405185075D-01
 -0.812925685102D-02  0.357369763809D-02  0.129195269692D+00  0.115544113073D-01
  0.135871128805D-01  0.938841821403D-02  0.166500012604D-02  0.387328112371D-02
 -0.114947855088D-01 -0.464613751890D-02 -0.189313866295D-01  0.277018586624D-01
 -0.225077867043D-01  0.131319753598D-02  0.654445701205D-02  0.441971278592D-01
  0.232157178397D-01  0.666830867453D-02  0.817559985243D-02  0.704192621865D-02
  0.292940841286D-01  0.254929891935D+00
$end
