$dipgrad          cartesian dipole gradients
  0.72830936640593D+00  -.40459278151237D-16  0.34273494162118D-16
  -.12566405815406D-15  0.72830936640591D+00  -.97499421464851D-16
  0.94266296522217D-17  0.12006522614924D-15  0.22662681268793D+01
  0.10714470608187D+01  -.70286219088019D+00  -.82026670612106D-17
  -.70286219088018D+00  0.10714470608187D+01  -.10558329214996D-15
  -.25389071440119D-16  -.38916717003362D-16  0.28008185508494D+01
  0.10714470608187D+01  0.70286219088018D+00  0.62431608933672D-16
  0.70286219088018D+00  0.10714470608187D+01  0.25584058424577D-15
  -.17385404181954D-16  -.38968121315349D-16  0.28008185508493D+01
  -.44367838544669D+00  -.29699720494055D+00  0.35839818657481D+00
  -.29699720494056D+00  -.44367838544668D+00  0.35839818657481D+00
  0.20599066015970D+00  0.20599066015970D+00  -.15853009954320D+01
  -.44367838544667D+00  -.29699720494055D+00  -.35839818657481D+00
  -.29699720494055D+00  -.44367838544667D+00  -.35839818657481D+00
  -.20599066015971D+00  -.20599066015970D+00  -.15853009954320D+01
  -.44367838544669D+00  0.29699720494055D+00  -.35839818657481D+00
  0.29699720494055D+00  -.44367838544669D+00  0.35839818657481D+00
  -.20599066015970D+00  0.20599066015971D+00  -.15853009954320D+01
  -.44367838544668D+00  0.29699720494056D+00  0.35839818657481D+00
  0.29699720494056D+00  -.44367838544667D+00  -.35839818657481D+00
  0.20599066015970D+00  -.20599066015970D+00  -.15853009954320D+01
  -.18883633426357D+00  0.78527624863746D-01  0.20072870076609D+00
  0.12585785349082D+00  -.16822477670813D+00  -.21136876888314D+00
  0.11459719151890D+00  -.13996890057804D+00  -.14603095553213D+00
  -.19047433669558D+00  0.20125656400257D+00  0.13917904269190D+00
  0.20125656400257D+00  -.19047433669557D+00  -.13917904269190D+00
  0.57142722064806D-01  -.57142722064807D-01  -.25264511995635D+00
  -.16822477670813D+00  0.12585785349082D+00  0.21136876888314D+00
  0.78527624863747D-01  -.18883633426356D+00  -.20072870076609D+00
  0.13996890057804D+00  -.11459719151890D+00  -.14603095553212D+00
  -.15701970111478D+00  0.15646909222020D+00  0.15131614620919D+00
  0.15537556104646D+00  -.17272868279997D+00  -.26935080585642D+00
  0.75431425985363D-01  -.12657956602481D+00  -.12984639169293D+00
  -.17272868279997D+00  0.15537556104646D+00  0.26935080585642D+00
  0.15646909222020D+00  -.15701970111479D+00  -.15131614620919D+00
  0.12657956602481D+00  -.75431425985362D-01  -.12984639169293D+00
  -.16822477670813D+00  0.12585785349082D+00  -.21136876888314D+00
  0.78527624863746D-01  -.18883633426356D+00  0.20072870076609D+00
  -.13996890057805D+00  0.11459719151890D+00  -.14603095553213D+00
  -.19047433669558D+00  0.20125656400257D+00  -.13917904269190D+00
  0.20125656400257D+00  -.19047433669558D+00  0.13917904269190D+00
  -.57142722064805D-01  0.57142722064806D-01  -.25264511995634D+00
  -.18883633426356D+00  0.78527624863747D-01  -.20072870076609D+00
  0.12585785349082D+00  -.16822477670813D+00  0.21136876888314D+00
  -.11459719151891D+00  0.13996890057804D+00  -.14603095553213D+00
  -.17272868279996D+00  0.15537556104647D+00  -.26935080585642D+00
  0.15646909222020D+00  -.15701970111478D+00  0.15131614620919D+00
  -.12657956602481D+00  0.75431425985361D-01  -.12984639169294D+00
  -.15701970111479D+00  0.15646909222020D+00  -.15131614620919D+00
  0.15537556104647D+00  -.17272868279997D+00  0.26935080585642D+00
  -.75431425985362D-01  0.12657956602481D+00  -.12984639169294D+00
  -.16822477670814D+00  -.12585785349082D+00  -.21136876888314D+00
  -.78527624863749D-01  -.18883633426356D+00  -.20072870076609D+00
  -.13996890057804D+00  -.11459719151890D+00  -.14603095553213D+00
  -.15701970111478D+00  -.15646909222020D+00  -.15131614620919D+00
  -.15537556104646D+00  -.17272868279997D+00  -.26935080585642D+00
  -.75431425985359D-01  -.12657956602481D+00  -.12984639169293D+00
  -.17272868279997D+00  -.15537556104647D+00  -.26935080585642D+00
  -.15646909222020D+00  -.15701970111478D+00  -.15131614620919D+00
  -.12657956602481D+00  -.75431425985362D-01  -.12984639169293D+00
  -.18883633426356D+00  -.78527624863748D-01  -.20072870076609D+00
  -.12585785349082D+00  -.16822477670814D+00  -.21136876888314D+00
  -.11459719151890D+00  -.13996890057804D+00  -.14603095553213D+00
  -.19047433669558D+00  -.20125656400257D+00  -.13917904269190D+00
  -.20125656400257D+00  -.19047433669558D+00  -.13917904269190D+00
  -.57142722064803D-01  -.57142722064806D-01  -.25264511995635D+00
  -.18883633426356D+00  -.78527624863747D-01  0.20072870076609D+00
  -.12585785349082D+00  -.16822477670813D+00  0.21136876888314D+00
  0.11459719151891D+00  0.13996890057804D+00  -.14603095553213D+00
  -.17272868279997D+00  -.15537556104646D+00  0.26935080585642D+00
  -.15646909222020D+00  -.15701970111478D+00  0.15131614620919D+00
  0.12657956602481D+00  0.75431425985364D-01  -.12984639169293D+00
  -.15701970111478D+00  -.15646909222020D+00  0.15131614620919D+00
  -.15537556104646D+00  -.17272868279997D+00  0.26935080585642D+00
  0.75431425985363D-01  0.12657956602481D+00  -.12984639169293D+00
  -.16822477670813D+00  -.12585785349082D+00  0.21136876888314D+00
  -.78527624863747D-01  -.18883633426356D+00  0.20072870076609D+00
  0.13996890057804D+00  0.11459719151890D+00  -.14603095553213D+00
  -.19047433669558D+00  -.20125656400257D+00  0.13917904269190D+00
  -.20125656400257D+00  -.19047433669558D+00  0.13917904269190D+00
  0.57142722064805D-01  0.57142722064805D-01  -.25264511995635D+00
  0.55132141850976D-01  -.11513799996624D+00  -.33010192229164D-01
  -.75862113411605D-01  0.46195934080639D-01  0.93765051693809D-01
  -.29021908458109D-02  0.80139728288632D-01  0.95187764550051D-01
  0.37925307781498D-01  -.72152134706616D-01  -.15215654857870D+00
  -.58180837328887D-01  0.10796153474808D+00  0.34571488502134D-01
  -.90596936097572D-01  0.32349423474581D-02  -.10739803553514D-01
  0.10594642655451D+00  -.57123007369440D-01  -.79852057737661D-01
  -.57123007369441D-01  0.10594642655451D+00  0.79852057737661D-01
  -.69604052036176D-01  0.69604052036176D-01  0.38285806948637D-02
  0.10796153474808D+00  -.58180837328886D-01  -.34571488502134D-01
  -.72152134706615D-01  0.37925307781498D-01  0.15215654857870D+00
  -.32349423474580D-02  0.90596936097572D-01  -.10739803553514D-01
  0.46195934080639D-01  -.75862113411606D-01  -.93765051693809D-01
  -.11513799996624D+00  0.55132141850974D-01  0.33010192229163D-01
  -.80139728288633D-01  0.29021908458109D-02  0.95187764550051D-01
  0.37925307781499D-01  -.72152134706614D-01  0.15215654857870D+00
  -.58180837328888D-01  0.10796153474808D+00  -.34571488502134D-01
  0.90596936097572D-01  -.32349423474583D-02  -.10739803553515D-01
  0.55132141850977D-01  -.11513799996624D+00  0.33010192229162D-01
  -.75862113411608D-01  0.46195934080639D-01  -.93765051693809D-01
  0.29021908458109D-02  -.80139728288633D-01  0.95187764550051D-01
  0.10594642655451D+00  -.57123007369440D-01  0.79852057737661D-01
  -.57123007369441D-01  0.10594642655451D+00  -.79852057737661D-01
  0.69604052036175D-01  -.69604052036176D-01  0.38285806948615D-02
  0.46195934080640D-01  -.75862113411605D-01  0.93765051693809D-01
  -.11513799996624D+00  0.55132141850976D-01  -.33010192229163D-01
  0.80139728288632D-01  -.29021908458109D-02  0.95187764550051D-01
  0.10796153474808D+00  -.58180837328886D-01  0.34571488502134D-01
  -.72152134706615D-01  0.37925307781497D-01  -.15215654857870D+00
  0.32349423474578D-02  -.90596936097573D-01  -.10739803553515D-01
  0.55132141850974D-01  0.11513799996624D+00  -.33010192229162D-01
  0.75862113411606D-01  0.46195934080639D-01  -.93765051693809D-01
  -.29021908458109D-02  -.80139728288634D-01  0.95187764550051D-01
  0.10594642655451D+00  0.57123007369441D-01  -.79852057737661D-01
  0.57123007369441D-01  0.10594642655451D+00  -.79852057737661D-01
  -.69604052036175D-01  -.69604052036175D-01  0.38285806948626D-02
  0.46195934080639D-01  0.75862113411607D-01  -.93765051693809D-01
  0.11513799996624D+00  0.55132141850975D-01  -.33010192229164D-01
  -.80139728288632D-01  -.29021908458109D-02  0.95187764550051D-01
  0.10796153474808D+00  0.58180837328886D-01  -.34571488502134D-01
  0.72152134706614D-01  0.37925307781497D-01  -.15215654857870D+00
  -.32349423474573D-02  -.90596936097573D-01  -.10739803553514D-01
  0.37925307781499D-01  0.72152134706615D-01  -.15215654857870D+00
  0.58180837328886D-01  0.10796153474808D+00  -.34571488502134D-01
  -.90596936097573D-01  -.32349423474577D-02  -.10739803553514D-01
  0.37925307781499D-01  0.72152134706613D-01  0.15215654857870D+00
  0.58180837328886D-01  0.10796153474808D+00  0.34571488502132D-01
  0.90596936097572D-01  0.32349423474588D-02  -.10739803553516D-01
  0.55132141850975D-01  0.11513799996624D+00  0.33010192229165D-01
  0.75862113411607D-01  0.46195934080640D-01  0.93765051693809D-01
  0.29021908458108D-02  0.80139728288632D-01  0.95187764550052D-01
  0.10594642655451D+00  0.57123007369442D-01  0.79852057737661D-01
  0.57123007369441D-01  0.10594642655451D+00  0.79852057737661D-01
  0.69604052036174D-01  0.69604052036174D-01  0.38285806948650D-02
  0.10796153474808D+00  0.58180837328890D-01  0.34571488502134D-01
  0.72152134706615D-01  0.37925307781499D-01  0.15215654857869D+00
  0.32349423474594D-02  0.90596936097573D-01  -.10739803553515D-01
  0.46195934080639D-01  0.75862113411606D-01  0.93765051693809D-01
  0.11513799996624D+00  0.55132141850976D-01  0.33010192229163D-01
  0.80139728288633D-01  0.29021908458109D-02  0.95187764550051D-01
$end
