# Excitation spectrum ; written at 2020-08-16 13:26:28
#     Exc.     energy (Eh)   energy (eV)   energy (cm-1)   energy (nm)     Osc.(vel)      Osc.(len) 
       1 b2       0.032341       0.88003        7097.945      1408.858     0.02199640     0.02249422
       2 b2       0.079380       2.16003       17421.794       573.994     0.00749929     0.00731156
       3 b2       0.104638       2.84736       22965.481       435.436     0.11384515     0.10960272
       4 b2       0.127731       3.47573       28033.677       356.714     0.02323533     0.02246540
       5 b2       0.128762       3.50380       28260.064       353.856     0.01493286     0.01443758
       6 b2       0.129616       3.52704       28447.516       351.525     0.01541879     0.01495900
       7 b2       0.131433       3.57649       28846.308       346.665     0.00369873     0.00391687
       8 b2       0.132770       3.61284       29139.560       343.176     0.00398395     0.00380387
       9 b2       0.140299       3.81772       30791.995       324.760     0.00013214     0.00013979
      10 b2       0.140787       3.83101       30899.176       323.633     0.01059762     0.01016659
      11 b2       0.143485       3.90443       31491.321       317.548     0.00871929     0.00867913
      12 b2       0.147418       4.01145       32354.539       309.076     0.00016738     0.00115947
      13 b2       0.148677       4.04572       32630.920       306.458     0.00500022     0.00472035
      14 b2       0.153269       4.17067       33638.721       297.276     0.00255159     0.00258541
      15 b2       0.157428       4.28384       34551.528       289.423     0.00197147     0.00194700
      16 b2       0.158546       4.31427       34796.934       287.382     0.00958595     0.00978917
      17 b2       0.168975       4.59804       37085.695       269.646     0.09187698     0.08972960
      18 b2       0.171235       4.65953       37581.660       266.087     0.00021784     0.00032507
      19 b2       0.172231       4.68665       37800.386       264.548     0.00329417     0.00418327
      20 b2       0.174092       4.73729       38208.813       261.720     0.00322441     0.00341236
      21 b2       0.177045       4.81765       38856.968       257.354     0.01889628     0.01793415
      22 b2       0.178286       4.85141       39129.297       255.563     0.00107371     0.00101133
      23 b2       0.182634       4.96973       40083.570       249.479     0.02690905     0.02558202
      24 b2       0.186907       5.08599       41021.245       243.776     0.00000039     0.00000465
      25 b2       0.188386       5.12624       41345.888       241.862     0.00503709     0.00447069
      26 b2       0.190832       5.19280       41882.728       238.762     0.01812122     0.01780880
      27 b2       0.191922       5.22246       42122.019       237.406     0.00865974     0.00813161
      28 b2       0.192820       5.24690       42319.097       236.300     0.05614727     0.05258717
      29 b2       0.200698       5.46128       44048.197       227.024     0.08767607     0.08735766
      30 b2       0.201363       5.47937       44194.130       226.274     0.02761255     0.02694711
      31 b2       0.202996       5.52379       44552.403       224.455     0.00099808     0.00101345
      32 b2       0.206475       5.61847       45316.024       220.672     0.10264867     0.09961301
      33 b2       0.207557       5.64791       45553.469       219.522     0.00299327     0.00294877
      34 b2       0.208686       5.67865       45801.375       218.334     0.02540625     0.02517879
      35 b2       0.210636       5.73170       46229.306       216.313     0.17202016     0.16483081
      36 b2       0.212967       5.79511       46740.745       213.946     0.03462967     0.03282467
      37 b2       0.213190       5.80119       46789.764       213.722     0.24891451     0.23566205
      38 b2       0.215486       5.86367       47293.660       211.445     0.01183596     0.01090723
      39 b2       0.217104       5.90771       47648.922       209.868     0.00055292     0.00054082
      40 b2       0.218743       5.95229       48008.460       208.297     0.00143226     0.00167499
      41 b2       0.219963       5.98549       48276.240       207.141     0.00003010     0.00000226
      42 b2       0.220363       5.99640       48364.190       206.765     0.00899214     0.00826792
      43 b2       0.224129       6.09886       49190.614       203.291     0.05745334     0.05785058
      44 b2       0.225098       6.12524       49403.368       202.415     0.30587451     0.30258966
      45 b2       0.226906       6.17443       49800.153       200.803     0.00587173     0.00636873
      46 b2       0.227684       6.19559       49970.827       200.117     0.06723930     0.06453811
      47 b2       0.228072       6.20614       50055.928       199.777     0.00949290     0.00904892
      48 b2       0.228665       6.22228       50186.063       199.259     0.05907475     0.05601968
      49 b2       0.229224       6.23751       50308.910       198.772     0.04090687     0.03884614
      50 b2       0.230576       6.27430       50605.655       197.606     0.01718321     0.01771468
       1 e        0.057719       1.57061       12667.802       789.403     0.00227076     0.00180933
       2 e        0.091527       2.49056       20087.757       497.816     0.00027351     0.00031934
       3 e        0.096434       2.62409       21164.733       472.484     0.00017099     0.00021901
       4 e        0.098527       2.68104       21624.078       462.447     0.00286737     0.00270486
       5 e        0.105140       2.86101       23075.636       433.358     0.00177647     0.00185678
       6 e        0.107585       2.92753       23612.101       423.512     0.00046143     0.00056475
       7 e        0.115800       3.15108       25415.210       393.465     0.00423394     0.00386194
       8 e        0.116160       3.16086       25494.095       392.248     0.00000025     0.00000068
       9 e        0.117815       3.20592       25857.449       386.736     0.00135346     0.00131067
      10 e        0.119012       3.23848       26120.117       382.847     0.00480493     0.00435762
      11 e        0.121219       3.29853       26604.443       375.877     0.00217627     0.00205989
      12 e        0.122627       3.33685       26913.482       371.561     0.00006999     0.00015785
      13 e        0.125741       3.42159       27597.006       362.358     0.00189332     0.00158207
      14 e        0.127448       3.46803       27971.519       357.507     0.00297063     0.00267937
      15 e        0.127773       3.47688       28042.922       356.596     0.00581137     0.00544124
      16 e        0.128505       3.49680       28203.580       354.565     0.00327143     0.00281112
      17 e        0.129988       3.53716       28529.153       350.519     0.00152991     0.00102878
      18 e        0.131165       3.56918       28787.406       347.374     0.00001337     0.00001084
      19 e        0.136080       3.70292       29866.042       334.828     0.01139847     0.01190583
      20 e        0.140361       3.81942       30805.695       324.615     0.00163013     0.00197567
      21 e        0.144057       3.91998       31616.794       316.288     0.00123674     0.00130100
      22 e        0.148998       4.05444       32701.240       305.799     0.00412291     0.00376782
      23 e        0.150479       4.09474       33026.287       302.789     0.00031385     0.00016704
      24 e        0.153745       4.18362       33743.154       296.356     0.00384674     0.00454245
      25 e        0.158981       4.32611       34892.401       286.595     0.00002163     0.00003436
      26 e        0.160231       4.36009       35166.533       284.361     0.01810124     0.01901999
      27 e        0.160787       4.37524       35288.688       283.377     0.00093484     0.00123682
      28 e        0.164106       4.46556       36017.194       277.645     0.00296236     0.00267662
      29 e        0.164809       4.48468       36171.365       276.462     0.00083122     0.00069871
      30 e        0.166101       4.51983       36454.890       274.312     0.00003919     0.00006403
      31 e        0.166783       4.53838       36604.543       273.190     0.00138910     0.00135394
      32 e        0.167698       4.56330       36805.462       271.699     0.00045166     0.00047501
      33 e        0.169364       4.60863       37171.105       269.026     0.00376658     0.00373212
      34 e        0.169809       4.62074       37268.808       268.321     0.00413650     0.00419864
      35 e        0.170984       4.65270       37526.571       266.478     0.00000179     0.00000437
      36 e        0.171387       4.66368       37615.090       265.851     0.00243208     0.00267233
      37 e        0.171956       4.67915       37739.907       264.972     0.00005934     0.00000415
      38 e        0.174655       4.75262       38332.449       260.876     0.01977813     0.02017763
      39 e        0.176323       4.79801       38698.525       258.408     0.00302269     0.00268618
      40 e        0.177312       4.82492       38915.586       256.966     0.00283634     0.00301983
      41 e        0.179546       4.88569       39405.732       253.770     0.00269386     0.00248020
      42 e        0.180228       4.90427       39555.571       252.809     0.00001147     0.00001908
      43 e        0.181495       4.93873       39833.511       251.045     0.00317723     0.00322856
      44 e        0.182786       4.97387       40116.992       249.271     0.00096966     0.00085639
      45 e        0.183573       4.99528       40289.630       248.203     0.01020441     0.01066686
      46 e        0.188170       5.12036       41298.451       242.140     0.00083919     0.00085697
      47 e        0.190302       5.17837       41766.372       239.427     0.00706817     0.00483835
      48 e        0.190881       5.19412       41893.442       238.701     0.00495953     0.00358163
      49 e        0.191131       5.20095       41948.451       238.388     0.00955585     0.00835651
      50 e        0.192512       5.23852       42251.487       236.678     0.01857622     0.01830202
