# Electronic excitation spectrum of , IRREP b2  
#  excitation energy / cm^(-1)  oscillator strength (length rep.)
 0.70979454786118E+04   0.22494220712970E-01
 0.17421793705509E+05   0.73115556158938E-02
 0.22965481210609E+05   0.10960271974930E+00
 0.28033676839038E+05   0.22465403495384E-01
 0.28260064275790E+05   0.14437584784437E-01
 0.28447515657943E+05   0.14958999666906E-01
 0.28846308262003E+05   0.39168745475167E-02
 0.29139559931529E+05   0.38038745405313E-02
 0.30791994640058E+05   0.13978574727400E-03
 0.30899176381736E+05   0.10166586893554E-01
 0.31491320891617E+05   0.86791265844395E-02
 0.32354539144433E+05   0.11594718867515E-02
 0.32630920299854E+05   0.47203529707097E-02
 0.33638721495355E+05   0.25854117906277E-02
 0.34551527512094E+05   0.19470011986055E-02
 0.34796934186313E+05   0.97891707856894E-02
 0.37085694642936E+05   0.89729595755951E-01
 0.37581660395194E+05   0.32506626646813E-03
 0.37800385741045E+05   0.41832723033510E-02
 0.38208812517850E+05   0.34123637404454E-02
 0.38856967624641E+05   0.17934153902019E-01
 0.39129296665650E+05   0.10113310463578E-02
 0.40083570092819E+05   0.25582015088687E-01
 0.41021245235792E+05   0.46538517942250E-05
 0.41345887697641E+05   0.44706917813075E-02
 0.41882728329878E+05   0.17808796323253E-01
 0.42122018523045E+05   0.81316064638728E-02
 0.42319096660340E+05   0.52587167642684E-01
 0.44048196833160E+05   0.87357655372099E-01
 0.44194130486566E+05   0.26947112803496E-01
 0.44552403465872E+05   0.10134488178751E-02
 0.45316024402500E+05   0.99613010152804E-01
 0.45553468560909E+05   0.29487660545934E-02
 0.45801374742101E+05   0.25178788439970E-01
 0.46229306342482E+05   0.16483080890194E+00
 0.46740744567456E+05   0.32824674169261E-01
 0.46789763936904E+05   0.23566204663688E+00
 0.47293659793562E+05   0.10907233966689E-01
 0.47648922355744E+05   0.54082134346224E-03
 0.48008459665798E+05   0.16749937304470E-02
 0.48276239986742E+05   0.22573474131565E-05
 0.48364189516153E+05   0.82679202575167E-02
 0.49190613704101E+05   0.57850583566795E-01
 0.49403368369308E+05   0.30258965756676E+00
 0.49800152715766E+05   0.63687280668281E-02
 0.49970827068675E+05   0.64538112619490E-01
 0.50055928095797E+05   0.90489159615896E-02
 0.50186063291414E+05   0.56019679999517E-01
 0.50308909724766E+05   0.38846140636886E-01
 0.50605654915991E+05   0.17714679193122E-01
# Electronic excitation spectrum of , IRREP e   
#  excitation energy / cm^(-1)  oscillator strength (length rep.)
 0.12667801985760E+05   0.18093305888085E-02
 0.20087756692599E+05   0.31933897091813E-03
 0.21164733353662E+05   0.21901145071627E-03
 0.21624077668417E+05   0.27048580566119E-02
 0.23075635856674E+05   0.18567842434490E-02
 0.23612100810116E+05   0.56474666345757E-03
 0.25415209912754E+05   0.38619381955554E-02
 0.25494095438542E+05   0.68366315542014E-06
 0.25857449197332E+05   0.13106716193768E-02
 0.26120117076847E+05   0.43576211707827E-02
 0.26604442987798E+05   0.20598940484395E-02
 0.26913481974025E+05   0.15784680078170E-03
 0.27597006263364E+05   0.15820675614790E-02
 0.27971519108549E+05   0.26793669647067E-02
 0.28042922176652E+05   0.54412377203162E-02
 0.28203579641107E+05   0.28111152374345E-02
 0.28529152609330E+05   0.10287766612825E-02
 0.28787406134791E+05   0.10844286060104E-04
 0.29866041667194E+05   0.11905827727877E-01
 0.30805695396132E+05   0.19756729786324E-02
 0.31616794074828E+05   0.13009957078453E-02
 0.32701239515573E+05   0.37678195577163E-02
 0.33026286756484E+05   0.16703891234593E-03
 0.33743154167811E+05   0.45424470585564E-02
 0.34892401308494E+05   0.34357009681215E-04
 0.35166532694435E+05   0.19019990017642E-01
 0.35288688018683E+05   0.12368234855683E-02
 0.36017193974900E+05   0.26766200851464E-02
 0.36171364797739E+05   0.69871106704780E-03
 0.36454890375777E+05   0.64032575427964E-04
 0.36604543060867E+05   0.13539400693569E-02
 0.36805462327619E+05   0.47501185456625E-03
 0.37171105221260E+05   0.37321221413913E-02
 0.37268807937498E+05   0.41986395188313E-02
 0.37526570584988E+05   0.43711729002353E-05
 0.37615090038913E+05   0.26723311375377E-02
 0.37739907490398E+05   0.41514030536918E-05
 0.38332449203452E+05   0.20177627938404E-01
 0.38698525384401E+05   0.26861822800324E-02
 0.38915586109028E+05   0.30198336039140E-02
 0.39405732406233E+05   0.24802032960220E-02
 0.39555571214260E+05   0.19077277604128E-04
 0.39833511389372E+05   0.32285565979939E-02
 0.40116992437943E+05   0.85639311809164E-03
 0.40289630007134E+05   0.10666864160012E-01
 0.41298451320183E+05   0.85696501291629E-03
 0.41766372101455E+05   0.48383477182684E-02
 0.41893441903740E+05   0.35816267695704E-02
 0.41948451235212E+05   0.83565129710879E-02
 0.42251486528237E+05   0.18302023370006E-01
