$coord
   -0.00000000000000      0.00000000000000      0.00000000000000  mo
   -0.00000000000000     -0.00000000000000     -6.30338942169702  y
    0.00000000000000      0.00000000000000      6.30338942169702  y
    2.42051574390307      2.42051574390307     -2.46690206010584  s
   -2.42051574390307     -2.42051574390307     -2.46690206010584  s
    2.42051574390307     -2.42051574390307      2.46690206010584  s
   -2.42051574390307      2.42051574390307      2.46690206010584  s
    4.60533853677564     -1.53869295085251     -7.54309442964194  c
    3.54493392160131     -3.54493392160131     -6.11514678777710  c
    1.53869295085251     -4.60533853677564     -7.54309442964194  c
    1.34976514615767     -3.25063182225050     -9.85351136845201  c
    3.25063182225050     -1.34976514615767     -9.85351136845201  c
   -1.53869295085251      4.60533853677564     -7.54309442964194  c
   -3.54493392160131      3.54493392160131     -6.11514678777710  c
   -4.60533853677564      1.53869295085251     -7.54309442964194  c
   -3.25063182225050      1.34976514615767     -9.85351136845201  c
   -1.34976514615767      3.25063182225050     -9.85351136845201  c
    1.53869295085251      4.60533853677564      7.54309442964194  c
    1.34976514615767      3.25063182225050      9.85351136845201  c
    3.25063182225050      1.34976514615767      9.85351136845201  c
    4.60533853677564      1.53869295085251      7.54309442964194  c
    3.54493392160131      3.54493392160131      6.11514678777710  c
   -4.60533853677564     -1.53869295085251      7.54309442964194  c
   -3.25063182225050     -1.34976514615767      9.85351136845201  c
   -1.34976514615767     -3.25063182225050      9.85351136845201  c
   -1.53869295085251     -4.60533853677564      7.54309442964194  c
   -3.54493392160131     -3.54493392160131      6.11514678777710  c
    0.33513788368573     -6.16593549090343     -6.94533511197326  h
    0.00878977853827     -3.62126484872108    -11.37274976775767  h
    4.11306992323734     -4.11306992323734     -4.21936225102190  h
    3.62126484872108     -0.00878977853827    -11.37274976775767  h
    6.16593549090343     -0.33513788368573     -6.94533511197326  h
   -0.00878977853827      3.62126484872108    -11.37274976775767  h
   -0.33513788368572      6.16593549090343     -6.94533511197326  h
   -4.11306992323734      4.11306992323734     -4.21936225102190  h
   -6.16593549090343      0.33513788368572     -6.94533511197326  h
   -3.62126484872108      0.00878977853827    -11.37274976775767  h
   -0.33513788368572     -6.16593549090343      6.94533511197326  h
   -4.11306992323734     -4.11306992323734      4.21936225102190  h
   -6.16593549090343     -0.33513788368572      6.94533511197326  h
   -3.62126484872108     -0.00878977853827     11.37274976775767  h
   -0.00878977853827     -3.62126484872108     11.37274976775767  h
    0.00878977853827      3.62126484872108     11.37274976775767  h
    0.33513788368573      6.16593549090343      6.94533511197326  h
    4.11306992323734      4.11306992323734      4.21936225102190  h
    3.62126484872108      0.00878977853827     11.37274976775767  h
    6.16593549090343      0.33513788368573      6.94533511197326  h
$user-defined bonds
$redundant
     number_of_atoms            47
     degrees_of_freedom         19
     internal_coordinates       29
     frozen_coordinates          0
# definitions of redundant internals
   1 k  2.8284271247462 stre  11   29           val=   2.06002
   2 k  2.0000000000000 stre   9   30           val=   2.05902
   3 k  2.8284271247462 stre   8   32           val=   2.05945
   4 k -1.9707390143289 bend  12   32    8      val=  11.79310
        1.9790872690959 bend   9   32    8
        0.4465437478059 bend   2   32    8
   5 k -2.0001520175148 bend  10   29   11      val=   1.75291
        1.9988071467794 bend  12   29   11
        0.0645127647443 bend   2   29   11
   6 k  0.0360477998778 bend   8   30    9      val= 115.49696
        0.0360477998778 bend  10   30    9
        1.9993501724930 bend   2   30    9
   7 k -0.0055398509484 bend  10   29   11      val= 109.19435
       -0.0967792220040 bend  12   29   11
        2.8267654823561 bend   2   29   11
   8 k  0.4107218932378 bend  12   32    8      val= 102.00900
       -0.2204650488264 bend   9   32    8
        2.7897495745427 bend   2   32    8
   9 k  0.6666666666667 tors  10   11    2    4 val=  95.58149
        0.6666666666667 tors  10   11    2    5
        0.6666666666667 tors  10   11    2    8
        0.6666666666667 tors  10   11    2    9
        0.6666666666667 tors  10   11    2   13
        0.6666666666667 tors  10   11    2   14
        0.6666666666667 tors  10   11    2   15
        0.6666666666667 tors  10   11    2   16
        0.6666666666667 tors  10   11    2   17
        0.6666666666667 tors  12   11    2    4
        0.6666666666667 tors  12   11    2    5
        0.6666666666667 tors  12   11    2    8
        0.6666666666667 tors  12   11    2    9
        0.6666666666667 tors  12   11    2   13
        0.6666666666667 tors  12   11    2   14
        0.6666666666667 tors  12   11    2   15
        0.6666666666667 tors  12   11    2   16
        0.6666666666667 tors  12   11    2   17
  10 k  0.6666666666667 tors   9    8    2    4 val=  71.90021
        0.6666666666667 tors   9    8    2    5
        0.6666666666667 tors   9    8    2   10
        0.6666666666667 tors   9    8    2   11
        0.6666666666667 tors   9    8    2   13
        0.6666666666667 tors   9    8    2   14
        0.6666666666667 tors   9    8    2   15
        0.6666666666667 tors   9    8    2   16
        0.6666666666667 tors   9    8    2   17
        0.6666666666667 tors  12    8    2    4
        0.6666666666667 tors  12    8    2    5
        0.6666666666667 tors  12    8    2   10
        0.6666666666667 tors  12    8    2   11
        0.6666666666667 tors  12    8    2   13
        0.6666666666667 tors  12    8    2   14
        0.6666666666667 tors  12    8    2   15
        0.6666666666667 tors  12    8    2   16
        0.6666666666667 tors  12    8    2   17
  11 k  2.0000000000000 stre   1    4           val=   4.21941
  12 k  1.4142135623731 bend   5    4    1      val= 108.44261
  13 k  2.0000000000000 stre   2    4           val=   5.14164
  14 k  2.8284271247462 stre   2   11           val=   4.99918
  15 k  2.0000000000000 stre  11   12           val=   2.68823
  16 k  2.8284271247462 stre   2    8           val=   5.01135
  17 k  2.8284271247462 stre  12    8           val=   2.68495
  18 k  2.0000000000000 stre   2    9           val=   5.01683
  19 k  2.8284271247462 stre   8    9           val=   2.68114
  20 k -0.6110668572785 bend   5    4    2      val=  66.77772
       -0.1048469958846 bend  11    4    2
       -0.0569660177193 bend  12    4    2
        0.6290629754462 bend  16   11    2
        0.7389796500193 bend  17   11    2
       -0.2126953877121 bend   8    4    2
       -0.4056962519350 bend   8    5    2
        0.2026222267051 bend   8   11    2
        0.8417831006545 bend   8   16    2
        0.6387102837208 bend   8   17    2
        0.5021897762793 bend  13    8    2
        0.9458689784727 bend  15    8    2
        0.1086160413075 bend  10    8    2
       -0.3582535633931 bend   9    4    2
        0.1132040487203 bend   9   11    2
        0.7388747694204 bend   9   16    2
        0.4864953516876 bend  14    8    2
  21 k  1.0956119146555 bend   5    4    2      val=   3.76119
       -0.4563081398838 bend  11    4    2
       -0.5544461035369 bend  12    4    2
        0.6800978895306 bend  16   11    2
        0.6333676475357 bend  17   11    2
       -0.2445544831344 bend   8    4    2
        0.2524719845902 bend   8    5    2
       -0.2207188841875 bend   8   11    2
        0.1778548043692 bend   8   16    2
        0.1406645285730 bend   8   17    2
       -0.3134047208485 bend  13    8    2
       -0.2596058523965 bend  15    8    2
        0.1705553978722 bend  10    8    2
        0.1237703945660 bend   9    4    2
       -0.4809964339230 bend   9   11    2
        0.2000714143531 bend   9   16    2
       -0.2360751115439 bend  14    8    2
  22 k  0.8331779088383 bend   5    4    2      val=  20.12768
       -0.0690669821757 bend  11    4    2
       -0.1792977327691 bend  12    4    2
       -0.2277295891851 bend  16   11    2
       -0.2920850063606 bend  17   11    2
        0.0405110813703 bend   8    4    2
       -0.3586636376001 bend   8    5    2
       -0.3275836395192 bend   8   11    2
       -0.0565136772971 bend   8   16    2
        0.2959214493991 bend   8   17    2
        1.0145316747683 bend  13    8    2
        0.1466930528062 bend  15    8    2
       -1.0520754840936 bend  10    8    2
        0.0486724907942 bend   9    4    2
        0.0637382794399 bend   9   11    2
       -0.1635404280254 bend   9   16    2
        0.4849195764016 bend  14    8    2
  23 k  0.8423875728580 bend   5    4    2      val=  15.45136
        0.1931416603657 bend  11    4    2
       -0.3134900182097 bend  12    4    2
       -0.6255550091288 bend  16   11    2
       -0.3993706657393 bend  17   11    2
       -0.7318736907665 bend   8    4    2
       -0.0382102691137 bend   8    5    2
        0.8024168922351 bend   8   11    2
        0.2181923469120 bend   8   16    2
       -0.1669125596333 bend   8   17    2
       -0.0966351048446 bend  13    8    2
        0.8327730615722 bend  15    8    2
        0.7104937758387 bend  10    8    2
       -0.1149657536465 bend   9    4    2
        0.4593813181840 bend   9   11    2
       -0.1672889397722 bend   9   16    2
        0.0186003361944 bend  14    8    2
  24 k  0.3810298491443 bend   5    4    2      val=   7.11063
       -0.0247314735649 bend  11    4    2
       -0.1511497691959 bend  12    4    2
       -0.0581944585315 bend  16   11    2
       -0.0221395939980 bend  17   11    2
        0.1912884792203 bend   8    4    2
        0.2996123769823 bend   8    5    2
       -0.2046389196360 bend   8   11    2
       -0.3731068914510 bend   8   16    2
       -0.3316098612618 bend   8   17    2
       -0.3724741146722 bend  13    8    2
       -0.7269563185628 bend  15    8    2
       -0.0988711525881 bend  10    8    2
       -1.1470032783235 bend   9    4    2
        1.4283679717748 bend   9   11    2
        1.3596098973903 bend   9   16    2
        0.6421037528364 bend  14    8    2
  25 k -0.2383482566025 bend   5    4    2      val=  -3.45437
        0.8339475331925 bend  11    4    2
       -1.1676676309460 bend  12    4    2
       -0.4656161095923 bend  16   11    2
        1.1678969886758 bend  17   11    2
        0.3889728360334 bend   8    4    2
       -0.0026685199286 bend   8    5    2
        0.7652134328966 bend   8   11    2
        0.4058695742974 bend   8   16    2
       -0.6713786120822 bend   8   17    2
        0.1639935872622 bend  13    8    2
       -0.4718959757702 bend  15    8    2
       -0.5272663998797 bend  10    8    2
        0.0819284461377 bend   9    4    2
        0.1133405607375 bend   9   11    2
       -0.3521423076279 bend   9   16    2
        0.0346575879239 bend  14    8    2
  26 k  2.0000000000000 bend   2    1    4      val=  84.03759
  27 k  2.8284271247462 bend   9   12    8      val= 108.14339
  28 k  2.0000000000000 bend  10    8    9      val= 107.95352
  29 k  2.8284271247462 bend  12   10   11      val= 107.87967
        19 non zero eigenvalues  of BmBt
           1           2.386938707    1    0
         1
           2           2.091157284    2    0
         2
           3           2.023459533    3    0
         3
           4           1.504809637    4    0
         4
           5           0.942022857    5    0
         5
           6           0.728477044    6    0
         6
           7           0.579153327    7    0
         7
           8           0.509335863    8    0
         8
           9           4.805951810    0    0
         0.000000000         0.000000000         0.000000000         0.000000000
         0.000000000         0.000000000         0.000000000         0.000000000
        -0.050949517         0.278038391         0.003272603        -0.034512476
        -0.494364802         0.625349041         0.050870463         0.143910606
         0.042687681        -0.112995684        -0.004410911        -0.492690572
         0.011651170        -0.004522303         0.011143039        -0.002444925
        -0.007784022        -0.043842216         0.000086424         0.018956812
        -0.012600303
          10           1.431589737    0    0
         0.000000000         0.000000000         0.000000000         0.000000000
         0.000000000         0.000000000         0.000000000         0.000000000
         0.439161878        -0.580899901         0.222018513        -0.058238899
        -0.226522931         0.077910591        -0.267004032         0.118239872
        -0.072266824         0.053036652         0.405773039        -0.058246509
         0.129263851        -0.036179128         0.037081656         0.095477663
        -0.065276422        -0.015940515        -0.145310419        -0.072745461
         0.197085284
          11           1.273827391    0    0
         0.000000000         0.000000000         0.000000000         0.000000000
         0.000000000         0.000000000         0.000000000         0.000000000
         0.011805297        -0.087889904        -0.673623208        -0.122364334
        -0.389663331        -0.151128069        -0.333700599         0.031328133
         0.221598028        -0.047082752        -0.126307440         0.134389353
        -0.197999238        -0.075963815        -0.133231759        -0.082755160
        -0.055813514         0.215662672        -0.137903579         0.080193986
         0.079975820
          12           1.265446544    0    0
         0.000000000         0.000000000         0.000000000         0.000000000
         0.000000000         0.000000000         0.000000000         0.000000000
        -0.067325725        -0.093743146        -0.348503518        -0.059497984
        -0.187088018         0.015703688         0.376785225        -0.164934642
        -0.543476433         0.185880421         0.313691894         0.039058500
        -0.044769214        -0.097558347        -0.128403758         0.084749981
         0.090796457         0.109578367         0.294541449        -0.275124793
        -0.097609521
          13           1.027359307    0    0
         0.000000000         0.000000000         0.000000000         0.000000000
         0.000000000         0.000000000         0.000000000         0.000000000
         0.151314267         0.193293458         0.273624516        -0.149279563
        -0.396966824        -0.349133562        -0.075751409        -0.166469808
        -0.514536646        -0.266202029        -0.340022114         0.026265290
         0.190849639         0.032204573        -0.033143283        -0.070532813
         0.032013956         0.050940113        -0.123168253         0.118016974
         0.038611140
          14           0.983931371    0    0
         0.000000000         0.000000000         0.000000000         0.000000000
         0.000000000         0.000000000         0.000000000         0.000000000
         0.361431390         0.168720246        -0.291861043         0.115254405
         0.295788241         0.061342544         0.311955468         0.343924792
        -0.230592837        -0.241939970         0.139913337         0.006862557
         0.027107173        -0.209031903        -0.039147928        -0.116463006
         0.058062342        -0.024550221        -0.361568081         0.296352204
         0.148976813
          15           0.789021787    0    0
         0.000000000         0.000000000         0.000000000         0.000000000
         0.000000000         0.000000000         0.000000000         0.000000000
         0.081313660        -0.164642997        -0.209247401         0.199375059
         0.378597046         0.294899851        -0.421026474        -0.348615940
        -0.302102381        -0.259580234        -0.246438842        -0.229970548
        -0.022406336        -0.005370629        -0.190834380         0.006864685
        -0.064179401        -0.125764424         0.083894167        -0.131387621
         0.012213696
          16           0.457032248    0    0
         0.000000000         0.000000000         0.000000000         0.000000000
         0.000000000         0.000000000         0.000000000         0.000000000
        -0.139462103         0.281186911        -0.031826368         0.103770802
         0.085332293        -0.238917822        -0.398371462         0.435692927
        -0.273728566         0.506776089         0.057573779        -0.278887928
         0.023744546         0.059791441        -0.138820340        -0.041435586
        -0.007975377        -0.100178518        -0.040514781        -0.114119766
         0.118650740
          17           0.383905970    0    0
         0.000000000         0.000000000         0.000000000         0.000000000
         0.000000000         0.000000000         0.000000000         0.000000000
        -0.422366363        -0.233467261         0.023138858         0.008024363
         0.002218900        -0.185401791        -0.013543503         0.489499439
        -0.079295569        -0.614294433         0.080741273        -0.059745335
        -0.069286753         0.105813068        -0.056112910         0.209109501
         0.030071449        -0.013753426         0.116799000        -0.140030406
        -0.037114069
          18           0.240897422    0    0
         0.000000000         0.000000000         0.000000000         0.000000000
         0.000000000         0.000000000         0.000000000         0.000000000
         0.011208711        -0.155220667         0.045189482        -0.059459782
        -0.012170200         0.436751196        -0.003946387         0.389802771
        -0.163009240         0.174931970        -0.371297489         0.541067547
         0.173945596         0.189267836        -0.217642966        -0.070321624
        -0.025427396         0.058055060         0.084289433         0.017973922
        -0.098564944
          19           0.014949598    0    0
         0.000000000         0.000000000         0.000000000         0.000000000
         0.000000000         0.000000000         0.000000000         0.000000000
        -0.041954084         0.069445979         0.286286634        -0.495356016
         0.252314797         0.119978286        -0.087456478         0.011638955
        -0.044668606        -0.019626745         0.069345878        -0.089655326
        -0.337718439        -0.233200381        -0.263450502        -0.086440487
        -0.000762630         0.561919965        -0.035805221        -0.017136523
         0.048639831
$end
