$energy      SCF               SCFKIN            SCFPOT
     1 -2512.168025289      2402.741053720     -4914.909079009
     2 -2512.168780901      2402.800283893     -4914.969064794
     3 -2512.169057765      2402.862678027     -4915.031735792
     4 -2512.169147995      2402.886270538     -4915.055418533
     5 -2512.169268569      2402.943440159     -4915.112708728
     6 -2512.169283200      2402.946511153     -4915.115794353
     7 -2512.169290398      2402.945254965     -4915.114545362
     8 -2512.169292073      2402.944797721     -4915.114089794
     9 -2512.169297759      2402.946434122     -4915.115731881
    10 -2512.169300012      2402.950384191     -4915.119684203
    11 -2512.169300032      2402.950783737     -4915.120083769
    12 -2512.169300042      2402.950898843     -4915.120198885
    13 -2512.225891720      2402.995034476     -4915.220926196
$end
