$grad          cartesian gradients
  cycle =      1    SCF energy =    -2512.1680252890   |dE/dxyz| =  0.010045
    0.00000000000000      0.00000000000000      0.00000000000000      mo
    0.00000000000000      0.00000000000000     -6.42830515573521      y
    0.00000000000000      0.00000000000000      6.42830515573521      y
    2.41034928396215      2.41034928396215     -2.53126427361999      s
   -2.41034928396215     -2.41034928396215     -2.53126427361999      s
    2.41034928396215     -2.41034928396215      2.53126427361999      s
   -2.41034928396215      2.41034928396215      2.53126427361999      s
    4.62065467767110     -1.55277473468537     -7.71405009286543      c
    3.56771903447167     -3.56771903447167     -6.29158306827616      c
    1.55277473468537     -4.62065467767110     -7.71405009286543      c
    1.35303205026248     -3.25408074877501    -10.01744430315482      c
    3.25408074877501     -1.35303205026248    -10.01744430315482      c
   -1.55277473468537      4.62065467767110     -7.71405009286543      c
   -3.56771903447167      3.56771903447167     -6.29158306827616      c
   -4.62065467767110      1.55277473468537     -7.71405009286543      c
   -3.25408074877501      1.35303205026248    -10.01744430315482      c
   -1.35303205026248      3.25408074877501    -10.01744430315482      c
    1.55277473468537      4.62065467767110      7.71405009286543      c
    1.35303205026248      3.25408074877501     10.01744430315482      c
    3.25408074877501      1.35303205026248     10.01744430315482      c
    4.62065467767110      1.55277473468537      7.71405009286543      c
    3.56771903447167      3.56771903447167      6.29158306827616      c
   -4.62065467767110     -1.55277473468537      7.71405009286543      c
   -3.25408074877501     -1.35303205026248     10.01744430315482      c
   -1.35303205026248     -3.25408074877501     10.01744430315482      c
   -1.55277473468537     -4.62065467767110      7.71405009286543      c
   -3.56771903447167     -3.56771903447167      6.29158306827616      c
    0.36297165807372     -6.19669180659691     -7.12653257026366      h
    0.01274306007628     -3.62567302046184    -11.53801616153314      h
    4.15818879269802     -4.15818879269802     -4.40914461949625      h
    3.62567302046184     -0.01274306007628    -11.53801616153314      h
    6.19669180659691     -0.36297165807372     -7.12653257026366      h
   -0.01274306007628      3.62567302046184    -11.53801616153314      h
   -0.36297165807371      6.19669180659691     -7.12653257026366      h
   -4.15818879269802      4.15818879269802     -4.40914461949625      h
   -6.19669180659691      0.36297165807371     -7.12653257026366      h
   -3.62567302046184      0.01274306007628    -11.53801616153314      h
   -0.36297165807371     -6.19669180659691      7.12653257026366      h
   -4.15818879269802     -4.15818879269802      4.40914461949625      h
   -6.19669180659691     -0.36297165807371      7.12653257026366      h
   -3.62567302046184     -0.01274306007628     11.53801616153314      h
   -0.01274306007628     -3.62567302046184     11.53801616153314      h
    0.01274306007628      3.62567302046184     11.53801616153314      h
    0.36297165807372      6.19669180659691      7.12653257026366      h
    4.15818879269802      4.15818879269802      4.40914461949625      h
    3.62567302046184      0.01274306007628     11.53801616153314      h
    6.19669180659691      0.36297165807372      7.12653257026366      h
  0.00000000000000D+00  0.00000000000000D+00  0.00000000000000D+00
  0.00000000000000D+00  0.00000000000000D+00  -.20040425318544D-02
  0.00000000000000D+00  0.00000000000000D+00  0.20040425318544D-02
  0.29758874081358D-02  0.29758874081356D-02  -.17480615356500D-02
  -.29758874081376D-02  -.29758874081365D-02  -.17480615356500D-02
  0.29758874081356D-02  -.29758874081354D-02  0.17480615356500D-02
  -.29758874081374D-02  0.29758874081371D-02  0.17480615356500D-02
  0.48222018503985D-03  -.16065529587950D-03  -.23547813079583D-03
  0.39707512346698D-03  -.39707512346698D-03  -.29681473614840D-03
  0.16065529587816D-03  -.48222018503852D-03  -.23547813079583D-03
  0.19008519977204D-03  -.45065075452078D-03  -.30847894925046D-03
  0.45065075452255D-03  -.19008519977204D-03  -.30847894925046D-03
  -.16065529587950D-03  0.48222018503985D-03  -.23547813079583D-03
  -.39707512346876D-03  0.39707512346832D-03  -.29681473614840D-03
  -.48222018503852D-03  0.16065529587816D-03  -.23547813079583D-03
  -.45065075452122D-03  0.19008519977204D-03  -.30847894925046D-03
  -.19008519977204D-03  0.45065075452255D-03  -.30847894925046D-03
  0.16065529587816D-03  0.48222018503852D-03  0.23547813079583D-03
  0.19008519977204D-03  0.45065075452078D-03  0.30847894925046D-03
  0.45065075452255D-03  0.19008519977204D-03  0.30847894925046D-03
  0.48222018503985D-03  0.16065529587950D-03  0.23547813079583D-03
  0.39707512346654D-03  0.39707512346654D-03  0.29681473614840D-03
  -.48222018503852D-03  -.16065529587816D-03  0.23547813079583D-03
  -.45065075452122D-03  -.19008519977204D-03  0.30847894925046D-03
  -.19008519977204D-03  -.45065075452255D-03  0.30847894925046D-03
  -.16065529587950D-03  -.48222018503985D-03  0.23547813079583D-03
  -.39707512346876D-03  -.39707512346876D-03  0.29681473614840D-03
  0.23071335285785D-04  -.40500013380917D-03  -.94277260714315D-04
  -.21931187821789D-04  -.21225594072560D-03  -.29962954772378D-03
  0.25713931792737D-03  -.25713931792781D-03  0.51140975632080D-05
  0.21225594072616D-03  0.21931187821789D-04  -.29962954772378D-03
  0.40500013381006D-03  -.23071335286673D-04  -.94277260714315D-04
  0.21931187821789D-04  0.21225594072616D-03  -.29962954772378D-03
  -.23071335286673D-04  0.40500013381006D-03  -.94277260714315D-04
  -.25713931792781D-03  0.25713931792737D-03  0.51140975632080D-05
  -.40500013380917D-03  0.23071335285785D-04  -.94277260714315D-04
  -.21225594072560D-03  -.21931187821789D-04  -.29962954772378D-03
  -.23071335286673D-04  -.40500013381006D-03  0.94277260714315D-04
  -.25713931792781D-03  -.25713931792737D-03  -.51140975632080D-05
  -.40500013380917D-03  -.23071335285785D-04  0.94277260714315D-04
  -.21225594072560D-03  0.21931187821789D-04  0.29962954772378D-03
  0.21931187821789D-04  -.21225594072616D-03  0.29962954772378D-03
  -.21931187821789D-04  0.21225594072560D-03  0.29962954772378D-03
  0.23071335285785D-04  0.40500013380917D-03  0.94277260714315D-04
  0.25713931792737D-03  0.25713931792781D-03  -.51140975632080D-05
  0.21225594072616D-03  -.21931187821789D-04  0.29962954772378D-03
  0.40500013381006D-03  0.23071335286673D-04  0.94277260714315D-04
  cycle =      2    SCF energy =    -2512.1687809010   |dE/dxyz| =  0.007505
    0.00000000000000      0.00000000000000      0.00000000000000      mo
    0.00000000000000      0.00000000000000     -6.36330581758693      y
    0.00000000000000      0.00000000000000      6.36330581758693      y
    2.42400750844809      2.42400750844809     -2.48487964450801      s
   -2.42400750844809     -2.42400750844809     -2.48487964450801      s
    2.42400750844809     -2.42400750844809      2.48487964450801      s
   -2.42400750844809      2.42400750844809      2.48487964450801      s
    4.62009013646783     -1.55235585138802     -7.62222673355930      c
    3.55970755363669     -3.55970755363669     -6.19455509075455      c
    1.55235585138802     -4.62009013646783     -7.62222673355930      c
    1.36413386658334     -3.26509026697452     -9.93370376252708      c
    3.26509026697452     -1.36413386658334     -9.93370376252708      c
   -1.55235585138802      4.62009013646783     -7.62222673355930      c
   -3.55970755363669      3.55970755363669     -6.19455509075455      c
   -4.62009013646783      1.55235585138802     -7.62222673355930      c
   -3.26509026697452      1.36413386658334     -9.93370376252708      c
   -1.36413386658334      3.26509026697452     -9.93370376252708      c
    1.55235585138802      4.62009013646783      7.62222673355930      c
    1.36413386658334      3.26509026697452      9.93370376252708      c
    3.26509026697452      1.36413386658334      9.93370376252708      c
    4.62009013646783      1.55235585138802      7.62222673355930      c
    3.55970755363669      3.55970755363669      6.19455509075455      c
   -4.62009013646783     -1.55235585138802      7.62222673355930      c
   -3.26509026697452     -1.36413386658334      9.93370376252708      c
   -1.36413386658334     -3.26509026697452      9.93370376252708      c
   -1.55235585138802     -4.62009013646783      7.62222673355930      c
   -3.55970755363669     -3.55970755363669      6.19455509075455      c
    0.35574971445817     -6.18734302858639     -7.02820313634374      h
    0.02633130279772     -3.64200879307751    -11.45463158072265      h
    4.13477501048297     -4.13477501048297     -4.30297833178068      h
    3.64200879307751     -0.02633130279772    -11.45463158072265      h
    6.18734302858639     -0.35574971445817     -7.02820313634374      h
   -0.02633130279772      3.64200879307751    -11.45463158072265      h
   -0.35574971445816      6.18734302858639     -7.02820313634374      h
   -4.13477501048297      4.13477501048297     -4.30297833178068      h
   -6.18734302858639      0.35574971445816     -7.02820313634374      h
   -3.64200879307751      0.02633130279772    -11.45463158072265      h
   -0.35574971445816     -6.18734302858639      7.02820313634374      h
   -4.13477501048297     -4.13477501048297      4.30297833178068      h
   -6.18734302858639     -0.35574971445816      7.02820313634374      h
   -3.64200879307751     -0.02633130279772     11.45463158072265      h
   -0.02633130279772     -3.64200879307751     11.45463158072265      h
    0.02633130279772      3.64200879307751     11.45463158072265      h
    0.35574971445817      6.18734302858639      7.02820313634374      h
    4.13477501048297      4.13477501048297      4.30297833178068      h
    3.64200879307751      0.02633130279772     11.45463158072265      h
    6.18734302858639      0.35574971445817      7.02820313634374      h
  0.00000000000000D+00  0.00000000000000D+00  0.00000000000000D+00
  0.00000000000000D+00  0.00000000000000D+00  -.11335808012327D-02
  0.00000000000000D+00  0.00000000000000D+00  0.11335808012327D-02
  0.23117821632237D-02  0.23117821632237D-02  -.74924252030595D-04
  -.23117821632237D-02  -.23117821632237D-02  -.74924252030595D-04
  0.23117821632237D-02  -.23117821632233D-02  0.74924252030595D-04
  -.23117821632246D-02  0.23117821632233D-02  0.74924252030595D-04
  0.72374222296423D-03  0.80206934150340D-04  -.12391449838356D-03
  0.37222530265169D-03  -.37222530265124D-03  -.23405320526138D-06
  -.80206934151672D-04  -.72374222296245D-03  -.12391449838356D-03
  0.37926894977058D-03  -.31526783254865D-03  -.60032111345221D-03
  0.31526783255043D-03  -.37926894977058D-03  -.60032111345221D-03
  0.80206934150340D-04  0.72374222296423D-03  -.12391449838356D-03
  -.37222530265346D-03  0.37222530265302D-03  -.23405320526138D-06
  -.72374222296245D-03  -.80206934151672D-04  -.12391449838356D-03
  -.31526783254865D-03  0.37926894977058D-03  -.60032111345221D-03
  -.37926894977058D-03  0.31526783254998D-03  -.60032111345221D-03
  -.80206934151672D-04  0.72374222296245D-03  0.12391449838356D-03
  0.37926894977058D-03  0.31526783254865D-03  0.60032111345221D-03
  0.31526783255043D-03  0.37926894977058D-03  0.60032111345221D-03
  0.72374222296423D-03  -.80206934150340D-04  0.12391449838356D-03
  0.37222530265169D-03  0.37222530265124D-03  0.23405320526138D-06
  -.72374222296245D-03  0.80206934151672D-04  0.12391449838356D-03
  -.31526783254865D-03  -.37926894977058D-03  0.60032111345221D-03
  -.37926894977058D-03  -.31526783254998D-03  0.60032111345221D-03
  0.80206934150340D-04  -.72374222296423D-03  0.12391449838356D-03
  -.37222530265346D-03  -.37222530265346D-03  0.23405320526138D-06
  0.15022222373684D-03  -.75047403867767D-04  -.45146385398653D-04
  -.22975989078855D-04  -.20291897583169D-03  -.49661838209314D-04
  0.94525531489920D-04  -.94525531490364D-04  -.61690218479793D-04
  0.20291897583213D-03  0.22975989078855D-04  -.49661838209314D-04
  0.75047403868655D-04  -.15022222373773D-03  -.45146385398653D-04
  0.22975989078855D-04  0.20291897583224D-03  -.49661838209314D-04
  -.15022222373773D-03  0.75047403868655D-04  -.45146385398653D-04
  -.94525531490364D-04  0.94525531489920D-04  -.61690218479793D-04
  -.75047403867767D-04  0.15022222373684D-03  -.45146385398653D-04
  -.20291897583169D-03  -.22975989078855D-04  -.49661838209314D-04
  -.15022222373773D-03  -.75047403868655D-04  0.45146385398653D-04
  -.94525531490364D-04  -.94525531489920D-04  0.61690218479793D-04
  -.75047403867767D-04  -.15022222373684D-03  0.45146385398653D-04
  -.20291897583169D-03  0.22975989078855D-04  0.49661838209314D-04
  0.22975989078855D-04  -.20291897583224D-03  0.49661838209314D-04
  -.22975989078855D-04  0.20291897583169D-03  0.49661838209314D-04
  0.15022222373684D-03  0.75047403867767D-04  0.45146385398653D-04
  0.94525531489920D-04  0.94525531490364D-04  0.61690218479793D-04
  0.20291897583213D-03  -.22975989078855D-04  0.49661838209314D-04
  0.75047403868655D-04  0.15022222373773D-03  0.45146385398653D-04
  cycle =      3    SCF energy =    -2512.1690577650   |dE/dxyz| =  0.005384
    0.00000000000000      0.00000000000000      0.00000000000000      mo
    0.00000000000000      0.00000000000000     -6.30641490150228      y
    0.00000000000000      0.00000000000000      6.30641490150228      y
    2.43173893134866      2.43173893134866     -2.44774999530716      s
   -2.43173893134866     -2.43173893134866     -2.44774999530716      s
    2.43173893134866     -2.43173893134866      2.44774999530716      s
   -2.43173893134866      2.43173893134866      2.44774999530716      s
    4.61845966127257     -1.55146022360851     -7.54746808857543      c
    3.55419925689030     -3.55419925689030     -6.11637880008610      c
    1.55146022360851     -4.61845966127257     -7.54746808857543      c
    1.36904813329837     -3.27015544906912     -9.86344561357090      c
    3.27015544906912     -1.36904813329837     -9.86344561357090      c
   -1.55146022360851      4.61845966127257     -7.54746808857543      c
   -3.55419925689030      3.55419925689030     -6.11637880008610      c
   -4.61845966127257      1.55146022360851     -7.54746808857543      c
   -3.27015544906912      1.36904813329837     -9.86344561357090      c
   -1.36904813329837      3.27015544906912     -9.86344561357090      c
    1.55146022360851      4.61845966127257      7.54746808857543      c
    1.36904813329837      3.27015544906912      9.86344561357090      c
    3.27015544906912      1.36904813329837      9.86344561357090      c
    4.61845966127257      1.55146022360851      7.54746808857543      c
    3.55419925689030      3.55419925689030      6.11637880008610      c
   -4.61845966127257     -1.55146022360851      7.54746808857543      c
   -3.27015544906912     -1.36904813329837      9.86344561357090      c
   -1.36904813329837     -3.27015544906912      9.86344561357090      c
   -1.55146022360851     -4.61845966127257      7.54746808857543      c
   -3.55419925689030     -3.55419925689030      6.11637880008610      c
    0.34755277852989     -6.17860531452838     -6.94949409309356      h
    0.03306973133829     -3.64965153415845    -11.38496320758594      h
    4.11867806392890     -4.11867806392890     -4.21854345345281      h
    3.64965153415845     -0.03306973133829    -11.38496320758594      h
    6.17860531452838     -0.34755277852989     -6.94949409309356      h
   -0.03306973133829      3.64965153415845    -11.38496320758594      h
   -0.34755277852988      6.17860531452838     -6.94949409309356      h
   -4.11867806392890      4.11867806392890     -4.21854345345281      h
   -6.17860531452838      0.34755277852988     -6.94949409309356      h
   -3.64965153415845      0.03306973133829    -11.38496320758594      h
   -0.34755277852988     -6.17860531452838      6.94949409309356      h
   -4.11867806392890     -4.11867806392890      4.21854345345281      h
   -6.17860531452838     -0.34755277852988      6.94949409309356      h
   -3.64965153415845     -0.03306973133829     11.38496320758594      h
   -0.03306973133829     -3.64965153415845     11.38496320758594      h
    0.03306973133829      3.64965153415845     11.38496320758594      h
    0.34755277852989      6.17860531452838      6.94949409309356      h
    4.11867806392890      4.11867806392890      4.21854345345281      h
    3.64965153415845      0.03306973133829     11.38496320758594      h
    6.17860531452838      0.34755277852989      6.94949409309356      h
  0.00000000000000D+00  0.00000000000000D+00  0.00000000000000D+00
  0.00000000000000D+00  0.00000000000000D+00  0.36612392352864D-04
  0.00000000000000D+00  0.00000000000000D+00  -.36612392352864D-04
  0.11527078980005D-02  0.11527078980000D-02  0.14028426376698D-02
  -.11527078980023D-02  -.11527078980018D-02  0.14028426376698D-02
  0.11527078980000D-02  -.11527078980000D-02  -.14028426376698D-02
  -.11527078980018D-02  0.11527078980009D-02  -.14028426376698D-02
  0.61366046175371D-03  -.93449379766852D-04  -.30860013688905D-04
  0.38645675367377D-03  -.38645675367333D-03  0.23327066660705D-03
  0.93449379765520D-04  -.61366046175237D-03  -.30860013688905D-04
  0.26438443522059D-03  -.27861535543483D-03  -.75333336779249D-03
  0.27861535543661D-03  -.26438443521970D-03  -.75333336779249D-03
  -.93449379766852D-04  0.61366046175371D-03  -.30860013688905D-04
  -.38645675367555D-03  0.38645675367555D-03  0.23327066660705D-03
  -.61366046175193D-03  0.93449379765520D-04  -.30860013688905D-04
  -.27861535543527D-03  0.26438443521970D-03  -.75333336779249D-03
  -.26438443522059D-03  0.27861535543661D-03  -.75333336779249D-03
  0.93449379765520D-04  0.61366046175237D-03  0.30860013688905D-04
  0.26438443522059D-03  0.27861535543483D-03  0.75333336779249D-03
  0.27861535543661D-03  0.26438443521970D-03  0.75333336779249D-03
  0.61366046175371D-03  0.93449379766852D-04  0.30860013688905D-04
  0.38645675367377D-03  0.38645675367377D-03  -.23327066660705D-03
  -.61366046175193D-03  -.93449379765520D-04  0.30860013688905D-04
  -.27861535543527D-03  -.26438443521970D-03  0.75333336779249D-03
  -.26438443522059D-03  -.27861535543661D-03  0.75333336779249D-03
  -.93449379766852D-04  -.61366046175371D-03  0.30860013688905D-04
  -.38645675367555D-03  -.38645675367555D-03  -.23327066660705D-03
  0.34741641268710D-04  0.32360688576372D-04  0.16319843376689D-05
  0.79853956740372D-05  -.15462007496114D-03  0.70614265159641D-04
  -.12648180869768D-04  0.12648180869324D-04  -.57744603390919D-04
  0.15462007496170D-03  -.79853956740372D-05  0.70614265159641D-04
  -.32360688575928D-04  -.34741641269598D-04  0.16319843376689D-05
  -.79853956740372D-05  0.15462007496181D-03  0.70614265159641D-04
  -.34741641269598D-04  -.32360688575483D-04  0.16319843376689D-05
  0.12648180869324D-04  -.12648180869768D-04  -.57744603390919D-04
  0.32360688576372D-04  0.34741641268710D-04  0.16319843376689D-05
  -.15462007496114D-03  0.79853956740372D-05  0.70614265159641D-04
  -.34741641269598D-04  0.32360688575483D-04  -.16319843376689D-05
  0.12648180869324D-04  0.12648180869768D-04  0.57744603390919D-04
  0.32360688576372D-04  -.34741641268710D-04  -.16319843376689D-05
  -.15462007496114D-03  -.79853956740372D-05  -.70614265159641D-04
  -.79853956740372D-05  -.15462007496181D-03  -.70614265159641D-04
  0.79853956740372D-05  0.15462007496114D-03  -.70614265159641D-04
  0.34741641268710D-04  -.32360688576372D-04  -.16319843376689D-05
  -.12648180869768D-04  -.12648180869324D-04  0.57744603390919D-04
  0.15462007496170D-03  0.79853956740372D-05  -.70614265159641D-04
  -.32360688575928D-04  0.34741641269598D-04  -.16319843376689D-05
  cycle =      4    SCF energy =    -2512.1691479950   |dE/dxyz| =  0.004221
    0.00000000000000      0.00000000000000      0.00000000000000      mo
    0.00000000000000      0.00000000000000     -6.30277830326804      y
    0.00000000000000      0.00000000000000      6.30277830326804      y
    2.42772190369258      2.42772190369258     -2.45023121399969      s
   -2.42772190369258     -2.42772190369258     -2.45023121399969      s
    2.42772190369258     -2.42772190369258      2.45023121399969      s
   -2.42772190369258      2.42772190369258      2.45023121399969      s
    4.61652951926373     -1.54973529686449     -7.54395757959575      c
    3.55308479790027     -3.55308479790027     -6.11310672424857      c
    1.54973529686449     -4.61652951926373     -7.54395757959575      c
    1.36601232403328     -3.26716219657191     -9.85900844507496      c
    3.26716219657191     -1.36601232403328     -9.85900844507496      c
   -1.54973529686449      4.61652951926373     -7.54395757959575      c
   -3.55308479790027      3.55308479790027     -6.11310672424857      c
   -4.61652951926373      1.54973529686449     -7.54395757959575      c
   -3.26716219657191      1.36601232403328     -9.85900844507496      c
   -1.36601232403328      3.26716219657191     -9.85900844507496      c
    1.54973529686449      4.61652951926373      7.54395757959575      c
    1.36601232403328      3.26716219657191      9.85900844507496      c
    3.26716219657191      1.36601232403328      9.85900844507496      c
    4.61652951926373      1.54973529686449      7.54395757959575      c
    3.55308479790027      3.55308479790027      6.11310672424857      c
   -4.61652951926373     -1.54973529686449      7.54395757959575      c
   -3.26716219657191     -1.36601232403328      9.85900844507496      c
   -1.36601232403328     -3.26716219657191      9.85900844507496      c
   -1.54973529686449     -4.61652951926373      7.54395757959575      c
   -3.55308479790027     -3.55308479790027      6.11310672424857      c
    0.34434401291970     -6.17545388566041     -6.94563377283199      h
    0.02927697675755     -3.64475180419601    -11.38033833528129      h
    4.11723504232917     -4.11723504232917     -4.21496656304576      h
    3.64475180419601     -0.02927697675755    -11.38033833528129      h
    6.17545388566041     -0.34434401291970     -6.94563377283199      h
   -0.02927697675755      3.64475180419601    -11.38033833528129      h
   -0.34434401291969      6.17545388566041     -6.94563377283199      h
   -4.11723504232917      4.11723504232917     -4.21496656304576      h
   -6.17545388566041      0.34434401291969     -6.94563377283199      h
   -3.64475180419601      0.02927697675755    -11.38033833528129      h
   -0.34434401291969     -6.17545388566041      6.94563377283199      h
   -4.11723504232917     -4.11723504232917      4.21496656304576      h
   -6.17545388566041     -0.34434401291969      6.94563377283199      h
   -3.64475180419601     -0.02927697675755     11.38033833528129      h
   -0.02927697675755     -3.64475180419601     11.38033833528129      h
    0.02927697675755      3.64475180419601     11.38033833528129      h
    0.34434401291970      6.17545388566041      6.94563377283199      h
    4.11723504232917      4.11723504232917      4.21496656304576      h
    3.64475180419601      0.02927697675755     11.38033833528129      h
    6.17545388566041      0.34434401291970      6.94563377283199      h
  0.00000000000000D+00  0.00000000000000D+00  0.00000000000000D+00
  0.00000000000000D+00  0.00000000000000D+00  0.37494405368788D-03
  0.00000000000000D+00  0.00000000000000D+00  -.37494405368788D-03
  0.51401878674118D-03  0.51401878674096D-03  0.13544187582546D-02
  -.51401878674207D-03  -.51401878674184D-03  0.13544187582546D-02
  0.51401878674096D-03  -.51401878674073D-03  -.13544187582546D-02
  -.51401878674184D-03  0.51401878674073D-03  -.13544187582546D-02
  0.51731214982853D-03  -.15229609762457D-03  -.53766103811359D-04
  0.38325615762869D-03  -.38325615762824D-03  0.25934114199799D-03
  0.15229609762324D-03  -.51731214982720D-03  -.53766103811359D-04
  0.15029729525606D-03  -.28646606966420D-03  -.64413370545768D-03
  0.28646606966598D-03  -.15029729525518D-03  -.64413370545768D-03
  -.15229609762457D-03  0.51731214982853D-03  -.53766103811359D-04
  -.38325615763046D-03  0.38325615763002D-03  0.25934114199799D-03
  -.51731214982720D-03  0.15229609762324D-03  -.53766103811359D-04
  -.28646606966465D-03  0.15029729525518D-03  -.64413370545768D-03
  -.15029729525606D-03  0.28646606966598D-03  -.64413370545768D-03
  0.15229609762324D-03  0.51731214982720D-03  0.53766103811359D-04
  0.15029729525606D-03  0.28646606966420D-03  0.64413370545768D-03
  0.28646606966598D-03  0.15029729525518D-03  0.64413370545768D-03
  0.51731214982853D-03  0.15229609762457D-03  0.53766103811359D-04
  0.38325615762869D-03  0.38325615762824D-03  -.25934114199799D-03
  -.51731214982720D-03  -.15229609762324D-03  0.53766103811359D-04
  -.28646606966465D-03  -.15029729525518D-03  0.64413370545768D-03
  -.15029729525606D-03  -.28646606966598D-03  0.64413370545768D-03
  -.15229609762457D-03  -.51731214982853D-03  0.53766103811359D-04
  -.38325615763046D-03  -.38325615763046D-03  -.25934114199799D-03
  -.14344685279166D-04  0.57399201979891D-04  0.28971430050539D-05
  0.11990979775778D-04  -.10724268530982D-03  0.40503294080896D-04
  -.19929333770818D-04  0.19929333770374D-04  -.96397431752493D-05
  0.10724268531026D-03  -.11990979775778D-04  0.40503294080896D-04
  -.57399201979447D-04  0.14344685278278D-04  0.28971430050539D-05
  -.11990979775778D-04  0.10724268531037D-03  0.40503294080896D-04
  0.14344685278278D-04  -.57399201979003D-04  0.28971430050539D-05
  0.19929333770374D-04  -.19929333771040D-04  -.96397431752493D-05
  0.57399201979891D-04  -.14344685279166D-04  0.28971430050539D-05
  -.10724268530982D-03  0.11990979775778D-04  0.40503294080896D-04
  0.14344685278278D-04  0.57399201979003D-04  -.28971430050539D-05
  0.19929333770374D-04  0.19929333771040D-04  0.96397431752493D-05
  0.57399201979891D-04  0.14344685279166D-04  -.28971430050539D-05
  -.10724268530982D-03  -.11990979775778D-04  -.40503294080896D-04
  -.11990979775778D-04  -.10724268531037D-03  -.40503294080896D-04
  0.11990979775778D-04  0.10724268530982D-03  -.40503294080896D-04
  -.14344685279166D-04  -.57399201979891D-04  -.28971430050539D-05
  -.19929333770818D-04  -.19929333770374D-04  0.96397431752493D-05
  0.10724268531026D-03  0.11990979775778D-04  -.40503294080896D-04
  -.57399201979447D-04  -.14344685278278D-04  -.28971430050539D-05
  cycle =      5    SCF energy =    -2512.1692685690   |dE/dxyz| =  0.002872
    0.00000000000000      0.00000000000000      0.00000000000000      mo
    0.00000000000000      0.00000000000000     -6.30221416809211      y
    0.00000000000000      0.00000000000000      6.30221416809211      y
    2.41750464712641      2.41750464712641     -2.46495464249113      s
   -2.41750464712641     -2.41750464712641     -2.46495464249113      s
    2.41750464712641     -2.41750464712641      2.46495464249113      s
   -2.41750464712641      2.41750464712641      2.46495464249113      s
    4.61026058512003     -1.54367372033258     -7.54438243503571      c
    3.54817651152082     -3.54817651152082     -6.11478334151236      c
    1.54367372033258     -4.61026058512003     -7.54438243503571      c
    1.35788736540040     -3.25871189169386     -9.85723433434920      c
    3.25871189169386     -1.35788736540040     -9.85723433434920      c
   -1.54367372033258      4.61026058512003     -7.54438243503571      c
   -3.54817651152082      3.54817651152082     -6.11478334151236      c
   -4.61026058512003      1.54367372033258     -7.54438243503571      c
   -3.25871189169386      1.35788736540040     -9.85723433434920      c
   -1.35788736540040      3.25871189169386     -9.85723433434920      c
    1.54367372033258      4.61026058512003      7.54438243503571      c
    1.35788736540040      3.25871189169386      9.85723433434920      c
    3.25871189169386      1.35788736540040      9.85723433434920      c
    4.61026058512003      1.54367372033258      7.54438243503571      c
    3.54817651152082      3.54817651152082      6.11478334151236      c
   -4.61026058512003     -1.54367372033258      7.54438243503571      c
   -3.25871189169386     -1.35788736540040      9.85723433434920      c
   -1.35788736540040     -3.25871189169386      9.85723433434920      c
   -1.54367372033258     -4.61026058512003      7.54438243503571      c
   -3.54817651152082     -3.54817651152082      6.11478334151236      c
    0.33741043954997     -6.16855368310596     -6.94554741675020      h
    0.01818027559115     -3.63082113711298    -11.37732025817677      h
    4.11250815306569     -4.11250815306569     -4.21664009938132      h
    3.63082113711298     -0.01818027559115    -11.37732025817677      h
    6.16855368310596     -0.33741043954997     -6.94554741675020      h
   -0.01818027559115      3.63082113711298    -11.37732025817677      h
   -0.33741043954996      6.16855368310596     -6.94554741675020      h
   -4.11250815306569      4.11250815306569     -4.21664009938132      h
   -6.16855368310596      0.33741043954996     -6.94554741675020      h
   -3.63082113711298      0.01818027559115    -11.37732025817677      h
   -0.33741043954996     -6.16855368310596      6.94554741675020      h
   -4.11250815306569     -4.11250815306569      4.21664009938132      h
   -6.16855368310596     -0.33741043954996      6.94554741675020      h
   -3.63082113711298     -0.01818027559115     11.37732025817677      h
   -0.01818027559115     -3.63082113711298     11.37732025817677      h
    0.01818027559115      3.63082113711298     11.37732025817677      h
    0.33741043954997      6.16855368310596      6.94554741675020      h
    4.11250815306569      4.11250815306569      4.21664009938132      h
    3.63082113711298      0.01818027559115     11.37732025817677      h
    6.16855368310596      0.33741043954997      6.94554741675020      h
  0.00000000000000D+00  0.00000000000000D+00  0.00000000000000D+00
  0.00000000000000D+00  0.00000000000000D+00  0.10691051449657D-02
  0.00000000000000D+00  0.00000000000000D+00  -.10691051449657D-02
  -.59794516516409D-03  -.59794516516565D-03  0.54970556737555D-03
  0.59794516516321D-03  0.59794516516476D-03  0.54970556737555D-03
  -.59794516516476D-03  0.59794516516543D-03  -.54970556737555D-03
  0.59794516516298D-03  -.59794516516365D-03  -.54970556737555D-03
  0.15999054350191D-03  -.17883938977592D-03  -.10321473691555D-03
  0.16851900001891D-03  -.16851900001802D-03  0.68918308917532D-04
  0.17883938977548D-03  -.15999054350058D-03  -.10321473691555D-03
  0.14595785679594D-03  -.19527317401291D-03  -.25936958692574D-03
  0.19527317401469D-03  -.14595785679505D-03  -.25936958692574D-03
  -.17883938977592D-03  0.15999054350191D-03  -.10321473691555D-03
  -.16851900002024D-03  0.16851900002024D-03  0.68918308917532D-04
  -.15999054350058D-03  0.17883938977459D-03  -.10321473691555D-03
  -.19527317401291D-03  0.14595785679505D-03  -.25936958692574D-03
  -.14595785679594D-03  0.19527317401424D-03  -.25936958692574D-03
  0.17883938977548D-03  0.15999054350058D-03  0.10321473691555D-03
  0.14595785679594D-03  0.19527317401291D-03  0.25936958692574D-03
  0.19527317401469D-03  0.14595785679505D-03  0.25936958692574D-03
  0.15999054350191D-03  0.17883938977592D-03  0.10321473691555D-03
  0.16851900001846D-03  0.16851900001846D-03  -.68918308917532D-04
  -.15999054350058D-03  -.17883938977459D-03  0.10321473691555D-03
  -.19527317401291D-03  -.14595785679505D-03  0.25936958692574D-03
  -.14595785679594D-03  -.19527317401424D-03  0.25936958692574D-03
  -.17883938977592D-03  -.15999054350191D-03  0.10321473691555D-03
  -.16851900002024D-03  -.16851900001980D-03  -.68918308917532D-04
  -.81370088115484D-04  0.25875951916277D-04  0.28720585221187D-04
  -.92719821305209D-05  0.74435942475359D-05  0.22222910742720D-05
  -.40059482962373D-04  0.40059482962151D-04  0.48841943584677D-04
  -.74435942469808D-05  0.92719821305209D-05  0.22222910742720D-05
  -.25875951915388D-04  0.81370088114596D-04  0.28720585221187D-04
  0.92719821305209D-05  -.74435942468698D-05  0.22222910742720D-05
  0.81370088114596D-04  -.25875951915388D-04  0.28720585221187D-04
  0.40059482962151D-04  -.40059482962373D-04  0.48841943584677D-04
  0.25875951916277D-04  -.81370088115484D-04  0.28720585221187D-04
  0.74435942475359D-05  -.92719821305209D-05  0.22222910742720D-05
  0.81370088114596D-04  0.25875951915388D-04  -.28720585221187D-04
  0.40059482962151D-04  0.40059482962373D-04  -.48841943584677D-04
  0.25875951916277D-04  0.81370088115484D-04  -.28720585221187D-04
  0.74435942475359D-05  0.92719821305209D-05  -.22222910742720D-05
  0.92719821305209D-05  0.74435942468698D-05  -.22222910742720D-05
  -.92719821305209D-05  -.74435942475359D-05  -.22222910742720D-05
  -.81370088115484D-04  -.25875951916277D-04  -.28720585221187D-04
  -.40059482962596D-04  -.40059482962151D-04  -.48841943584677D-04
  -.74435942469808D-05  -.92719821305209D-05  -.22222910742720D-05
  -.25875951915388D-04  -.81370088114596D-04  -.28720585221187D-04
  cycle =      6    SCF energy =    -2512.1692832000   |dE/dxyz| =  0.002102
    0.00000000000000      0.00000000000000      0.00000000000000      mo
    0.00000000000000      0.00000000000000     -6.30304053572335      y
    0.00000000000000      0.00000000000000      6.30304053572335      y
    2.41743490227275      2.41743490227275     -2.46917298432384      s
   -2.41743490227275     -2.41743490227275     -2.46917298432384      s
    2.41743490227275     -2.41743490227275      2.46917298432384      s
   -2.41743490227275      2.41743490227275      2.46917298432384      s
    4.60897878692500     -1.54224423733277     -7.54412630444191      c
    3.54674581184276     -3.54674581184276     -6.11484242056025      c
    1.54224423733277     -4.60897878692500     -7.54412630444191      c
    1.35649423178892     -3.25735679482635     -9.85677673138805      c
    3.25735679482635     -1.35649423178892     -9.85677673138805      c
   -1.54224423733277      4.60897878692500     -7.54412630444191      c
   -3.54674581184276      3.54674581184276     -6.11484242056025      c
   -4.60897878692500      1.54224423733277     -7.54412630444191      c
   -3.25735679482635      1.35649423178892     -9.85677673138805      c
   -1.35649423178892      3.25735679482635     -9.85677673138805      c
    1.54224423733277      4.60897878692500      7.54412630444191      c
    1.35649423178892      3.25735679482635      9.85677673138805      c
    3.25735679482635      1.35649423178892      9.85677673138805      c
    4.60897878692500      1.54224423733277      7.54412630444191      c
    3.54674581184276      3.54674581184276      6.11484242056025      c
   -4.60897878692500     -1.54224423733277      7.54412630444191      c
   -3.25735679482635     -1.35649423178892      9.85677673138805      c
   -1.35649423178892     -3.25735679482635      9.85677673138805      c
   -1.54224423733277     -4.60897878692500      7.54412630444191      c
   -3.54674581184276     -3.54674581184276      6.11484242056025      c
    0.33746910458393     -6.16842809249076     -6.94578187897465      h
    0.01654148108601     -3.62905469146267    -11.37675258164646      h
    4.11211754839165     -4.11211754839165     -4.21737642906005      h
    3.62905469146267     -0.01654148108601    -11.37675258164646      h
    6.16842809249076     -0.33746910458393     -6.94578187897465      h
   -0.01654148108601      3.62905469146267    -11.37675258164646      h
   -0.33746910458392      6.16842809249076     -6.94578187897465      h
   -4.11211754839165      4.11211754839165     -4.21737642906005      h
   -6.16842809249076      0.33746910458392     -6.94578187897465      h
   -3.62905469146267      0.01654148108601    -11.37675258164646      h
   -0.33746910458392     -6.16842809249076      6.94578187897465      h
   -4.11211754839165     -4.11211754839165      4.21737642906005      h
   -6.16842809249076     -0.33746910458392      6.94578187897465      h
   -3.62905469146267     -0.01654148108601     11.37675258164646      h
   -0.01654148108601     -3.62905469146267     11.37675258164646      h
    0.01654148108601      3.62905469146267     11.37675258164646      h
    0.33746910458393      6.16842809249076      6.94578187897465      h
    4.11211754839165      4.11211754839165      4.21737642906005      h
    3.62905469146267      0.01654148108601     11.37675258164646      h
    6.16842809249076      0.33746910458393      6.94578187897465      h
  0.00000000000000D+00  0.00000000000000D+00  0.00000000000000D+00
  0.00000000000000D+00  0.00000000000000D+00  0.10486587756681D-02
  0.00000000000000D+00  0.00000000000000D+00  -.10486587756681D-02
  -.40112256241343D-03  -.40112256241454D-03  0.65307701701656D-04
  0.40112256241343D-03  0.40112256241276D-03  0.65307701701656D-04
  -.40112256241454D-03  0.40112256241476D-03  -.65307701701656D-04
  0.40112256241276D-03  -.40112256241298D-03  -.65307701701656D-04
  0.12610637817367D-03  -.66637355369270D-04  -.59101477278389D-04
  0.63692417596517D-04  -.63692417596517D-04  0.18530709398945D-04
  0.66637355367938D-04  -.12610637817234D-03  -.59101477278389D-04
  0.13260863067766D-03  -.19207376815400D-03  -.17175479067078D-03
  0.19207376815622D-03  -.13260863067766D-03  -.17175479067078D-03
  -.66637355369270D-04  0.12610637817412D-03  -.59101477278389D-04
  -.63692417598737D-04  0.63692417598293D-04  0.18530709398945D-04
  -.12610637817234D-03  0.66637355367938D-04  -.59101477278389D-04
  -.19207376815444D-03  0.13260863067766D-03  -.17175479067078D-03
  -.13260863067766D-03  0.19207376815578D-03  -.17175479067078D-03
  0.66637355367938D-04  0.12610637817234D-03  0.59101477278389D-04
  0.13260863067766D-03  0.19207376815400D-03  0.17175479067078D-03
  0.19207376815622D-03  0.13260863067766D-03  0.17175479067078D-03
  0.12610637817367D-03  0.66637355369270D-04  0.59101477278389D-04
  0.63692417596961D-04  0.63692417596517D-04  -.18530709398945D-04
  -.12610637817234D-03  -.66637355367938D-04  0.59101477278389D-04
  -.19207376815444D-03  -.13260863067766D-03  0.17175479067078D-03
  -.13260863067766D-03  -.19207376815578D-03  0.17175479067078D-03
  -.66637355369270D-04  -.12610637817412D-03  0.59101477278389D-04
  -.63692417598737D-04  -.63692417598293D-04  -.18530709398945D-04
  -.21212459677677D-04  0.25309649759553D-04  0.90131440493302D-05
  -.14814526760443D-04  0.98601058311498D-05  0.26216615656161D-05
  -.26258961008718D-04  0.26258961008274D-04  0.20397343917455D-04
  -.98601058305947D-05  0.14814526760443D-04  0.26216615656161D-05
  -.25309649758665D-04  0.21212459676789D-04  0.90131440493302D-05
  0.14814526760443D-04  -.98601058305947D-05  0.26216615656161D-05
  0.21212459676789D-04  -.25309649758665D-04  0.90131440493302D-05
  0.26258961008052D-04  -.26258961008718D-04  0.20397343917455D-04
  0.25309649759553D-04  -.21212459678122D-04  0.90131440493302D-05
  0.98601058312608D-05  -.14814526760443D-04  0.26216615656161D-05
  0.21212459676789D-04  0.25309649758665D-04  -.90131440493302D-05
  0.26258961008052D-04  0.26258961008718D-04  -.20397343917455D-04
  0.25309649759553D-04  0.21212459678122D-04  -.90131440493302D-05
  0.98601058312608D-05  0.14814526760443D-04  -.26216615656161D-05
  0.14814526760443D-04  0.98601058305947D-05  -.26216615656161D-05
  -.14814526760443D-04  -.98601058311498D-05  -.26216615656161D-05
  -.21212459677677D-04  -.25309649759553D-04  -.90131440493302D-05
  -.26258961008718D-04  -.26258961008274D-04  -.20397343917455D-04
  -.98601058305947D-05  -.14814526760443D-04  -.26216615656161D-05
  -.25309649758665D-04  -.21212459676789D-04  -.90131440493302D-05
  cycle =      7    SCF energy =    -2512.1692903980   |dE/dxyz| =  0.001594
    0.00000000000000      0.00000000000000      0.00000000000000      mo
    0.00000000000000      0.00000000000000     -6.30069483078661      y
    0.00000000000000      0.00000000000000      6.30069483078661      y
    2.41935135398309      2.41935135398309     -2.46975388162354      s
   -2.41935135398309     -2.41935135398309     -2.46975388162354      s
    2.41935135398309     -2.41935135398309      2.46975388162354      s
   -2.41935135398309      2.41935135398309      2.46975388162354      s
    4.60796349755360     -1.54114736750545     -7.54001231852692      c
    3.54561149160471     -3.54561149160471     -6.11083312632574      c
    1.54114736750545     -4.60796349755360     -7.54001231852692      c
    1.35537158879106     -3.25621360877726     -9.85252074535971      c
    3.25621360877726     -1.35537158879106     -9.85252074535971      c
   -1.54114736750545      4.60796349755360     -7.54001231852692      c
   -3.54561149160471      3.54561149160471     -6.11083312632574      c
   -4.60796349755360      1.54114736750545     -7.54001231852692      c
   -3.25621360877726      1.35537158879106     -9.85252074535971      c
   -1.35537158879106      3.25621360877726     -9.85252074535971      c
    1.54114736750545      4.60796349755360      7.54001231852692      c
    1.35537158879106      3.25621360877726      9.85252074535971      c
    3.25621360877726      1.35537158879106      9.85252074535971      c
    4.60796349755360      1.54114736750545      7.54001231852692      c
    3.54561149160471      3.54561149160471      6.11083312632574      c
   -4.60796349755360     -1.54114736750545      7.54001231852692      c
   -3.25621360877726     -1.35537158879106      9.85252074535971      c
   -1.35537158879106     -3.25621360877726      9.85252074535971      c
   -1.54114736750545     -4.60796349755360      7.54001231852692      c
   -3.54561149160471     -3.54561149160471      6.11083312632574      c
    0.33767261339791     -6.16861709472162     -6.94220679776843      h
    0.01581164982984     -3.62814109108286    -11.37276015962158      h
    4.11220835754742     -4.11220835754742     -4.21413270142970      h
    3.62814109108286     -0.01581164982984    -11.37276015962158      h
    6.16861709472162     -0.33767261339791     -6.94220679776843      h
   -0.01581164982984      3.62814109108286    -11.37276015962158      h
   -0.33767261339790      6.16861709472162     -6.94220679776843      h
   -4.11220835754742      4.11220835754742     -4.21413270142970      h
   -6.16861709472162      0.33767261339790     -6.94220679776843      h
   -3.62814109108286      0.01581164982984    -11.37276015962158      h
   -0.33767261339790     -6.16861709472162      6.94220679776843      h
   -4.11220835754742     -4.11220835754742      4.21413270142970      h
   -6.16861709472162     -0.33767261339790      6.94220679776843      h
   -3.62814109108286     -0.01581164982984     11.37276015962158      h
   -0.01581164982984     -3.62814109108286     11.37276015962158      h
    0.01581164982984      3.62814109108286     11.37276015962158      h
    0.33767261339791      6.16861709472162      6.94220679776843      h
    4.11220835754742      4.11220835754742      4.21413270142970      h
    3.62814109108286      0.01581164982984     11.37276015962158      h
    6.16861709472162      0.33767261339791      6.94220679776843      h
  0.00000000000000D+00  0.00000000000000D+00  0.00000000000000D+00
  0.00000000000000D+00  0.00000000000000D+00  0.93570196830950D-03
  0.00000000000000D+00  0.00000000000000D+00  -.93570196830950D-03
  -.73951247236526D-04  -.73951247237858D-04  -.29032224392922D-03
  0.73951247235637D-04  0.73951247236081D-04  -.29032224392922D-03
  -.73951247236970D-04  0.73951247236970D-04  0.29032224392922D-03
  0.73951247235193D-04  -.73951247236081D-04  0.29032224392922D-03
  0.73025321203346D-04  0.10063709469321D-04  -.24998346382255D-04
  -.14107864937607D-04  0.14107864938051D-04  0.34550220306073D-04
  -.10063709470653D-04  -.73025321201570D-04  -.24998346382255D-04
  0.11582182014580D-03  -.13112178515096D-03  -.11609367145082D-03
  0.13112178515273D-03  -.11582182014580D-03  -.11609367145082D-03
  0.10063709469321D-04  0.73025321203346D-04  -.24998346382255D-04
  0.14107864935831D-04  -.14107864936275D-04  0.34550220306073D-04
  -.73025321201570D-04  -.10063709470653D-04  -.24998346382255D-04
  -.13112178515140D-03  0.11582182014580D-03  -.11609367145082D-03
  -.11582182014580D-03  0.13112178515273D-03  -.11609367145082D-03
  -.10063709470653D-04  0.73025321201570D-04  0.24998346382255D-04
  0.11582182014580D-03  0.13112178515096D-03  0.11609367145082D-03
  0.13112178515273D-03  0.11582182014580D-03  0.11609367145082D-03
  0.73025321203346D-04  -.10063709469321D-04  0.24998346382255D-04
  -.14107864937607D-04  -.14107864937607D-04  -.34550220306073D-04
  -.73025321201570D-04  0.10063709470653D-04  0.24998346382255D-04
  -.13112178515140D-03  -.11582182014580D-03  0.11609367145082D-03
  -.11582182014580D-03  -.13112178515273D-03  0.11609367145082D-03
  0.10063709469321D-04  -.73025321203346D-04  0.24998346382255D-04
  0.14107864935831D-04  0.14107864936275D-04  -.34550220306073D-04
  0.84111400551201D-05  -.11346024721970D-04  0.15988250861021D-05
  -.18326674919855D-05  0.38267939516112D-05  -.12244335501066D-06
  -.83149752705403D-06  0.83149752660994D-06  -.23173810852484D-05
  -.38267939510561D-05  0.18326674919855D-05  -.12244335501066D-06
  0.11346024722858D-04  -.84111400560083D-05  0.15988250861021D-05
  0.18326674919855D-05  -.38267939510561D-05  -.12244335501066D-06
  -.84111400560083D-05  0.11346024722858D-04  0.15988250861021D-05
  0.83149752660994D-06  -.83149752705403D-06  -.23173810852484D-05
  -.11346024721970D-04  0.84111400551201D-05  0.15988250861021D-05
  0.38267939516112D-05  -.18326674919855D-05  -.12244335501066D-06
  -.84111400560083D-05  -.11346024722858D-04  -.15988250861021D-05
  0.83149752660994D-06  0.83149752705403D-06  0.23173810852484D-05
  -.11346024721970D-04  -.84111400551201D-05  -.15988250861021D-05
  0.38267939516112D-05  0.18326674919855D-05  0.12244335501066D-06
  0.18326674919855D-05  0.38267939510561D-05  0.12244335501066D-06
  -.18326674919855D-05  -.38267939516112D-05  0.12244335501066D-06
  0.84111400551201D-05  0.11346024721970D-04  -.15988250861021D-05
  -.83149752705403D-06  -.83149752660994D-06  0.23173810852484D-05
  -.38267939510561D-05  -.18326674919855D-05  0.12244335501066D-06
  0.11346024722858D-04  0.84111400560083D-05  -.15988250861021D-05
  cycle =      8    SCF energy =    -2512.1692920730   |dE/dxyz| =  0.001491
    0.00000000000000      0.00000000000000      0.00000000000000      mo
    0.00000000000000      0.00000000000000     -6.30031111694873      y
    0.00000000000000      0.00000000000000      6.30031111694873      y
    2.41996561928547      2.41996561928547     -2.46962803880010      s
   -2.41996561928547     -2.41996561928547     -2.46962803880010      s
    2.41996561928547     -2.41996561928547      2.46962803880010      s
   -2.41996561928547      2.41996561928547      2.46962803880010      s
    4.60752785992425     -1.54068339425464     -7.53947267211497      c
    3.54536663584035     -3.54536663584035     -6.11042661549015      c
    1.54068339425464     -4.60752785992425     -7.53947267211497      c
    1.35455612274850     -3.25540534684291     -9.85171442024224      c
    3.25540534684291     -1.35455612274850     -9.85171442024224      c
   -1.54068339425464      4.60752785992425     -7.53947267211497      c
   -3.54536663584035      3.54536663584035     -6.11042661549015      c
   -4.60752785992425      1.54068339425464     -7.53947267211497      c
   -3.25540534684291      1.35455612274850     -9.85171442024224      c
   -1.35455612274850      3.25540534684291     -9.85171442024224      c
    1.54068339425464      4.60752785992425      7.53947267211497      c
    1.35455612274850      3.25540534684291      9.85171442024224      c
    3.25540534684291      1.35455612274850      9.85171442024224      c
    4.60752785992425      1.54068339425464      7.53947267211497      c
    3.54536663584035      3.54536663584035      6.11042661549015      c
   -4.60752785992425     -1.54068339425464      7.53947267211497      c
   -3.25540534684291     -1.35455612274850      9.85171442024224      c
   -1.35455612274850     -3.25540534684291      9.85171442024224      c
   -1.54068339425464     -4.60752785992425      7.53947267211497      c
   -3.54536663584035     -3.54536663584035      6.11042661549015      c
    0.33750539273608     -6.16843115048568     -6.94181359748573      h
    0.01500776117520     -3.62726887818663    -11.37196698671456      h
    4.11248588960175     -4.11248588960175     -4.21404808481898      h
    3.62726887818663     -0.01500776117520    -11.37196698671456      h
    6.16843115048568     -0.33750539273608     -6.94181359748573      h
   -0.01500776117520      3.62726887818663    -11.37196698671456      h
   -0.33750539273607      6.16843115048568     -6.94181359748573      h
   -4.11248588960175      4.11248588960175     -4.21404808481898      h
   -6.16843115048568      0.33750539273607     -6.94181359748573      h
   -3.62726887818663      0.01500776117520    -11.37196698671456      h
   -0.33750539273607     -6.16843115048568      6.94181359748573      h
   -4.11248588960175     -4.11248588960175      4.21404808481898      h
   -6.16843115048568     -0.33750539273607      6.94181359748573      h
   -3.62726887818663     -0.01500776117520     11.37196698671456      h
   -0.01500776117520     -3.62726887818663     11.37196698671456      h
    0.01500776117520      3.62726887818663     11.37196698671456      h
    0.33750539273608      6.16843115048568      6.94181359748573      h
    4.11248588960175      4.11248588960175      4.21404808481898      h
    3.62726887818663      0.01500776117520     11.37196698671456      h
    6.16843115048568      0.33750539273608      6.94181359748573      h
  0.00000000000000D+00  0.00000000000000D+00  0.00000000000000D+00
  0.00000000000000D+00  0.00000000000000D+00  0.83951260589121D-03
  0.00000000000000D+00  0.00000000000000D+00  -.83951260589121D-03
  0.17413997976057D-04  0.17413997975169D-04  -.35357461270458D-03
  -.17413997976945D-04  -.17413997976945D-04  -.35357461270458D-03
  0.17413997976057D-04  -.17413997975613D-04  0.35357461270458D-03
  -.17413997976945D-04  0.17413997976501D-04  0.35357461270458D-03
  0.69318650439243D-04  0.38869075820180D-04  -.18459177553609D-04
  -.22553408766779D-04  0.22553408766779D-04  0.52152873104561D-04
  -.38869075821513D-04  -.69318650437911D-04  -.18459177553609D-04
  0.94207572974181D-04  -.10829593973627D-03  -.95050086408310D-04
  0.10829593973849D-03  -.94207572974181D-04  -.95050086408310D-04
  0.38869075820180D-04  0.69318650439243D-04  -.18459177553609D-04
  0.22553408765447D-04  -.22553408765447D-04  0.52152873104561D-04
  -.69318650437467D-04  -.38869075821513D-04  -.18459177553609D-04
  -.10829593973671D-03  0.94207572974181D-04  -.95050086408310D-04
  -.94207572974181D-04  0.10829593973805D-03  -.95050086408310D-04
  -.38869075821513D-04  0.69318650437911D-04  0.18459177553609D-04
  0.94207572974181D-04  0.10829593973627D-03  0.95050086408310D-04
  0.10829593973849D-03  0.94207572974181D-04  0.95050086408310D-04
  0.69318650439243D-04  -.38869075820180D-04  0.18459177553609D-04
  -.22553408767223D-04  -.22553408767223D-04  -.52152873104561D-04
  -.69318650437467D-04  0.38869075821513D-04  0.18459177553609D-04
  -.10829593973671D-03  -.94207572974181D-04  0.95050086408310D-04
  -.94207572974181D-04  -.10829593973805D-03  0.95050086408310D-04
  0.38869075820180D-04  -.69318650439243D-04  0.18459177553609D-04
  0.22553408765003D-04  0.22553408765447D-04  -.52152873104561D-04
  0.18822853079303D-04  -.10405779717004D-04  -.26595527173878D-05
  0.28469719262070D-05  0.16551504106177D-05  -.33605312537155D-05
  0.57583142242246D-05  -.57583142244466D-05  -.95439478160486D-05
  -.16551504100626D-05  -.28469719262070D-05  -.33605312537155D-05
  0.10405779717892D-04  -.18822853079747D-04  -.26595527173878D-05
  -.28469719262070D-05  -.16551504100626D-05  -.33605312537155D-05
  -.18822853079747D-04  0.10405779717892D-04  -.26595527173878D-05
  -.57583142244466D-05  0.57583142242246D-05  -.95439478160486D-05
  -.10405779717004D-04  0.18822853079303D-04  -.26595527173878D-05
  0.16551504106177D-05  0.28469719262070D-05  -.33605312537155D-05
  -.18822853079747D-04  -.10405779717892D-04  0.26595527173878D-05
  -.57583142244466D-05  -.57583142242246D-05  0.95439478160486D-05
  -.10405779717004D-04  -.18822853079303D-04  0.26595527173878D-05
  0.16551504106177D-05  -.28469719262070D-05  0.33605312537155D-05
  -.28469719262070D-05  0.16551504100626D-05  0.33605312537155D-05
  0.28469719262070D-05  -.16551504106177D-05  0.33605312537155D-05
  0.18822853079303D-04  0.10405779717004D-04  0.26595527173878D-05
  0.57583142242246D-05  0.57583142244466D-05  0.95439478160486D-05
  -.16551504100626D-05  0.28469719262070D-05  0.33605312537155D-05
  0.10405779717892D-04  0.18822853079747D-04  0.26595527173878D-05
  cycle =      9    SCF energy =    -2512.1692977590   |dE/dxyz| =  0.000851
    0.00000000000000      0.00000000000000      0.00000000000000      mo
    0.00000000000000      0.00000000000000     -6.30076430445654      y
    0.00000000000000      0.00000000000000      6.30076430445654      y
    2.42096682608888      2.42096682608888     -2.46792143648873      s
   -2.42096682608888     -2.42096682608888     -2.46792143648873      s
    2.42096682608888     -2.42096682608888      2.46792143648873      s
   -2.42096682608888      2.42096682608888      2.46792143648873      s
    4.60618549041987     -1.53939648357020     -7.54027818898147      c
    3.54507495991865     -3.54507495991865     -6.11180726480090      c
    1.53939648357020     -4.60618549041987     -7.54027818898147      c
    1.35157337978270     -3.25241282680116     -9.85136067385638      c
    3.25241282680116     -1.35157337978270     -9.85136067385638      c
   -1.53939648357020      4.60618549041987     -7.54027818898147      c
   -3.54507495991865      3.54507495991865     -6.11180726480090      c
   -4.60618549041987      1.53939648357020     -7.54027818898147      c
   -3.25241282680116      1.35157337978270     -9.85136067385638      c
   -1.35157337978270      3.25241282680116     -9.85136067385638      c
    1.53939648357020      4.60618549041987      7.54027818898147      c
    1.35157337978270      3.25241282680116      9.85136067385638      c
    3.25241282680116      1.35157337978270      9.85136067385638      c
    4.60618549041987      1.53939648357020      7.54027818898147      c
    3.54507495991865      3.54507495991865      6.11180726480090      c
   -4.60618549041987     -1.53939648357020      7.54027818898147      c
   -3.25241282680116     -1.35157337978270      9.85136067385638      c
   -1.35157337978270     -3.25241282680116      9.85136067385638      c
   -1.53939648357020     -4.60618549041987      7.54027818898147      c
   -3.54507495991865     -3.54507495991865      6.11180726480090      c
    0.33614890733458     -6.16707839192390     -6.94271119691550      h
    0.01153185502953     -3.62366654115074    -11.37127780820523      h
    4.11321094759625     -4.11321094759625     -4.21602319321507      h
    3.62366654115074     -0.01153185502953    -11.37127780820523      h
    6.16707839192390     -0.33614890733458     -6.94271119691550      h
   -0.01153185502953      3.62366654115074    -11.37127780820523      h
   -0.33614890733457      6.16707839192390     -6.94271119691550      h
   -4.11321094759625      4.11321094759625     -4.21602319321507      h
   -6.16707839192390      0.33614890733457     -6.94271119691550      h
   -3.62366654115074      0.01153185502953    -11.37127780820523      h
   -0.33614890733457     -6.16707839192390      6.94271119691550      h
   -4.11321094759625     -4.11321094759625      4.21602319321507      h
   -6.16707839192390     -0.33614890733457      6.94271119691550      h
   -3.62366654115074     -0.01153185502953     11.37127780820523      h
   -0.01153185502953     -3.62366654115074     11.37127780820523      h
    0.01153185502953      3.62366654115074     11.37127780820523      h
    0.33614890733458      6.16707839192390      6.94271119691550      h
    4.11321094759625      4.11321094759625      4.21602319321507      h
    3.62366654115074      0.01153185502953     11.37127780820523      h
    6.16707839192390      0.33614890733458      6.94271119691550      h
  0.00000000000000D+00  0.00000000000000D+00  0.00000000000000D+00
  0.00000000000000D+00  0.00000000000000D+00  0.39589708136434D-03
  0.00000000000000D+00  0.00000000000000D+00  -.39589708136434D-03
  0.10449098215504D-03  0.10449098215481D-03  -.24743669154614D-03
  -.10449098215592D-03  -.10449098215570D-03  -.24743669154614D-03
  0.10449098215481D-03  -.10449098215459D-03  0.24743669154614D-03
  -.10449098215570D-03  0.10449098215637D-03  0.24743669154614D-03
  0.39310504840628D-04  0.45929679142631D-04  -.21049161111897D-04
  -.54481486397862D-05  0.54481486397862D-05  0.71754859570561D-04
  -.45929679143963D-04  -.39310504839296D-04  -.21049161111897D-04
  0.28300150770821D-04  -.26822129396198D-04  -.33477909402890D-04
  0.26822129397974D-04  -.28300150770821D-04  -.33477909402890D-04
  0.45929679142631D-04  0.39310504841072D-04  -.21049161111897D-04
  0.54481486380098D-05  -.54481486384539D-05  0.71754859570561D-04
  -.39310504839296D-04  -.45929679143963D-04  -.21049161111897D-04
  -.26822129396198D-04  0.28300150770821D-04  -.33477909402890D-04
  -.28300150770821D-04  0.26822129397530D-04  -.33477909402890D-04
  -.45929679143963D-04  0.39310504839296D-04  0.21049161111897D-04
  0.28300150770821D-04  0.26822129396198D-04  0.33477909402890D-04
  0.26822129397974D-04  0.28300150770821D-04  0.33477909402890D-04
  0.39310504840628D-04  -.45929679142631D-04  0.21049161111897D-04
  -.54481486397862D-05  -.54481486397862D-05  -.71754859570561D-04
  -.39310504839296D-04  0.45929679143963D-04  0.21049161111897D-04
  -.26822129396198D-04  -.28300150770821D-04  0.33477909402890D-04
  -.28300150770821D-04  -.26822129397530D-04  0.33477909402890D-04
  0.45929679142631D-04  -.39310504841072D-04  0.21049161111897D-04
  0.54481486380098D-05  0.54481486384539D-05  -.71754859570561D-04
  0.99842173448828D-05  -.65675648741603D-05  -.38838526585927D-05
  0.13672022825872D-04  0.62692028068856D-06  -.73910758193740D-05
  0.12058001911286D-04  -.12058001911952D-04  -.59650106347675D-05
  -.62692028013345D-06  -.13672022825872D-04  -.73910758193740D-05
  0.65675648750485D-05  -.99842173457709D-05  -.38838526585927D-05
  -.13672022825872D-04  -.62692028013345D-06  -.73910758193740D-05
  -.99842173457709D-05  0.65675648750485D-05  -.38838526585927D-05
  -.12058001911952D-04  0.12058001911286D-04  -.59650106347675D-05
  -.65675648741603D-05  0.99842173448828D-05  -.38838526585927D-05
  0.62692028079958D-06  0.13672022825872D-04  -.73910758193740D-05
  -.99842173457709D-05  -.65675648750485D-05  0.38838526585927D-05
  -.12058001911952D-04  -.12058001911286D-04  0.59650106347675D-05
  -.65675648741603D-05  -.99842173448828D-05  0.38838526585927D-05
  0.62692028079958D-06  -.13672022825872D-04  0.73910758193740D-05
  -.13672022825872D-04  0.62692028013345D-06  0.73910758193740D-05
  0.13672022825872D-04  -.62692028068856D-06  0.73910758193740D-05
  0.99842173448828D-05  0.65675648741603D-05  0.38838526585927D-05
  0.12058001911286D-04  0.12058001911952D-04  0.59650106347675D-05
  -.62692028013345D-06  0.13672022825872D-04  0.73910758193740D-05
  0.65675648750485D-05  0.99842173457709D-05  0.38838526585927D-05
  cycle =     10    SCF energy =    -2512.1693000120   |dE/dxyz| =  0.000083
    0.00000000000000      0.00000000000000      0.00000000000000      mo
    0.00000000000000      0.00000000000000     -6.30327796347938      y
    0.00000000000000      0.00000000000000      6.30327796347938      y
    2.42051351191067      2.42051351191067     -2.46697109525085      s
   -2.42051351191067     -2.42051351191067     -2.46697109525085      s
    2.42051351191067     -2.42051351191067      2.46697109525085      s
   -2.42051351191067      2.42051351191067      2.46697109525085      s
    4.60536774276906     -1.53870755064497     -7.54309988199424      c
    3.54495361113158     -3.54495361113158     -6.11509993173830      c
    1.53870755064497     -4.60536774276906     -7.54309988199424      c
    1.34979667162414     -3.25066469714110     -9.85352375551108      c
    3.25066469714110     -1.34979667162414     -9.85352375551108      c
   -1.53870755064497      4.60536774276906     -7.54309988199424      c
   -3.54495361113158      3.54495361113158     -6.11509993173830      c
   -4.60536774276906      1.53870755064497     -7.54309988199424      c
   -3.25066469714110      1.34979667162414     -9.85352375551108      c
   -1.34979667162414      3.25066469714110     -9.85352375551108      c
    1.53870755064497      4.60536774276906      7.54309988199424      c
    1.34979667162414      3.25066469714110      9.85352375551108      c
    3.25066469714110      1.34979667162414      9.85352375551108      c
    4.60536774276906      1.53870755064497      7.54309988199424      c
    3.54495361113158      3.54495361113158      6.11509993173830      c
   -4.60536774276906     -1.53870755064497      7.54309988199424      c
   -3.25066469714110     -1.34979667162414      9.85352375551108      c
   -1.34979667162414     -3.25066469714110      9.85352375551108      c
   -1.53870755064497     -4.60536774276906      7.54309988199424      c
   -3.54495361113158     -3.54495361113158      6.11509993173830      c
    0.33501125659060     -6.16582505724697     -6.94529355402469      h
    0.00893475948510     -3.62135784041077    -11.37285378032111      h
    4.11302672826909     -4.11302672826909     -4.21928079272089      h
    3.62135784041077     -0.00893475948510    -11.37285378032111      h
    6.16582505724697     -0.33501125659060     -6.94529355402469      h
   -0.00893475948510      3.62135784041077    -11.37285378032111      h
   -0.33501125659059      6.16582505724697     -6.94529355402469      h
   -4.11302672826909      4.11302672826909     -4.21928079272089      h
   -6.16582505724697      0.33501125659059     -6.94529355402469      h
   -3.62135784041077      0.00893475948510    -11.37285378032111      h
   -0.33501125659059     -6.16582505724697      6.94529355402469      h
   -4.11302672826909     -4.11302672826909      4.21928079272089      h
   -6.16582505724697     -0.33501125659059      6.94529355402469      h
   -3.62135784041077     -0.00893475948510     11.37285378032111      h
   -0.00893475948510     -3.62135784041077     11.37285378032111      h
    0.00893475948510      3.62135784041077     11.37285378032111      h
    0.33501125659060      6.16582505724697      6.94529355402469      h
    4.11302672826909      4.11302672826909      4.21928079272089      h
    3.62135784041077      0.00893475948510     11.37285378032111      h
    6.16582505724697      0.33501125659060      6.94529355402469      h
  0.00000000000000D+00  0.00000000000000D+00  0.00000000000000D+00
  0.00000000000000D+00  0.00000000000000D+00  0.28386239920519D-04
  0.00000000000000D+00  0.00000000000000D+00  -.28386239920519D-04
  0.30438930638255D-05  0.30438930629373D-05  -.12587660098928D-04
  -.30438930638255D-05  -.30438930647136D-05  -.12587660098928D-04
  0.30438930629373D-05  -.30438930633814D-05  0.12587660098928D-04
  -.30438930647136D-05  0.30438930633814D-05  0.12587660098928D-04
  0.11965403742487D-04  0.28762894572765D-05  -.85719489879565D-05
  0.93134991474564D-05  -.93134991474564D-05  0.17183313497426D-04
  -.28762894577206D-05  -.11965403741154D-04  -.85719489879565D-05
  -.50536295042036D-05  0.68498761018887D-06  -.47866768460025D-06
  -.68498760841251D-06  0.50536295042036D-05  -.47866768460025D-06
  0.28762894572765D-05  0.11965403742487D-04  -.85719489879565D-05
  -.93134991487887D-05  0.93134991487887D-05  0.17183313497426D-04
  -.11965403741154D-04  -.28762894586087D-05  -.85719489879565D-05
  0.68498760974478D-06  -.50536295050918D-05  -.47866768460025D-06
  0.50536295042036D-05  -.68498760841251D-06  -.47866768460025D-06
  -.28762894577206D-05  0.11965403741154D-04  0.85719489879565D-05
  -.50536295042036D-05  -.68498761018887D-06  0.47866768460025D-06
  -.68498760841251D-06  -.50536295042036D-05  0.47866768460025D-06
  0.11965403742487D-04  -.28762894572765D-05  0.85719489879565D-05
  0.93134991470123D-05  0.93134991470123D-05  -.17183313497426D-04
  -.11965403741154D-04  0.28762894586087D-05  0.85719489879565D-05
  0.68498760974478D-06  0.50536295050918D-05  0.47866768460025D-06
  0.50536295042036D-05  0.68498760841251D-06  0.47866768460025D-06
  0.28762894572765D-05  -.11965403742487D-04  0.85719489879565D-05
  -.93134991487887D-05  -.93134991487887D-05  -.17183313497426D-04
  -.27932702302280D-05  0.70987422531310D-05  -.35398796782715D-07
  0.23177786396822D-05  -.54968969254166D-06  -.34321589104103D-05
  -.13013285338204D-05  0.13013285333763D-05  0.73663189370521D-06
  0.54968969309677D-06  -.23177786396822D-05  -.34321589104103D-05
  -.70987422522428D-05  0.27932702293398D-05  -.35398796782715D-07
  -.23177786396822D-05  0.54968969309677D-06  -.34321589104103D-05
  0.27932702293398D-05  -.70987422522428D-05  -.35398796782715D-07
  0.13013285333763D-05  -.13013285338204D-05  0.73663189370521D-06
  0.70987422531310D-05  -.27932702302280D-05  -.35398796782715D-07
  -.54968969254166D-06  0.23177786396822D-05  -.34321589104103D-05
  0.27932702293398D-05  0.70987422522428D-05  0.35398796782715D-07
  0.13013285333763D-05  0.13013285338204D-05  -.73663189370521D-06
  0.70987422531310D-05  0.27932702302280D-05  0.35398796782715D-07
  -.54968969254166D-06  -.23177786396822D-05  0.34321589104103D-05
  -.23177786396822D-05  -.54968969309677D-06  0.34321589104103D-05
  0.23177786396822D-05  0.54968969254166D-06  0.34321589104103D-05
  -.27932702302280D-05  -.70987422531310D-05  0.35398796782715D-07
  -.13013285338204D-05  -.13013285333763D-05  -.73663189370521D-06
  0.54968969309677D-06  0.23177786396822D-05  0.34321589104103D-05
  -.70987422522428D-05  -.27932702293398D-05  0.35398796782715D-07
  cycle =     11    SCF energy =    -2512.1693000320   |dE/dxyz| =  0.000018
    0.00000000000000      0.00000000000000      0.00000000000000      mo
    0.00000000000000      0.00000000000000     -6.30340895695034      y
    0.00000000000000      0.00000000000000      6.30340895695034      y
    2.42050853105460      2.42050853105460     -2.46692528147357      s
   -2.42050853105460     -2.42050853105460     -2.46692528147357      s
    2.42050853105460     -2.42050853105460      2.46692528147357      s
   -2.42050853105460      2.42050853105460      2.46692528147357      s
    4.60534228375965     -1.53869767390268     -7.54310586933237      c
    3.54492817316366     -3.54492817316366     -6.11514329668038      c
    1.53869767390268     -4.60534228375965     -7.54310586933237      c
    1.34977969986253     -3.25064655910760     -9.85353075767365      c
    3.25064655910760     -1.34977969986253     -9.85353075767365      c
   -1.53869767390268      4.60534228375965     -7.54310586933237      c
   -3.54492817316366      3.54492817316366     -6.11514329668038      c
   -4.60534228375965      1.53869767390268     -7.54310586933237      c
   -3.25064655910760      1.34977969986253     -9.85353075767365      c
   -1.34977969986253      3.25064655910760     -9.85353075767365      c
    1.53869767390268      4.60534228375965      7.54310586933237      c
    1.34977969986253      3.25064655910760      9.85353075767365      c
    3.25064655910760      1.34977969986253      9.85353075767365      c
    4.60534228375965      1.53869767390268      7.54310586933237      c
    3.54492817316366      3.54492817316366      6.11514329668038      c
   -4.60534228375965     -1.53869767390268      7.54310586933237      c
   -3.25064655910760     -1.34977969986253      9.85353075767365      c
   -1.34977969986253     -3.25064655910760      9.85353075767365      c
   -1.53869767390268     -4.60534228375965      7.54310586933237      c
   -3.54492817316366     -3.54492817316366      6.11514329668038      c
    0.33508755717942     -6.16588663493071     -6.94532253026573      h
    0.00882949029566     -3.62129765524105    -11.37279141008031      h
    4.11300993941902     -4.11300993941902     -4.21932953114677      h
    3.62129765524105     -0.00882949029566    -11.37279141008031      h
    6.16588663493071     -0.33508755717942     -6.94532253026573      h
   -0.00882949029566      3.62129765524105    -11.37279141008031      h
   -0.33508755717941      6.16588663493071     -6.94532253026573      h
   -4.11300993941902      4.11300993941902     -4.21932953114677      h
   -6.16588663493071      0.33508755717941     -6.94532253026573      h
   -3.62129765524105      0.00882949029566    -11.37279141008031      h
   -0.33508755717941     -6.16588663493071      6.94532253026573      h
   -4.11300993941902     -4.11300993941902      4.21932953114677      h
   -6.16588663493071     -0.33508755717941      6.94532253026573      h
   -3.62129765524105     -0.00882949029566     11.37279141008031      h
   -0.00882949029566     -3.62129765524105     11.37279141008031      h
    0.00882949029566      3.62129765524105     11.37279141008031      h
    0.33508755717942      6.16588663493071      6.94532253026573      h
    4.11300993941902      4.11300993941902      4.21932953114677      h
    3.62129765524105      0.00882949029566     11.37279141008031      h
    6.16588663493071      0.33508755717942      6.94532253026573      h
  0.00000000000000D+00  0.00000000000000D+00  0.00000000000000D+00
  0.00000000000000D+00  0.00000000000000D+00  0.14536266802478D-05
  0.00000000000000D+00  0.00000000000000D+00  -.14536266802478D-05
  0.12231912591698D-05  0.12231912585037D-05  -.23388902459232D-05
  -.12231912591698D-05  -.12231912593919D-05  -.23388902459232D-05
  0.12231912593919D-05  -.12231912587257D-05  0.23388902459232D-05
  -.12231912602800D-05  0.12231912596139D-05  0.23388902459232D-05
  0.16209472790685D-05  -.33991285119939D-05  -.12974978318425D-05
  0.22263030143854D-05  -.22263030143854D-05  0.12509362932178D-05
  0.33991285106616D-05  -.16209472768480D-05  -.12974978318425D-05
  -.87606047172173D-06  0.53452167758650D-06  0.11480384762841D-05
  -.53452167581014D-06  0.87606047172173D-06  0.11480384762841D-05
  -.33991285119939D-05  0.16209472790685D-05  -.12974978318425D-05
  -.22263030161618D-05  0.22263030161618D-05  0.12509362932178D-05
  -.16209472772921D-05  0.33991285106616D-05  -.12974978318425D-05
  0.53452167714241D-06  -.87606047172173D-06  0.11480384762841D-05
  0.87606047172173D-06  -.53452167581014D-06  0.11480384762841D-05
  0.33991285106616D-05  0.16209472768480D-05  0.12974978318425D-05
  -.87606047172173D-06  -.53452167758650D-06  -.11480384762841D-05
  -.53452167581014D-06  -.87606047172173D-06  -.11480384762841D-05
  0.16209472790685D-05  0.33991285119939D-05  0.12974978318425D-05
  0.22263030143854D-05  0.22263030143854D-05  -.12509362932178D-05
  -.16209472772921D-05  -.33991285106616D-05  0.12974978318425D-05
  0.53452167714241D-06  0.87606047172173D-06  -.11480384762841D-05
  0.87606047172173D-06  0.53452167581014D-06  -.11480384762841D-05
  -.33991285119939D-05  -.16209472790685D-05  0.12974978318425D-05
  -.22263030166059D-05  -.22263030161618D-05  -.12509362932178D-05
  -.18224222615437D-05  0.18890748139100D-05  0.41135263728620D-06
  -.27861088280901D-06  -.24423888844716D-06  -.12293054481027D-05
  -.18220159792026D-05  0.18220159787585D-05  -.10918906978574D-06
  0.24423888900227D-06  0.27861088280901D-06  -.12293054481027D-05
  -.18890748130218D-05  0.18224222606555D-05  0.41135263728620D-06
  0.27861088280901D-06  0.24423888900227D-06  -.12293054481027D-05
  0.18224222606555D-05  -.18890748130218D-05  0.41135263728620D-06
  0.18220159787585D-05  -.18220159792026D-05  -.10918906978574D-06
  0.18890748139100D-05  -.18224222615437D-05  0.41135263728620D-06
  -.24423888833613D-06  -.27861088280901D-06  -.12293054481027D-05
  0.18224222606555D-05  0.18890748130218D-05  -.41135263728620D-06
  0.18220159787585D-05  0.18220159792026D-05  0.10918906978574D-06
  0.18890748139100D-05  0.18224222615437D-05  -.41135263728620D-06
  -.24423888833613D-06  0.27861088280901D-06  0.12293054481027D-05
  0.27861088280901D-06  -.24423888900227D-06  0.12293054481027D-05
  -.27861088280901D-06  0.24423888844716D-06  0.12293054481027D-05
  -.18224222615437D-05  -.18890748139100D-05  -.41135263728620D-06
  -.18220159792026D-05  -.18220159787585D-05  0.10918906978574D-06
  0.24423888900227D-06  -.27861088280901D-06  0.12293054481027D-05
  -.18890748130218D-05  -.18224222606555D-05  -.41135263728620D-06
$end
