$hessapprox internal
  0.432356456321D+00 -0.592565919557D-03  0.441892637477D+00  0.201951940233D-02
  0.975133823216D-03  0.350327787088D+00 -0.355290986796D-03 -0.400343729005D-03
  0.495516431549D-02  0.116036681563D+00 -0.463501345175D-03  0.129323925124D-02
  0.684756710644D-03 -0.266189378933D-02  0.121353542693D+00  0.224945594844D-02
  0.248286972728D-02 -0.762451796625D-02 -0.968030078280D-03 -0.128505083162D-01
  0.185314225595D+00  0.206308981117D-03  0.702426427116D-02 -0.322775452053D-02
 -0.111389362928D-02  0.647765008685D-02 -0.538439044267D-02  0.128382149625D+00
  0.336505815235D-02 -0.859733614634D-03  0.145311040882D-02 -0.419829344059D-02
  0.295413851553D-03 -0.200968884483D-01  0.140035974804D-01  0.160577576994D+00
 -0.559727102435D-04  0.162078203247D-03 -0.925187268967D-04 -0.166872132702D-03
 -0.120531384051D-02  0.194389065674D-01 -0.963145654641D-02  0.903347160884D-02
  0.396885940438D-01 -0.595932572134D-02  0.125719412113D-03 -0.488812946747D-02
  0.988375804110D-02  0.270459242784D-02  0.881847080308D-02  0.527718980669D-02
  0.755752433414D-02  0.135910862523D-02  0.171730368323D+00 -0.534358253866D-03
 -0.240504954671D-02 -0.586553526582D-02 -0.968728947352D-03 -0.190885916825D-02
  0.136139889045D-01  0.149788141008D-01  0.118054740235D-01  0.465146521510D-02
 -0.382346911541D-02  0.211782075244D+00  0.138207277961D-02  0.765075332985D-02
 -0.895382857961D-03  0.101336873532D-02 -0.438673691655D-02  0.245034387456D-02
 -0.561335663302D-02  0.176900159976D-01  0.212043142849D-02  0.533858431300D-02
 -0.554738431894D-01  0.292327665074D+00 -0.161992975589D-02 -0.829550243723D-03
 -0.114499193200D-01  0.537472527286D-02  0.276277755115D-01 -0.123460966415D-01
  0.275013021584D-01 -0.230462392085D-01 -0.132756400135D-01 -0.189824589480D-01
 -0.340412222929D-01 -0.279725534805D-02  0.304987832119D+00 -0.179393159662D-02
 -0.302042585081D-02  0.145521695110D-01  0.227133915986D-01  0.408767122663D-01
  0.183204475573D-01  0.341822825903D-01  0.259371244851D-02 -0.648349862425D-03
  0.267369392471D-01  0.342839780852D-01  0.250929607542D-01  0.728008865332D-01
  0.311839131886D+00 -0.414908165471D-03 -0.299779231105D-03 -0.210742828811D-01
 -0.625618671957D-02 -0.115514518779D-01  0.204984489936D-01 -0.379164000297D-02
  0.205791220371D-02 -0.166340468397D-01 -0.939862682956D-02  0.447955941984D-01
  0.269441911650D-01  0.100629213667D+00 -0.531453624872D-01  0.227778456479D+00
 -0.236697438501D-02  0.855288321498D-03 -0.156901101482D-01  0.283143709925D-02
  0.525115287005D-02 -0.117536046263D-01  0.302436245743D-01  0.231060348231D-02
 -0.257978462304D-01  0.794331380330D-01  0.353625695805D-01  0.124809303366D-01
  0.781823522328D-01  0.112992038981D-01  0.112102990758D+00  0.164538192157D+00
  0.141727414052D-02  0.950743673972D-03 -0.184664444049D-02  0.854595712769D-02
  0.194890681090D-01  0.150564218648D-02 -0.591710289411D-02  0.459097328076D-02
  0.499908636921D-02  0.333195676702D-02  0.173810885069D-01 -0.336777959070D-01
  0.295213861272D-01  0.850182730531D-01 -0.378904712501D-01  0.378476609806D-01
  0.386358047352D+00 -0.994223630305D-03  0.479416073830D-03 -0.734632380254D-02
 -0.526597767981D-02  0.679454917744D-02 -0.421994269974D-02  0.772640762432D-02
 -0.673299847557D-02 -0.108874056835D-02 -0.899497799786D-01 -0.593033982570D-02
 -0.137129859027D-01  0.127518716325D+00 -0.134729487953D-01  0.779936774367D-01
  0.162289999502D-01  0.207309997191D-01  0.136777945195D+00 -0.162963617997D-02
 -0.715719564935D-03 -0.300232368419D-02  0.156116483072D-02  0.260843414901D-03
 -0.238949770055D-02 -0.747768152437D-02 -0.754221090592D-02 -0.213576682902D-01
  0.436942766317D-01 -0.166078413093D-01 -0.451696049196D-02  0.328508004486D-01
 -0.170866522340D-01 -0.131164517178D-01  0.288145704653D-02  0.962689343660D-03
  0.514316779187D-02  0.160778890745D+00
$end
