$coord
   -0.00000000000000      0.00000000000000      0.00000000000000  mo
    0.00000000000000      0.00000000000000     -6.65926262928293  y
    0.00000000000000      0.00000000000000      6.65926262928293  y
    2.50080100354521      2.14687503487369     -2.50888706046509  s
   -2.50080100354521     -2.14687503487369     -2.50888706046509  s
    2.14687503487369     -2.50080100354521      2.50888706046509  s
   -2.14687503487369      2.50080100354521      2.50888706046509  s
    4.46468715594376     -1.69612373802864     -7.96136436421732  c
    3.57995343643064     -3.44841474500317     -6.10573279487963  c
    1.45917968192979     -4.75103869156267     -7.13882179026857  c
    1.04629547624494     -3.83249737358029     -9.64613327570255  c
    2.92746079658845     -1.96059490390856    -10.16742632056387  c
   -1.45917968192979      4.75103869156267     -7.13882179026857  c
   -3.57995343643064      3.44841474500317     -6.10573279487963  c
   -4.46468715594376      1.69612373802864     -7.96136436421732  c
   -2.92746079658845      1.96059490390856    -10.16742632056387  c
   -1.04629547624494      3.83249737358029     -9.64613327570255  c
    1.69612373802864      4.46468715594376      7.96136436421732  c
    1.96059490390856      2.92746079658845     10.16742632056387  c
    3.83249737358029      1.04629547624494      9.64613327570255  c
    4.75103869156267      1.45917968192979      7.13882179026857  c
    3.44841474500317      3.57995343643064      6.10573279487963  c
   -4.75103869156267     -1.45917968192979      7.13882179026857  c
   -3.83249737358029     -1.04629547624494      9.64613327570255  c
   -1.96059490390856     -2.92746079658845     10.16742632056387  c
   -1.69612373802864     -4.46468715594376      7.96136436421732  c
   -3.44841474500317     -3.57995343643064      6.10573279487963  c
    0.09260449596554     -6.93798861988951     -5.94675735473618  c
   -0.77270442624967     -4.98463376707505    -11.50214595726723  c
    4.84025625869730     -4.03840561337283     -3.63594882234780  c
    3.52349981720102     -0.83783874937021    -12.70589780965017  c
    6.76015248308673     -0.03689858889569     -7.71246429987347  c
    0.77270442624967      4.98463376707505    -11.50214595726723  c
   -0.09260449596554      6.93798861988951     -5.94675735473618  c
   -4.84025625869730      4.03840561337283     -3.63594882234780  c
   -6.76015248308673      0.03689858889569     -7.71246429987347  c
   -3.52349981720102      0.83783874937021    -12.70589780965017  c
   -0.03689858889569     -6.76015248308673      7.71246429987347  c
   -4.03840561337283     -4.84025625869730      3.63594882234780  c
   -6.93798861988951     -0.09260449596554      5.94675735473618  c
   -4.98463376707505      0.77270442624967     11.50214595726723  c
   -0.83783874937021     -3.52349981720102     12.70589780965017  c
    0.83783874937021      3.52349981720102     12.70589780965017  c
    0.03689858889569      6.76015248308673      7.71246429987347  c
    4.03840561337283      4.84025625869730      3.63594882234780  c
    4.98463376707505     -0.77270442624967     11.50214595726723  c
    6.93798861988951      0.09260449596554      5.94675735473618  c
    0.48885939183689     -7.10409348554905      5.73073679944168  h
   -1.00853784347445     -8.47136039604283      8.40929249056714  h
    1.72308688622857     -6.57133346421353      8.80786296775089  h
   -0.48885939183689      7.10409348554905      5.73073679944168  h
    1.00853784347445      8.47136039604283      8.40929249056714  h
   -1.72308688622857      6.57133346421353      8.80786296775089  h
    6.57133346421353      1.72308688622857     -8.80786296775089  h
    8.47136039604283     -1.00853784347445     -8.40929249056714  h
    7.10409348554905      0.48885939183689     -5.73073679944168  h
   -6.57133346421353     -1.72308688622857     -8.80786296775089  h
   -8.47136039604283      1.00853784347445     -8.40929249056714  h
   -7.10409348554905     -0.48885939183689     -5.73073679944168  h
   -8.74826910383554     -0.93276346732330      6.56089422808034  h
   -6.86424938567295     -0.19012227230880      3.87298668698049  h
   -6.98282001360355      1.91891791135315      6.47578916463280  h
    8.74826910383554      0.93276346732330      6.56089422808034  h
    6.86424938567295      0.19012227230880      3.87298668698049  h
    6.98282001360355     -1.91891791135315      6.47578916463280  h
   -1.91891791135315     -6.98282001360355     -6.47578916463280  h
    0.19012227230880     -6.86424938567295     -3.87298668698049  h
    0.93276346732330     -8.74826910383554     -6.56089422808034  h
    1.91891791135315      6.98282001360355     -6.47578916463280  h
   -0.19012227230880      6.86424938567295     -3.87298668698049  h
   -0.93276346732330      8.74826910383554     -6.56089422808034  h
    2.35752396905689      5.71632688385403      2.78316528508725  h
    4.80135966007829      3.49265949243178      2.25179714018226  h
    5.46762227622731      6.33751307563985      3.90613650744335  h
   -5.71632688385403      2.35752396905689     -2.78316528508725  h
   -6.33751307563985      5.46762227622731     -3.90613650744335  h
   -3.49265949243178      4.80135966007829     -2.25179714018226  h
   -5.46762227622731     -6.33751307563985      3.90613650744335  h
   -2.35752396905689     -5.71632688385403      2.78316528508725  h
   -4.80135966007829     -3.49265949243178      2.25179714018226  h
    6.33751307563985     -5.46762227622731     -3.90613650744335  h
    3.49265949243178     -4.80135966007829     -2.25179714018226  h
    5.71632688385403     -2.35752396905689     -2.78316528508725  h
   -0.15332969896462     -6.90544722686919    -12.03346151154948  h
   -0.90154678040512     -3.87113544696422    -13.24706087019502  h
   -2.69701698152650     -5.17061447493108    -10.72544341635769  h
    0.15332969896462      6.90544722686919    -12.03346151154948  h
    0.90154678040512      3.87113544696422    -13.24706087019502  h
    2.69701698152650      5.17061447493108    -10.72544341635769  h
   -6.90544722686919      0.15332969896462     12.03346151154948  h
   -5.17061447493108      2.69701698152650     10.72544341635769  h
   -3.87113544696422      0.90154678040512     13.24706087019502  h
    6.90544722686919     -0.15332969896462     12.03346151154948  h
    5.17061447493108     -2.69701698152650     10.72544341635769  h
    3.87113544696422     -0.90154678040512     13.24706087019502  h
   -1.00869959184834      4.45941563251530     12.54217297014269  h
    2.09000050195220      4.82208588865035     13.75684555310576  h
    0.59103024156450      1.83033528658736     13.88255177851177  h
    1.00869959184834     -4.45941563251530     12.54217297014269  h
   -2.09000050195220     -4.82208588865035     13.75684555310576  h
   -0.59103024156450     -1.83033528658736     13.88255177851177  h
   -1.83033528658736      0.59103024156450    -13.88255177851177  h
   -4.82208588865035      2.09000050195220    -13.75684555310576  h
   -4.45941563251530     -1.00869959184834    -12.54217297014269  h
    4.45941563251530      1.00869959184834    -12.54217297014269  h
    1.83033528658736     -0.59103024156450    -13.88255177851177  h
    4.82208588865035     -2.09000050195220    -13.75684555310576  h
$user-defined bonds
$redundant
     number_of_atoms           107
     degrees_of_freedom         78
     internal_coordinates       96
     frozen_coordinates          0
# definitions of redundant internals
   1 k  2.0000000000000 stre  32   56           val=   2.07893
   2 k  2.0000000000000 stre  31  107           val=   2.08776
   3 k  2.0000000000000 stre  32   55           val=   2.08755
   4 k  2.0000000000000 stre  28   66           val=   2.08041
   5 k  2.0000000000000 stre  30   81           val=   2.08745
   6 k  2.0000000000000 stre  29   85           val=   2.07394
   7 k  2.0000000000000 stre  29   86           val=   2.08347
   8 k  2.0000000000000 stre  31  105           val=   2.07664
   9 k  2.0000000000000 stre  31  106           val=   2.07659
  10 k  2.0000000000000 stre  32   54           val=   2.08161
  11 k  2.0000000000000 stre  11   29           val=   2.84270
  12 k  2.0000000000000 stre   9   30           val=   2.83483
  13 k  2.0000000000000 stre  12   31           val=   2.83896
  14 k  2.0000000000000 stre  28   68           val=   2.08810
  15 k  2.0000000000000 stre  10   28           val=   2.84100
  16 k  2.0000000000000 stre  30   83           val=   2.07849
  17 k  2.0000000000000 stre  30   82           val=   2.07702
  18 k  2.0000000000000 stre  28   67           val=   2.07737
  19 k  2.0000000000000 stre   8   32           val=   2.84326
  20 k  2.0000000000000 stre  29   84           val=   2.08697
  21 k  0.8883854788798 bend 106  105   31      val=   1.95704
        0.8207926340148 bend 107  105   31
        0.8288434015052 bend 107  106   31
       -0.7854858809340 bend  12  105   31
       -0.7841606025796 bend  12  106   31
       -0.7862527512570 bend  12  107   31
  22 k  0.8832377621942 bend  86   85   29      val=   1.94872
        0.8352083973156 bend  84   85   29
        0.8208324503792 bend  84   86   29
       -0.7841170256696 bend  11   85   29
       -0.7842081218250 bend  11   86   29
       -0.7865940430812 bend  11   84   29
  23 k  0.8114991226426 bend  82   83   30      val=   1.52773
        0.8700693622016 bend  81   83   30
        0.8436512773938 bend  81   82   30
       -0.7985744269536 bend   9   83   30
       -0.8057790625286 bend   9   82   30
       -0.7653103867496 bend   9   81   30
  24 k  0.8417210319636 bend  54   56   32      val=   1.52274
        0.8512961993076 bend  55   56   32
        0.8354601836662 bend  55   54   32
       -0.7879873267904 bend   8   56   32
       -0.7963874824560 bend   8   54   32
       -0.7833579753270 bend   8   55   32
  25 k  0.8262005258278 bend  66   67   28      val=   1.43164
        0.8657471016580 bend  68   67   28
        0.8318171928374 bend  68   66   28
       -0.7940605237618 bend  10   67   28
       -0.8051522487636 bend  10   66   28
       -0.7727564595052 bend  10   68   28
  26 k  0.6666666666667 tors  67   28   10    2 val=  95.09102
        0.6666666666667 tors  67   28   10    9
        0.6666666666667 tors  67   28   10   11
        0.6666666666667 tors  66   28   10    2
        0.6666666666667 tors  66   28   10    9
        0.6666666666667 tors  66   28   10   11
        0.6666666666667 tors  68   28   10    2
        0.6666666666667 tors  68   28   10    9
        0.6666666666667 tors  68   28   10   11
  27 k  0.6666666666667 tors  56   32    8    2 val=  61.92206
        0.6666666666667 tors  56   32    8    9
        0.6666666666667 tors  56   32    8   12
        0.6666666666667 tors  54   32    8    2
        0.6666666666667 tors  54   32    8    9
        0.6666666666667 tors  54   32    8   12
        0.6666666666667 tors  55   32    8    2
        0.6666666666667 tors  55   32    8    9
        0.6666666666667 tors  55   32    8   12
  28 k  0.6666666666667 tors  85   29   11    2 val=  78.91772
        0.6666666666667 tors  85   29   11   10
        0.6666666666667 tors  85   29   11   12
        0.6666666666667 tors  86   29   11    2
        0.6666666666667 tors  86   29   11   10
        0.6666666666667 tors  86   29   11   12
        0.6666666666667 tors  84   29   11    2
        0.6666666666667 tors  84   29   11   10
        0.6666666666667 tors  84   29   11   12
  29 k  0.6666666666667 tors  83   30    9    2 val=  62.88501
        0.6666666666667 tors  83   30    9    8
        0.6666666666667 tors  83   30    9   10
        0.6666666666667 tors  82   30    9    2
        0.6666666666667 tors  82   30    9    8
        0.6666666666667 tors  82   30    9   10
        0.6666666666667 tors  81   30    9    2
        0.6666666666667 tors  81   30    9    8
        0.6666666666667 tors  81   30    9   10
  30 k  0.6666666666667 tors 105   31   12    2 val=  60.16798
        0.6666666666667 tors 105   31   12    8
        0.6666666666667 tors 105   31   12   11
        0.6666666666667 tors 106   31   12    2
        0.6666666666667 tors 106   31   12    8
        0.6666666666667 tors 106   31   12   11
        0.6666666666667 tors 107   31   12    2
        0.6666666666667 tors 107   31   12    8
        0.6666666666667 tors 107   31   12   11
  31 k  1.3705184030552 bend  82   83   30      val=   0.36467
       -0.5729388804382 bend  81   83   30
       -0.7371450981914 bend  81   82   30
        0.4961393615234 bend   9   83   30
        0.3790086018800 bend   9   82   30
       -0.9274889023756 bend   9   81   30
  32 k -1.3682342540566 bend  66   67   28      val=  -0.18871
        0.7098695521940 bend  68   67   28
        0.6243012903668 bend  68   66   28
       -0.4158006202270 bend  10   67   28
       -0.4670125494640 bend  10   66   28
        0.9183012940220 bend  10   68   28
  33 k  1.3498935958057 bend  54   56   32      val=   0.26911
       -0.7701586310490 bend  55   56   32
       -0.5709969144550 bend  55   54   32
        0.3871841344468 bend   8   56   32
        0.5212623292004 bend   8   54   32
       -0.9148658463926 bend   8   55   32
  34 k -0.0355525307582 bend  66   67   28      val=   0.10554
       -1.1656010368602 bend  68   67   28
        1.2344481208158 bend  68   66   28
       -0.7715820703860 bend  10   67   28
        0.7212620092346 bend  10   66   28
        0.0262735634304 bend  10   68   28
  35 k  0.1117139982954 bend  82   83   30      val=   0.22224
       -1.2374877244814 bend  81   83   30
        1.1597789619716 bend  81   82   30
       -0.7208100399478 bend   9   83   30
        0.7663600325498 bend   9   82   30
       -0.0646688528696 bend   9   81   30
  36 k  0.1744621518386 bend 106  105   31      val=   0.04137
        1.0872450440826 bend 107  105   31
       -1.2615342024979 bend 107  106   31
        0.8222302625818 bend  12  105   31
       -0.7129034714486 bend  12  106   31
       -0.1081603592486 bend  12  107   31
  37 k  0.1114611605526 bend  54   56   32      val=   0.17965
        1.1312306239688 bend  55   56   32
       -1.2556274984008 bend  55   54   32
        0.7929212555344 bend   8   56   32
       -0.7054064542730 bend   8   54   32
       -0.0705045185444 bend   8   55   32
  38 k -0.5566868187958 bend  86   85   29      val=   0.14838
       -0.7824489507466 bend  84   85   29
        1.3774046468342 bend  84   86   29
       -0.8888151565246 bend  11   85   29
        0.5151938918872 bend  11   86   29
        0.3538541160260 bend  11   84   29
  39 k -1.2133369999080 bend  86   85   29      val=   0.65942
        1.1183816158392 bend  84   85   29
        0.1562264233726 bend  84   86   29
       -0.0890572312090 bend  11   85   29
       -0.7507002828304 bend  11   86   29
        0.8253163548454 bend  11   84   29
  40 k -1.3199682533534 bend 106  105   31      val=   0.69626
        0.8467700368786 bend 107  105   31
        0.5558277919336 bend 107  106   31
       -0.3546204273816 bend  12  105   31
       -0.5593164433338 bend  12  106   31
        0.8905780421716 bend  12  107   31
  41 k -1.4140746323050 bend  10   30    9      val=   0.74637
        1.4142911501956 bend   8   30    9
        0.0131710572738 bend   2   30    9
  42 k  1.4141101791809 bend   9   32    8      val=   0.16634
       -1.4142923188013 bend  12   32    8
        0.0083449455570 bend   2   32    8
  43 k -1.4142813637481 bend   9   28   10      val=  -0.32821
        1.4141435015871 bend  11   28   10
        0.0025260786862 bend   2   28   10
  44 k  1.4135668905302 bend  10   29   11      val=  -0.36002
       -1.4147181480636 bend  12   29   11
        0.0200301656566 bend   2   29   11
  45 k  1.4138297505434 bend   8   31   12      val=   0.51998
       -1.4143189282702 bend  11   31   12
        0.0280607486544 bend   2   31   12
  46 k  0.0207462035650 bend 106  105   31      val=   0.13020
        0.7648948535142 bend 107  105   31
       -0.7829107943114 bend 107  106   31
       -1.2046152691338 bend  12  105   31
        1.1613398734444 bend  12  106   31
        0.0418078697550 bend  12  107   31
  47 k  0.1514757290130 bend  86   85   29      val=   0.46985
        0.6807782833082 bend  84   85   29
       -0.8398175337312 bend  84   86   29
       -1.2880622046660 bend  11   85   29
        1.0387407865842 bend  11   86   29
        0.2649827876126 bend  11   84   29
  48 k -0.9062990624508 bend  82   83   30      val=   0.87254
        0.4056779376836 bend  81   83   30
        0.5138033285400 bend  81   82   30
        0.7508480074356 bend   9   83   30
        0.6018692802402 bend   9   82   30
       -1.3505681023524 bend   9   81   30
  49 k -0.0540921870020 bend  82   83   30      val=   0.09837
        0.7692632730260 bend  81   83   30
       -0.7185998118668 bend  81   82   30
       -1.1501173533878 bend   9   83   30
        1.2482817675378 bend   9   82   30
       -0.0891350926002 bend   9   81   30
  50 k -0.1088339998756 bend  54   56   32      val=   0.48614
        0.8034573597212 bend  55   56   32
       -0.6909926543536 bend  55   54   32
       -1.1105038365444 bend   8   56   32
        1.2682656282882 bend   8   54   32
       -0.1530493656730 bend   8   55   32
  51 k  0.8932373518582 bend 106  105   31      val=  -0.44207
       -0.4899386908902 bend 107  105   31
       -0.4369913485088 bend 107  106   31
       -0.6372985184932 bend  12  105   31
       -0.6982361907532 bend  12  106   31
        1.3701979762032 bend  12  107   31
  52 k -0.8986474772656 bend  66   67   28      val=   0.61967
        0.3887356192270 bend  68   67   28
        0.5252204782672 bend  68   66   28
        0.7800276718306 bend  10   67   28
        0.5687748571838 bend  10   66   28
       -1.3540726613336 bend  10   68   28
  53 k -0.0802127157828 bend  66   67   28      val=   0.55178
        0.7832326636738 bend  68   67   28
       -0.7042694461878 bend  68   66   28
       -1.1315996241156 bend  10   67   28
        1.2608866047542 bend  10   66   28
       -0.1173214498724 bend  10   68   28
  54 k  0.8827000967328 bend  86   85   29      val=  -0.41514
       -0.6103609574448 bend  84   85   29
       -0.2991460015914 bend  84   86   29
       -0.4478047150486 bend  11   85   29
       -0.8684791176984 bend  11   86   29
        1.3431405994492 bend  11   84   29
  55 k  0.9073240670440 bend  54   56   32      val=  -0.01223
       -0.3705959734954 bend  55   56   32
       -0.5426026139036 bend  55   54   32
       -0.8091922710566 bend   8   56   32
       -0.5291649676744 bend   8   54   32
        1.3454353832960 bend   8   55   32
  56 k -0.0875934091280 bend  10   30    9      val= 101.81827
       -0.1061615098830 bend   8   30    9
        1.9952586620528 bend   2   30    9
  57 k -0.2436021262398 bend   8   31   12      val=  80.11452
       -0.2043415999528 bend  11   31   12
        1.9745638795998 bend   2   31   12
  58 k -0.1275267576662 bend   9   28   10      val=  94.83718
       -0.1310968127202 bend  11   28   10
        1.9916200821878 bend   2   28   10
  59 k -0.2122158138568 bend  10   29   11      val=  83.02329
       -0.1840069346120 bend  12   29   11
        1.9801782486341 bend   2   29   11
  60 k -0.0863662999728 bend   9   32    8      val= 101.98119
       -0.0745735213848 bend  12   32    8
        1.9967422598165 bend   2   32    8
  61 k  0.6030226891555 tors   1    4    2    5 val= 130.89744
        0.6030226891555 tors   1    4    2    8
        0.6030226891555 tors   1    4    2    9
        0.6030226891555 tors   1    4    2   10
        0.6030226891555 tors   1    4    2   11
        0.6030226891555 tors   1    4    2   12
        0.6030226891555 tors   1    4    2   13
        0.6030226891555 tors   1    4    2   14
        0.6030226891555 tors   1    4    2   15
        0.6030226891555 tors   1    4    2   16
        0.6030226891555 tors   1    4    2   17
  62 k  0.4714045207910 tors   9    8    2    4 val=  59.51439
        0.4714045207910 tors   9    8    2    5
        0.4714045207910 tors   9    8    2   10
        0.4714045207910 tors   9    8    2   11
        0.4714045207910 tors   9    8    2   13
        0.4714045207910 tors   9    8    2   14
        0.4714045207910 tors   9    8    2   15
        0.4714045207910 tors   9    8    2   16
        0.4714045207910 tors   9    8    2   17
        0.4714045207910 tors  12    8    2    4
        0.4714045207910 tors  12    8    2    5
        0.4714045207910 tors  12    8    2   10
        0.4714045207910 tors  12    8    2   11
        0.4714045207910 tors  12    8    2   13
        0.4714045207910 tors  12    8    2   14
        0.4714045207910 tors  12    8    2   15
        0.4714045207910 tors  12    8    2   16
        0.4714045207910 tors  12    8    2   17
  63 k  0.4714045207910 tors   8   12    2    4 val=  95.33947
        0.4714045207910 tors   8   12    2    5
        0.4714045207910 tors   8   12    2    9
        0.4714045207910 tors   8   12    2   10
        0.4714045207910 tors   8   12    2   13
        0.4714045207910 tors   8   12    2   14
        0.4714045207910 tors   8   12    2   15
        0.4714045207910 tors   8   12    2   16
        0.4714045207910 tors   8   12    2   17
        0.4714045207910 tors  11   12    2    4
        0.4714045207910 tors  11   12    2    5
        0.4714045207910 tors  11   12    2    9
        0.4714045207910 tors  11   12    2   10
        0.4714045207910 tors  11   12    2   13
        0.4714045207910 tors  11   12    2   14
        0.4714045207910 tors  11   12    2   15
        0.4714045207910 tors  11   12    2   16
        0.4714045207910 tors  11   12    2   17
  64 k  0.5000000000000 tors   8    9    2    4 val=  75.63877
        0.5000000000000 tors   8    9    2    5
        0.5000000000000 tors   8    9    2   11
        0.5000000000000 tors   8    9    2   12
        0.5000000000000 tors   8    9    2   13
        0.5000000000000 tors   8    9    2   15
        0.5000000000000 tors   8    9    2   16
        0.5000000000000 tors   8    9    2   17
        0.5000000000000 tors  10    9    2    4
        0.5000000000000 tors  10    9    2    5
        0.5000000000000 tors  10    9    2   11
        0.5000000000000 tors  10    9    2   12
        0.5000000000000 tors  10    9    2   13
        0.5000000000000 tors  10    9    2   15
        0.5000000000000 tors  10    9    2   16
        0.5000000000000 tors  10    9    2   17
  65 k  0.4714045207910 tors  10   11    2    4 val=  89.57874
        0.4714045207910 tors  10   11    2    5
        0.4714045207910 tors  10   11    2    8
        0.4714045207910 tors  10   11    2    9
        0.4714045207910 tors  10   11    2   13
        0.4714045207910 tors  10   11    2   14
        0.4714045207910 tors  10   11    2   15
        0.4714045207910 tors  10   11    2   16
        0.4714045207910 tors  10   11    2   17
        0.4714045207910 tors  12   11    2    4
        0.4714045207910 tors  12   11    2    5
        0.4714045207910 tors  12   11    2    8
        0.4714045207910 tors  12   11    2    9
        0.4714045207910 tors  12   11    2   13
        0.4714045207910 tors  12   11    2   14
        0.4714045207910 tors  12   11    2   15
        0.4714045207910 tors  12   11    2   16
        0.4714045207910 tors  12   11    2   17
  66 k  0.5000000000000 tors   9   10    2    4 val=  87.21072
        0.5000000000000 tors   9   10    2    5
        0.5000000000000 tors   9   10    2    8
        0.5000000000000 tors   9   10    2   12
        0.5000000000000 tors   9   10    2   14
        0.5000000000000 tors   9   10    2   15
        0.5000000000000 tors   9   10    2   16
        0.5000000000000 tors   9   10    2   17
        0.5000000000000 tors  11   10    2    4
        0.5000000000000 tors  11   10    2    5
        0.5000000000000 tors  11   10    2    8
        0.5000000000000 tors  11   10    2   12
        0.5000000000000 tors  11   10    2   14
        0.5000000000000 tors  11   10    2   15
        0.5000000000000 tors  11   10    2   16
        0.5000000000000 tors  11   10    2   17
  67 k  2.0000000000000 stre   1    4           val=   4.14217
  68 k  1.4142135623731 bend   5    4    1      val= 105.44247
  69 k  2.0000000000000 stre   2    4           val=   5.29988
  70 k  2.0000000000000 stre   2    8           val=   4.95033
  71 k  2.0000000000000 stre   2   12           val=   4.97204
  72 k  2.0000000000000 stre   8   12           val=   2.70180
  73 k  2.0000000000000 stre   2    9           val=   5.00140
  74 k  2.0000000000000 stre   8    9           val=   2.70123
  75 k  2.0000000000000 stre   2   11           val=   4.97033
  76 k  2.0000000000000 stre  12   11           val=   2.70454
  77 k  2.0000000000000 stre   2   10           val=   4.99315
  78 k  2.0000000000000 stre   9   10           val=   2.69477
  79 k  2.0000000000000 stre  11   10           val=   2.70200
  80 k -0.3631307130412 bend   5    4    2      val=  62.82353
       -0.1503280831720 bend   8    4    2
       -0.2749068487481 bend   8    5    2
        0.6115453564682 bend  15    8    2
       -0.0442076765065 bend  12    4    2
       -0.0597959169634 bend  12    5    2
        0.5265685973673 bend  16    8    2
        0.4623877962747 bend  16   12    2
       -0.2258458411946 bend   9    4    2
       -0.2488403515486 bend   9    5    2
        0.0650138551107 bend   9   12    2
        0.5129269052553 bend   9   16    2
        0.2597464724048 bend  14    8    2
       -0.1283529548719 bend  11    4    2
       -0.0745393265869 bend  11    5    2
        0.1152445242431 bend  11    8    2
        0.4321942411436 bend  11   16    2
        0.0524092891810 bend  11    9    2
        0.3970796280120 bend  17    8    2
        0.4195965694931 bend  17    9    2
        0.5087518851527 bend  17   11    2
       -0.2779026353845 bend  10    4    2
       -0.1618235475352 bend  10    5    2
        0.0368914156734 bend  10    8    2
        0.0955168442076 bend  10   12    2
        0.4255471014408 bend  10   16    2
        0.2420288993109 bend  13    8    2
        0.0388284683418 bend  13    9    2
        0.5483430398972 bend  13   11    2
  81 k -0.0871364120647 bend   5    4    2      val=   0.48159
       -0.3801394378984 bend   8    4    2
        0.5128868918791 bend   8    5    2
       -0.0684465597988 bend  15    8    2
       -0.2422251122906 bend  12    4    2
        0.7063737618866 bend  12    5    2
       -0.2490482243432 bend  16    8    2
       -0.4943917321663 bend  16   12    2
       -0.5151026983923 bend   9    4    2
        0.4708544643423 bend   9    5    2
        0.2909031443583 bend   9   12    2
       -0.2478067242478 bend   9   16    2
       -0.0137396299003 bend  14    8    2
       -0.7158817385411 bend  11    4    2
        0.3156554469076 bend  11    5    2
       -0.1837795452417 bend  11    8    2
       -0.0252909925783 bend  11   16    2
       -0.2273666805628 bend  11    9    2
        0.2005075297758 bend  17    8    2
        0.2604299269396 bend  17    9    2
        0.4119506342783 bend  17   11    2
       -0.5461238413749 bend  10    4    2
        0.4339704594506 bend  10    5    2
        0.0190915302752 bend  10    8    2
        0.2828719678962 bend  10   12    2
       -0.2007389365003 bend  10   16    2
        0.0112336105664 bend  13    8    2
        0.0143003063683 bend  13    9    2
        0.2699310428527 bend  13   11    2
  82 k -0.1169103286432 bend   5    4    2      val=   1.32778
        0.3764042826953 bend   8    4    2
       -0.3426851651749 bend   8    5    2
       -0.0781112959028 bend  15    8    2
        0.5236579240832 bend  12    4    2
       -0.0507553650112 bend  12    5    2
       -0.3665194696578 bend  16    8    2
       -0.7096354703951 bend  16   12    2
        0.3712305992426 bend   9    4    2
       -0.4279695346799 bend   9    5    2
        0.4038427238175 bend   9   12    2
       -0.3365759291429 bend   9   16    2
       -0.0401226620950 bend  14    8    2
        0.1000396202205 bend  11    4    2
       -0.3938807413769 bend  11    5    2
       -0.1935547813683 bend  11    8    2
       -0.0269562491598 bend  11   16    2
       -0.2953453576836 bend  11    9    2
        0.2412470333416 bend  17    8    2
        0.3410861103887 bend  17    9    2
        0.5843753337381 bend  17   11    2
        0.2734874525848 bend  10    4    2
       -0.3828685456232 bend  10    5    2
        0.0209275535900 bend  10    8    2
        0.3366833365652 bend  10   12    2
       -0.2270225356502 bend  10   16    2
        0.0251654719840 bend  13    8    2
        0.0543509828809 bend  13    9    2
        0.3817049446248 bend  13   11    2
  83 k -0.3833805655793 bend   5    4    2      val=   6.98033
       -0.1494983438875 bend   8    4    2
       -0.3373540329191 bend   8    5    2
        0.6885329903992 bend  15    8    2
        0.2306345797533 bend  12    4    2
        0.3034075247617 bend  12    5    2
        0.1396821473800 bend  16    8    2
       -0.4821965701171 bend  16   12    2
       -0.1983785879137 bend   9    4    2
       -0.1187275088496 bend   9    5    2
        0.4348698016577 bend   9   12    2
       -0.0573975260298 bend   9   16    2
        0.3443269613706 bend  14    8    2
        0.2964386948093 bend  11    4    2
        0.2665522122044 bend  11    5    2
        0.3261880164916 bend  11    8    2
       -0.5559183088898 bend  11   16    2
        0.4919342371229 bend  11    9    2
        0.0384440392807 bend  17    8    2
       -0.1646143120224 bend  17    9    2
       -0.5321267592645 bend  17   11    2
       -0.0980240597813 bend  10    4    2
        0.0255893980095 bend  10    5    2
       -0.0687556050831 bend  10    8    2
        0.2787558520705 bend  10   12    2
       -0.1901933875064 bend  10   16    2
        0.2016936994077 bend  13    8    2
       -0.0606447965258 bend  13    9    2
       -0.2074407188403 bend  13   11    2
  84 k  0.6250900126827 bend   5    4    2      val= -11.52575
       -0.5721311349481 bend   8    4    2
        0.1681028193595 bend   8    5    2
        0.4271653646625 bend  15    8    2
       -0.2634416938306 bend  12    4    2
       -0.0179147955081 bend  12    5    2
        0.1382391818199 bend  16    8    2
       -0.0599840917426 bend  16   12    2
       -0.0323149482392 bend   9    4    2
        0.0761216345834 bend   9    5    2
        0.0428699719193 bend   9   12    2
       -0.0554536445613 bend   9   16    2
       -0.2526236827581 bend  14    8    2
        0.0215267340184 bend  11    4    2
       -0.3931918650209 bend  11    5    2
        0.6109279370725 bend  11    8    2
       -0.0782436280364 bend  11   16    2
        0.0582920899704 bend  11    9    2
       -0.1920861128289 bend  17    8    2
       -0.0970070548946 bend  17    9    2
        0.1956993954402 bend  17   11    2
        0.2392320246253 bend  10    4    2
       -0.4231136998588 bend  10    5    2
        0.7849721502225 bend  10    8    2
        0.4050297575920 bend  10   12    2
       -0.2099815653533 bend  10   16    2
       -0.6180575844474 bend  13    8    2
       -0.4290524649704 bend  13    9    2
        0.1975134079299 bend  13   11    2
  85 k -0.7309682446051 bend   5    4    2      val=  -6.79557
        0.3010694623190 bend   8    4    2
        0.3480195501081 bend   8    5    2
       -0.6422227562809 bend  15    8    2
        0.1991183029683 bend  12    4    2
        0.0909738991022 bend  12    5    2
       -0.2912568107759 bend  16    8    2
        0.1562754584248 bend  16   12    2
       -0.2965362109493 bend   9    4    2
       -0.3134703290683 bend   9    5    2
        0.2792824704728 bend   9   12    2
        0.4474288105869 bend   9   16    2
       -0.1859123535257 bend  14    8    2
        0.1775725970845 bend  11    4    2
        0.2046439360620 bend  11    5    2
        0.1465760108300 bend  11    8    2
       -0.0034291093014 bend  11   16    2
        0.4279634609966 bend  11    9    2
       -0.5304052369694 bend  17    8    2
        0.1809795152204 bend  17    9    2
       -0.0650066941992 bend  17   11    2
       -0.1671120770434 bend  10    4    2
       -0.1351622008922 bend  10    5    2
        0.5040724138807 bend  10    8    2
        0.2149550797576 bend  10   12    2
        0.1860108256678 bend  10   16    2
       -0.4161433245305 bend  13    8    2
       -0.1457149148968 bend  13    9    2
        0.1951052396998 bend  13   11    2
  86 k  0.9126470495399 bend   5    4    2      val=   8.06842
        0.0645789711803 bend   8    4    2
        0.0511520844902 bend   8    5    2
       -0.3629865828782 bend  15    8    2
       -0.2752672752559 bend  12    4    2
       -0.1516084396737 bend  12    5    2
       -0.1777069946152 bend  16    8    2
       -0.0979887551661 bend  16   12    2
       -0.5112165690006 bend   9    4    2
       -0.2146307527411 bend   9    5    2
        0.5184176437082 bend   9   12    2
        0.4844803052603 bend   9   16    2
        0.5766069847520 bend  14    8    2
       -0.0621385876763 bend  11    4    2
       -0.2821531667158 bend  11    5    2
       -0.3166263021443 bend  11    8    2
       -0.0797593449261 bend  11   16    2
        0.5607219125154 bend  11    9    2
        0.0197916817810 bend  17    8    2
        0.2772486556305 bend  17    9    2
       -0.0678005773539 bend  17   11    2
        0.0900347109089 bend  10    4    2
       -0.1662682162930 bend  10    5    2
       -0.2826854558599 bend  10    8    2
        0.0282819770816 bend  10   12    2
       -0.0242504733861 bend  10   16    2
        0.2198786232719 bend  13    8    2
       -0.1174007894889 bend  13    9    2
       -0.0285576240651 bend  13   11    2
  87 k  0.4248537887375 bend   5    4    2      val=   9.69437
       -0.2391243500584 bend   8    4    2
        0.2129910718306 bend   8    5    2
       -0.0277236509911 bend  15    8    2
       -0.0729771118210 bend  12    4    2
       -0.0498892485498 bend  12    5    2
       -0.1387758541844 bend  16    8    2
       -0.1666396156822 bend  16   12    2
        0.2366193246387 bend   9    4    2
       -0.2172563529114 bend   9    5    2
        0.1471246804965 bend   9   12    2
       -0.1482910586196 bend   9   16    2
       -0.5653206664622 bend  14    8    2
        0.2136887838021 bend  11    4    2
       -0.2302317443219 bend  11    5    2
        0.4558144066254 bend  11    8    2
       -0.2568398691483 bend  11   16    2
        0.0408962089885 bend  11    9    2
       -0.4267246920838 bend  17    8    2
       -0.0209273455280 bend  17    9    2
       -0.1649127900414 bend  17   11    2
       -0.7032462596771 bend  10    4    2
       -0.1314781060911 bend  10    5    2
       -0.1966930658316 bend  10    8    2
        0.1103112214414 bend  10   12    2
        0.6731032822265 bend  10   16    2
        0.5050357424599 bend  13    8    2
        0.9765894566165 bend  13    9    2
        0.3877342874865 bend  13   11    2
  88 k  0.0253046838599 bend   5    4    2      val=   7.62020
       -0.3269741876345 bend   8    4    2
        0.1175023272135 bend   8    5    2
        0.2974340758079 bend  15    8    2
        0.0487641909579 bend  12    4    2
       -0.0507142984042 bend  12    5    2
        0.0559210714877 bend  16    8    2
       -0.0331545058984 bend  16   12    2
        0.0017850538259 bend   9    4    2
       -0.6183315820752 bend   9    5    2
        0.4810691568501 bend   9   12    2
        0.3008381812311 bend   9   16    2
       -0.5168862140476 bend  14    8    2
       -0.1493954770874 bend  11    4    2
        0.0650226216526 bend  11    5    2
        0.2044942993564 bend  11    8    2
        0.1208854029829 bend  11   16    2
       -0.0212428287133 bend  11    9    2
        0.0294961812928 bend  17    8    2
        0.7497074370910 bend  17    9    2
        0.0590882683878 bend  17   11    2
        0.4010640949619 bend  10    4    2
        0.5937385830862 bend  10    5    2
        0.0299109823101 bend  10    8    2
       -0.6489041232078 bend  10   12    2
       -0.4353637876408 bend  10   16    2
       -0.3990891079069 bend  13    8    2
        0.6484629651391 bend  13    9    2
       -0.6011161442171 bend  13   11    2
  89 k -0.1876956571021 bend   5    4    2      val=   2.61386
       -0.0363035878562 bend   8    4    2
        0.0790761391223 bend   8    5    2
        0.0005328262532 bend  15    8    2
        0.3383376166047 bend  12    4    2
       -0.1128521618322 bend  12    5    2
       -0.2109569739128 bend  16    8    2
       -0.2536581171961 bend  16   12    2
       -0.3029177459219 bend   9    4    2
        0.3187545967191 bend   9    5    2
       -0.0449789083550 bend   9   12    2
        0.0373961751939 bend   9   16    2
        0.2943443624334 bend  14    8    2
        0.2481935908982 bend  11    4    2
       -0.6127672251396 bend  11    5    2
        0.6328275520509 bend  11    8    2
        0.1131870119433 bend  11   16    2
        0.3013350285064 bend  11    9    2
       -0.3369775191582 bend  17    8    2
       -0.4684583111123 bend  17    9    2
        0.8018271345436 bend  17   11    2
        0.0031664530342 bend  10    4    2
        0.5244406950812 bend  10    5    2
       -0.2943658003089 bend  10    8    2
       -0.6276289698621 bend  10   12    2
        0.0005518806506 bend  10   16    2
        0.0609642485614 bend  13    8    2
       -0.1319979689409 bend  13    9    2
        0.0369148111534 bend  13   11    2
  90 k -0.1974682665773 bend   5    4    2      val=   5.66244
        0.3350039107300 bend   8    4    2
       -0.1101384631803 bend   8    5    2
       -0.2762191724586 bend  15    8    2
       -0.7992655049092 bend  12    4    2
        0.6928831588445 bend  12    5    2
        0.4085152815292 bend  16    8    2
        0.5511755360659 bend  16   12    2
        0.1729099378734 bend   9    4    2
       -0.2013793902820 bend   9    5    2
        0.0274773724245 bend   9   12    2
       -0.0611627366079 bend   9   16    2
       -0.0227108643201 bend  14    8    2
        0.3085338625874 bend  11    4    2
       -0.4029682172862 bend  11    5    2
        0.1487036170006 bend  11    8    2
       -0.3269433572488 bend  11   16    2
        0.0415404369550 bend  11    9    2
       -0.2018556494418 bend  17    8    2
       -0.0693977542241 bend  17    9    2
        0.4009900753014 bend  17   11    2
        0.1385328933226 bend  10    4    2
        0.1865309924389 bend  10    5    2
       -0.3235007644053 bend  10    8    2
        0.4724725350262 bend  10   12    2
       -0.6721055431520 bend  10   16    2
        0.1385589450861 bend  13    8    2
        0.2603423193916 bend  13    9    2
       -0.0136256111528 bend  13   11    2
  91 k  2.0000000000000 bend   2    1    4      val=  88.82479
  92 k  2.0000000000000 bend  12    9    8      val= 108.12312
  93 k  2.0000000000000 bend   8   10    9      val= 107.93768
  94 k  2.0000000000000 bend  11    9   10      val= 108.16026
  95 k  2.0000000000000 bend  12   10   11      val= 107.93048
  96 k  2.0000000000000 bend  11    8   12      val= 107.82538
        78 non zero eigenvalues  of BmBt
           1           3.657923381    1    0
         1
           2           3.637994357    2    0
         2
           3           3.579116033    3    0
         3
           4           3.513820711    4    0
         4
           5           3.496179787    5    0
         5
           6           3.475549856    6    0
         6
           7           3.451295900    7    0
         7
           8           3.436718933    8    0
         8
           9           3.395479428    9    0
         9
          10           3.380340418   10    0
        10
          11           3.211791060   11    0
        11
          12           3.194419409   12    0
        12
          13           3.182603816   13    0
        13
          14           3.160600728   14    0
        14
          15           3.156903540   15    0
        15
          16           2.080455787   16    0
        16
          17           1.846872740   17    0
        17
          18           1.440930081   18    0
        18
          19           1.437730122   19    0
        19
          20           1.414839501   20    0
        20
          21           1.242209831   21    0
        21
          22           1.226143822   22    0
        22
          23           1.036456774   23    0
        23
          24           1.027939890   24    0
        24
          25           1.011051483   25    0
        25
          26           0.909868157   26    0
        26
          27           0.902617834   27    0
        27
          28           0.778788224   28    0
        28
          29           0.776282833   29    0
        29
          30           0.741068992   30    0
        30
          31           0.725084986   31    0
        31
          32           0.681526943   32    0
        32
          33           0.680624826   33    0
        33
          34           0.677544853   34    0
        34
          35           0.676493585   35    0
        35
          36           0.675603368   36    0
        36
          37           0.675351036   37    0
        37
          38           0.674252126   38    0
        38
          39           0.673970518   39    0
        39
          40           0.671524986   40    0
        40
          41           0.670847654   41    0
        41
          42           0.667286617   42    0
        42
          43           0.665660495   43    0
        43
          44           0.642417045   44    0
        44
          45           0.634470085   45    0
        45
          46           0.628861784   46    0
        46
          47           0.477062789   47    0
        47
          48           0.472330922   48    0
        48
          49           0.453840972   49    0
        49
          50           0.445374529   50    0
        50
          51           0.240420668   51    0
        51
          52           0.198082549   52    0
        52
          53           0.197825204   53    0
        53
          54           0.128530692   54    0
        54
          55           0.109069842   55    0
        55
          56           0.106304419   56    0
        56
          57           0.086627559   57    0
        57
          58           0.077967413   58    0
        58
          59           0.075622885   59    0
        59
          60           0.064216494   60    0
        60
          61           3.034184832    0    0
         0.000000000         0.000000000         0.000000000         0.000000000
         0.000000000         0.000000000         0.000000000         0.000000000
         0.000000000         0.000000000         0.000000000         0.000000000
         0.000000000         0.000000000         0.000000000         0.000000000
         0.000000000         0.000000000         0.000000000         0.000000000
         0.000000000         0.000000000         0.000000000         0.000000000
         0.000000000         0.000000000         0.000000000         0.000000000
         0.000000000         0.000000000         0.000000000         0.000000000
         0.000000000         0.000000000         0.000000000         0.000000000
         0.000000000         0.000000000         0.000000000         0.000000000
         0.000000000         0.000000000         0.000000000         0.000000000
         0.000000000         0.000000000         0.000000000         0.000000000
         0.000000000         0.000000000         0.000000000         0.000000000
         0.000000000         0.000000000         0.000000000         0.000000000
         0.000000000         0.000000000         0.000000000         0.000000000
        -0.000784872         0.149856833        -0.006581673         0.007545614
        -0.003962852        -0.152460856         0.012729125        -0.064826551
        -0.573426790         0.094392049         0.469118570         0.016387831
        -0.221292813         0.019602295         0.388079755        -0.008592572
        -0.033036410         0.030716528         0.016202961        -0.431340403
        -0.010518557        -0.013505280        -0.024807642         0.017426189
         0.006895692         0.025382608        -0.019501978         0.012843504
        -0.009012360        -0.016689015        -0.018665688        -0.005970161
        -0.001021099        -0.007666586         0.006333886         0.008315617
          62           1.229898965    0    0
         0.000000000         0.000000000         0.000000000         0.000000000
         0.000000000         0.000000000         0.000000000         0.000000000
         0.000000000         0.000000000         0.000000000         0.000000000
         0.000000000         0.000000000         0.000000000         0.000000000
         0.000000000         0.000000000         0.000000000         0.000000000
         0.000000000         0.000000000         0.000000000         0.000000000
         0.000000000         0.000000000         0.000000000         0.000000000
         0.000000000         0.000000000         0.000000000         0.000000000
         0.000000000         0.000000000         0.000000000         0.000000000
         0.000000000         0.000000000         0.000000000         0.000000000
         0.000000000         0.000000000         0.000000000         0.000000000
         0.000000000         0.000000000         0.000000000         0.000000000
         0.000000000         0.000000000         0.000000000         0.000000000
         0.000000000         0.000000000         0.000000000         0.000000000
         0.000000000         0.000000000         0.000000000         0.000000000
        -0.001731982        -0.009844948        -0.039043990         0.004057139
         0.056736269        -0.008550356         0.872596381         0.071777495
         0.191393322         0.017072018         0.050377368        -0.000641027
        -0.026785067         0.006782580         0.044153300         0.008966146
         0.000669234         0.012472699        -0.002897411        -0.093831273
        -0.030106668        -0.037698952        -0.116592114         0.197053384
        -0.158697024         0.195239227         0.084538946         0.002197324
        -0.026641650        -0.017485533        -0.225606660        -0.007524262
         0.005695988        -0.004648535         0.000466431         0.006040524
          63           0.934280030    0    0
         0.000000000         0.000000000         0.000000000         0.000000000
         0.000000000         0.000000000         0.000000000         0.000000000
         0.000000000         0.000000000         0.000000000         0.000000000
         0.000000000         0.000000000         0.000000000         0.000000000
         0.000000000         0.000000000         0.000000000         0.000000000
         0.000000000         0.000000000         0.000000000         0.000000000
         0.000000000         0.000000000         0.000000000         0.000000000
         0.000000000         0.000000000         0.000000000         0.000000000
         0.000000000         0.000000000         0.000000000         0.000000000
         0.000000000         0.000000000         0.000000000         0.000000000
         0.000000000         0.000000000         0.000000000         0.000000000
         0.000000000         0.000000000         0.000000000         0.000000000
         0.000000000         0.000000000         0.000000000         0.000000000
         0.000000000         0.000000000         0.000000000         0.000000000
         0.000000000         0.000000000         0.000000000         0.000000000
        -0.002291590        -0.115080210        -0.011168801        -0.007079986
         0.025992245         0.110509790         0.252990831        -0.306598721
        -0.712300450        -0.069494837        -0.314496604        -0.036894862
         0.146801201        -0.013463670        -0.260348345        -0.037561269
         0.015968508        -0.014658118        -0.030373342         0.245417914
        -0.003513195        -0.007105151        -0.030323616         0.045980716
        -0.060853396         0.053307432         0.037854890        -0.005138125
        -0.004260638         0.001387427         0.198175108         0.005813690
        -0.014483403         0.003783525         0.002083467         0.002773423
          64           0.743366728    0    0
         0.000000000         0.000000000         0.000000000         0.000000000
         0.000000000         0.000000000         0.000000000         0.000000000
         0.000000000         0.000000000         0.000000000         0.000000000
         0.000000000         0.000000000         0.000000000         0.000000000
         0.000000000         0.000000000         0.000000000         0.000000000
         0.000000000         0.000000000         0.000000000         0.000000000
         0.000000000         0.000000000         0.000000000         0.000000000
         0.000000000         0.000000000         0.000000000         0.000000000
         0.000000000         0.000000000         0.000000000         0.000000000
         0.000000000         0.000000000         0.000000000         0.000000000
         0.000000000         0.000000000         0.000000000         0.000000000
         0.000000000         0.000000000         0.000000000         0.000000000
         0.000000000         0.000000000         0.000000000         0.000000000
         0.000000000         0.000000000         0.000000000         0.000000000
         0.000000000         0.000000000         0.000000000         0.000000000
        -0.763882016        -0.006013016        -0.171613674         0.024751181
        -0.114787648         0.010409316        -0.000007429         0.000840642
         0.001417948         0.017600735         0.020899450        -0.002091565
        -0.001412215         0.048929638        -0.026665638         0.008388995
        -0.002861496        -0.031186404        -0.016909349        -0.002365607
         0.517450536        -0.313107080        -0.009183370         0.002523236
         0.006763948        -0.005690286         0.022390889         0.010817935
         0.009706834        -0.007751531        -0.000765071        -0.006940270
         0.005574871        -0.006708940         0.026435025        -0.018436414
          65           0.513291258    0    0
         0.000000000         0.000000000         0.000000000         0.000000000
         0.000000000         0.000000000         0.000000000         0.000000000
         0.000000000         0.000000000         0.000000000         0.000000000
         0.000000000         0.000000000         0.000000000         0.000000000
         0.000000000         0.000000000         0.000000000         0.000000000
         0.000000000         0.000000000         0.000000000         0.000000000
         0.000000000         0.000000000         0.000000000         0.000000000
         0.000000000         0.000000000         0.000000000         0.000000000
         0.000000000         0.000000000         0.000000000         0.000000000
         0.000000000         0.000000000         0.000000000         0.000000000
         0.000000000         0.000000000         0.000000000         0.000000000
         0.000000000         0.000000000         0.000000000         0.000000000
         0.000000000         0.000000000         0.000000000         0.000000000
         0.000000000         0.000000000         0.000000000         0.000000000
         0.000000000         0.000000000         0.000000000         0.000000000
         0.034736873         0.184864356        -0.215494498         0.010146771
         0.182377960        -0.141734285        -0.036303065        -0.005248154
        -0.003047377         0.150141789        -0.102029509        -0.433596260
        -0.222003877         0.130354177        -0.108855112         0.470091322
         0.152981861         0.093881623        -0.422101537         0.029567518
        -0.001966059         0.027984073        -0.181568958         0.102627428
         0.046019245        -0.074671233        -0.060252316        -0.006422092
         0.020464823         0.106813172         0.012864689        -0.124825631
         0.165716103        -0.130474766         0.053029227         0.038932715
          66           0.508412116    0    0
         0.000000000         0.000000000         0.000000000         0.000000000
         0.000000000         0.000000000         0.000000000         0.000000000
         0.000000000         0.000000000         0.000000000         0.000000000
         0.000000000         0.000000000         0.000000000         0.000000000
         0.000000000         0.000000000         0.000000000         0.000000000
         0.000000000         0.000000000         0.000000000         0.000000000
         0.000000000         0.000000000         0.000000000         0.000000000
         0.000000000         0.000000000         0.000000000         0.000000000
         0.000000000         0.000000000         0.000000000         0.000000000
         0.000000000         0.000000000         0.000000000         0.000000000
         0.000000000         0.000000000         0.000000000         0.000000000
         0.000000000         0.000000000         0.000000000         0.000000000
         0.000000000         0.000000000         0.000000000         0.000000000
         0.000000000         0.000000000         0.000000000         0.000000000
         0.000000000         0.000000000         0.000000000         0.000000000
         0.071462869         0.207514885        -0.121597958        -0.200206965
        -0.118378574         0.262971784         0.016381366         0.001829258
         0.000824498        -0.153356868         0.180742099        -0.260943012
         0.011789152         0.444689658        -0.176314796        -0.023951226
         0.127473206        -0.443229636         0.287063965        -0.049798021
         0.043434783         0.145390902        -0.069798006        -0.070237481
         0.078438291         0.025735355         0.120201832        -0.003570641
        -0.126460988         0.027132944        -0.005255512         0.116903967
        -0.011042693        -0.107384205         0.180866541        -0.182245649
          67           0.416734583    0    0
         0.000000000         0.000000000         0.000000000         0.000000000
         0.000000000         0.000000000         0.000000000         0.000000000
         0.000000000         0.000000000         0.000000000         0.000000000
         0.000000000         0.000000000         0.000000000         0.000000000
         0.000000000         0.000000000         0.000000000         0.000000000
         0.000000000         0.000000000         0.000000000         0.000000000
         0.000000000         0.000000000         0.000000000         0.000000000
         0.000000000         0.000000000         0.000000000         0.000000000
         0.000000000         0.000000000         0.000000000         0.000000000
         0.000000000         0.000000000         0.000000000         0.000000000
         0.000000000         0.000000000         0.000000000         0.000000000
         0.000000000         0.000000000         0.000000000         0.000000000
         0.000000000         0.000000000         0.000000000         0.000000000
         0.000000000         0.000000000         0.000000000         0.000000000
         0.000000000         0.000000000         0.000000000         0.000000000
         0.008782476        -0.195547997        -0.077174201        -0.022016559
         0.114182889         0.198249068        -0.020456334        -0.018417557
        -0.011088677         0.295557953         0.132972567         0.209812696
         0.365496983         0.395849595         0.162465156         0.275387326
         0.328727541         0.407130724         0.227172072         0.084456689
         0.002570960         0.013980366         0.051058266         0.107546111
         0.085258982         0.027115830        -0.004534671         0.012534022
        -0.001529492         0.009816177         0.024056160        -0.018588746
        -0.032519398        -0.021954792         0.030516057         0.042876411
          68           0.343875228    0    0
         0.000000000         0.000000000         0.000000000         0.000000000
         0.000000000         0.000000000         0.000000000         0.000000000
         0.000000000         0.000000000         0.000000000         0.000000000
         0.000000000         0.000000000         0.000000000         0.000000000
         0.000000000         0.000000000         0.000000000         0.000000000
         0.000000000         0.000000000         0.000000000         0.000000000
         0.000000000         0.000000000         0.000000000         0.000000000
         0.000000000         0.000000000         0.000000000         0.000000000
         0.000000000         0.000000000         0.000000000         0.000000000
         0.000000000         0.000000000         0.000000000         0.000000000
         0.000000000         0.000000000         0.000000000         0.000000000
         0.000000000         0.000000000         0.000000000         0.000000000
         0.000000000         0.000000000         0.000000000         0.000000000
         0.000000000         0.000000000         0.000000000         0.000000000
         0.000000000         0.000000000         0.000000000         0.000000000
         0.019011312         0.171555119        -0.069266434        -0.246536112
        -0.093157482         0.180603432         0.010381097         0.000826568
        -0.000246655        -0.180407733         0.153398327         0.193182017
        -0.016401420        -0.365594369        -0.127962494         0.016575595
         0.156198006         0.374108091        -0.199174064         0.008443747
         0.098892071         0.135030431         0.035047573         0.022508340
        -0.060032281         0.030900507        -0.115269725        -0.050357505
        -0.009738955        -0.007059945        -0.003060903         0.242309495
        -0.007554756        -0.227963761         0.352288885        -0.360589291
          69           0.311366687    0    0
         0.000000000         0.000000000         0.000000000         0.000000000
         0.000000000         0.000000000         0.000000000         0.000000000
         0.000000000         0.000000000         0.000000000         0.000000000
         0.000000000         0.000000000         0.000000000         0.000000000
         0.000000000         0.000000000         0.000000000         0.000000000
         0.000000000         0.000000000         0.000000000         0.000000000
         0.000000000         0.000000000         0.000000000         0.000000000
         0.000000000         0.000000000         0.000000000         0.000000000
         0.000000000         0.000000000         0.000000000         0.000000000
         0.000000000         0.000000000         0.000000000         0.000000000
         0.000000000         0.000000000         0.000000000         0.000000000
         0.000000000         0.000000000         0.000000000         0.000000000
         0.000000000         0.000000000         0.000000000         0.000000000
         0.000000000         0.000000000         0.000000000         0.000000000
         0.000000000         0.000000000         0.000000000         0.000000000
        -0.015502291        -0.017753627         0.218872540        -0.042672914
        -0.180046081        -0.027490414         0.024494641         0.002241279
        -0.000694892        -0.212808687         0.079931350        -0.262501254
         0.288508622         0.078518452         0.092078953         0.379499059
        -0.223206027         0.073877914        -0.224081121        -0.038312447
         0.018798765        -0.003524208         0.026762876        -0.065886494
         0.015841057         0.096218731        -0.004314861         0.025055421
         0.051105865         0.077849821        -0.007585554         0.334332722
        -0.392694353         0.339689964        -0.157408561        -0.126630056
          70           0.253517765    0    0
         0.000000000         0.000000000         0.000000000         0.000000000
         0.000000000         0.000000000         0.000000000         0.000000000
         0.000000000         0.000000000         0.000000000         0.000000000
         0.000000000         0.000000000         0.000000000         0.000000000
         0.000000000         0.000000000         0.000000000         0.000000000
         0.000000000         0.000000000         0.000000000         0.000000000
         0.000000000         0.000000000         0.000000000         0.000000000
         0.000000000         0.000000000         0.000000000         0.000000000
         0.000000000         0.000000000         0.000000000         0.000000000
         0.000000000         0.000000000         0.000000000         0.000000000
         0.000000000         0.000000000         0.000000000         0.000000000
         0.000000000         0.000000000         0.000000000         0.000000000
         0.000000000         0.000000000         0.000000000         0.000000000
         0.000000000         0.000000000         0.000000000         0.000000000
         0.000000000         0.000000000         0.000000000         0.000000000
         0.042541756         0.422636814         0.051280220         0.308657405
        -0.366428759        -0.289720780         0.062989999        -0.051307332
        -0.011793147         0.115292648        -0.040922901         0.401798557
         0.168941089        -0.027233837        -0.092200290         0.327327400
         0.127707653        -0.233626143         0.043609013         0.051432652
         0.020065434         0.086883653         0.108709700         0.047424824
        -0.076071520        -0.064535574         0.092626328         0.004552609
         0.026161134         0.041615433         0.046523923        -0.058333553
         0.153479241         0.072766230        -0.019096723        -0.148925848
          71           0.239352153    0    0
         0.000000000         0.000000000         0.000000000         0.000000000
         0.000000000         0.000000000         0.000000000         0.000000000
         0.000000000         0.000000000         0.000000000         0.000000000
         0.000000000         0.000000000         0.000000000         0.000000000
         0.000000000         0.000000000         0.000000000         0.000000000
         0.000000000         0.000000000         0.000000000         0.000000000
         0.000000000         0.000000000         0.000000000         0.000000000
         0.000000000         0.000000000         0.000000000         0.000000000
         0.000000000         0.000000000         0.000000000         0.000000000
         0.000000000         0.000000000         0.000000000         0.000000000
         0.000000000         0.000000000         0.000000000         0.000000000
         0.000000000         0.000000000         0.000000000         0.000000000
         0.000000000         0.000000000         0.000000000         0.000000000
         0.000000000         0.000000000         0.000000000         0.000000000
         0.000000000         0.000000000         0.000000000         0.000000000
         0.092578351        -0.097100975        -0.319838904         0.456322999
        -0.096142362         0.348522875        -0.024265073         0.021647550
         0.003884385         0.047423391         0.126289205         0.209573451
        -0.027098018         0.248415466        -0.060284537        -0.181227827
        -0.231091058        -0.042990419        -0.465844814        -0.017064604
        -0.023539195         0.093145279        -0.039333728         0.002363446
        -0.010905824        -0.000205278        -0.041768244         0.141142905
         0.004383804        -0.027341822        -0.020260853        -0.102698612
        -0.125648183         0.139140712         0.150879991        -0.062365539
          72           0.218937057    0    0
         0.000000000         0.000000000         0.000000000         0.000000000
         0.000000000         0.000000000         0.000000000         0.000000000
         0.000000000         0.000000000         0.000000000         0.000000000
         0.000000000         0.000000000         0.000000000         0.000000000
         0.000000000         0.000000000         0.000000000         0.000000000
         0.000000000         0.000000000         0.000000000         0.000000000
         0.000000000         0.000000000         0.000000000         0.000000000
         0.000000000         0.000000000         0.000000000         0.000000000
         0.000000000         0.000000000         0.000000000         0.000000000
         0.000000000         0.000000000         0.000000000         0.000000000
         0.000000000         0.000000000         0.000000000         0.000000000
         0.000000000         0.000000000         0.000000000         0.000000000
         0.000000000         0.000000000         0.000000000         0.000000000
         0.000000000         0.000000000         0.000000000         0.000000000
         0.000000000         0.000000000         0.000000000         0.000000000
        -0.037171501         0.106827631         0.270548864        -0.212107958
         0.203476066        -0.001867323         0.003981998        -0.002156023
        -0.000345135         0.564987318         0.253160326         0.055105194
         0.101136989         0.021920849        -0.452998963        -0.005737065
        -0.452169938        -0.024763404        -0.036200858         0.003045711
        -0.005087020        -0.059500867         0.029228448        -0.009833910
        -0.005877994         0.012756307        -0.022789913        -0.060368775
        -0.047021669         0.025277756         0.001716929         0.002975832
         0.009334582        -0.016984073         0.060646827        -0.055866581
          73           0.119877223    0    0
         0.000000000         0.000000000         0.000000000         0.000000000
         0.000000000         0.000000000         0.000000000         0.000000000
         0.000000000         0.000000000         0.000000000         0.000000000
         0.000000000         0.000000000         0.000000000         0.000000000
         0.000000000         0.000000000         0.000000000         0.000000000
         0.000000000         0.000000000         0.000000000         0.000000000
         0.000000000         0.000000000         0.000000000         0.000000000
         0.000000000         0.000000000         0.000000000         0.000000000
         0.000000000         0.000000000         0.000000000         0.000000000
         0.000000000         0.000000000         0.000000000         0.000000000
         0.000000000         0.000000000         0.000000000         0.000000000
         0.000000000         0.000000000         0.000000000         0.000000000
         0.000000000         0.000000000         0.000000000         0.000000000
         0.000000000         0.000000000         0.000000000         0.000000000
         0.000000000         0.000000000         0.000000000         0.000000000
         0.043080947         0.138910135        -0.157708952        -0.358063358
        -0.226851783         0.213948810         0.022399107        -0.016778465
         0.002991639         0.333617087        -0.466418479         0.070100504
        -0.113822440         0.019380616         0.458322861         0.059381739
        -0.323521910        -0.040952538         0.005392936         0.022148072
         0.117182050         0.191484453         0.014066157        -0.008097320
         0.004337078         0.046954738        -0.024037129        -0.054442001
        -0.032208126        -0.000090636         0.015971050         0.013196383
         0.010107652         0.018181450         0.016712360        -0.039903346
          74           0.116068042    0    0
         0.000000000         0.000000000         0.000000000         0.000000000
         0.000000000         0.000000000         0.000000000         0.000000000
         0.000000000         0.000000000         0.000000000         0.000000000
         0.000000000         0.000000000         0.000000000         0.000000000
         0.000000000         0.000000000         0.000000000         0.000000000
         0.000000000         0.000000000         0.000000000         0.000000000
         0.000000000         0.000000000         0.000000000         0.000000000
         0.000000000         0.000000000         0.000000000         0.000000000
         0.000000000         0.000000000         0.000000000         0.000000000
         0.000000000         0.000000000         0.000000000         0.000000000
         0.000000000         0.000000000         0.000000000         0.000000000
         0.000000000         0.000000000         0.000000000         0.000000000
         0.000000000         0.000000000         0.000000000         0.000000000
         0.000000000         0.000000000         0.000000000         0.000000000
         0.000000000         0.000000000         0.000000000         0.000000000
         0.018032999         0.251918694        -0.185739527        -0.062490682
         0.013983721        -0.246305574        -0.041385382         0.083458373
        -0.020231990         0.065884201        -0.113820841        -0.182068678
         0.682170699        -0.011253671         0.087083637        -0.389980199
         0.056237672         0.033290730        -0.165259314        -0.186209075
        -0.003877633         0.016193145        -0.167112021        -0.047432094
        -0.090467915        -0.074049656        -0.029409283        -0.038559980
        -0.019560467        -0.043773221        -0.094079092        -0.062010085
        -0.036051833        -0.084336821         0.093982865         0.085399712
          75           0.100042807    0    0
         0.000000000         0.000000000         0.000000000         0.000000000
         0.000000000         0.000000000         0.000000000         0.000000000
         0.000000000         0.000000000         0.000000000         0.000000000
         0.000000000         0.000000000         0.000000000         0.000000000
         0.000000000         0.000000000         0.000000000         0.000000000
         0.000000000         0.000000000         0.000000000         0.000000000
         0.000000000         0.000000000         0.000000000         0.000000000
         0.000000000         0.000000000         0.000000000         0.000000000
         0.000000000         0.000000000         0.000000000         0.000000000
         0.000000000         0.000000000         0.000000000         0.000000000
         0.000000000         0.000000000         0.000000000         0.000000000
         0.000000000         0.000000000         0.000000000         0.000000000
         0.000000000         0.000000000         0.000000000         0.000000000
         0.000000000         0.000000000         0.000000000         0.000000000
         0.000000000         0.000000000         0.000000000         0.000000000
        -0.003965738        -0.085667934         0.279089996         0.036926605
        -0.316349338         0.063064402         0.009016862         0.055547068
        -0.018527614         0.450479584        -0.127305455        -0.148942880
        -0.195087732        -0.015450288        -0.107288258        -0.218755297
         0.530742453        -0.009833655        -0.155027986        -0.121883168
        -0.004101924        -0.013319716         0.002753156        -0.220259103
        -0.069465681         0.146806710        -0.007011495         0.068500367
         0.044760234         0.018415891        -0.070625369         0.107105763
        -0.192663694         0.101940691        -0.001564674        -0.004118133
          76           0.084194917    0    0
         0.000000000         0.000000000         0.000000000         0.000000000
         0.000000000         0.000000000         0.000000000         0.000000000
         0.000000000         0.000000000         0.000000000         0.000000000
         0.000000000         0.000000000         0.000000000         0.000000000
         0.000000000         0.000000000         0.000000000         0.000000000
         0.000000000         0.000000000         0.000000000         0.000000000
         0.000000000         0.000000000         0.000000000         0.000000000
         0.000000000         0.000000000         0.000000000         0.000000000
         0.000000000         0.000000000         0.000000000         0.000000000
         0.000000000         0.000000000         0.000000000         0.000000000
         0.000000000         0.000000000         0.000000000         0.000000000
         0.000000000         0.000000000         0.000000000         0.000000000
         0.000000000         0.000000000         0.000000000         0.000000000
         0.000000000         0.000000000         0.000000000         0.000000000
         0.000000000         0.000000000         0.000000000         0.000000000
         0.089789701        -0.459122678        -0.352735484        -0.402832919
        -0.357918704        -0.443727638         0.001965091        -0.008315601
         0.002977361         0.006453776         0.143948097         0.138679798
        -0.043223314         0.080910489        -0.206105175         0.009771679
        -0.017601021        -0.031135517        -0.085932837        -0.007212930
        -0.026906964         0.082382430        -0.064348901         0.006991948
         0.092035789         0.019412476         0.084325489        -0.072904896
         0.149238808        -0.060599702         0.009954160        -0.072246949
        -0.004102706         0.071620373        -0.011676957         0.012072677
          77           0.064455619    0    0
         0.000000000         0.000000000         0.000000000         0.000000000
         0.000000000         0.000000000         0.000000000         0.000000000
         0.000000000         0.000000000         0.000000000         0.000000000
         0.000000000         0.000000000         0.000000000         0.000000000
         0.000000000         0.000000000         0.000000000         0.000000000
         0.000000000         0.000000000         0.000000000         0.000000000
         0.000000000         0.000000000         0.000000000         0.000000000
         0.000000000         0.000000000         0.000000000         0.000000000
         0.000000000         0.000000000         0.000000000         0.000000000
         0.000000000         0.000000000         0.000000000         0.000000000
         0.000000000         0.000000000         0.000000000         0.000000000
         0.000000000         0.000000000         0.000000000         0.000000000
         0.000000000         0.000000000         0.000000000         0.000000000
         0.000000000         0.000000000         0.000000000         0.000000000
         0.000000000         0.000000000         0.000000000         0.000000000
        -0.002194765         0.119170419         0.055558052         0.048910594
        -0.057392014        -0.084175639        -0.021167717         0.065784627
        -0.027250356        -0.169366671        -0.387302260         0.077062974
        -0.126391519         0.282827765        -0.331491667        -0.034092508
        -0.123278705         0.339248615         0.128978130        -0.535852789
         0.023378142         0.031860841         0.224712035         0.175236393
         0.174248822         0.030584259         0.004572361         0.022713743
         0.003824821         0.013164649        -0.078241482        -0.008115730
        -0.090774020        -0.028319314         0.049576679         0.078986534
          78           0.006459261    0    0
         0.000000000         0.000000000         0.000000000         0.000000000
         0.000000000         0.000000000         0.000000000         0.000000000
         0.000000000         0.000000000         0.000000000         0.000000000
         0.000000000         0.000000000         0.000000000         0.000000000
         0.000000000         0.000000000         0.000000000         0.000000000
         0.000000000         0.000000000         0.000000000         0.000000000
         0.000000000         0.000000000         0.000000000         0.000000000
         0.000000000         0.000000000         0.000000000         0.000000000
         0.000000000         0.000000000         0.000000000         0.000000000
         0.000000000         0.000000000         0.000000000         0.000000000
         0.000000000         0.000000000         0.000000000         0.000000000
         0.000000000         0.000000000         0.000000000         0.000000000
         0.000000000         0.000000000         0.000000000         0.000000000
         0.000000000         0.000000000         0.000000000         0.000000000
         0.000000000         0.000000000         0.000000000         0.000000000
        -0.001861682        -0.058355158        -0.014911964        -0.012993775
         0.022549750         0.053928723        -0.299008287         0.473969808
        -0.272674464        -0.022938180        -0.080988389         0.063773954
         0.008859560        -0.047406168        -0.065071291         0.112550403
        -0.013933767        -0.079964833         0.044271523         0.129420341
        -0.027794427        -0.033975686        -0.131983467         0.263771875
        -0.241250589         0.270644493         0.149131678        -0.011936101
        -0.033391121        -0.010984206        -0.547298877         0.019718898
         0.033115323         0.023772243        -0.027594126        -0.048594917
$end
