$dipgrad          cartesian dipole gradients
  0.82878951485647D+00  0.71782404487500D-02  0.91425353261321D-16
  -.71782404487441D-02  0.82878951485648D+00  0.96527874565702D-16
  0.19447876882549D-16  -.61792747774891D-16  0.28031435199088D+01
  0.93422360762133D+00  -.70801097246493D+00  0.31684114424994D-16
  -.70030675059536D+00  0.11347888854234D+01  -.86014501727780D-15
  -.12389212106310D-15  0.53813061930250D-16  0.17225286368675D+01
  0.11347888854234D+01  0.70030675059536D+00  -.86946912949139D-15
  0.70801097246493D+00  0.93422360762132D+00  -.59526819786958D-15
  -.74999222060542D-16  0.74449523940758D-16  0.17225286368675D+01
  -.35071605306773D+00  -.26537014485962D+00  0.54080562687159D+00
  -.25788574870542D+00  -.25978294848252D+00  0.44620884728590D+00
  0.29141475070560D+00  0.23326391610975D+00  -.12810334168817D+01
  -.35071605306774D+00  -.26537014485962D+00  -.54080562687158D+00
  -.25788574870541D+00  -.25978294848252D+00  -.44620884728591D+00
  -.29141475070560D+00  -.23326391610975D+00  -.12810334168817D+01
  -.25978294848250D+00  0.25788574870541D+00  -.44620884728589D+00
  0.26537014485962D+00  -.35071605306774D+00  0.54080562687156D+00
  -.23326391610975D+00  0.29141475070560D+00  -.12810334168817D+01
  -.25978294848250D+00  0.25788574870541D+00  0.44620884728591D+00
  0.26537014485962D+00  -.35071605306775D+00  -.54080562687158D+00
  0.23326391610975D+00  -.29141475070560D+00  -.12810334168816D+01
  0.39081081356067D-02  0.89746659723155D-01  0.61385728830898D-01
  0.66839540569357D-01  -.27930500129610D+00  -.17854698483350D+00
  0.73046080496374D-02  -.13836852369473D+00  -.97993727276852D-01
  -.72789863050396D-01  0.51934732031963D-01  0.18265142706807D+00
  0.56524950252544D-01  -.12110600519284D+00  -.23497854395117D+00
  0.80596733488039D-01  -.10740105912499D+00  -.21653600383153D+00
  -.21738539576355D+00  0.85112812187157D-01  0.18670101905452D+00
  0.80500488363507D-01  -.44507408775575D-02  -.13460253984278D+00
  0.10068860766732D+00  -.75860193292704D-01  -.13816988013905D+00
  -.23385658429714D+00  0.83282908273245D-01  0.23589958265829D-01
  0.15494008582204D+00  -.96951163806151D-01  0.12676372160982D-01
  0.85663447313133D-01  0.10031404853885D-01  0.30852184693566D-01
  -.62338241829116D-01  0.16285462950929D+00  -.29127469873614D-01
  0.95637616078313D-01  -.19965880991494D+00  0.94666108705230D-01
  0.49805635881521D-02  -.35634758813531D-01  0.64534829227477D-01
  -.21738539576355D+00  0.85112812187154D-01  -.18670101905452D+00
  0.80500488363509D-01  -.44507408775540D-02  0.13460253984277D+00
  -.10068860766731D+00  0.75860193292704D-01  -.13816988013903D+00
  -.72789863050395D-01  0.51934732031960D-01  -.18265142706810D+00
  0.56524950252542D-01  -.12110600519283D+00  0.23497854395116D+00
  -.80596733488040D-01  0.10740105912499D+00  -.21653600383153D+00
  0.39081081356162D-02  0.89746659723155D-01  -.61385728830902D-01
  0.66839540569357D-01  -.27930500129611D+00  0.17854698483350D+00
  -.73046080496390D-02  0.13836852369474D+00  -.97993727276862D-01
  -.62338241829123D-01  0.16285462950929D+00  0.29127469873614D-01
  0.95637616078313D-01  -.19965880991494D+00  -.94666108705224D-01
  -.49805635881515D-02  0.35634758813531D-01  0.64534829227465D-01
  -.23385658429714D+00  0.83282908273244D-01  -.23589958265846D-01
  0.15494008582204D+00  -.96951163806154D-01  -.12676372160978D-01
  -.85663447313130D-01  -.10031404853884D-01  0.30852184693542D-01
  -.27930500129610D+00  -.66839540569356D-01  -.17854698483349D+00
  -.89746659723152D-01  0.39081081356079D-02  -.61385728830886D-01
  -.13836852369474D+00  -.73046080496371D-02  -.97993727276854D-01
  -.19965880991494D+00  -.95637616078312D-01  0.94666108705222D-01
  -.16285462950929D+00  -.62338241829116D-01  0.29127469873607D-01
  -.35634758813531D-01  -.49805635881501D-02  0.64534829227490D-01
  -.96951163806149D-01  -.15494008582204D+00  0.12676372160979D-01
  -.83282908273244D-01  -.23385658429715D+00  -.23589958265821D-01
  0.10031404853883D-01  -.85663447313132D-01  0.30852184693551D-01
  -.44507408775538D-02  -.80500488363509D-01  -.13460253984278D+00
  -.85112812187155D-01  -.21738539576355D+00  -.18670101905453D+00
  -.75860193292705D-01  -.10068860766732D+00  -.13816988013905D+00
  -.12110600519283D+00  -.56524950252544D-01  -.23497854395115D+00
  -.51934732031961D-01  -.72789863050391D-01  -.18265142706809D+00
  -.10740105912499D+00  -.80596733488041D-01  -.21653600383153D+00
  -.44507408775536D-02  -.80500488363509D-01  0.13460253984277D+00
  -.85112812187155D-01  -.21738539576355D+00  0.18670101905453D+00
  0.75860193292704D-01  0.10068860766732D+00  -.13816988013904D+00
  -.96951163806156D-01  -.15494008582204D+00  -.12676372160974D-01
  -.83282908273245D-01  -.23385658429714D+00  0.23589958265848D-01
  -.10031404853884D-01  0.85663447313131D-01  0.30852184693560D-01
  -.19965880991494D+00  -.95637616078312D-01  -.94666108705219D-01
  -.16285462950929D+00  -.62338241829122D-01  -.29127469873611D-01
  0.35634758813531D-01  0.49805635881507D-02  0.64534829227477D-01
  -.27930500129611D+00  -.66839540569358D-01  0.17854698483350D+00
  -.89746659723153D-01  0.39081081356114D-02  0.61385728830885D-01
  0.13836852369474D+00  0.73046080496400D-02  -.97993727276836D-01
  -.12110600519283D+00  -.56524950252543D-01  0.23497854395116D+00
  -.51934732031961D-01  -.72789863050394D-01  0.18265142706809D+00
  0.10740105912499D+00  0.80596733488041D-01  -.21653600383153D+00
  0.10560065597217D+00  0.45591101573112D-01  0.45187274585773D-03
  -.76610105476151D-01  0.96612650919448D-01  0.57798419808216D-01
  -.16829549246529D-01  -.84051566990516D-02  0.78862213903726D-01
  0.11004486083568D+00  0.26146654193773D-01  0.52928146244574D-01
  -.61281842802898D-01  0.82934956269360D-01  -.18846295912575D-01
  -.17491245362427D-01  0.51688260761291D-01  0.12641838600272D+00
  0.70100624874046D-01  -.55770847890805D-01  -.34721448071420D-01
  -.16179968435128D-01  0.48342133872282D-01  0.55050343106227D-01
  0.38421922618458D-01  -.19322833066884D-01  0.10067156730725D+00
  0.98958013448616D-01  -.53805291820479D-01  0.30277085222891D-01
  0.14335119122512D-01  0.97800718123846D-01  -.98689504080312D-01
  -.26082216749120D-01  0.35713377557761D-01  0.13240514752444D+00
  0.82318461106082D-01  -.89473141579034D-01  -.33762935272172D-01
  0.45934244204429D-01  0.11645981419473D+00  -.33824571039548D-01
  0.36404972558546D-02  0.20804707908756D-03  0.91888867663453D-01
  0.11004486083568D+00  0.26146654193771D-01  -.52928146244564D-01
  -.61281842802899D-01  0.82934956269362D-01  0.18846295912606D-01
  0.17491245362427D-01  -.51688260761289D-01  0.12641838600271D+00
  0.10560065597217D+00  0.45591101573110D-01  -.45187274583422D-03
  -.76610105476148D-01  0.96612650919447D-01  -.57798419808218D-01
  0.16829549246530D-01  0.84051566990522D-02  0.78862213903712D-01
  0.70100624874049D-01  -.55770847890807D-01  0.34721448071428D-01
  -.16179968435130D-01  0.48342133872282D-01  -.55050343106222D-01
  -.38421922618457D-01  0.19322833066883D-01  0.10067156730722D+00
  0.82318461106082D-01  -.89473141579035D-01  0.33762935272175D-01
  0.45934244204430D-01  0.11645981419473D+00  0.33824571039562D-01
  -.36404972558547D-02  -.20804707908882D-03  0.91888867663461D-01
  0.98958013448621D-01  -.53805291820479D-01  -.30277085222894D-01
  0.14335119122514D-01  0.97800718123844D-01  0.98689504080325D-01
  0.26082216749119D-01  -.35713377557761D-01  0.13240514752444D+00
  0.11645981419473D+00  -.45934244204429D-01  0.33824571039554D-01
  0.89473141579036D-01  0.82318461106078D-01  -.33762935272167D-01
  -.20804707908820D-03  0.36404972558563D-02  0.91888867663463D-01
  0.48342133872279D-01  0.16179968435128D-01  -.55050343106217D-01
  0.55770847890806D-01  0.70100624874043D-01  -.34721448071427D-01
  0.19322833066884D-01  0.38421922618457D-01  0.10067156730725D+00
  0.96612650919452D-01  0.76610105476149D-01  -.57798419808209D-01
  -.45591101573111D-01  0.10560065597217D+00  0.45187274584001D-03
  0.84051566990529D-02  -.16829549246530D-01  0.78862213903709D-01
  0.82934956269360D-01  0.61281842802900D-01  0.18846295912581D-01
  -.26146654193773D-01  0.11004486083568D+00  0.52928146244582D-01
  -.51688260761289D-01  -.17491245362428D-01  0.12641838600273D+00
  0.97800718123844D-01  -.14335119122513D-01  0.98689504080320D-01
  0.53805291820479D-01  0.98958013448617D-01  0.30277085222880D-01
  -.35713377557760D-01  -.26082216749121D-01  0.13240514752443D+00
  0.97800718123844D-01  -.14335119122514D-01  -.98689504080313D-01
  0.53805291820481D-01  0.98958013448617D-01  -.30277085222873D-01
  0.35713377557760D-01  0.26082216749120D-01  0.13240514752444D+00
  0.11645981419473D+00  -.45934244204429D-01  -.33824571039548D-01
  0.89473141579034D-01  0.82318461106077D-01  0.33762935272174D-01
  0.20804707908714D-03  -.36404972558533D-02  0.91888867663459D-01
  0.48342133872281D-01  0.16179968435129D-01  0.55050343106215D-01
  0.55770847890805D-01  0.70100624874047D-01  0.34721448071431D-01
  -.19322833066882D-01  -.38421922618454D-01  0.10067156730724D+00
  0.82934956269360D-01  0.61281842802899D-01  -.18846295912588D-01
  -.26146654193772D-01  0.11004486083568D+00  -.52928146244580D-01
  0.51688260761290D-01  0.17491245362428D-01  0.12641838600272D+00
  0.96612650919450D-01  0.76610105476150D-01  0.57798419808208D-01
  -.45591101573111D-01  0.10560065597217D+00  -.45187274586049D-03
  -.84051566990506D-02  0.16829549246528D-01  0.78862213903715D-01
  0.36939196926954D-01  0.38880817571795D-01  0.35227515572733D-02
  0.94769447777575D-03  0.58766279823507D-01  -.60143220273353D-01
  0.38310833706270D-01  -.64264360032123D-01  -.67942606162973D-01
  0.76179411513149D-02  -.55239858245317D-01  0.46486163579630D-01
  -.48481745640961D-02  -.17982610754886D+00  0.67846238939750D-01
  0.16161409014326D-01  0.70646982762184D-01  0.21367242733977D-01
  -.71792862745862D-01  0.43177239211433D-01  -.87595263408953D-01
  -.31258018371604D-01  0.31822569335176D-01  -.27759899828403D-01
  -.80249710513334D-01  0.22771477396513D-02  0.61737889315152D-02
  0.36939196926954D-01  0.38880817571795D-01  -.35227515572749D-02
  0.94769447777586D-03  0.58766279823508D-01  0.60143220273354D-01
  -.38310833706269D-01  0.64264360032121D-01  -.67942606162968D-01
  0.76179411513148D-02  -.55239858245316D-01  -.46486163579633D-01
  -.48481745640960D-02  -.17982610754887D+00  -.67846238939751D-01
  -.16161409014326D-01  -.70646982762184D-01  0.21367242733977D-01
  -.71792862745861D-01  0.43177239211433D-01  0.87595263408953D-01
  -.31258018371603D-01  0.31822569335177D-01  0.27759899828405D-01
  0.80249710513333D-01  -.22771477396509D-02  0.61737889315165D-02
  0.31822569335176D-01  0.31258018371604D-01  -.27759899828405D-01
  -.43177239211433D-01  -.71792862745862D-01  0.87595263408953D-01
  0.22771477396504D-02  0.80249710513334D-01  0.61737889315156D-02
  -.17982610754887D+00  0.48481745640957D-02  0.67846238939748D-01
  0.55239858245316D-01  0.76179411513153D-02  -.46486163579633D-01
  0.70646982762184D-01  -.16161409014325D-01  0.21367242733979D-01
  0.58766279823508D-01  -.94769447777549D-03  -.60143220273353D-01
  -.38880817571796D-01  0.36939196926954D-01  -.35227515572758D-02
  -.64264360032121D-01  -.38310833706270D-01  -.67942606162973D-01
  0.31822569335176D-01  0.31258018371604D-01  0.27759899828404D-01
  -.43177239211432D-01  -.71792862745861D-01  -.87595263408954D-01
  -.22771477396504D-02  -.80249710513334D-01  0.61737889315156D-02
  -.17982610754887D+00  0.48481745640958D-02  -.67846238939750D-01
  0.55239858245316D-01  0.76179411513158D-02  0.46486163579627D-01
  -.70646982762184D-01  0.16161409014326D-01  0.21367242733976D-01
  0.58766279823507D-01  -.94769447777569D-03  0.60143220273352D-01
  -.38880817571795D-01  0.36939196926954D-01  0.35227515572738D-02
  0.64264360032121D-01  0.38310833706270D-01  -.67942606162968D-01
  -.19309428577796D+00  -.12748279146051D-01  0.26970688017747D-01
  -.57008520586378D-01  0.27394236722021D-01  0.60782033428589D-01
  0.52268615886569D-01  0.32453768269123D-01  0.14127638824572D-02
  0.66636168621638D-01  0.31395553020254D-02  -.34331778386682D-01
  0.39600013928321D-01  0.38108857702782D-01  -.53469616364491D-01
  -.35060155429496D-01  0.38844933521473D-04  -.10860564725852D+00
  0.35389110177869D-01  -.23922967191793D-01  -.37498290084426D-01
  0.53180997339016D-01  -.91524620860325D-01  -.19064636536014D-01
  -.20949693317932D-01  -.39136096889578D-01  0.63830651979356D-01
  -.19309428577796D+00  -.12748279146052D-01  -.26970688017748D-01
  -.57008520586378D-01  0.27394236722021D-01  -.60782033428586D-01
  -.52268615886569D-01  -.32453768269122D-01  0.14127638824607D-02
  0.66636168621639D-01  0.31395553020256D-02  0.34331778386680D-01
  0.39600013928321D-01  0.38108857702781D-01  0.53469616364489D-01
  0.35060155429497D-01  -.38844933522922D-04  -.10860564725852D+00
  0.35389110177868D-01  -.23922967191793D-01  0.37498290084429D-01
  0.53180997339017D-01  -.91524620860324D-01  0.19064636536014D-01
  0.20949693317932D-01  0.39136096889578D-01  0.63830651979349D-01
  -.91524620860324D-01  -.53180997339017D-01  -.19064636536014D-01
  0.23922967191794D-01  0.35389110177868D-01  0.37498290084430D-01
  -.39136096889578D-01  0.20949693317932D-01  0.63830651979355D-01
  0.38108857702781D-01  -.39600013928321D-01  -.53469616364488D-01
  -.31395553020257D-02  0.66636168621638D-01  0.34331778386683D-01
  0.38844933521682D-04  0.35060155429495D-01  -.10860564725852D+00
  0.27394236722021D-01  0.57008520586378D-01  0.60782033428585D-01
  0.12748279146051D-01  -.19309428577795D+00  -.26970688017746D-01
  0.32453768269123D-01  -.52268615886569D-01  0.14127638824570D-02
  -.91524620860325D-01  -.53180997339017D-01  0.19064636536014D-01
  0.23922967191792D-01  0.35389110177868D-01  -.37498290084430D-01
  0.39136096889579D-01  -.20949693317932D-01  0.63830651979352D-01
  0.38108857702781D-01  -.39600013928320D-01  0.53469616364490D-01
  -.31395553020262D-02  0.66636168621638D-01  -.34331778386687D-01
  -.38844933522228D-04  -.35060155429495D-01  -.10860564725852D+00
  0.27394236722021D-01  0.57008520586378D-01  -.60782033428592D-01
  0.12748279146052D-01  -.19309428577796D+00  0.26970688017749D-01
  -.32453768269123D-01  0.52268615886569D-01  0.14127638824592D-02
  -.41053789701363D-01  0.65801654964034D-01  -.53156820386854D-01
  0.47184558080465D-01  0.63340246822495D-01  0.10060452290953D+00
  0.10900617606816D-01  0.56544607314810D-01  -.59925650804237D-02
  0.68578382043140D-01  0.49450588330085D-01  0.87688476380489D-01
  0.26693113256180D-01  -.31201640396405D-01  -.64357300275687D-01
  0.57647866838393D-01  0.67411033974190D-02  -.36370780266552D-01
  -.42685363609999D-01  -.13607705013028D+00  -.32451662017263D-02
  -.12924149394663D+00  -.77795520346888D-01  0.26028965865319D-01
  -.11904606102428D-01  0.84224931736688D-03  -.47503498678619D-01
  0.63340246822496D-01  -.47184558080465D-01  0.10060452290953D+00
  -.65801654964033D-01  -.41053789701364D-01  0.53156820386857D-01
  0.56544607314811D-01  -.10900617606815D-01  -.59925650804234D-02
  -.77795520346888D-01  0.12924149394663D+00  0.26028965865320D-01
  0.13607705013028D+00  -.42685363609999D-01  0.32451662017244D-02
  0.84224931736729D-03  0.11904606102430D-01  -.47503498678630D-01
  -.31201640396406D-01  -.26693113256179D-01  -.64357300275688D-01
  -.49450588330084D-01  0.68578382043139D-01  -.87688476380486D-01
  0.67411033974174D-02  -.57647866838393D-01  -.36370780266548D-01
  -.42685363609999D-01  -.13607705013028D+00  0.32451662017266D-02
  -.12924149394663D+00  -.77795520346888D-01  -.26028965865318D-01
  0.11904606102430D-01  -.84224931736716D-03  -.47503498678624D-01
  -.41053789701363D-01  0.65801654964033D-01  0.53156820386854D-01
  0.47184558080466D-01  0.63340246822496D-01  -.10060452290953D+00
  -.10900617606815D-01  -.56544607314810D-01  -.59925650804200D-02
  0.68578382043139D-01  0.49450588330085D-01  -.87688476380492D-01
  0.26693113256179D-01  -.31201640396405D-01  0.64357300275686D-01
  -.57647866838394D-01  -.67411033974186D-02  -.36370780266550D-01
  -.77795520346888D-01  0.12924149394663D+00  -.26028965865319D-01
  0.13607705013028D+00  -.42685363610000D-01  -.32451662017275D-02
  -.84224931736724D-03  -.11904606102430D-01  -.47503498678624D-01
  -.31201640396405D-01  -.26693113256180D-01  0.64357300275690D-01
  -.49450588330084D-01  0.68578382043140D-01  0.87688476380488D-01
  -.67411033974174D-02  0.57647866838393D-01  -.36370780266556D-01
  0.63340246822496D-01  -.47184558080465D-01  -.10060452290953D+00
  -.65801654964034D-01  -.41053789701364D-01  -.53156820386857D-01
  -.56544607314810D-01  0.10900617606815D-01  -.59925650804236D-02
  0.18474116060457D-01  0.44360785863402D-01  -.23815783026982D-01
  0.22459821218857D-02  -.14832511631297D+00  -.14587785184272D+00
  -.36419248063933D-01  -.73363476666456D-01  -.23651958751364D-01
  0.48369868924340D-01  -.35273344908880D-01  -.23672776813722D-01
  0.64944702692917D-02  0.32549974529205D-01  0.11391369491433D+00
  -.35988608703353D-01  0.39268323852212D-01  -.91433024546984D-01
  -.10793409029125D+00  -.46321983760867D-01  -.11242851205355D-01
  -.98598222392585D-02  0.57204750285972D-01  -.91823567542164D-02
  0.68272908090389D-01  -.15711737106859D-01  -.95752702491773D-03
  0.18474116060458D-01  0.44360785863402D-01  0.23815783026980D-01
  0.22459821218857D-02  -.14832511631297D+00  0.14587785184272D+00
  0.36419248063933D-01  0.73363476666456D-01  -.23651958751365D-01
  0.48369868924340D-01  -.35273344908879D-01  0.23672776813730D-01
  0.64944702692915D-02  0.32549974529204D-01  -.11391369491433D+00
  0.35988608703354D-01  -.39268323852211D-01  -.91433024546990D-01
  -.10793409029125D+00  -.46321983760869D-01  0.11242851205359D-01
  -.98598222392577D-02  0.57204750285971D-01  0.91823567542110D-02
  -.68272908090389D-01  0.15711737106859D-01  -.95752702491569D-03
  -.14832511631297D+00  -.22459821218859D-02  0.14587785184273D+00
  -.44360785863402D-01  0.18474116060459D-01  -.23815783026977D-01
  0.73363476666456D-01  -.36419248063933D-01  -.23651958751369D-01
  0.57204750285971D-01  0.98598222392579D-02  0.91823567542127D-02
  0.46321983760868D-01  -.10793409029125D+00  -.11242851205358D-01
  0.15711737106859D-01  0.68272908090389D-01  -.95752702491415D-03
  0.32549974529204D-01  -.64944702692906D-02  -.11391369491433D+00
  0.35273344908880D-01  0.48369868924340D-01  -.23672776813723D-01
  -.39268323852211D-01  -.35988608703354D-01  -.91433024546982D-01
  -.14832511631297D+00  -.22459821218855D-02  -.14587785184272D+00
  -.44360785863402D-01  0.18474116060458D-01  0.23815783026980D-01
  -.73363476666456D-01  0.36419248063933D-01  -.23651958751366D-01
  0.57204750285971D-01  0.98598222392581D-02  -.91823567542081D-02
  0.46321983760868D-01  -.10793409029125D+00  0.11242851205363D-01
  -.15711737106859D-01  -.68272908090389D-01  -.95752702492033D-03
  0.32549974529204D-01  -.64944702692916D-02  0.11391369491433D+00
  0.35273344908881D-01  0.48369868924340D-01  0.23672776813723D-01
  0.39268323852212D-01  0.35988608703353D-01  -.91433024546986D-01
  -.63909498752363D-01  0.88502005088141D-01  0.59033611575483D-01
  0.73181032105069D-01  0.33086218380312D-01  -.62082263666536D-02
  -.33236546893622D-01  0.13210731292471D-01  0.19413447748310D-01
  -.13045189644877D-01  -.80985241757770D-01  -.58944595370755D-01
  -.60445468105127D-01  -.37315320711388D-01  -.13984987115276D+00
  -.92706091566256D-02  -.87768363585028D-01  -.13537427628724D+00
  0.56137982991369D-01  0.15422125464858D-01  0.58225131303451D-01
  -.21467615471938D-01  -.44553687930415D-01  0.13014679340278D+00
  0.34869185860065D-01  0.53579165890957D-01  -.48316377827575D-01
  -.63909498752363D-01  0.88502005088141D-01  -.59033611575483D-01
  0.73181032105069D-01  0.33086218380312D-01  0.62082263666531D-02
  0.33236546893622D-01  -.13210731292471D-01  0.19413447748310D-01
  -.13045189644877D-01  -.80985241757770D-01  0.58944595370756D-01
  -.60445468105127D-01  -.37315320711388D-01  0.13984987115276D+00
  0.92706091566252D-02  0.87768363585028D-01  -.13537427628724D+00
  0.56137982991367D-01  0.15422125464858D-01  -.58225131303451D-01
  -.21467615471938D-01  -.44553687930416D-01  -.13014679340277D+00
  -.34869185860064D-01  -.53579165890956D-01  -.48316377827576D-01
  -.44553687930415D-01  0.21467615471938D-01  0.13014679340278D+00
  -.15422125464859D-01  0.56137982991369D-01  -.58225131303451D-01
  0.53579165890956D-01  -.34869185860064D-01  -.48316377827575D-01
  -.37315320711389D-01  0.60445468105127D-01  -.13984987115276D+00
  0.80985241757771D-01  -.13045189644877D-01  0.58944595370757D-01
  -.87768363585028D-01  0.92706091566254D-02  -.13537427628724D+00
  0.33086218380312D-01  -.73181032105069D-01  -.62082263666536D-02
  -.88502005088141D-01  -.63909498752363D-01  -.59033611575481D-01
  0.13210731292471D-01  0.33236546893621D-01  0.19413447748310D-01
  0.33086218380312D-01  -.73181032105068D-01  0.62082263666536D-02
  -.88502005088142D-01  -.63909498752363D-01  0.59033611575481D-01
  -.13210731292471D-01  -.33236546893622D-01  0.19413447748311D-01
  -.44553687930415D-01  0.21467615471938D-01  -.13014679340278D+00
  -.15422125464858D-01  0.56137982991366D-01  0.58225131303450D-01
  -.53579165890956D-01  0.34869185860064D-01  -.48316377827577D-01
  -.37315320711388D-01  0.60445468105128D-01  0.13984987115276D+00
  0.80985241757771D-01  -.13045189644877D-01  -.58944595370754D-01
  0.87768363585027D-01  -.92706091566250D-02  -.13537427628724D+00
$end
