$energy      SCF               SCFKIN            SCFPOT
     1 -3297.452847530      3176.329269773     -6473.782117304
     2 -3297.457776104      3176.439777396     -6473.897553500
     3 -3297.460403731      3176.611948708     -6474.072352439
     4 -3297.460805823      3176.649068439     -6474.109874262
     5 -3297.461544884      3176.683982533     -6474.145527418
     6 -3297.462118952      3176.677109407     -6474.139228359
     7 -3297.462485684      3176.624706517     -6474.087192201
     8 -3297.462508445      3176.619989282     -6474.082497728
     9 -3297.462569077      3176.625341263     -6474.087910340
    10 -3297.462632500      3176.657616387     -6474.120248887
    11 -3297.462654910      3176.675164011     -6474.137818921
    12 -3297.462667661      3176.681082926     -6474.143750588
    13 -3297.462688227      3176.676850867     -6474.139539094
    14 -3297.462710199      3176.666934101     -6474.129644299
    15 -3297.462753520      3176.650279208     -6474.113032728
    16 -3297.462764399      3176.646867495     -6474.109631894
    17 -3297.462767922      3176.647557667     -6474.110325589
    18 -3297.462772713      3176.649318711     -6474.112091424
    19 -3297.462777104      3176.650505467     -6474.113282570
    20 -3297.462783249      3176.652875834     -6474.115659083
    21 -3297.462784390      3176.653927901     -6474.116712291
    22 -3297.462784687      3176.654506379     -6474.117291066
    23 -3297.462785069      3176.654993174     -6474.117778243
    24 -3297.462785563      3176.654844935     -6474.117630498
    25 -3297.462787748      3176.654402530     -6474.117190278
    26 -3297.462789793      3176.653748286     -6474.116538079
    27 -3297.462793457      3176.653655004     -6474.116448460
    28 -3297.462793369      3176.653722897     -6474.116516266
    29 -3297.462793886      3176.654240003     -6474.117033889
    30 -3297.462794446      3176.654279300     -6474.117073746
    31 -3297.462795306      3176.653984658     -6474.116779964
    32 -3297.462796465      3176.653629565     -6474.116426030
    33 -3297.462797642      3176.653540289     -6474.116337931
    34 -3297.462797799      3176.653565803     -6474.116363602
    35 -3297.462797862      3176.653618680     -6474.116416543
$end
