$coord
    0.00000000000000      0.00000000000000      0.00000000000000      mo
    0.00000000000000      0.00000000000000     -6.36917773989465      tb
    0.00000000000000      0.00000000000000      6.36917773989465      tb
    2.40732579278365      2.40732579278365     -2.48520528029127      s
   -2.40732579278365     -2.40732579278365     -2.48520528029127      s
    2.40732579278365     -2.40732579278365      2.48520528029127      s
   -2.40732579278365      2.40732579278365      2.48520528029127      s
    4.65057448449162     -1.59767675607018     -7.63228113424207      c
    3.59599918627644     -3.59599918627644     -6.21146816577827      c
    1.59767675607018     -4.65057448449162     -7.63228113424207      c
    1.40937476228592     -3.30164139868684     -9.93346863319751      c
    3.30164139868684     -1.40937476228592     -9.93346863319751      c
   -1.59767675607018      4.65057448449162     -7.63228113424207      c
   -3.59599918627644      3.59599918627644     -6.21146816577827      c
   -4.65057448449162      1.59767675607018     -7.63228113424207      c
   -3.30164139868684      1.40937476228592     -9.93346863319751      c
   -1.40937476228592      3.30164139868684     -9.93346863319751      c
    1.59767675607018      4.65057448449162      7.63228113424207      c
    1.40937476228592      3.30164139868684      9.93346863319751      c
    3.30164139868684      1.40937476228592      9.93346863319751      c
    4.65057448449162      1.59767675607018      7.63228113424207      c
    3.59599918627644      3.59599918627644      6.21146816577827      c
   -4.65057448449162     -1.59767675607018      7.63228113424207      c
   -3.30164139868684     -1.40937476228592      9.93346863319751      c
   -1.40937476228592     -3.30164139868684      9.93346863319751      c
   -1.59767675607018     -4.65057448449162      7.63228113424207      c
   -3.59599918627644     -3.59599918627644      6.21146816577827      c
    0.39232131706795     -6.18597003596466     -7.03241418077182      h
    0.06754980944427     -3.65776728952686    -11.43197290963067      h
    4.14774757662731     -4.14774757662731     -4.32505583437240      h
    3.65776728952686     -0.06754980944427    -11.43197290963067      h
    6.18597003596466     -0.39232131706795     -7.03241418077182      h
   -0.06754980944427      3.65776728952686    -11.43197290963067      h
   -0.39232131706795      6.18597003596466     -7.03241418077182      h
   -4.14774757662731      4.14774757662731     -4.32505583437240      h
   -6.18597003596466      0.39232131706795     -7.03241418077182      h
   -3.65776728952686      0.06754980944427    -11.43197290963067      h
   -0.39232131706795     -6.18597003596466      7.03241418077182      h
   -4.14774757662731     -4.14774757662731      4.32505583437240      h
   -6.18597003596466     -0.39232131706795      7.03241418077182      h
   -3.65776728952686     -0.06754980944427     11.43197290963067      h
   -0.06754980944427     -3.65776728952686     11.43197290963067      h
    0.06754980944427      3.65776728952686     11.43197290963067      h
    0.39232131706795      6.18597003596466      7.03241418077182      h
    4.14774757662731      4.14774757662731      4.32505583437240      h
    3.65776728952686      0.06754980944427     11.43197290963067      h
    6.18597003596466      0.39232131706795      7.03241418077182      h
$user-defined bonds
$redundant
     number_of_atoms            47
     degrees_of_freedom         19
     internal_coordinates       29
     frozen_coordinates          0
# definitions of redundant internals
   1 k  2.8284271247462 stre  11   29           val=   2.04275
   2 k  2.0000000000000 stre   9   30           val=   2.04142
   3 k  2.8284271247462 stre   8   32           val=   2.04210
   4 k -2.0000012972425 bend   9   32    8      val=   0.42996
        1.9999918155767 bend  12   32    8
        0.0052486812348 bend   2   32    8
   5 k -1.9999963852709 bend  10   29   11      val=   0.14989
        1.9999899266504 bend  12   29   11
        0.0073994729801 bend   2   29   11
   6 k  0.0385637300888 bend   8   30    9      val= 114.68374
        0.0385637300888 bend  10   30    9
        1.9992562810814 bend   2   30    9
   7 k -0.0224126998737 bend  10   29   11      val= 111.93932
       -0.0328762245046 bend  12   29   11
        2.8281472424092 bend   2   29   11
   8 k  0.0162059195450 bend   9   32    8      val= 115.55161
        0.0087833674461 bend  12   32    8
        2.8283670590339 bend   2   32    8
   9 k  0.6666666666667 tors  10   11    2    4 val=  95.54055
        0.6666666666667 tors  10   11    2    5
        0.6666666666667 tors  10   11    2    8
        0.6666666666667 tors  10   11    2    9
        0.6666666666667 tors  10   11    2   13
        0.6666666666667 tors  10   11    2   14
        0.6666666666667 tors  10   11    2   15
        0.6666666666667 tors  10   11    2   16
        0.6666666666667 tors  10   11    2   17
        0.6666666666667 tors  12   11    2    4
        0.6666666666667 tors  12   11    2    5
        0.6666666666667 tors  12   11    2    8
        0.6666666666667 tors  12   11    2    9
        0.6666666666667 tors  12   11    2   13
        0.6666666666667 tors  12   11    2   14
        0.6666666666667 tors  12   11    2   15
        0.6666666666667 tors  12   11    2   16
        0.6666666666667 tors  12   11    2   17
  10 k  0.6666666666667 tors   9    8    2    4 val=  72.04459
        0.6666666666667 tors   9    8    2    5
        0.6666666666667 tors   9    8    2   10
        0.6666666666667 tors   9    8    2   11
        0.6666666666667 tors   9    8    2   13
        0.6666666666667 tors   9    8    2   14
        0.6666666666667 tors   9    8    2   15
        0.6666666666667 tors   9    8    2   16
        0.6666666666667 tors   9    8    2   17
        0.6666666666667 tors  12    8    2    4
        0.6666666666667 tors  12    8    2    5
        0.6666666666667 tors  12    8    2   10
        0.6666666666667 tors  12    8    2   11
        0.6666666666667 tors  12    8    2   13
        0.6666666666667 tors  12    8    2   14
        0.6666666666667 tors  12    8    2   15
        0.6666666666667 tors  12    8    2   16
        0.6666666666667 tors  12    8    2   17
  11 k  2.0000000000000 stre   1    4           val=   4.21505
  12 k  1.4142135623731 bend   5    4    1      val= 107.74243
  13 k  2.0000000000000 stre   2    4           val=   5.16485
  14 k  2.8284271247462 stre   2   11           val=   5.05879
  15 k  2.0000000000000 stre  11   12           val=   2.67607
  16 k  2.8284271247462 stre   2    8           val=   5.07699
  17 k  2.8284271247462 stre  12    8           val=   2.67405
  18 k  2.0000000000000 stre   2    9           val=   5.08796
  19 k  2.8284271247462 stre   8    9           val=   2.66911
  20 k -0.6139313040447 bend   5    4    2      val=  66.18742
       -0.0923582408534 bend  11    4    2
       -0.0501567947983 bend  12    4    2
        0.6422540848517 bend  16   11    2
        0.7230374752191 bend  17   11    2
       -0.2292481690425 bend   8    4    2
       -0.4303194845615 bend   8    5    2
        0.1952943291954 bend   8   11    2
        0.8374257657390 bend   8   16    2
        0.6597957464870 bend   8   17    2
        0.4700224178673 bend  13    8    2
        0.9560891293087 bend  15    8    2
        0.0845569103100 bend  10    8    2
       -0.3645059391741 bend   9    4    2
        0.1175711094548 bend   9   11    2
        0.7571840229658 bend   9   16    2
        0.4403509333760 bend  14    8    2
  21 k  1.1272466330528 bend   5    4    2      val=   5.65812
       -0.4649769911804 bend  11    4    2
       -0.5584768867044 bend  12    4    2
        0.6482475609422 bend  16   11    2
        0.6112915743617 bend  17   11    2
       -0.2258486093716 bend   8    4    2
        0.2483492538620 bend   8    5    2
       -0.2534180103684 bend   8   11    2
        0.1704181709901 bend   8   16    2
        0.1460593999570 bend   8   17    2
       -0.2544239680666 bend  13    8    2
       -0.2404725837867 bend  15    8    2
        0.1309318224897 bend  10    8    2
        0.1159645407832 bend   9    4    2
       -0.4555183087336 bend   9   11    2
        0.1934084853722 bend   9   16    2
       -0.1905756935061 bend  14    8    2
  22 k  0.9323231375058 bend   5    4    2      val=  23.99732
       -0.0114066807271 bend  11    4    2
       -0.2151271037157 bend  12    4    2
       -0.4079194325217 bend  16   11    2
       -0.4015630407595 bend  17   11    2
       -0.1285980676652 bend   8    4    2
       -0.3345357217497 bend   8    5    2
       -0.0320523314036 bend   8   11    2
        0.0126486013413 bend   8   16    2
        0.2120128081564 bend   8   17    2
        0.9364105774394 bend  13    8    2
        0.3661185523807 bend  15    8    2
       -0.8128666691321 bend  10    8    2
        0.0077158219551 bend   9    4    2
        0.2043576505054 bend   9   11    2
       -0.2035098809870 bend   9   16    2
        0.4692935108716 bend  14    8    2
  23 k  0.6051738441196 bend   5    4    2      val=   7.76141
        0.1821029366362 bend  11    4    2
       -0.2358326557552 bend  12    4    2
       -0.5311379534143 bend  16   11    2
       -0.3412077838987 bend  17   11    2
       -0.7514288311534 bend   8    4    2
        0.0618054244203 bend   8    5    2
        0.9001951229444 bend   8   11    2
        0.2221545467233 bend   8   16    2
       -0.2138722620736 bend   8   17    2
       -0.4750765959501 bend  13    8    2
        0.8033836140956 bend  15    8    2
        1.0432422079750 bend  10    8    2
       -0.1437872534045 bend   9    4    2
        0.4464310953418 bend   9   11    2
       -0.0857697275637 bend   9   16    2
       -0.1703596003368 bend  14    8    2
  24 k  0.3607924441371 bend   5    4    2      val=   6.56527
       -0.0352203452311 bend  11    4    2
       -0.1221904099280 bend  12    4    2
       -0.0620608482115 bend  16   11    2
       -0.0486464084761 bend  17   11    2
        0.2071891737897 bend   8    4    2
        0.3041854017304 bend   8    5    2
       -0.2389759193237 bend   8   11    2
       -0.3820367898909 bend   8   16    2
       -0.3308821249019 bend   8   17    2
       -0.3252148698625 bend  13    8    2
       -0.7204125494396 bend  15    8    2
       -0.0960593727874 bend  10    8    2
       -1.1613788780705 bend   9    4    2
        1.4579318170275 bend   9   11    2
        1.3877223191675 bend   9   16    2
        0.5784423182719 bend  14    8    2
  25 k -0.2308467989671 bend   5    4    2      val=  -1.31542
        0.9316492416638 bend  11    4    2
       -1.2416814997302 bend  12    4    2
       -0.4123714588482 bend  16   11    2
        1.1177512831075 bend  17   11    2
        0.3609557735145 bend   8    4    2
        0.0157185270316 bend   8    5    2
        0.7940085889190 bend   8   11    2
        0.4546689336727 bend   8   16    2
       -0.7527808457469 bend   8   17    2
        0.1581504758677 bend  13    8    2
       -0.4531902317488 bend  15    8    2
       -0.4657556739900 bend  10    8    2
        0.0605558396135 bend   9    4    2
        0.1125398100177 bend   9   11    2
       -0.3000839849956 bend   9   16    2
        0.0533442594671 bend  14    8    2
  26 k  2.0000000000000 bend   2    1    4      val=  84.89280
  27 k  2.8284271247462 bend  12    9    8      val= 108.14980
  28 k  2.0000000000000 bend  10    8    9      val= 107.95414
  29 k  2.8284271247462 bend  12   10   11      val= 107.87305
        19 non zero eigenvalues  of BmBt
           1           2.346612196    1    0
         1
           2           2.088867273    2    0
         2
           3           2.021887861    3    0
         3
           4           1.501323417    4    0
         4
           5           1.021740272    5    0
         5
           6           0.708855878    6    0
         6
           7           0.573008544    7    0
         7
           8           0.571683406    8    0
         8
           9           5.475599826    0    0
         0.000000000         0.000000000         0.000000000         0.000000000
         0.000000000         0.000000000         0.000000000         0.000000000
        -0.050663473         0.330132375         0.011198904        -0.028768940
        -0.476380740         0.627277338         0.046510359         0.144937883
         0.027847935        -0.110842986        -0.007178452        -0.477606359
         0.013384464         0.000527675         0.000483906        -0.001806568
        -0.003771889        -0.045746458        -0.000182951         0.016337477
        -0.011367345
          10           1.417115609    0    0
         0.000000000         0.000000000         0.000000000         0.000000000
         0.000000000         0.000000000         0.000000000         0.000000000
         0.335179006        -0.590050262         0.239505321        -0.065526253
        -0.260767450         0.099068486        -0.255422775         0.136654594
         0.037142912         0.109595845         0.466249908        -0.061284513
         0.103842452        -0.017919692         0.073394478         0.121890245
        -0.064021467        -0.011123610        -0.070695825        -0.125153327
         0.159191806
          11           1.239393447    0    0
         0.000000000         0.000000000         0.000000000         0.000000000
         0.000000000         0.000000000         0.000000000         0.000000000
         0.001358094        -0.038872378        -0.412947370        -0.058045507
        -0.169399688        -0.067644070        -0.505875034         0.107684048
         0.545578962        -0.096150265        -0.204197196         0.076520891
        -0.174621221        -0.022026135        -0.034235221        -0.095858319
        -0.103660283         0.122902946        -0.233858263         0.196038951
         0.095139630
          12           1.229058528    0    0
         0.000000000         0.000000000         0.000000000         0.000000000
         0.000000000         0.000000000         0.000000000         0.000000000
        -0.041551020        -0.137168627        -0.677639891        -0.110946675
        -0.325406938        -0.028722451         0.176991155        -0.092983025
        -0.330675349         0.121115949         0.191263671         0.094260605
        -0.164953285        -0.163792441        -0.146071118         0.024793351
         0.048985604         0.212737814         0.170954567        -0.194414533
        -0.033411680
          13           1.051727696    0    0
         0.000000000         0.000000000         0.000000000         0.000000000
         0.000000000         0.000000000         0.000000000         0.000000000
        -0.054015777        -0.087660664        -0.296982777         0.209010394
         0.570862925         0.391010975         0.188201168         0.209085505
         0.344966582         0.166518778         0.321060736        -0.068248871
        -0.143680750        -0.057350933         0.042732417         0.043500867
         0.001282790        -0.098903981         0.061010664        -0.060349897
        -0.018309058
          14           0.954502980    0    0
         0.000000000         0.000000000         0.000000000         0.000000000
         0.000000000         0.000000000         0.000000000         0.000000000
         0.427385161         0.165283384        -0.173729491         0.049421871
         0.124895475        -0.091138988         0.172438623         0.335848238
        -0.314620761        -0.295512576         0.148152667        -0.005848329
         0.079642353        -0.196299574         0.023201458        -0.116713652
         0.043036532        -0.004728965        -0.419878239         0.334596229
         0.183039739
          15           0.774884622    0    0
         0.000000000         0.000000000         0.000000000         0.000000000
         0.000000000         0.000000000         0.000000000         0.000000000
        -0.114193725         0.187951311         0.152576683        -0.174233170
        -0.320132342        -0.261466045         0.466306655         0.320976062
         0.379381955         0.290577545         0.225031184         0.218696643
        -0.024773930         0.044669674         0.185036420        -0.020318608
         0.069205350         0.126607276        -0.047466747         0.131934399
        -0.045915960
          16           0.450967453    0    0
         0.000000000         0.000000000         0.000000000         0.000000000
         0.000000000         0.000000000         0.000000000         0.000000000
        -0.001217553         0.337635309        -0.032385944         0.084778205
         0.067594613        -0.194459253        -0.378879475         0.235081017
        -0.224368954         0.691651747         0.044419198        -0.230857944
         0.041950053        -0.002585400        -0.114685825        -0.092523191
        -0.025528341        -0.084265691        -0.045730497        -0.087368290
         0.107794977
          17           0.378080108    0    0
         0.000000000         0.000000000         0.000000000         0.000000000
         0.000000000         0.000000000         0.000000000         0.000000000
        -0.441892355        -0.154728996         0.018645670         0.032832748
         0.017111049        -0.229283018        -0.095871974         0.660379754
        -0.139768729        -0.364618816        -0.004780418        -0.115393086
        -0.047426203         0.113590916        -0.153325390         0.172586685
         0.027342972        -0.040239879         0.137524258        -0.157892046
        -0.027033453
          18           0.238149446    0    0
         0.000000000         0.000000000         0.000000000         0.000000000
         0.000000000         0.000000000         0.000000000         0.000000000
        -0.069941069         0.150289136        -0.051225665         0.061051789
         0.009330718        -0.452635351        -0.011978029        -0.341447093
         0.150205195        -0.222479959         0.368575718        -0.551460779
        -0.196043308        -0.079543903         0.250095314         0.100813034
         0.024283568        -0.061654579        -0.017973770        -0.073433772
         0.069863697
          19           0.015580728    0    0
         0.000000000         0.000000000         0.000000000         0.000000000
         0.000000000         0.000000000         0.000000000         0.000000000
         0.044982701        -0.077466945        -0.305962030         0.477638737
        -0.265159266        -0.115929045         0.087409528        -0.013618986
         0.047681546         0.026697681        -0.084170876         0.085786952
         0.360580786         0.271303490         0.197347048         0.075798775
         0.001061399        -0.556367461         0.024645123         0.027910703
        -0.044395053
$end
