# Electronic transition moments of , IRREP a   electric dipole (length) / electric dipole (velocity) / magnetic dipole
 -.86798102201210E-04   -.28471607646181E-04   -.28435208187934E-04   0.59293866171050E-06   -.70132648267361E-06   -.24144776264153E-06   0.41212806976250E-06   -.16935109461921E-06   -.13655800394915E-04
 0.17836507478173E+00   -.17834422337087E+00   -.11816566289405E-03   -.13549594241359E-04   0.16371291188991E-05   0.64862560777375E-05
 -.26375813961721E+00   0.26398749940545E+00   -.53973441455235E-05   -.20131862084666E-02   0.20169079785698E-02   0.36087574806000E-05   0.22495315508435E-02   0.22513432889262E-02   -.13292908004727E-06
 -.71271001942410E-05   0.44907144881799E-05   0.10322466274066E-05   -.76058216026824E-06   0.12375499628911E-01   -.12356808558569E-01
 0.26363496288358E+00   0.26342131284265E+00   -.76868716081634E-05   0.20283800847062E-02   0.20298458502135E-02   0.18149102494409E-05   -.22518233152708E-02   0.22498619600733E-02   -.33198512636531E-06
 0.25102650396287E-04   -.21128268607442E-04   0.41743956225057E-04   0.13246355987926E-05   0.12183942759743E-01   0.12205185643023E-01
 0.86218345456550E-06   0.15963495862155E-04   0.10574963073730E-04   -.21066648816302E-06   0.56886331928153E-06   -.63150529294297E-05   0.91859342149541E-07   -.77415995050951E-07   -.47068164087629E-02
 -.63409511859280E-03   0.63689864814673E-03   -.36482159571873E-05   0.67462099979389E-05   0.91989675658194E-05   -.47949380958266E-05
 0.27800227571359E+00   0.27810045061007E+00   -.77703726687978E-04   -.30201501857953E-01   -.30202383188691E-01   0.26842213019485E-04   0.94567040989565E-03   -.94602497730180E-03   -.15432716448347E-06
 -.49824855715424E-05   -.95177057204213E-05   0.15554893578274E-03   0.23697703074412E-04   -.25843249299757E+00   -.25834390494649E+00
 -.27779074080194E+00   0.27769294173429E+00   -.79780372917712E-04   0.30200753874319E-01   -.30192656599982E-01   0.28838362032225E-04   -.94528435968345E-03   -.94503894039929E-03   -.16392706916234E-06
 0.10094708950084E-04   0.14005786759544E-04   -.18379717650186E-04   0.21070211639846E-04   -.25829242796737E+00   0.25836540739079E+00
 -.42793894876261E-05   -.38339025747096E-04   0.21738221997872E+00   0.29635965229317E-06   -.97478713280860E-06   -.11590079652315E+00   0.53205359894912E-07   0.11829060553813E-06   0.73526698513042E-07
 0.14979392064645E-02   0.15028634807998E-02   0.10359589044332E-01   0.13423353532551E+00   -.23071762638568E-04   0.37385652981663E-05
 -.54844121486672E-04   -.34261575239386E-05   -.89044596606938E-02   0.86123871254798E-06   -.49972015162928E-06   0.49566255307469E-02   -.16400895878174E-06   -.77817912938540E-07   -.88104224462504E-07
 0.35685609433826E-01   0.35677314805726E-01   0.24307834910203E+00   -.58118794903639E-02   0.20337209691248E-05   0.26090238614487E-05
 0.25186486628253E+00   -.25190990433780E+00   0.43949350106099E-05   0.51258482727649E-02   -.51228189639227E-02   -.23759685660186E-06   0.37985702155137E-03   0.37946180284322E-03   -.42974020351489E-06
 0.87944530581745E-05   -.14280602223324E-04   0.19675659243971E-04   -.22098320189747E-05   0.70010974410993E-01   -.70006379398042E-01
 0.25178018434671E+00   0.25177862597006E+00   -.64609087043356E-05   0.51158421012246E-02   0.51161620902670E-02   0.19558818834604E-05   0.38032695620327E-03   -.38039238245370E-03   0.47700341967937E-06
 0.12858858408098E-04   -.83885636117133E-05   -.25536790081584E-04   -.43974016695008E-05   -.69982049812534E-01   -.69996626312523E-01
 0.24524219436468E+00   0.24554337169922E+00   -.38226027786441E-06   -.20582129502803E-01   -.20607833644799E-01   -.51505318765871E-06   -.22183256677658E-02   0.22214710044275E-02   0.21695944633883E-07
 -.26698443153340E-05   0.13504159327899E-04   0.55524942725539E-04   0.82136882800835E-05   -.73988073587621E-01   -.73918647763830E-01
 0.24538687576443E+00   -.24506258944816E+00   -.32220352034106E-05   -.20611285075128E-01   0.20582475837706E-01   -.50801333891978E-05   -.22217032853908E-02   -.22187287368805E-02   -.58905831453941E-08
 0.15394168782867E-06   -.84922288613025E-06   0.22835624371444E-06   -.34658256592807E-05   0.73816203715683E-01   -.73928478726571E-01
 0.80720770250974E-05   0.20847087758664E-05   -.89986436206380E-05   -.10126516818901E-05   -.22485450153556E-06   0.15751220371541E-04   -.69961919585526E-07   -.30130028557277E-08   -.19159457496124E-05
 0.48479332319273E+00   -.48476002473965E+00   -.19395390875057E-03   -.25280323881103E-04   0.19534838995821E-05   0.10212322967352E-04
 -.39756880606564E-05   0.21115719648252E-04   -.55782543609069E+00   -.14649335840383E-05   -.88310053429907E-05   -.11133254319513E+01   0.16534092078432E-08   -.52220309287114E-07   0.10295625792566E-06
 -.25254089709904E-03   -.23091601364770E-03   -.61556735621958E-03   -.37400499621863E-01   -.99653649745823E-04   0.59436331694109E-04
 0.37354160824255E-05   -.61098950711266E-05   0.16895092051523E-02   0.14909783268773E-04   -.15150005195065E-05   0.18777789310528E-03   -.18796196478293E-08   0.86844826968844E-08   0.19613744804280E-07
 -.87701269643140E-01   -.87752342772294E-01   -.14093569712616E+01   -.15435571765947E-02   -.11451353504979E-04   0.17439578202449E-03
 -.78080625310636E-05   0.12122496329903E-03   -.52450753838137E+00   -.21865484152157E-05   0.30219283861330E-04   0.76572234924072E-02   -.32594466438589E-07   -.41109569292428E-06   -.16862997539788E-07
 -.21382366241708E-03   -.21911699655363E-03   -.37080292576231E-02   0.68488333760933E+00   -.35015652881387E-03   0.29335034558873E-04
 0.34638549173033E+00   -.29383981501980E+00   -.11805250543018E-03   0.12892076677707E+00   -.10936442400543E+00   -.18768741536904E-05   0.11028780867977E-02   0.93569403318174E-03   0.13366040834081E-07
 -.55242273386467E-05   -.94752230801685E-05   -.99631699343998E-04   0.15648223937561E-03   0.31932635515889E+00   -.37635729893445E+00
 -.29378561805272E+00   -.34625521511547E+00   -.11915045094653E-03   -.10928601532909E+00   -.12880414365032E+00   -.18470422760037E-05   -.93565278213710E-03   0.11029202514325E-02   0.12733427865192E-07
 0.90310172163129E-05   0.59208454937075E-05   0.18499970963252E-04   0.15413037209884E-03   0.37616079828648E+00   0.31906620833538E+00
 -.12419871653798E-05   -.85193097857628E-05   -.51064666281840E-04   0.39553752428681E-06   0.11151924906307E-05   -.20786899148597E-04   -.15797304791882E-07   0.45856021614811E-07   0.73010876719065E-03
 -.27336451703313E-05   -.18019657479622E-05   -.76624651322680E-04   0.18221109256638E-04   -.38177519796322E-05   0.11750413286255E-05
 -.83496373399305E-05   -.62212039789649E-06   0.18949207711149E-04   0.28744554009682E-05   0.84316621781362E-06   0.78752723680128E-05   -.59382729380889E-07   0.20796749495029E-07   0.18304477426155E-06
 -.10725155504586E+00   0.10723351342000E+00   0.75814801722170E-04   0.21146764680114E-04   0.23942471197258E-05   -.11061387200619E-05
 0.16770384919230E-06   0.50235161294128E-05   -.27149208215521E+00   -.82107149018736E-06   0.82646386603591E-05   -.36979520496810E+00   -.10528442020093E-07   -.37805566777771E-08   -.29893421273315E-07
 -.14136729555340E-03   -.95014177768724E-04   -.25917830625502E-02   0.11561618528767E+00   0.11994388812974E-03   0.45891754169501E-05
 0.14004607876509E-04   0.11496387025470E-05   -.17544271625803E-02   0.29004255457290E-05   0.37410473292535E-07   -.92387464114543E-03   -.20917568120571E-07   0.13344965129060E-07   0.10696666565943E-07
 -.20675847798239E+00   -.20665977484907E+00   0.34655304681059E+01   -.14031251032910E-02   0.13562710706024E-04   0.61379902443699E-04
 -.11475935986428E-04   -.15417422441468E-03   -.11624015992911E+01   -.42705030094262E-05   0.83604063473958E-05   -.55741060899266E+00   -.12267432225924E-07   -.29848384758247E-06   -.41756863226635E-07
 0.27000991685967E-03   0.27900008095158E-03   -.39588050101409E-02   -.91936891683065E+00   0.32008731354239E-04   0.15406579601996E-04
 -.14141264644514E+00   -.14169271638988E+00   0.46297046254279E-03   0.11141030501135E-02   0.11162780719918E-02   0.22250096747318E-03   0.33315772545608E-04   -.33366227231014E-04   0.97429283498064E-07
 -.15398612997741E-04   0.23949560014153E-04   -.35426912094671E-04   0.36658405271575E-03   0.90210647542652E-02   0.90020294825608E-02
 0.14173102054235E+00   -.14144930257248E+00   0.38010471016561E-03   -.11160483574525E-02   0.11119742941469E-02   0.18189387250581E-03   -.33464770989945E-04   -.33354021952682E-04   0.99873834072988E-07
 0.13886657093087E-04   -.18510416147629E-04   0.41451430141236E-04   0.30327028171255E-03   0.90891037640784E-02   -.91101347339814E-02
 0.11798562426156E+00   -.14981822045657E+00   -.12564741921393E-03   -.40391437069306E-01   0.51285860454614E-01   -.25779382657473E-04   -.88316529395245E-03   -.11215138375192E-02   -.15806787492532E-07
 -.16818613852598E-04   -.23033777774912E-04   0.28138672350282E-03   -.23727065568979E-04   0.26389918665067E+00   -.20781060660511E+00
 -.14972680566311E+00   -.11787859915047E+00   -.77442340945830E-04   0.51254244086474E-01   0.40341081009456E-01   -.15192542930262E-04   0.11211320639151E-02   -.88265337312273E-03   -.17685758191547E-07
 0.22302247081177E-04   0.17944660255783E-04   -.36053600070124E-03   -.11631643917169E-04   0.20763228268763E+00   0.26374294652457E+00
 -.13481716115271E-04   0.14858188998960E-03   -.50992139230730E+00   0.30688008402225E-05   -.35844729207070E-04   -.21803388346735E+00   0.89756112738765E-07   0.99160295401468E-06   -.13650898560533E-07
 0.16124636630569E-04   0.21271376602980E-04   -.19000364990512E-02   -.33721226711455E+00   -.17206230800666E-03   0.26427944194520E-04
 0.12964671631995E-03   -.12747983456330E-04   0.86738078102454E-03   -.29707723967564E-04   0.40200276750661E-05   0.34526231632613E-03   -.86038882389681E-06   -.71247605501459E-07   0.10105274286965E-07
 0.17395310354440E-01   0.17350382566772E-01   -.13336761980380E+01   0.50238103160277E-03   0.11853182827433E-04   -.13739475456251E-03
 0.14977222165670E-04   0.40896831503029E-05   0.17768316937370E-05   0.12172244365046E-04   0.36922866066684E-05   0.54360579586687E-05   0.12069953375104E-06   -.23677044102121E-07   -.18961605054698E-05
 -.29385642396958E+00   0.29388427287678E+00   0.10532018366969E-03   0.95409308310038E-05   -.16969346157728E-04   -.97070179679375E-04
 0.55812047799616E-05   0.29471983489217E-04   0.55798191185131E-04   0.43868933482257E-05   0.24638342477371E-04   0.40501046219938E-04   0.69923131193704E-07   -.37674897434087E-06   -.25818677725589E-02
 -.16813211265722E-03   0.15778171046931E-03   -.76245251088658E-04   -.13502383172351E-05   -.11916006020986E-03   -.28059833715982E-04
 0.46094257078020E-01   -.44365007426995E-01   -.19214868453749E-04   0.27634964843765E-01   -.26585986868965E-01   -.20085209806552E-04   -.48983294677932E-03   -.47154244389829E-03   0.15019161114082E-06
 0.20456936466694E-04   -.19742775239553E-04   0.11699751874784E-03   -.27074167149995E-04   0.14964593860534E+00   -.15532297810194E+00
 -.44185553219954E-01   -.45895916814889E-01   -.87175203093633E-05   -.26388094039465E-01   -.27403953972026E-01   -.94289476605631E-05   0.47236964776195E-03   -.49073435223639E-03   0.18952220196733E-06
 -.34256754046321E-04   0.36621064971460E-04   -.10705658072591E-03   -.20175541286414E-04   0.15587818426128E+00   0.14999944800906E+00
 0.84250769715583E-01   0.84038532595844E-01   -.32151846432726E-04   0.88677448381271E-01   0.88480187082775E-01   -.21803838229559E-04   0.94305474144086E-04   -.94165953886408E-04   0.92239263348077E-07
 0.44842206767246E-04   -.40087381033046E-04   -.22513500288856E-03   -.33699589349161E-04   0.21608382787435E+00   0.21665396657793E+00
 0.84002304555340E-01   -.84152070405108E-01   0.52135584318851E-04   0.88424948437338E-01   -.88592481134221E-01   0.31954950009887E-04   0.94753250955051E-04   0.94923009979031E-04   -.79865699754423E-07
 0.18377534485990E-04   -.13721099624221E-04   -.28075638729672E-03   0.68771292400645E-04   -.21731136748751E+00   0.21696594438993E+00
 -.93622802387273E-01   -.94802213239558E-01   -.61997062880682E-08   -.63994960565636E-01   -.64814438200745E-01   0.11909435397882E-04   0.19714044127511E-03   -.19932011756870E-03   -.55744183636070E-07
 -.36621227149471E-03   0.38420760478999E-03   0.45010140710740E-04   0.38253515162957E-04   -.12980673699459E+00   -.12840377354415E+00
 0.94498533395120E-01   -.93406731388669E-01   -.97332207243491E-05   0.64466312034400E-01   -.63730466218232E-01   0.92327588149897E-05   -.19957287165184E-03   -.19723053361818E-03   -.47152110442344E-07
 0.26534817250480E-03   -.31324781637481E-03   0.99501392301287E-04   0.91626277969847E-04   -.12830107109750E+00   0.12992035570886E+00
 -.15414633099919E-03   -.20414052289913E-04   0.62904057875816E-04   -.10508326733840E-03   -.14509961183995E-04   0.59702232993982E-04   -.46572706706119E-06   0.10419131288198E-06   0.11625076551500E-05
 0.76500756537613E+00   -.76504886613043E+00   -.67735394692999E-04   -.19561811173245E-04   0.52207728019681E-04   0.25572524580475E-03
 0.71955586930198E-04   -.18214099772523E-02   0.25186133398201E-05   -.16408885598192E-04   0.43536229863289E-03   0.64728908157627E-05   0.33214924199154E-06   0.79576142777331E-05   0.12300012200604E-02
 -.46606540931318E-03   0.46585069496347E-03   0.31709027731204E-04   -.20162173251008E-04   -.82608005380411E-03   0.36303746036227E-04
 -.22794381685915E+00   0.23237343120569E+00   0.31840029683714E-05   0.52596584126818E-01   -.53615507701359E-01   0.75777189275591E-05   -.95601643585456E-03   -.97454014669606E-03   0.51664782937006E-05
 -.50124095190218E-03   0.50401941733445E-03   0.78046524119749E-04   0.34590889219782E-06   0.96037609866643E-01   -.94209961746412E-01
 0.23239919638970E+00   0.22797690818555E+00   0.19022469103152E-05   -.53615268340464E-01   -.52592313768756E-01   0.38043076013907E-05   0.97791109328943E-03   -.95920360629575E-03   0.46873900185771E-05
 0.47929463963645E-03   -.47428978714247E-03   -.62000293007051E-04   -.62082698654924E-05   0.94654631601438E-01   0.96496522816834E-01
 -.96887499376502E-03   0.27724536437085E-04   0.23200695819834E-04   0.19874694781599E-03   -.78012172871616E-05   0.22049145306157E-04   -.35593224802466E-05   -.93630248194909E-07   0.19536332517150E-05
 0.23722191331016E+00   -.23719293478631E+00   -.14118012190101E-03   0.37292424211082E-05   0.13115885050451E-04   -.24536271644414E-03
 -.39588567165696E-01   0.50041049539190E-01   -.44878576280960E-04   0.24926956299336E-03   -.31765777816662E-03   -.36038047499312E-04   0.60188504114540E-03   0.75885471134884E-03   -.22901244020808E-06
 -.57558660468393E-04   0.61359877737418E-04   0.13482065243557E-03   -.50515046641009E-04   -.20347016213314E+00   0.16137507981606E+00
 0.50583562617942E-01   0.40225557266735E-01   -.29090700107684E-04   -.42638735866314E-03   -.33959056137377E-03   -.22201096645672E-04   -.75763101885411E-03   0.60068590054515E-03   -.13300470012508E-06
 0.69313138721643E-04   -.71265024677871E-04   -.21552792425641E-03   -.30605505983480E-04   -.16122621883762E+00   -.20331081548816E+00
 -.34745508759973E-01   0.33375156295382E-01   0.26417674087733E-03   -.37988842437772E-01   0.36489861740070E-01   0.26276234375687E-03   0.15364038361546E-02   0.14793508244277E-02   0.11557871705514E-06
 0.17176719490359E-04   -.18505692524143E-04   -.11552594355508E-03   -.62130762446425E-05   0.26630849008475E-01   -.28048346963112E-01
 -.31595922831670E-01   -.32872201209362E-01   -.17274755147108E-03   -.34218669831439E-01   -.35618728459075E-01   -.17057924127582E-03   0.14735396768930E-02   -.15303666016638E-02   -.21534799250527E-06
 -.42694653351785E-05   0.20463364141639E-04   -.49806714822672E-04   -.17584375749421E-04   -.35691809590959E-01   -.34982430652589E-01
 0.83557134691194E-01   0.85448567653486E-01   0.43956534631078E-03   0.96661996694672E-01   0.98857708863313E-01   0.44020153489573E-03   -.18288482748578E-03   0.18835001286324E-03   0.17312711825602E-06
 0.46865046124242E-04   -.42295430600980E-04   0.37679607360710E-04   0.69841970190442E-04   -.31042771702048E+00   -.30354872210196E+00
 0.84886489037856E-01   -.82931704507443E-01   -.63353315869800E-03   0.98008645266230E-01   -.95756663633291E-01   -.63594220453078E-03   -.15207783974510E-03   -.14773831259105E-03   -.77649178207609E-07
 0.63501016845220E-04   -.26452860244815E-04   -.14385857419669E-03   -.11808528259944E-03   0.30449027532122E+00   -.31113921143895E+00
 -.33071185857899E-04   0.19451873945897E-03   -.14941781006839E+01   -.36352002172437E-04   0.21271647526340E-03   -.14919205849994E+01   0.75172418646566E-07   0.63450237887275E-06   -.31743085078563E-06
 -.59991059325178E-03   -.55499553365386E-03   -.45212628221737E-02   -.16725060234521E+00   0.12765558658334E-02   -.12323568810366E-03
 -.96116684018644E-01   0.82093208078041E-01   0.53670990303749E-03   -.11787454653092E+00   0.10067946648083E+00   0.50608132874215E-03   -.82204235687705E-04   -.70162826910469E-04   0.83314798263665E-08
 0.24536560511597E-03   0.26880622469496E-03   0.33004942202233E-02   -.15069523216068E-03   0.12544236728520E+01   -.14694551592166E+01
