# Excitation spectrum ; written at 2020-08-16 12:50:02
#     Exc.     energy (Eh)   energy (eV)   energy (cm-1)   energy (nm)     Osc.(vel)      Osc.(len) 
       1 b2       0.030004       0.81644        6585.059      1518.589     0.02025686     0.02427190
       2 b2       0.079763       2.17046       17505.980       571.233     0.00630768     0.00645333
       3 b2       0.105587       2.87317       23173.640       431.525     0.10042299     0.10061924
       4 b2       0.118757       3.23155       26064.239       383.667     0.00520359     0.00608824
       5 b2       0.122076       3.32187       26792.674       373.236     0.04765968     0.04415217
       6 b2       0.134035       3.64728       29417.260       339.936     0.00006231     0.00008760
       7 b2       0.136664       3.71883       29994.379       333.396     0.00026392     0.00023050
       8 b2       0.140564       3.82494       30850.184       324.147     0.00195267     0.00186347
       9 b2       0.142071       3.86595       31180.972       320.708     0.01580813     0.01481782
      10 b2       0.144166       3.92294       31640.681       316.049     0.00013172     0.00003462
      11 b2       0.148885       4.05137       32676.512       306.030     0.00238012     0.00262002
      12 b2       0.149086       4.05684       32720.632       305.618     0.00049127     0.00062028
      13 b2       0.151526       4.12324       33256.174       300.696     0.05694326     0.05545510
      14 b2       0.154319       4.19924       33869.176       295.254     0.00927526     0.00762924
      15 b2       0.155709       4.23706       34174.206       292.618     0.00064059     0.00078857
      16 b2       0.161918       4.40602       35536.953       281.397     0.00000564     0.00000348
      17 b2       0.162565       4.42361       35678.836       280.278     0.00113111     0.00107435
      18 b2       0.169882       4.62272       37284.739       268.206     0.05641205     0.05875512
      19 b2       0.170123       4.62929       37337.751       267.825     0.02713576     0.02663096
      20 b2       0.172144       4.68428       37781.255       264.682     0.00293728     0.00267875
      21 b2       0.176363       4.79908       38707.174       258.350     0.00412989     0.00411179
      22 b2       0.181256       4.93222       39781.047       251.376     0.00878635     0.00840566
      23 b2       0.181923       4.95037       39927.462       250.454     0.01028928     0.00978731
      24 b2       0.183844       5.00266       40349.174       247.837     0.00771937     0.00707050
      25 b2       0.185002       5.03415       40603.162       246.286     0.00418723     0.00386927
      26 b2       0.185979       5.06073       40817.575       244.993     0.03512746     0.03609327
      27 b2       0.186826       5.08378       41003.471       243.882     0.01913677     0.01810006
      28 b2       0.190802       5.19200       41876.306       238.799     0.00032837     0.00029544
      29 b2       0.191678       5.21584       42068.552       237.707     0.07564942     0.07271191
      30 b2       0.197279       5.36824       43297.743       230.959     0.06370678     0.06133520
      31 b2       0.198353       5.39745       43533.377       229.709     0.00017451     0.00019075
      32 b2       0.198857       5.41117       43644.068       229.126     0.00067944     0.00045772
      33 b2       0.199801       5.43687       43851.342       228.043     0.02911839     0.03058297
      34 b2       0.200598       5.45854       44026.092       227.138     0.00454081     0.00460939
      35 b2       0.201285       5.47723       44176.848       226.363     0.04150235     0.04212442
      36 b2       0.202185       5.50172       44374.377       225.355     0.01726174     0.01617400
      37 b2       0.204144       5.55504       44804.448       223.192     0.07208955     0.06610541
      38 b2       0.204714       5.57056       44929.624       222.570     0.00047738     0.00053910
      39 b2       0.205240       5.58485       45044.875       222.001     0.06442437     0.06200828
      40 b2       0.205845       5.60134       45177.825       221.348     0.02679108     0.02473891
      41 b2       0.206847       5.62858       45397.581       220.276     0.21870522     0.21345655
      42 b2       0.207871       5.65645       45622.308       219.191     0.06810213     0.06534899
      43 b2       0.209535       5.70174       45987.619       217.450     0.03160072     0.03248968
      44 b2       0.210469       5.72714       46192.518       216.485     0.00028937     0.00019246
      45 b2       0.212562       5.78410       46651.888       214.354     0.00088165     0.00118756
      46 b2       0.212664       5.78689       46674.410       214.250     0.00267316     0.00308487
      47 b2       0.215265       5.85767       47245.310       211.661     0.05446549     0.05197155
      48 b2       0.217172       5.90956       47663.827       209.803     0.00077382     0.00051400
      49 b2       0.218476       5.94504       47949.996       208.551     0.09750776     0.10191177
      50 b2       0.218626       5.94912       47982.853       208.408     0.00625299     0.00643003
       1 e        0.058335       1.58738       12803.119       781.060     0.00258317     0.00213965
       2 e        0.095661       2.60307       20995.212       476.299     0.00006291     0.00014042
       3 e        0.099018       2.69443       21732.036       460.150     0.00000511     0.00005372
       4 e        0.101809       2.77036       22344.451       447.538     0.00423613     0.00352398
       5 e        0.109233       2.97237       23973.818       417.122     0.00001442     0.00011491
       6 e        0.111048       3.02177       24372.199       410.304     0.00250788     0.00336944
       7 e        0.115554       3.14438       25361.118       394.304     0.00458882     0.00440803
       8 e        0.121045       3.29381       26566.407       376.415     0.00016879     0.00025062
       9 e        0.123327       3.35589       27067.104       369.452     0.00033013     0.00033526
      10 e        0.124774       3.39528       27384.744       365.167     0.00101855     0.00112828
      11 e        0.125461       3.41396       27535.430       363.168     0.00001405     0.00000093
      12 e        0.127077       3.45795       27890.284       358.548     0.00207922     0.00240069
      13 e        0.128688       3.50177       28243.683       354.061     0.00824412     0.00773557
      14 e        0.128931       3.50838       28297.016       353.394     0.00209065     0.00265203
      15 e        0.131530       3.57911       28867.474       346.411     0.00011579     0.00009904
      16 e        0.133644       3.63663       29331.434       340.931     0.00773276     0.00685082
      17 e        0.134114       3.64944       29434.717       339.735     0.00004458     0.00003476
      18 e        0.135974       3.70003       29842.768       335.090     0.00233994     0.00272623
      19 e        0.136756       3.72132       30014.504       333.172     0.00833128     0.00972556
      20 e        0.137636       3.74526       30207.595       331.043     0.00071209     0.00085911
      21 e        0.139940       3.80797       30713.313       325.592     0.00662195     0.00585470
      22 e        0.143147       3.89524       31417.199       318.297     0.00022645     0.00015579
      23 e        0.144700       3.93749       31758.009       314.881     0.00236866     0.00263210
      24 e        0.148980       4.05394       32697.241       305.836     0.00054536     0.00096506
      25 e        0.149272       4.06191       32761.510       305.236     0.00974587     0.01104110
      26 e        0.154504       4.20426       33909.631       294.901     0.00011501     0.00027872
      27 e        0.159916       4.35153       35097.449       284.921     0.02279956     0.02329773
      28 e        0.162049       4.40957       35565.604       281.171     0.00039600     0.00041508
      29 e        0.164987       4.48954       36210.553       276.163     0.00000111     0.00001977
      30 e        0.166199       4.52251       36476.541       274.149     0.01667896     0.01877002
      31 e        0.166789       4.53857       36605.999       273.179     0.00028960     0.00026371
      32 e        0.171107       4.65605       37553.540       266.286     0.00001320     0.00005519
      33 e        0.171787       4.67456       37702.832       265.232     0.00610300     0.00674776
      34 e        0.173027       4.70830       37975.003       263.331     0.00377652     0.00363423
      35 e        0.174157       4.73904       38222.969       261.623     0.00021433     0.00013867
      36 e        0.175144       4.76590       38439.564       260.149     0.00024056     0.00023240
      37 e        0.175676       4.78040       38556.516       259.360     0.00655922     0.00577138
      38 e        0.176319       4.79787       38697.447       258.415     0.00022998     0.00023840
      39 e        0.177873       4.84017       39038.565       256.157     0.00106599     0.00115199
      40 e        0.178802       4.86544       39242.429       254.826     0.00001747     0.00005523
      41 e        0.179025       4.87152       39291.475       254.508     0.00335795     0.00323838
      42 e        0.179654       4.88865       39429.599       253.617     0.00308696     0.00261360
      43 e        0.180161       4.90242       39540.708       252.904     0.00015520     0.00023109
      44 e        0.180673       4.91637       39653.228       252.186     0.00000160     0.00000677
      45 e        0.180928       4.92330       39709.073       251.832     0.00039869     0.00030720
      46 e        0.182615       4.96921       40079.354       249.505     0.00009297     0.00012496
      47 e        0.183147       4.98369       40196.141       248.780     0.00194096     0.00188859
      48 e        0.183595       4.99588       40294.508       248.173     0.01237698     0.01213253
      49 e        0.184279       5.01449       40444.585       247.252     0.00210645     0.00214783
      50 e        0.184718       5.02643       40540.910       246.664     0.00043346     0.00054337
