# Electronic transition moments of , IRREP b2  electric dipole (length) / electric dipole (velocity) / magnetic dipole
 0.00000000000000E+00   0.00000000000000E+00   0.10063382605230E+01   0.00000000000000E+00   0.00000000000000E+00   0.11015641843515E+01   0.00000000000000E+00   0.00000000000000E+00   0.00000000000000E+00
 0.00000000000000E+00   0.00000000000000E+00   0.00000000000000E+00   -.11571710194900E+00   0.00000000000000E+00   0.00000000000000E+00
 0.00000000000000E+00   0.00000000000000E+00   0.34441285507303E+00   0.00000000000000E+00   0.00000000000000E+00   0.34836672484413E+00   0.00000000000000E+00   0.00000000000000E+00   0.00000000000000E+00
 0.00000000000000E+00   0.00000000000000E+00   0.00000000000000E+00   -.70529802864163E-01   0.00000000000000E+00   0.00000000000000E+00
 0.00000000000000E+00   0.00000000000000E+00   0.11944204922881E+01   0.00000000000000E+00   0.00000000000000E+00   0.11955870185421E+01   0.00000000000000E+00   0.00000000000000E+00   0.00000000000000E+00
 0.00000000000000E+00   0.00000000000000E+00   0.00000000000000E+00   -.96509586017620E-01   0.00000000000000E+00   0.00000000000000E+00
 0.00000000000000E+00   0.00000000000000E+00   0.25636985309325E+00   0.00000000000000E+00   0.00000000000000E+00   0.27730724168317E+00   0.00000000000000E+00   0.00000000000000E+00   0.00000000000000E+00
 0.00000000000000E+00   0.00000000000000E+00   0.00000000000000E+00   0.74955085642133E-01   0.00000000000000E+00   0.00000000000000E+00
 0.00000000000000E+00   0.00000000000000E+00   0.76525348770553E+00   0.00000000000000E+00   0.00000000000000E+00   0.73655599394182E+00   0.00000000000000E+00   0.00000000000000E+00   0.00000000000000E+00
 0.00000000000000E+00   0.00000000000000E+00   0.00000000000000E+00   0.40234999764560E+00   0.00000000000000E+00   0.00000000000000E+00
 0.00000000000000E+00   0.00000000000000E+00   0.26406758075482E-01   0.00000000000000E+00   0.00000000000000E+00   0.31310114833325E-01   0.00000000000000E+00   0.00000000000000E+00   0.00000000000000E+00
 0.00000000000000E+00   0.00000000000000E+00   0.00000000000000E+00   -.82208528127404E-01   0.00000000000000E+00   0.00000000000000E+00
 0.00000000000000E+00   0.00000000000000E+00   -.53821183677289E-01   0.00000000000000E+00   0.00000000000000E+00   -.50298221454835E-01   0.00000000000000E+00   0.00000000000000E+00   0.00000000000000E+00
 0.00000000000000E+00   0.00000000000000E+00   0.00000000000000E+00   -.44257044663345E-01   0.00000000000000E+00   0.00000000000000E+00
 0.00000000000000E+00   0.00000000000000E+00   0.14435221025487E+00   0.00000000000000E+00   0.00000000000000E+00   0.14101663417854E+00   0.00000000000000E+00   0.00000000000000E+00   0.00000000000000E+00
 0.00000000000000E+00   0.00000000000000E+00   0.00000000000000E+00   0.85835841694799E+00   0.00000000000000E+00   0.00000000000000E+00
 0.00000000000000E+00   0.00000000000000E+00   -.40853866184849E+00   0.00000000000000E+00   0.00000000000000E+00   -.39553520853849E+00   0.00000000000000E+00   0.00000000000000E+00   0.00000000000000E+00
 0.00000000000000E+00   0.00000000000000E+00   0.00000000000000E+00   -.21630871501965E+00   0.00000000000000E+00   0.00000000000000E+00
 0.00000000000000E+00   0.00000000000000E+00   -.37020784827807E-01   0.00000000000000E+00   0.00000000000000E+00   -.18980381933785E-01   0.00000000000000E+00   0.00000000000000E+00   0.00000000000000E+00
 0.00000000000000E+00   0.00000000000000E+00   0.00000000000000E+00   0.12334318002542E-01   0.00000000000000E+00   0.00000000000000E+00
 0.00000000000000E+00   0.00000000000000E+00   0.15485292279173E+00   0.00000000000000E+00   0.00000000000000E+00   0.16246968211651E+00   0.00000000000000E+00   0.00000000000000E+00   0.00000000000000E+00
 0.00000000000000E+00   0.00000000000000E+00   0.00000000000000E+00   0.55227635391995E+00   0.00000000000000E+00   0.00000000000000E+00
 0.00000000000000E+00   0.00000000000000E+00   -.70304938447045E-01   0.00000000000000E+00   0.00000000000000E+00   -.78998650720261E-01   0.00000000000000E+00   0.00000000000000E+00   0.00000000000000E+00
 0.00000000000000E+00   0.00000000000000E+00   0.00000000000000E+00   -.51566150717079E+00   0.00000000000000E+00   0.00000000000000E+00
 0.00000000000000E+00   0.00000000000000E+00   0.75079751276925E+00   0.00000000000000E+00   0.00000000000000E+00   0.74092186612619E+00   0.00000000000000E+00   0.00000000000000E+00   0.00000000000000E+00
 0.00000000000000E+00   0.00000000000000E+00   0.00000000000000E+00   -.82839972590611E+00   0.00000000000000E+00   0.00000000000000E+00
 0.00000000000000E+00   0.00000000000000E+00   0.30026074688360E+00   0.00000000000000E+00   0.00000000000000E+00   0.27231790084023E+00   0.00000000000000E+00   0.00000000000000E+00   0.00000000000000E+00
 0.00000000000000E+00   0.00000000000000E+00   0.00000000000000E+00   0.17275753308378E+01   0.00000000000000E+00   0.00000000000000E+00
 0.00000000000000E+00   0.00000000000000E+00   -.78556082265941E-01   0.00000000000000E+00   0.00000000000000E+00   -.87158225832669E-01   0.00000000000000E+00   0.00000000000000E+00   0.00000000000000E+00
 0.00000000000000E+00   0.00000000000000E+00   0.00000000000000E+00   0.20080427859878E+01   0.00000000000000E+00   0.00000000000000E+00
 0.00000000000000E+00   0.00000000000000E+00   -.72304111248395E-02   0.00000000000000E+00   0.00000000000000E+00   -.56813203980198E-02   0.00000000000000E+00   0.00000000000000E+00   0.00000000000000E+00
 0.00000000000000E+00   0.00000000000000E+00   0.00000000000000E+00   0.58024462381194E+00   0.00000000000000E+00   0.00000000000000E+00
 0.00000000000000E+00   0.00000000000000E+00   -.10216074601525E+00   0.00000000000000E+00   0.00000000000000E+00   -.99564804068047E-01   0.00000000000000E+00   0.00000000000000E+00   0.00000000000000E+00
 0.00000000000000E+00   0.00000000000000E+00   0.00000000000000E+00   -.18088097418543E+00   0.00000000000000E+00   0.00000000000000E+00
 0.00000000000000E+00   0.00000000000000E+00   0.70576187345535E+00   0.00000000000000E+00   0.00000000000000E+00   0.72026963397129E+00   0.00000000000000E+00   0.00000000000000E+00   0.00000000000000E+00
 0.00000000000000E+00   0.00000000000000E+00   0.00000000000000E+00   -.91064962602035E+00   0.00000000000000E+00   0.00000000000000E+00
 0.00000000000000E+00   0.00000000000000E+00   -.48914171750582E+00   0.00000000000000E+00   0.00000000000000E+00   -.48457066097722E+00   0.00000000000000E+00   0.00000000000000E+00   0.00000000000000E+00
 0.00000000000000E+00   0.00000000000000E+00   0.00000000000000E+00   -.46658973006849E+00   0.00000000000000E+00   0.00000000000000E+00
 0.00000000000000E+00   0.00000000000000E+00   -.15998239738550E+00   0.00000000000000E+00   0.00000000000000E+00   -.15277960426467E+00   0.00000000000000E+00   0.00000000000000E+00   0.00000000000000E+00
 0.00000000000000E+00   0.00000000000000E+00   0.00000000000000E+00   -.47175702248520E+00   0.00000000000000E+00   0.00000000000000E+00
 0.00000000000000E+00   0.00000000000000E+00   0.18741801182751E+00   0.00000000000000E+00   0.00000000000000E+00   0.18700693288095E+00   0.00000000000000E+00   0.00000000000000E+00   0.00000000000000E+00
 0.00000000000000E+00   0.00000000000000E+00   0.00000000000000E+00   -.20243316927779E-01   0.00000000000000E+00   0.00000000000000E+00
 0.00000000000000E+00   0.00000000000000E+00   0.26965214046418E+00   0.00000000000000E+00   0.00000000000000E+00   0.26374578144540E+00   0.00000000000000E+00   0.00000000000000E+00   0.00000000000000E+00
 0.00000000000000E+00   0.00000000000000E+00   0.00000000000000E+00   -.24531380660664E-01   0.00000000000000E+00   0.00000000000000E+00
 0.00000000000000E+00   0.00000000000000E+00   -.29126914727564E+00   0.00000000000000E+00   0.00000000000000E+00   -.28407535857611E+00   0.00000000000000E+00   0.00000000000000E+00   0.00000000000000E+00
 0.00000000000000E+00   0.00000000000000E+00   0.00000000000000E+00   -.88865318325650E-01   0.00000000000000E+00   0.00000000000000E+00
 0.00000000000000E+00   0.00000000000000E+00   -.25096396373134E+00   0.00000000000000E+00   0.00000000000000E+00   -.24018484838007E+00   0.00000000000000E+00   0.00000000000000E+00   0.00000000000000E+00
 0.00000000000000E+00   0.00000000000000E+00   0.00000000000000E+00   -.10251286274095E+01   0.00000000000000E+00   0.00000000000000E+00
 0.00000000000000E+00   0.00000000000000E+00   -.18425574249174E+00   0.00000000000000E+00   0.00000000000000E+00   -.17712199112960E+00   0.00000000000000E+00   0.00000000000000E+00   0.00000000000000E+00
 0.00000000000000E+00   0.00000000000000E+00   0.00000000000000E+00   -.16172530892461E+01   0.00000000000000E+00   0.00000000000000E+00
 0.00000000000000E+00   0.00000000000000E+00   -.53227687278133E+00   0.00000000000000E+00   0.00000000000000E+00   -.53954451881988E+00   0.00000000000000E+00   0.00000000000000E+00   0.00000000000000E+00
 0.00000000000000E+00   0.00000000000000E+00   0.00000000000000E+00   -.12307287158648E+00   0.00000000000000E+00   0.00000000000000E+00
 0.00000000000000E+00   0.00000000000000E+00   -.39197805574560E+00   0.00000000000000E+00   0.00000000000000E+00   -.38121280986941E+00   0.00000000000000E+00   0.00000000000000E+00   0.00000000000000E+00
 0.00000000000000E+00   0.00000000000000E+00   0.00000000000000E+00   -.37236324427308E+00   0.00000000000000E+00   0.00000000000000E+00
 0.00000000000000E+00   0.00000000000000E+00   0.50808519143644E-01   0.00000000000000E+00   0.00000000000000E+00   0.48193736663937E-01   0.00000000000000E+00   0.00000000000000E+00   0.00000000000000E+00
 0.00000000000000E+00   0.00000000000000E+00   0.00000000000000E+00   0.22228792792611E+00   0.00000000000000E+00   0.00000000000000E+00
 0.00000000000000E+00   0.00000000000000E+00   -.76941705182725E+00   0.00000000000000E+00   0.00000000000000E+00   -.75433072176253E+00   0.00000000000000E+00   0.00000000000000E+00   0.00000000000000E+00
 0.00000000000000E+00   0.00000000000000E+00   0.00000000000000E+00   -.11704176015550E+01   0.00000000000000E+00   0.00000000000000E+00
 0.00000000000000E+00   0.00000000000000E+00   0.69598196209663E+00   0.00000000000000E+00   0.00000000000000E+00   0.68290463887929E+00   0.00000000000000E+00   0.00000000000000E+00   0.00000000000000E+00
 0.00000000000000E+00   0.00000000000000E+00   0.00000000000000E+00   -.13839394877668E+01   0.00000000000000E+00   0.00000000000000E+00
 0.00000000000000E+00   0.00000000000000E+00   0.36327624541794E-01   0.00000000000000E+00   0.00000000000000E+00   0.37980747440557E-01   0.00000000000000E+00   0.00000000000000E+00   0.00000000000000E+00
 0.00000000000000E+00   0.00000000000000E+00   0.00000000000000E+00   -.33033582353733E+00   0.00000000000000E+00   0.00000000000000E+00
 0.00000000000000E+00   0.00000000000000E+00   -.71589644735110E-01   0.00000000000000E+00   0.00000000000000E+00   -.58758877625747E-01   0.00000000000000E+00   0.00000000000000E+00   0.00000000000000E+00
 0.00000000000000E+00   0.00000000000000E+00   0.00000000000000E+00   -.14192994961721E+01   0.00000000000000E+00   0.00000000000000E+00
 0.00000000000000E+00   0.00000000000000E+00   0.46755212882379E+00   0.00000000000000E+00   0.00000000000000E+00   0.47916621771294E+00   0.00000000000000E+00   0.00000000000000E+00   0.00000000000000E+00
 0.00000000000000E+00   0.00000000000000E+00   0.00000000000000E+00   -.43326429558558E+00   0.00000000000000E+00   0.00000000000000E+00
 0.00000000000000E+00   0.00000000000000E+00   -.18426767864345E+00   0.00000000000000E+00   0.00000000000000E+00   -.18565400369306E+00   0.00000000000000E+00   0.00000000000000E+00   0.00000000000000E+00
 0.00000000000000E+00   0.00000000000000E+00   0.00000000000000E+00   0.59215126145383E+00   0.00000000000000E+00   0.00000000000000E+00
 0.00000000000000E+00   0.00000000000000E+00   0.55613058194730E+00   0.00000000000000E+00   0.00000000000000E+00   0.56028295075692E+00   0.00000000000000E+00   0.00000000000000E+00   0.00000000000000E+00
 0.00000000000000E+00   0.00000000000000E+00   0.00000000000000E+00   -.70752715533132E+00   0.00000000000000E+00   0.00000000000000E+00
 0.00000000000000E+00   0.00000000000000E+00   0.35786067244865E+00   0.00000000000000E+00   0.00000000000000E+00   0.34640195366088E+00   0.00000000000000E+00   0.00000000000000E+00   0.00000000000000E+00
 0.00000000000000E+00   0.00000000000000E+00   0.00000000000000E+00   -.55346483336748E+00   0.00000000000000E+00   0.00000000000000E+00
 0.00000000000000E+00   0.00000000000000E+00   0.72780224221422E+00   0.00000000000000E+00   0.00000000000000E+00   0.69694055394599E+00   0.00000000000000E+00   0.00000000000000E+00   0.00000000000000E+00
 0.00000000000000E+00   0.00000000000000E+00   0.00000000000000E+00   -.97373915151333E+00   0.00000000000000E+00   0.00000000000000E+00
 0.00000000000000E+00   0.00000000000000E+00   0.59143177380946E-01   0.00000000000000E+00   0.00000000000000E+00   0.62849857099829E-01   0.00000000000000E+00   0.00000000000000E+00   0.00000000000000E+00
 0.00000000000000E+00   0.00000000000000E+00   0.00000000000000E+00   0.36790010121892E+00   0.00000000000000E+00   0.00000000000000E+00
 0.00000000000000E+00   0.00000000000000E+00   0.68618339424264E+00   0.00000000000000E+00   0.00000000000000E+00   0.67319353196186E+00   0.00000000000000E+00   0.00000000000000E+00   0.00000000000000E+00
 0.00000000000000E+00   0.00000000000000E+00   0.00000000000000E+00   0.37035782884550E+00   0.00000000000000E+00   0.00000000000000E+00
 0.00000000000000E+00   0.00000000000000E+00   0.44184531881370E+00   0.00000000000000E+00   0.00000000000000E+00   0.42458577614544E+00   0.00000000000000E+00   0.00000000000000E+00   0.00000000000000E+00
 0.00000000000000E+00   0.00000000000000E+00   0.00000000000000E+00   0.31119724988580E+00   0.00000000000000E+00   0.00000000000000E+00
 0.00000000000000E+00   0.00000000000000E+00   0.12593632330593E+01   0.00000000000000E+00   0.00000000000000E+00   0.12441598439210E+01   0.00000000000000E+00   0.00000000000000E+00   0.00000000000000E+00
 0.00000000000000E+00   0.00000000000000E+00   0.00000000000000E+00   0.35024337784761E+00   0.00000000000000E+00   0.00000000000000E+00
 0.00000000000000E+00   0.00000000000000E+00   -.70101853155491E+00   0.00000000000000E+00   0.00000000000000E+00   -.68670246928971E+00   0.00000000000000E+00   0.00000000000000E+00   0.00000000000000E+00
 0.00000000000000E+00   0.00000000000000E+00   0.00000000000000E+00   0.82852461742572E+00   0.00000000000000E+00   0.00000000000000E+00
 0.00000000000000E+00   0.00000000000000E+00   0.47562624078302E+00   0.00000000000000E+00   0.00000000000000E+00   0.48226977590158E+00   0.00000000000000E+00   0.00000000000000E+00   0.00000000000000E+00
 0.00000000000000E+00   0.00000000000000E+00   0.00000000000000E+00   -.13707833947336E+01   0.00000000000000E+00   0.00000000000000E+00
 0.00000000000000E+00   0.00000000000000E+00   -.45413114685195E-01   0.00000000000000E+00   0.00000000000000E+00   -.37036180906467E-01   0.00000000000000E+00   0.00000000000000E+00   0.00000000000000E+00
 0.00000000000000E+00   0.00000000000000E+00   0.00000000000000E+00   0.22363892093088E+01   0.00000000000000E+00   0.00000000000000E+00
 0.00000000000000E+00   0.00000000000000E+00   -.78876972090590E-01   0.00000000000000E+00   0.00000000000000E+00   -.91544272802469E-01   0.00000000000000E+00   0.00000000000000E+00   0.00000000000000E+00
 0.00000000000000E+00   0.00000000000000E+00   0.00000000000000E+00   0.54467326308913E+00   0.00000000000000E+00   0.00000000000000E+00
 0.00000000000000E+00   0.00000000000000E+00   -.13731262263784E+00   0.00000000000000E+00   0.00000000000000E+00   -.14750843827126E+00   0.00000000000000E+00   0.00000000000000E+00   0.00000000000000E+00
 0.00000000000000E+00   0.00000000000000E+00   0.00000000000000E+00   0.26790381960126E+01   0.00000000000000E+00   0.00000000000000E+00
 0.00000000000000E+00   0.00000000000000E+00   0.61605452512269E+00   0.00000000000000E+00   0.00000000000000E+00   0.60178486596978E+00   0.00000000000000E+00   0.00000000000000E+00   0.00000000000000E+00
 0.00000000000000E+00   0.00000000000000E+00   0.00000000000000E+00   0.15283259047417E+01   0.00000000000000E+00   0.00000000000000E+00
 0.00000000000000E+00   0.00000000000000E+00   0.73107839969013E-01   0.00000000000000E+00   0.00000000000000E+00   0.59583117650558E-01   0.00000000000000E+00   0.00000000000000E+00   0.00000000000000E+00
 0.00000000000000E+00   0.00000000000000E+00   0.00000000000000E+00   0.52950076550447E+00   0.00000000000000E+00   0.00000000000000E+00
 0.00000000000000E+00   0.00000000000000E+00   -.81820680980608E+00   0.00000000000000E+00   0.00000000000000E+00   -.83648021943806E+00   0.00000000000000E+00   0.00000000000000E+00   0.00000000000000E+00
 0.00000000000000E+00   0.00000000000000E+00   0.00000000000000E+00   0.82140774842283E+00   0.00000000000000E+00   0.00000000000000E+00
 0.00000000000000E+00   0.00000000000000E+00   0.20712790454427E+00   0.00000000000000E+00   0.00000000000000E+00   0.21003961898959E+00   0.00000000000000E+00   0.00000000000000E+00   0.00000000000000E+00
 0.00000000000000E+00   0.00000000000000E+00   0.00000000000000E+00   -.18845644714490E-01   0.00000000000000E+00   0.00000000000000E+00
# Electronic transition moments of , IRREP e   electric dipole (length) / electric dipole (velocity) / magnetic dipole
 0.18223895302091E+00   0.00000000000000E+00   0.00000000000000E+00   0.16585777993027E+00   0.00000000000000E+00   0.00000000000000E+00   0.14049517591146E-02   0.00000000000000E+00   0.00000000000000E+00
 0.00000000000000E+00   0.00000000000000E+00   0.00000000000000E+00   0.00000000000000E+00   0.00000000000000E+00   -.41917979504994E+00
 0.00000000000000E+00   0.18223895302091E+00   0.00000000000000E+00   0.00000000000000E+00   0.16585777993027E+00   0.00000000000000E+00   0.00000000000000E+00   -.14049517591146E-02   0.00000000000000E+00
 0.00000000000000E+00   0.00000000000000E+00   0.00000000000000E+00   0.00000000000000E+00   -.41917979504994E+00   0.00000000000000E+00
 0.22208944164864E-01   0.00000000000000E+00   0.00000000000000E+00   0.33180601957969E-01   0.00000000000000E+00   0.00000000000000E+00   -.53364545048793E-03   0.00000000000000E+00   0.00000000000000E+00
 0.00000000000000E+00   0.00000000000000E+00   0.00000000000000E+00   0.00000000000000E+00   0.00000000000000E+00   -.20743054724763E+00
 0.00000000000000E+00   0.22208944164864E-01   0.00000000000000E+00   0.00000000000000E+00   0.33180601957969E-01   0.00000000000000E+00   0.00000000000000E+00   0.53364545048793E-03   0.00000000000000E+00
 0.00000000000000E+00   0.00000000000000E+00   0.00000000000000E+00   0.00000000000000E+00   -.20743054724763E+00   0.00000000000000E+00
 -.62205516110941E-02   0.00000000000000E+00   0.00000000000000E+00   -.20170762954895E-01   0.00000000000000E+00   0.00000000000000E+00   -.46971761299992E-03   0.00000000000000E+00   0.00000000000000E+00
 0.00000000000000E+00   0.00000000000000E+00   0.00000000000000E+00   0.00000000000000E+00   0.00000000000000E+00   0.11491427682366E+00
 0.00000000000000E+00   -.62205516110941E-02   0.00000000000000E+00   0.00000000000000E+00   -.20170762954895E-01   0.00000000000000E+00   0.00000000000000E+00   0.46971761299992E-03   0.00000000000000E+00
 0.00000000000000E+00   0.00000000000000E+00   0.00000000000000E+00   0.00000000000000E+00   0.11491427682366E+00   0.00000000000000E+00
 -.17665355180922E+00   0.00000000000000E+00   0.00000000000000E+00   -.16112186798635E+00   0.00000000000000E+00   0.00000000000000E+00   0.20011809452580E-03   0.00000000000000E+00   0.00000000000000E+00
 0.00000000000000E+00   0.00000000000000E+00   0.00000000000000E+00   0.00000000000000E+00   0.00000000000000E+00   -.17029489848670E+00
 0.00000000000000E+00   -.17665355180922E+00   0.00000000000000E+00   0.00000000000000E+00   -.16112186798635E+00   0.00000000000000E+00   0.00000000000000E+00   -.20011809452580E-03   0.00000000000000E+00
 0.00000000000000E+00   0.00000000000000E+00   0.00000000000000E+00   0.00000000000000E+00   -.17029489848670E+00   0.00000000000000E+00
 -.99504666808875E-02   0.00000000000000E+00   0.00000000000000E+00   -.28088483724339E-01   0.00000000000000E+00   0.00000000000000E+00   -.86362230723422E-03   0.00000000000000E+00   0.00000000000000E+00
 0.00000000000000E+00   0.00000000000000E+00   0.00000000000000E+00   0.00000000000000E+00   0.00000000000000E+00   0.18460489934641E+00
 0.00000000000000E+00   -.99504666808875E-02   0.00000000000000E+00   0.00000000000000E+00   -.28088483724339E-01   0.00000000000000E+00   0.00000000000000E+00   0.86362230723422E-03   0.00000000000000E+00
 0.00000000000000E+00   0.00000000000000E+00   0.00000000000000E+00   0.00000000000000E+00   0.18460489934641E+00   0.00000000000000E+00
 0.13014550907175E+00   0.00000000000000E+00   0.00000000000000E+00   0.15085320918200E+00   0.00000000000000E+00   0.00000000000000E+00   -.16759930176035E-02   0.00000000000000E+00   0.00000000000000E+00
 0.00000000000000E+00   0.00000000000000E+00   0.00000000000000E+00   0.00000000000000E+00   0.00000000000000E+00   -.16403165690880E+00
 0.00000000000000E+00   0.13014550907175E+00   0.00000000000000E+00   0.00000000000000E+00   0.15085320918200E+00   0.00000000000000E+00   0.00000000000000E+00   0.16759930176035E-02   0.00000000000000E+00
 0.00000000000000E+00   0.00000000000000E+00   0.00000000000000E+00   0.00000000000000E+00   -.16403165690880E+00   0.00000000000000E+00
 -.17257951151982E+00   0.00000000000000E+00   0.00000000000000E+00   -.16914566177092E+00   0.00000000000000E+00   0.00000000000000E+00   -.16767219236102E-02   0.00000000000000E+00   0.00000000000000E+00
 0.00000000000000E+00   0.00000000000000E+00   0.00000000000000E+00   0.00000000000000E+00   0.00000000000000E+00   0.17123275748142E+00
 0.00000000000000E+00   -.17257951151982E+00   0.00000000000000E+00   0.00000000000000E+00   -.16914566177092E+00   0.00000000000000E+00   0.00000000000000E+00   0.16767219236102E-02   0.00000000000000E+00
 0.00000000000000E+00   0.00000000000000E+00   0.00000000000000E+00   0.00000000000000E+00   0.17123275748142E+00   0.00000000000000E+00
 -.32339331051274E-01   0.00000000000000E+00   0.00000000000000E+00   -.39406261954034E-01   0.00000000000000E+00   0.00000000000000E+00   0.11754758099670E-03   0.00000000000000E+00   0.00000000000000E+00
 0.00000000000000E+00   0.00000000000000E+00   0.00000000000000E+00   0.00000000000000E+00   0.00000000000000E+00   0.24384363085673E+00
 0.00000000000000E+00   -.32339331051274E-01   0.00000000000000E+00   0.00000000000000E+00   -.39406261954034E-01   0.00000000000000E+00   0.00000000000000E+00   -.11754758099670E-03   0.00000000000000E+00
 0.00000000000000E+00   0.00000000000000E+00   0.00000000000000E+00   0.00000000000000E+00   0.24384363085673E+00   0.00000000000000E+00
 -.44806841515246E-01   0.00000000000000E+00   0.00000000000000E+00   -.45153378579029E-01   0.00000000000000E+00   0.00000000000000E+00   -.20431375443204E-03   0.00000000000000E+00   0.00000000000000E+00
 0.00000000000000E+00   0.00000000000000E+00   0.00000000000000E+00   0.00000000000000E+00   0.00000000000000E+00   0.16265225281486E+00
 0.00000000000000E+00   -.44806841515246E-01   0.00000000000000E+00   0.00000000000000E+00   -.45153378579029E-01   0.00000000000000E+00   0.00000000000000E+00   0.20431375443204E-03   0.00000000000000E+00
 0.00000000000000E+00   0.00000000000000E+00   0.00000000000000E+00   0.00000000000000E+00   0.16265225281486E+00   0.00000000000000E+00
 0.78245590872901E-01   0.00000000000000E+00   0.00000000000000E+00   0.82352345456055E-01   0.00000000000000E+00   0.00000000000000E+00   0.65744439968234E-03   0.00000000000000E+00   0.00000000000000E+00
 0.00000000000000E+00   0.00000000000000E+00   0.00000000000000E+00   0.00000000000000E+00   0.00000000000000E+00   -.54923883488602E+00
 0.00000000000000E+00   0.78245590872901E-01   0.00000000000000E+00   0.00000000000000E+00   0.82352345456055E-01   0.00000000000000E+00   0.00000000000000E+00   -.65744439968234E-03   0.00000000000000E+00
 0.00000000000000E+00   0.00000000000000E+00   0.00000000000000E+00   0.00000000000000E+00   -.54923883488602E+00   0.00000000000000E+00
 -.91653932801617E-02   0.00000000000000E+00   0.00000000000000E+00   -.23621086037853E-02   0.00000000000000E+00   0.00000000000000E+00   0.41876159877607E-03   0.00000000000000E+00   0.00000000000000E+00
 0.00000000000000E+00   0.00000000000000E+00   0.00000000000000E+00   0.00000000000000E+00   0.00000000000000E+00   -.77248782828536E-01
 0.00000000000000E+00   -.91653932801617E-02   0.00000000000000E+00   0.00000000000000E+00   -.23621086037853E-02   0.00000000000000E+00   0.00000000000000E+00   -.41876159877607E-03   0.00000000000000E+00
 0.00000000000000E+00   0.00000000000000E+00   0.00000000000000E+00   0.00000000000000E+00   -.77248782828536E-01   0.00000000000000E+00
 0.11077613429172E+00   0.00000000000000E+00   0.00000000000000E+00   0.11903217765182E+00   0.00000000000000E+00   0.00000000000000E+00   -.58102855470453E-03   0.00000000000000E+00   0.00000000000000E+00
 0.00000000000000E+00   0.00000000000000E+00   0.00000000000000E+00   0.00000000000000E+00   0.00000000000000E+00   -.14192992386798E+00
 0.00000000000000E+00   0.11077613429172E+00   0.00000000000000E+00   0.00000000000000E+00   0.11903217765182E+00   0.00000000000000E+00   0.00000000000000E+00   0.58102855470453E-03   0.00000000000000E+00
 0.00000000000000E+00   0.00000000000000E+00   0.00000000000000E+00   0.00000000000000E+00   -.14192992386798E+00   0.00000000000000E+00
 -.21919685841265E+00   0.00000000000000E+00   0.00000000000000E+00   -.21232843682945E+00   0.00000000000000E+00   0.00000000000000E+00   0.45238292772314E-03   0.00000000000000E+00   0.00000000000000E+00
 0.00000000000000E+00   0.00000000000000E+00   0.00000000000000E+00   0.00000000000000E+00   0.00000000000000E+00   -.15444269195201E+01
 0.00000000000000E+00   -.21919685841265E+00   0.00000000000000E+00   0.00000000000000E+00   -.21232843682945E+00   0.00000000000000E+00   0.00000000000000E+00   -.45238292772313E-03   0.00000000000000E+00
 0.00000000000000E+00   0.00000000000000E+00   0.00000000000000E+00   0.00000000000000E+00   -.15444269195201E+01   0.00000000000000E+00
 -.11027909374445E+00   0.00000000000000E+00   0.00000000000000E+00   -.12420580148454E+00   0.00000000000000E+00   0.00000000000000E+00   -.54175938001575E-02   0.00000000000000E+00   0.00000000000000E+00
 0.00000000000000E+00   0.00000000000000E+00   0.00000000000000E+00   0.00000000000000E+00   0.00000000000000E+00   0.18710763049020E+01
 0.00000000000000E+00   -.11027909374445E+00   0.00000000000000E+00   0.00000000000000E+00   -.12420580148454E+00   0.00000000000000E+00   0.00000000000000E+00   0.54175938001575E-02   0.00000000000000E+00
 0.00000000000000E+00   0.00000000000000E+00   0.00000000000000E+00   0.00000000000000E+00   0.18710763049020E+01   0.00000000000000E+00
 0.25695505569801E-01   0.00000000000000E+00   0.00000000000000E+00   0.23763908561338E-01   0.00000000000000E+00   0.00000000000000E+00   -.12155152532479E-02   0.00000000000000E+00   0.00000000000000E+00
 0.00000000000000E+00   0.00000000000000E+00   0.00000000000000E+00   0.00000000000000E+00   0.00000000000000E+00   0.37717126308166E+00
 0.00000000000000E+00   0.25695505569801E-01   0.00000000000000E+00   0.00000000000000E+00   0.23763908561338E-01   0.00000000000000E+00   0.00000000000000E+00   0.12155152532479E-02   0.00000000000000E+00
 0.00000000000000E+00   0.00000000000000E+00   0.00000000000000E+00   0.00000000000000E+00   0.37717126308166E+00   0.00000000000000E+00
 0.20831638437914E+00   0.00000000000000E+00   0.00000000000000E+00   0.19607734714861E+00   0.00000000000000E+00   0.00000000000000E+00   -.45331732184135E-03   0.00000000000000E+00   0.00000000000000E+00
 0.00000000000000E+00   0.00000000000000E+00   0.00000000000000E+00   0.00000000000000E+00   0.00000000000000E+00   -.62307398419178E-01
 0.00000000000000E+00   0.20831638437914E+00   0.00000000000000E+00   0.00000000000000E+00   0.19607734714861E+00   0.00000000000000E+00   0.00000000000000E+00   0.45331732184135E-03   0.00000000000000E+00
 0.00000000000000E+00   0.00000000000000E+00   0.00000000000000E+00   0.00000000000000E+00   -.62307398419178E-01   0.00000000000000E+00
 0.15788795463692E-01   0.00000000000000E+00   0.00000000000000E+00   0.13942491038351E-01   0.00000000000000E+00   0.00000000000000E+00   0.10317828980349E-02   0.00000000000000E+00   0.00000000000000E+00
 0.00000000000000E+00   0.00000000000000E+00   0.00000000000000E+00   0.00000000000000E+00   0.00000000000000E+00   0.51376416973921E+00
 0.00000000000000E+00   0.15788795463692E-01   0.00000000000000E+00   0.00000000000000E+00   0.13942491038351E-01   0.00000000000000E+00   0.00000000000000E+00   -.10317828980349E-02   0.00000000000000E+00
 0.00000000000000E+00   0.00000000000000E+00   0.00000000000000E+00   0.00000000000000E+00   0.51376416973921E+00   0.00000000000000E+00
 -.11360721288306E+00   0.00000000000000E+00   0.00000000000000E+00   -.12262655336833E+00   0.00000000000000E+00   0.00000000000000E+00   0.81689387779170E-03   0.00000000000000E+00   0.00000000000000E+00
 0.00000000000000E+00   0.00000000000000E+00   0.00000000000000E+00   0.00000000000000E+00   0.00000000000000E+00   0.66734760674002E+00
 0.00000000000000E+00   -.11360721288306E+00   0.00000000000000E+00   0.00000000000000E+00   -.12262655336833E+00   0.00000000000000E+00   0.00000000000000E+00   -.81689387779170E-03   0.00000000000000E+00
 0.00000000000000E+00   0.00000000000000E+00   0.00000000000000E+00   0.00000000000000E+00   0.66734760674002E+00   0.00000000000000E+00
 -.21375337091192E+00   0.00000000000000E+00   0.00000000000000E+00   -.23094813177321E+00   0.00000000000000E+00   0.00000000000000E+00   0.22133263018279E-02   0.00000000000000E+00   0.00000000000000E+00
 0.00000000000000E+00   0.00000000000000E+00   0.00000000000000E+00   0.00000000000000E+00   0.00000000000000E+00   0.10234978700619E+01
 0.00000000000000E+00   -.21375337091192E+00   0.00000000000000E+00   0.00000000000000E+00   -.23094813177321E+00   0.00000000000000E+00   0.00000000000000E+00   -.22133263018279E-02   0.00000000000000E+00
 0.00000000000000E+00   0.00000000000000E+00   0.00000000000000E+00   0.00000000000000E+00   0.10234978700619E+01   0.00000000000000E+00
 -.62291769660529E-01   0.00000000000000E+00   0.00000000000000E+00   -.68420977697860E-01   0.00000000000000E+00   0.00000000000000E+00   -.19830027346616E-02   0.00000000000000E+00   0.00000000000000E+00
 0.00000000000000E+00   0.00000000000000E+00   0.00000000000000E+00   0.00000000000000E+00   0.00000000000000E+00   0.59478209183623E+00
 0.00000000000000E+00   -.62291769660529E-01   0.00000000000000E+00   0.00000000000000E+00   -.68420977697860E-01   0.00000000000000E+00   0.00000000000000E+00   0.19830027346616E-02   0.00000000000000E+00
 0.00000000000000E+00   0.00000000000000E+00   0.00000000000000E+00   0.00000000000000E+00   0.59478209183623E+00   0.00000000000000E+00
 -.18838765243610E+00   0.00000000000000E+00   0.00000000000000E+00   -.17713799848311E+00   0.00000000000000E+00   0.00000000000000E+00   0.59087693136368E-03   0.00000000000000E+00   0.00000000000000E+00
 0.00000000000000E+00   0.00000000000000E+00   0.00000000000000E+00   0.00000000000000E+00   0.00000000000000E+00   -.20058954626051E+01
 0.00000000000000E+00   -.18838765243610E+00   0.00000000000000E+00   0.00000000000000E+00   -.17713799848311E+00   0.00000000000000E+00   0.00000000000000E+00   -.59087693136368E-03   0.00000000000000E+00
 0.00000000000000E+00   0.00000000000000E+00   0.00000000000000E+00   0.00000000000000E+00   -.20058954626051E+01   0.00000000000000E+00
 -.34444868706724E-01   0.00000000000000E+00   0.00000000000000E+00   -.28569501704437E-01   0.00000000000000E+00   0.00000000000000E+00   0.16333581949254E-02   0.00000000000000E+00   0.00000000000000E+00
 0.00000000000000E+00   0.00000000000000E+00   0.00000000000000E+00   0.00000000000000E+00   0.00000000000000E+00   -.28202061085639E+00
 0.00000000000000E+00   -.34444868706724E-01   0.00000000000000E+00   0.00000000000000E+00   -.28569501704437E-01   0.00000000000000E+00   0.00000000000000E+00   -.16333581949254E-02   0.00000000000000E+00
 0.00000000000000E+00   0.00000000000000E+00   0.00000000000000E+00   0.00000000000000E+00   -.28202061085639E+00   0.00000000000000E+00
 -.11080198714866E+00   0.00000000000000E+00   0.00000000000000E+00   -.11680132192560E+00   0.00000000000000E+00   0.00000000000000E+00   -.73377433581239E-03   0.00000000000000E+00   0.00000000000000E+00
 0.00000000000000E+00   0.00000000000000E+00   0.00000000000000E+00   0.00000000000000E+00   0.00000000000000E+00   0.92205984804004E+00
 0.00000000000000E+00   -.11080198714866E+00   0.00000000000000E+00   0.00000000000000E+00   -.11680132192560E+00   0.00000000000000E+00   0.00000000000000E+00   0.73377433581239E-03   0.00000000000000E+00
 0.00000000000000E+00   0.00000000000000E+00   0.00000000000000E+00   0.00000000000000E+00   0.92205984804004E+00   0.00000000000000E+00
 0.52397250734794E-01   0.00000000000000E+00   0.00000000000000E+00   0.69701897557135E-01   0.00000000000000E+00   0.00000000000000E+00   0.19761473923530E-02   0.00000000000000E+00   0.00000000000000E+00
 0.00000000000000E+00   0.00000000000000E+00   0.00000000000000E+00   0.00000000000000E+00   0.00000000000000E+00   0.11039669470660E+01
 0.00000000000000E+00   0.52397250734794E-01   0.00000000000000E+00   0.00000000000000E+00   0.69701897557135E-01   0.00000000000000E+00   0.00000000000000E+00   -.19761473923530E-02   0.00000000000000E+00
 0.00000000000000E+00   0.00000000000000E+00   0.00000000000000E+00   0.00000000000000E+00   0.11039669470660E+01   0.00000000000000E+00
 -.22128453038994E+00   0.00000000000000E+00   0.00000000000000E+00   -.23553041374405E+00   0.00000000000000E+00   0.00000000000000E+00   0.27973674392072E-02   0.00000000000000E+00   0.00000000000000E+00
 0.00000000000000E+00   0.00000000000000E+00   0.00000000000000E+00   0.00000000000000E+00   0.00000000000000E+00   0.40972447415576E+00
 0.00000000000000E+00   -.22128453038994E+00   0.00000000000000E+00   0.00000000000000E+00   -.23553041374405E+00   0.00000000000000E+00   0.00000000000000E+00   -.27973674392072E-02   0.00000000000000E+00
 0.00000000000000E+00   0.00000000000000E+00   0.00000000000000E+00   0.00000000000000E+00   0.40972447415576E+00   0.00000000000000E+00
 0.23628398669262E-01   0.00000000000000E+00   0.00000000000000E+00   0.36782628033225E-01   0.00000000000000E+00   0.00000000000000E+00   0.35305159488841E-02   0.00000000000000E+00   0.00000000000000E+00
 0.00000000000000E+00   0.00000000000000E+00   0.00000000000000E+00   0.00000000000000E+00   0.00000000000000E+00   0.61934561208884E+00
 0.00000000000000E+00   0.23628398669262E-01   0.00000000000000E+00   0.00000000000000E+00   0.36782628033225E-01   0.00000000000000E+00   0.00000000000000E+00   -.35305159488841E-02   0.00000000000000E+00
 0.00000000000000E+00   0.00000000000000E+00   0.00000000000000E+00   0.00000000000000E+00   0.61934561208884E+00   0.00000000000000E+00
 -.32700038167248E+00   0.00000000000000E+00   0.00000000000000E+00   -.33055351880135E+00   0.00000000000000E+00   0.00000000000000E+00   0.23131054980914E-02   0.00000000000000E+00   0.00000000000000E+00
 0.00000000000000E+00   0.00000000000000E+00   0.00000000000000E+00   0.00000000000000E+00   0.00000000000000E+00   0.17708315874653E+01
 0.00000000000000E+00   -.32700038167248E+00   0.00000000000000E+00   0.00000000000000E+00   -.33055351880135E+00   0.00000000000000E+00   0.00000000000000E+00   -.23131054980914E-02   0.00000000000000E+00
 0.00000000000000E+00   0.00000000000000E+00   0.00000000000000E+00   0.00000000000000E+00   0.17708315874653E+01   0.00000000000000E+00
 0.42811089021481E-01   0.00000000000000E+00   0.00000000000000E+00   0.43830446808908E-01   0.00000000000000E+00   0.00000000000000E+00   0.14638530994118E-03   0.00000000000000E+00   0.00000000000000E+00
 0.00000000000000E+00   0.00000000000000E+00   0.00000000000000E+00   0.00000000000000E+00   0.00000000000000E+00   -.19497771826580E+00
 0.00000000000000E+00   0.42811089021481E-01   0.00000000000000E+00   0.00000000000000E+00   0.43830446808908E-01   0.00000000000000E+00   0.00000000000000E+00   -.14638530994118E-03   0.00000000000000E+00
 0.00000000000000E+00   0.00000000000000E+00   0.00000000000000E+00   0.00000000000000E+00   -.19497771826580E+00   0.00000000000000E+00
 -.22443027565607E-02   0.00000000000000E+00   0.00000000000000E+00   -.94797965497299E-02   0.00000000000000E+00   0.00000000000000E+00   -.16509011103851E-02   0.00000000000000E+00   0.00000000000000E+00
 0.00000000000000E+00   0.00000000000000E+00   0.00000000000000E+00   0.00000000000000E+00   0.00000000000000E+00   0.26338894861385E+00
 0.00000000000000E+00   -.22443027565607E-02   0.00000000000000E+00   0.00000000000000E+00   -.94797965497299E-02   0.00000000000000E+00   0.00000000000000E+00   0.16509011103851E-02   0.00000000000000E+00
 0.00000000000000E+00   0.00000000000000E+00   0.00000000000000E+00   0.00000000000000E+00   0.26338894861385E+00   0.00000000000000E+00
 0.27434712949582E+00   0.00000000000000E+00   0.00000000000000E+00   0.29103712341847E+00   0.00000000000000E+00   0.00000000000000E+00   0.63733536503348E-03   0.00000000000000E+00   0.00000000000000E+00
 0.00000000000000E+00   0.00000000000000E+00   0.00000000000000E+00   0.00000000000000E+00   0.00000000000000E+00   -.45270074939037E+00
 0.00000000000000E+00   0.27434712949582E+00   0.00000000000000E+00   0.00000000000000E+00   0.29103712341847E+00   0.00000000000000E+00   0.00000000000000E+00   -.63733536503348E-03   0.00000000000000E+00
 0.00000000000000E+00   0.00000000000000E+00   0.00000000000000E+00   0.00000000000000E+00   -.45270074939037E+00   0.00000000000000E+00
 0.36086810207056E-01   0.00000000000000E+00   0.00000000000000E+00   0.34436088950239E-01   0.00000000000000E+00   0.00000000000000E+00   -.10999740696845E-02   0.00000000000000E+00   0.00000000000000E+00
 0.00000000000000E+00   0.00000000000000E+00   0.00000000000000E+00   0.00000000000000E+00   0.00000000000000E+00   0.18377322194910E+00
 0.00000000000000E+00   0.36086810207056E-01   0.00000000000000E+00   0.00000000000000E+00   0.34436088950239E-01   0.00000000000000E+00   0.00000000000000E+00   0.10999740696845E-02   0.00000000000000E+00
 0.00000000000000E+00   0.00000000000000E+00   0.00000000000000E+00   0.00000000000000E+00   0.18377322194910E+00   0.00000000000000E+00
 -.76061656120712E-02   0.00000000000000E+00   0.00000000000000E+00   -.15552881700494E-01   0.00000000000000E+00   0.00000000000000E+00   0.34698152250419E-02   0.00000000000000E+00   0.00000000000000E+00
 0.00000000000000E+00   0.00000000000000E+00   0.00000000000000E+00   0.00000000000000E+00   0.00000000000000E+00   -.61477395623012E+00
 0.00000000000000E+00   -.76061656120712E-02   0.00000000000000E+00   0.00000000000000E+00   -.15552881700494E-01   0.00000000000000E+00   0.00000000000000E+00   -.34698152250419E-02   0.00000000000000E+00
 0.00000000000000E+00   0.00000000000000E+00   0.00000000000000E+00   0.00000000000000E+00   -.61477395623012E+00   0.00000000000000E+00
 -.16323276674905E+00   0.00000000000000E+00   0.00000000000000E+00   -.17163890411283E+00   0.00000000000000E+00   0.00000000000000E+00   0.28944111564881E-03   0.00000000000000E+00   0.00000000000000E+00
 0.00000000000000E+00   0.00000000000000E+00   0.00000000000000E+00   0.00000000000000E+00   0.00000000000000E+00   0.17475207063529E+00
 0.00000000000000E+00   -.16323276674905E+00   0.00000000000000E+00   0.00000000000000E+00   -.17163890411283E+00   0.00000000000000E+00   0.00000000000000E+00   -.28944111564881E-03   0.00000000000000E+00
 0.00000000000000E+00   0.00000000000000E+00   0.00000000000000E+00   0.00000000000000E+00   0.17475207063529E+00   0.00000000000000E+00
 -.12794387610981E+00   0.00000000000000E+00   0.00000000000000E+00   -.12551048049290E+00   0.00000000000000E+00   0.00000000000000E+00   0.29762070258483E-04   0.00000000000000E+00   0.00000000000000E+00
 0.00000000000000E+00   0.00000000000000E+00   0.00000000000000E+00   0.00000000000000E+00   0.00000000000000E+00   -.87662725620995E+00
 0.00000000000000E+00   -.12794387610981E+00   0.00000000000000E+00   0.00000000000000E+00   -.12551048049290E+00   0.00000000000000E+00   0.00000000000000E+00   -.29762070258483E-04   0.00000000000000E+00
 0.00000000000000E+00   0.00000000000000E+00   0.00000000000000E+00   0.00000000000000E+00   -.87662725620995E+00   0.00000000000000E+00
 0.30381154517395E-01   0.00000000000000E+00   0.00000000000000E+00   0.24437243089537E-01   0.00000000000000E+00   0.00000000000000E+00   0.67410124267189E-04   0.00000000000000E+00   0.00000000000000E+00
 0.00000000000000E+00   0.00000000000000E+00   0.00000000000000E+00   0.00000000000000E+00   0.00000000000000E+00   0.49564193969552E-01
 0.00000000000000E+00   0.30381154517395E-01   0.00000000000000E+00   0.00000000000000E+00   0.24437243089537E-01   0.00000000000000E+00   0.00000000000000E+00   -.67410124267189E-04   0.00000000000000E+00
 0.00000000000000E+00   0.00000000000000E+00   0.00000000000000E+00   0.00000000000000E+00   0.49564193969552E-01   0.00000000000000E+00
 -.32095835592712E-01   0.00000000000000E+00   0.00000000000000E+00   -.31546338914077E-01   0.00000000000000E+00   0.00000000000000E+00   -.15647446902797E-02   0.00000000000000E+00   0.00000000000000E+00
 0.00000000000000E+00   0.00000000000000E+00   0.00000000000000E+00   0.00000000000000E+00   0.00000000000000E+00   -.86657597383290E+00
 0.00000000000000E+00   -.32095835592712E-01   0.00000000000000E+00   0.00000000000000E+00   -.31546338914077E-01   0.00000000000000E+00   0.00000000000000E+00   0.15647446902797E-02   0.00000000000000E+00
 0.00000000000000E+00   0.00000000000000E+00   0.00000000000000E+00   0.00000000000000E+00   -.86657597383290E+00   0.00000000000000E+00
 -.16734008855174E+00   0.00000000000000E+00   0.00000000000000E+00   -.15696894295334E+00   0.00000000000000E+00   0.00000000000000E+00   0.29341978402867E-02   0.00000000000000E+00   0.00000000000000E+00
 0.00000000000000E+00   0.00000000000000E+00   0.00000000000000E+00   0.00000000000000E+00   0.00000000000000E+00   -.14289422769717E+01
 0.00000000000000E+00   -.16734008855174E+00   0.00000000000000E+00   0.00000000000000E+00   -.15696894295334E+00   0.00000000000000E+00   0.00000000000000E+00   -.29341978402867E-02   0.00000000000000E+00
 0.00000000000000E+00   0.00000000000000E+00   0.00000000000000E+00   0.00000000000000E+00   -.14289422769717E+01   0.00000000000000E+00
 0.31277321250090E-01   0.00000000000000E+00   0.00000000000000E+00   0.31844552935709E-01   0.00000000000000E+00   0.00000000000000E+00   0.25394838001235E-02   0.00000000000000E+00   0.00000000000000E+00
 0.00000000000000E+00   0.00000000000000E+00   0.00000000000000E+00   0.00000000000000E+00   0.00000000000000E+00   -.26015739835112E-01
 0.00000000000000E+00   0.31277321250090E-01   0.00000000000000E+00   0.00000000000000E+00   0.31844552935709E-01   0.00000000000000E+00   0.00000000000000E+00   -.25394838001235E-02   0.00000000000000E+00
 0.00000000000000E+00   0.00000000000000E+00   0.00000000000000E+00   0.00000000000000E+00   -.26015739835112E-01   0.00000000000000E+00
 0.67042759155130E-01   0.00000000000000E+00   0.00000000000000E+00   0.69694825039177E-01   0.00000000000000E+00   0.00000000000000E+00   -.41317251130815E-03   0.00000000000000E+00   0.00000000000000E+00
 0.00000000000000E+00   0.00000000000000E+00   0.00000000000000E+00   0.00000000000000E+00   0.00000000000000E+00   0.35023811183532E+00
 0.00000000000000E+00   0.67042759155130E-01   0.00000000000000E+00   0.00000000000000E+00   0.69694825039177E-01   0.00000000000000E+00   0.00000000000000E+00   0.41317251130815E-03   0.00000000000000E+00
 0.00000000000000E+00   0.00000000000000E+00   0.00000000000000E+00   0.00000000000000E+00   0.35023811183532E+00   0.00000000000000E+00
 -.85600197653505E-02   0.00000000000000E+00   0.00000000000000E+00   -.15221195795466E-01   0.00000000000000E+00   0.00000000000000E+00   -.13046991581297E-03   0.00000000000000E+00   0.00000000000000E+00
 0.00000000000000E+00   0.00000000000000E+00   0.00000000000000E+00   0.00000000000000E+00   0.00000000000000E+00   -.51084555847495E+00
 0.00000000000000E+00   -.85600197653505E-02   0.00000000000000E+00   0.00000000000000E+00   -.15221195795466E-01   0.00000000000000E+00   0.00000000000000E+00   0.13046991581297E-03   0.00000000000000E+00
 0.00000000000000E+00   0.00000000000000E+00   0.00000000000000E+00   0.00000000000000E+00   -.51084555847495E+00   0.00000000000000E+00
 -.11860711226511E+00   0.00000000000000E+00   0.00000000000000E+00   -.11647620910139E+00   0.00000000000000E+00   0.00000000000000E+00   0.14754670681046E-03   0.00000000000000E+00   0.00000000000000E+00
 0.00000000000000E+00   0.00000000000000E+00   0.00000000000000E+00   0.00000000000000E+00   0.00000000000000E+00   -.30972748541992E+00
 0.00000000000000E+00   -.11860711226511E+00   0.00000000000000E+00   0.00000000000000E+00   -.11647620910139E+00   0.00000000000000E+00   0.00000000000000E+00   -.14754670681046E-03   0.00000000000000E+00
 0.00000000000000E+00   0.00000000000000E+00   0.00000000000000E+00   0.00000000000000E+00   -.30972748541992E+00   0.00000000000000E+00
 0.11352120937679E+00   0.00000000000000E+00   0.00000000000000E+00   0.10445552085658E+00   0.00000000000000E+00   0.00000000000000E+00   -.15005080436956E-03   0.00000000000000E+00   0.00000000000000E+00
 0.00000000000000E+00   0.00000000000000E+00   0.00000000000000E+00   0.00000000000000E+00   0.00000000000000E+00   0.22789021754597E+00
 0.00000000000000E+00   0.11352120937679E+00   0.00000000000000E+00   0.00000000000000E+00   0.10445552085658E+00   0.00000000000000E+00   0.00000000000000E+00   0.15005080436956E-03   0.00000000000000E+00
 0.00000000000000E+00   0.00000000000000E+00   0.00000000000000E+00   0.00000000000000E+00   0.22789021754597E+00   0.00000000000000E+00
 0.25417922397016E-01   0.00000000000000E+00   0.00000000000000E+00   0.31016410175394E-01   0.00000000000000E+00   0.00000000000000E+00   -.52111454928196E-03   0.00000000000000E+00   0.00000000000000E+00
 0.00000000000000E+00   0.00000000000000E+00   0.00000000000000E+00   0.00000000000000E+00   0.00000000000000E+00   -.10747175244134E+01
 0.00000000000000E+00   0.25417922397016E-01   0.00000000000000E+00   0.00000000000000E+00   0.31016410175394E-01   0.00000000000000E+00   0.00000000000000E+00   0.52111454928196E-03   0.00000000000000E+00
 0.00000000000000E+00   0.00000000000000E+00   0.00000000000000E+00   0.00000000000000E+00   -.10747175244134E+01   0.00000000000000E+00
 -.25757982658073E-02   0.00000000000000E+00   0.00000000000000E+00   -.53024907671234E-02   0.00000000000000E+00   0.00000000000000E+00   -.37335261864834E-02   0.00000000000000E+00   0.00000000000000E+00
 0.00000000000000E+00   0.00000000000000E+00   0.00000000000000E+00   0.00000000000000E+00   0.00000000000000E+00   0.12732932847128E+01
 0.00000000000000E+00   -.25757982658073E-02   0.00000000000000E+00   0.00000000000000E+00   -.53024907671234E-02   0.00000000000000E+00   0.00000000000000E+00   0.37335261864834E-02   0.00000000000000E+00
 0.00000000000000E+00   0.00000000000000E+00   0.00000000000000E+00   0.00000000000000E+00   0.12732932847128E+01   0.00000000000000E+00
 -.40653105935671E-01   0.00000000000000E+00   0.00000000000000E+00   -.35685297614643E-01   0.00000000000000E+00   0.00000000000000E+00   -.46467681467671E-04   0.00000000000000E+00   0.00000000000000E+00
 0.00000000000000E+00   0.00000000000000E+00   0.00000000000000E+00   0.00000000000000E+00   0.00000000000000E+00   0.11004351739929E+01
 0.00000000000000E+00   -.40653105935671E-01   0.00000000000000E+00   0.00000000000000E+00   -.35685297614643E-01   0.00000000000000E+00   0.00000000000000E+00   0.46467681467671E-04   0.00000000000000E+00
 0.00000000000000E+00   0.00000000000000E+00   0.00000000000000E+00   0.00000000000000E+00   0.11004351739929E+01   0.00000000000000E+00
 -.19540914395479E-01   0.00000000000000E+00   0.00000000000000E+00   -.22654037384047E-01   0.00000000000000E+00   0.00000000000000E+00   -.86014646728041E-03   0.00000000000000E+00   0.00000000000000E+00
 0.00000000000000E+00   0.00000000000000E+00   0.00000000000000E+00   0.00000000000000E+00   0.00000000000000E+00   -.47537818904285E+00
 0.00000000000000E+00   -.19540914395479E-01   0.00000000000000E+00   0.00000000000000E+00   -.22654037384047E-01   0.00000000000000E+00   0.00000000000000E+00   0.86014646728041E-03   0.00000000000000E+00
 0.00000000000000E+00   0.00000000000000E+00   0.00000000000000E+00   0.00000000000000E+00   -.47537818904285E+00   0.00000000000000E+00
 -.89153673798095E-01   0.00000000000000E+00   0.00000000000000E+00   -.87942553114346E-01   0.00000000000000E+00   0.00000000000000E+00   0.91635464721256E-03   0.00000000000000E+00   0.00000000000000E+00
 0.00000000000000E+00   0.00000000000000E+00   0.00000000000000E+00   0.00000000000000E+00   0.00000000000000E+00   -.67730491264275E+00
 0.00000000000000E+00   -.89153673798095E-01   0.00000000000000E+00   0.00000000000000E+00   -.87942553114346E-01   0.00000000000000E+00   0.00000000000000E+00   -.91635464721256E-03   0.00000000000000E+00
 0.00000000000000E+00   0.00000000000000E+00   0.00000000000000E+00   0.00000000000000E+00   -.67730491264275E+00   0.00000000000000E+00
 -.22485741267252E+00   0.00000000000000E+00   0.00000000000000E+00   -.22262580048037E+00   0.00000000000000E+00   0.00000000000000E+00   0.55075456552155E-03   0.00000000000000E+00   0.00000000000000E+00
 0.00000000000000E+00   0.00000000000000E+00   0.00000000000000E+00   0.00000000000000E+00   0.00000000000000E+00   -.12944283865778E+01
 0.00000000000000E+00   -.22485741267252E+00   0.00000000000000E+00   0.00000000000000E+00   -.22262580048037E+00   0.00000000000000E+00   0.00000000000000E+00   -.55075456552155E-03   0.00000000000000E+00
 0.00000000000000E+00   0.00000000000000E+00   0.00000000000000E+00   0.00000000000000E+00   -.12944283865778E+01   0.00000000000000E+00
 -.92590921974511E-01   0.00000000000000E+00   0.00000000000000E+00   -.93495805299594E-01   0.00000000000000E+00   0.00000000000000E+00   0.13358116483610E-02   0.00000000000000E+00   0.00000000000000E+00
 0.00000000000000E+00   0.00000000000000E+00   0.00000000000000E+00   0.00000000000000E+00   0.00000000000000E+00   -.28024367070709E+00
 0.00000000000000E+00   -.92590921974511E-01   0.00000000000000E+00   0.00000000000000E+00   -.93495805299594E-01   0.00000000000000E+00   0.00000000000000E+00   -.13358116483610E-02   0.00000000000000E+00
 0.00000000000000E+00   0.00000000000000E+00   0.00000000000000E+00   0.00000000000000E+00   -.28024367070709E+00   0.00000000000000E+00
 0.41951933663611E-01   0.00000000000000E+00   0.00000000000000E+00   0.46970377463180E-01   0.00000000000000E+00   0.00000000000000E+00   -.85677302805947E-03   0.00000000000000E+00   0.00000000000000E+00
 0.00000000000000E+00   0.00000000000000E+00   0.00000000000000E+00   0.00000000000000E+00   0.00000000000000E+00   -.78932389003534E+00
 0.00000000000000E+00   0.41951933663611E-01   0.00000000000000E+00   0.00000000000000E+00   0.46970377463180E-01   0.00000000000000E+00   0.00000000000000E+00   0.85677302805947E-03   0.00000000000000E+00
 0.00000000000000E+00   0.00000000000000E+00   0.00000000000000E+00   0.00000000000000E+00   -.78932389003534E+00   0.00000000000000E+00
