# Electronic excitation spectrum of , IRREP b2  
#  excitation energy / cm^(-1)  oscillator strength (length rep.)
 0.65850594088113E+04   0.24271897284286E-01
 0.17505980474378E+05   0.64533346199894E-02
 0.23173639714666E+05   0.10061924318884E+00
 0.26064239357177E+05   0.60882417834168E-02
 0.26792674472926E+05   0.44152166381911E-01
 0.29417259874505E+05   0.87598355268522E-04
 0.29994378748395E+05   0.23049926373976E-03
 0.30850184220562E+05   0.18634719718195E-02
 0.31180972255978E+05   0.14817821653643E-01
 0.31640681471152E+05   0.34624231058302E-04
 0.32676511926431E+05   0.26200209669495E-02
 0.32720632292769E+05   0.62027667301146E-03
 0.33256173826327E+05   0.55455103388805E-01
 0.33869175937992E+05   0.76292426051500E-02
 0.34174205630085E+05   0.78856882694263E-03
 0.35536953033913E+05   0.34842007213878E-05
 0.35678836049102E+05   0.10743524507072E-02
 0.37284739078244E+05   0.58755122149730E-01
 0.37337750509843E+05   0.26630958307240E-01
 0.37781254715263E+05   0.26787461032900E-02
 0.38707173744663E+05   0.41117934525532E-02
 0.39781047349552E+05   0.84056571269074E-02
 0.39927462082275E+05   0.97873078090648E-02
 0.40349173956715E+05   0.70705024427447E-02
 0.40603161536772E+05   0.38692717842118E-02
 0.40817574732712E+05   0.36093265857119E-01
 0.41003471102127E+05   0.18100059751586E-01
 0.41876306067897E+05   0.29544318730996E-03
 0.42068551895994E+05   0.72711912555338E-01
 0.43297742596507E+05   0.61335201154380E-01
 0.43533376809665E+05   0.19075405739214E-03
 0.43644068279163E+05   0.45771655832274E-03
 0.43851342224981E+05   0.30582972097659E-01
 0.44026092122003E+05   0.46093871923232E-02
 0.44176847572499E+05   0.42124421544022E-01
 0.44374376542084E+05   0.16173996460483E-01
 0.44804448135668E+05   0.66105412387896E-01
 0.44929624466832E+05   0.53909560574163E-03
 0.45044875109060E+05   0.62008277922385E-01
 0.45177825180192E+05   0.24738913182258E-01
 0.45397580645889E+05   0.21345654860155E+00
 0.45622308501028E+05   0.65348991401232E-01
 0.45987619494357E+05   0.32489680005638E-01
 0.46192518461666E+05   0.19246353072844E-03
 0.46651887892076E+05   0.11875611882660E-02
 0.46674409620502E+05   0.30848707829616E-02
 0.47245309989337E+05   0.51971546501484E-01
 0.47663826703873E+05   0.51399603427543E-03
 0.47949995708765E+05   0.10191176839916E+00
 0.47982853009741E+05   0.64300288976441E-02
# Electronic excitation spectrum of , IRREP e   
#  excitation energy / cm^(-1)  oscillator strength (length rep.)
 0.12803119137155E+05   0.21396458327064E-02
 0.20995212422729E+05   0.14042460278290E-03
 0.21732035878849E+05   0.53715481652526E-04
 0.22344451016248E+05   0.35239770803850E-02
 0.23973817832017E+05   0.11490745398319E-03
 0.24372198849224E+05   0.33694438980429E-02
 0.25361117578065E+05   0.44080298243108E-02
 0.26566406609858E+05   0.25062114228723E-03
 0.27067104312843E+05   0.33525611636375E-03
 0.27384744315929E+05   0.11282752084070E-02
 0.27535430186340E+05   0.93335315216639E-06
 0.27890284286205E+05   0.24006901391877E-02
 0.28243683126969E+05   0.77355654500180E-02
 0.28297015879590E+05   0.26520323137391E-02
 0.28867474279368E+05   0.99037334336769E-04
 0.29331434132019E+05   0.68508199299521E-02
 0.29434717237225E+05   0.34761221245634E-04
 0.29842767797163E+05   0.27262303800168E-02
 0.30014504335274E+05   0.97255571955911E-02
 0.30207595107061E+05   0.85911066941517E-03
 0.30713313373610E+05   0.58546986610231E-02
 0.31417199274165E+05   0.15578556286115E-03
 0.31758009430567E+05   0.26321049327589E-02
 0.32697241087860E+05   0.96506090399790E-03
 0.32761509756746E+05   0.11041099073580E-01
 0.33909630960604E+05   0.27871669512650E-03
 0.35097449359958E+05   0.23297726096046E-01
 0.35565603829869E+05   0.41508438112129E-03
 0.36210553088788E+05   0.19769132023585E-04
 0.36476540978805E+05   0.18770024356006E-01
 0.36605998832080E+05   0.26371468431391E-03
 0.37553540457897E+05   0.55185760838629E-04
 0.37702832193470E+05   0.67477634689242E-02
 0.37975003317750E+05   0.36342283719597E-02
 0.38222968776567E+05   0.13867023238045E-03
 0.38439564055823E+05   0.23239714741085E-03
 0.38556516323047E+05   0.57713799250318E-02
 0.38697447052725E+05   0.23840043132854E-03
 0.39038564795834E+05   0.11519916124393E-02
 0.39242429135399E+05   0.55234170639913E-04
 0.39291474731196E+05   0.32383754170162E-02
 0.39429599402978E+05   0.26136027136009E-02
 0.39540707730836E+05   0.23109040343553E-03
 0.39653228416301E+05   0.67731829014577E-05
 0.39709073136837E+05   0.30720112802949E-03
 0.40079354226993E+05   0.12495865752922E-03
 0.40196141498829E+05   0.18885866503725E-02
 0.40294507776556E+05   0.12132526615266E-01
 0.40444584904842E+05   0.21478257532421E-02
 0.40540910081871E+05   0.54337043418923E-03
