$coord
    0.00000000000000      0.00000000000000      0.00000000000000  mo
   -0.00000000000000      0.00000000000000     -6.56365911918769  y
    2.36497288113451      2.36497288113451     -2.60772090245290  s
   -2.36497288113451     -2.36497288113451     -2.60772090245290  s
    2.36497288113451     -2.36497288113451      2.60772090245290  s
   -2.36497288113451      2.36497288113451      2.60772090245290  s
    4.68015552921883     -1.59740269327793     -7.52083611913136  c
    3.54725325833154     -3.54725325833154     -6.04569979189766  c
    1.59740269327793     -4.68015552921883     -7.52083611913136  c
    1.54630912242893     -3.45760127140010     -9.92677193034708  c
    3.45760127140010     -1.54630912242893     -9.92677193034708  c
   -1.59740269327793      4.68015552921883     -7.52083611913136  c
   -3.54725325833154      3.54725325833154     -6.04569979189766  c
   -4.68015552921883      1.59740269327793     -7.52083611913136  c
   -3.45760127140010      1.54630912242893     -9.92677193034708  c
   -1.54630912242893      3.45760127140010     -9.92677193034708  c
    0.04253345743068     -6.93583706883744     -6.77039659747292  c
    0.10694301067704     -4.39252032987867    -12.18823324965695  c
    4.39207215428985     -4.39207215428985     -3.47772013364750  c
    4.39252032987867     -0.10694301067704    -12.18823324965695  c
    6.93583706883744     -0.04253345743068     -6.77039659747292  c
   -0.10694301067704      4.39252032987867    -12.18823324965695  c
   -4.39207215428985      4.39207215428985     -3.47772013364750  c
   -6.93583706883744      0.04253345743067     -6.77039659747292  c
   -4.39252032987867      0.10694301067704    -12.18823324965695  c
    5.86626752632717     -5.86626752632717     -3.62722478487966  h
    2.81895520518481     -5.17660291380732     -2.37091733239926  h
   -2.81895520518481      5.17660291380732     -2.37091733239926  h
   -5.86626752632717      5.86626752632717     -3.62722478487966  h
    5.17660291380732     -2.81895520518481     -2.37091733239926  h
   -5.17660291380732      2.81895520518481     -2.37091733239926  h
    6.92513553953817      1.82651747844977     -7.68684068850701  h
    8.71818417752451     -0.98919543778062     -7.31638848316686  h
    6.98029877524716      0.27710100262900     -4.71735954736227  h
   -6.92513553953817     -1.82651747844977     -7.68684068850701  h
   -8.71818417752451      0.98919543778062     -7.31638848316686  h
   -6.98029877524716     -0.27710100262900     -4.71735954736227  h
   -0.04253345743067      6.93583706883744     -6.77039659747292  c
   -0.98919543778062      8.71818417752451     -7.31638848316686  h
    1.82651747844977      6.92513553953817     -7.68684068850701  h
    0.27710100262900      6.98029877524716     -4.71735954736227  h
    0.98919543778062     -8.71818417752451     -7.31638848316686  h
   -1.82651747844977     -6.92513553953817     -7.68684068850701  h
    2.95072929179821      0.02669893589569    -13.67689245688424  h
   -2.95072929179821     -0.02669893589569    -13.67689245688424  h
   -1.05441735164225      6.05762898013609    -13.02543389314303  h
    1.05441735164225     -6.05762898013609    -13.02543389314303  h
   -0.27710100262900     -6.98029877524716     -4.71735954736227  h
   -0.00000000000000     -0.00000000000000      6.56365911918769  y
    1.59740269327793      4.68015552921883      7.52083611913136  c
   -1.59740269327793     -4.68015552921883      7.52083611913136  c
    4.68015552921883      1.59740269327793      7.52083611913136  c
   -4.68015552921883     -1.59740269327793      7.52083611913136  c
    3.54725325833154      3.54725325833154      6.04569979189766  c
   -3.54725325833154     -3.54725325833154      6.04569979189766  c
    3.45760127140010      1.54630912242893      9.92677193034708  c
   -3.45760127140010     -1.54630912242893      9.92677193034708  c
    1.54630912242893      3.45760127140010      9.92677193034708  c
   -1.54630912242893     -3.45760127140010      9.92677193034708  c
    6.93583706883744      0.04253345743068      6.77039659747292  c
   -6.93583706883744     -0.04253345743067      6.77039659747292  c
    0.04253345743068      6.93583706883744      6.77039659747292  c
   -0.04253345743067     -6.93583706883744      6.77039659747292  c
    4.39252032987867      0.10694301067704     12.18823324965695  c
   -4.39252032987867     -0.10694301067704     12.18823324965695  c
    0.10694301067704      4.39252032987867     12.18823324965695  c
   -0.10694301067704     -4.39252032987867     12.18823324965695  c
    4.39207215428985      4.39207215428985      3.47772013364750  c
   -4.39207215428985     -4.39207215428985      3.47772013364750  c
    5.86626752632717      5.86626752632717      3.62722478487966  h
   -5.86626752632717     -5.86626752632717      3.62722478487966  h
    5.17660291380732      2.81895520518481      2.37091733239926  h
   -5.17660291380732     -2.81895520518481      2.37091733239926  h
    2.81895520518481      5.17660291380732      2.37091733239926  h
   -2.81895520518481     -5.17660291380732      2.37091733239926  h
   -1.82651747844977      6.92513553953817      7.68684068850701  h
    1.82651747844977     -6.92513553953817      7.68684068850701  h
    6.92513553953817     -1.82651747844977      7.68684068850701  h
   -6.92513553953817      1.82651747844977      7.68684068850701  h
    0.98919543778062      8.71818417752451      7.31638848316686  h
   -0.98919543778062     -8.71818417752451      7.31638848316686  h
    8.71818417752451      0.98919543778062      7.31638848316686  h
   -8.71818417752451     -0.98919543778062      7.31638848316686  h
   -0.27710100262900      6.98029877524716      4.71735954736227  h
    0.27710100262900     -6.98029877524716      4.71735954736227  h
    6.98029877524716     -0.27710100262900      4.71735954736227  h
   -6.98029877524716      0.27710100262900      4.71735954736227  h
    4.98006689716920     -1.83021083243989     11.70835190611201  h
   -1.83021083243989     -4.98006689716920    -11.70835190611201  h
    1.83021083243989      4.98006689716920    -11.70835190611201  h
   -0.02669893589569      2.95072929179821     13.67689245688424  h
    0.02669893589569     -2.95072929179821     13.67689245688424  h
    2.95072929179821     -0.02669893589569     13.67689245688424  h
   -0.02669893589569     -2.95072929179821    -13.67689245688424  h
   -2.95072929179821      0.02669893589569     13.67689245688424  h
    0.02669893589569      2.95072929179821    -13.67689245688424  h
   -4.98006689716920      1.83021083243989     11.70835190611201  h
    1.83021083243989     -4.98006689716920     11.70835190611201  h
   -4.98006689716920     -1.83021083243989    -11.70835190611201  h
   -1.83021083243989      4.98006689716920     11.70835190611201  h
    4.98006689716920      1.83021083243989    -11.70835190611201  h
   -6.05762898013609     -1.05441735164225     13.02543389314303  h
    6.05762898013609      1.05441735164225     13.02543389314303  h
   -1.05441735164225     -6.05762898013609     13.02543389314303  h
   -6.05762898013609      1.05441735164225    -13.02543389314303  h
    1.05441735164225      6.05762898013609     13.02543389314303  h
    6.05762898013609     -1.05441735164225    -13.02543389314303  h
$user-defined bonds
$redundant
     number_of_atoms           107
     degrees_of_freedom         42
     internal_coordinates       52
     frozen_coordinates          0
# definitions of redundant internals
   1 k  2.8284271247462 stre  18   94           val=   2.07671
   2 k  2.8284271247462 stre  10   18           val=   2.83902
   3 k  2.8284271247462 stre   7   21           val=   2.84058
   4 k  2.8284271247462 stre  17   42           val=   2.09070
   5 k  2.0000000000000 stre  19   26           val=   2.09018
   6 k  2.8284271247462 stre  18   89           val=   2.08040
   7 k  2.8284271247462 stre  17   48           val=   2.07825
   8 k  2.0000000000000 stre   8   19           val=   2.83231
   9 k  2.8284271247462 stre  17   43           val=   2.08167
  10 k  2.8284271247462 stre  18   47           val=   2.09074
  11 k  1.2518558211392 bend  89   94   18      val=   1.84820
        1.1729722640906 bend  47   94   18
        1.1652616194750 bend  47   89   18
       -1.1100028406891 bend  10   94   18
       -1.1106775366308 bend  10   89   18
       -1.1106068306193 bend  10   47   18
  12 k  0.8168359803557 bend  30   27   19      val=   1.50106
        0.8543963176523 bend  26   27   19
        0.8543963176523 bend  26   30   19
       -0.8008730145139 bend   8   27   19
       -0.8008730145139 bend   8   30   19
       -0.7681130614741 bend   8   26   19
  13 k  1.1789030244922 bend  43   48   17      val=   1.52189
        1.2188883011973 bend  42   48   17
        1.1735165166692 bend  42   43   17
       -1.1175324910880 bend   9   48   17
       -1.1343804830094 bend   9   43   17
       -1.1007542887866 bend   9   42   17
  14 k  0.9428090415821 tors  48   17    9    2 val=  59.87992
        0.9428090415821 tors  48   17    9    8
        0.9428090415821 tors  48   17    9   10
        0.9428090415821 tors  43   17    9    2
        0.9428090415821 tors  43   17    9    8
        0.9428090415821 tors  43   17    9   10
        0.9428090415821 tors  42   17    9    2
        0.9428090415821 tors  42   17    9    8
        0.9428090415821 tors  42   17    9   10
  15 k  2.8284271247462 stre  19   27           val=   2.07731
  16 k  0.9428090415821 tors  94   18   10    2 val=  69.65715
        0.9428090415821 tors  94   18   10    9
        0.9428090415821 tors  94   18   10   11
        0.9428090415821 tors  89   18   10    2
        0.9428090415821 tors  89   18   10    9
        0.9428090415821 tors  89   18   10   11
        0.9428090415821 tors  47   18   10    2
        0.9428090415821 tors  47   18   10    9
        0.9428090415821 tors  47   18   10   11
  17 k  1.3714742481304 bend  30   27   19      val=  -0.00855
       -0.6591941314094 bend  26   27   19
       -0.6591941314094 bend  26   30   19
        0.4410924329038 bend   8   27   19
        0.4410924329038 bend   8   30   19
       -0.9278251517480 bend   8   26   19
  18 k  1.9251897718196 bend  43   48   17      val=  -0.03624
       -1.0207680287062 bend  42   48   17
       -0.8739404003763 bend  42   43   17
        0.5877038595753 bend   9   48   17
        0.6790980876399 bend   9   43   17
       -1.2966630678193 bend   9   42   17
  19 k -0.0666307347198 bend  43   48   17      val=  -0.00448
       -1.6388816032277 bend  42   48   17
        1.7493207434565 bend  42   43   17
       -1.1003399858471 bend   9   48   17
        1.0181228973391 bend   9   43   17
        0.0467124583529 bend   9   42   17
  20 k -0.4572190634409 bend  89   94   18      val=   0.10625
       -1.3827336556817 bend  47   94   18
        1.8696320315712 bend  47   89   18
       -1.2134774884361 bend  10   94   18
        0.9096198853628 bend  10   89   18
        0.2890302427181 bend  10   47   18
  21 k -1.8294604287203 bend  89   94   18      val=   0.81266
        1.3595707213431 bend  47   94   18
        0.5725776976634 bend  47   89   18
       -0.3599649446875 bend  10   94   18
       -0.9031736848386 bend  10   89   18
        1.2375375982824 bend  10   47   18
  22 k  1.9999946825902 bend   8   21    7      val=   0.47450
       -1.9999483220805 bend  11   21    7
        0.0150989608295 bend   2   21    7
  23 k  1.9993439622029 bend   9   18   10      val=   0.38901
       -2.0003217941960 bend  11   18   10
        0.0365573585936 bend   2   18   10
  24 k  0.1116044966577 bend  89   94   18      val=   0.24909
        1.0314913798401 bend  47   94   18
       -1.1474135300919 bend  47   89   18
       -1.7597429760221 bend  10   94   18
        1.5719713667941 bend  10   89   18
        0.1980475723749 bend  10   47   18
  25 k -0.9087121897038 bend  30   27   19      val=   0.77787
        0.4605840285262 bend  26   27   19
        0.4605840285262 bend  26   30   19
        0.6771750129486 bend   8   27   19
        0.6771750129486 bend   8   30   19
       -1.3538223167362 bend   8   26   19
  26 k -1.2599089079218 bend  89   94   18      val=   0.36833
        0.7698944373082 bend  47   94   18
        0.5352506332906 bend  47   89   18
        0.7852551833137 bend  10   94   18
        1.0967981986794 bend  10   89   18
       -1.9271239885269 bend  10   47   18
  27 k -0.1632524888701 bend  43   48   17      val=   0.62736
        1.1333193671794 bend  42   48   17
       -0.9693768480279 bend  42   43   17
       -1.5553876561970 bend   9   48   17
        1.8091564437028 bend   9   43   17
       -0.2386766945476 bend   9   42   17
  28 k -1.2726458469324 bend  43   48   17      val=   0.24742
        0.5068623871319 bend  42   48   17
        0.7809661424374 bend  42   43   17
        1.1615483786573 bend   9   48   17
        0.7334894859270 bend   9   43   17
       -1.9042986875058 bend   9   42   17
  29 k -0.0903056674446 bend   9   19    8      val= 100.36759
       -0.0903056674446 bend   7   19    8
        1.9959182781003 bend   2   19    8
  30 k -0.3518327338190 bend   9   18   10      val=  78.98339
       -0.3006658208952 bend  11   18   10
        2.7903071142007 bend   2   18   10
  31 k -0.1668918852852 bend   8   21    7      val=  96.31612
       -0.1456076161459 bend  11   21    7
        2.8197421018147 bend   2   21    7
  32 k  0.7071067811865 tors   8    7    2    3 val=  62.12639
        0.7071067811865 tors   8    7    2    4
        0.7071067811865 tors   8    7    2    9
        0.7071067811865 tors   8    7    2   10
        0.7071067811865 tors   8    7    2   12
        0.7071067811865 tors   8    7    2   13
        0.7071067811865 tors   8    7    2   15
        0.7071067811865 tors   8    7    2   16
        0.7071067811865 tors  11    7    2    3
        0.7071067811865 tors  11    7    2    4
        0.7071067811865 tors  11    7    2    9
        0.7071067811865 tors  11    7    2   10
        0.7071067811865 tors  11    7    2   12
        0.7071067811865 tors  11    7    2   13
        0.7071067811865 tors  11    7    2   15
        0.7071067811865 tors  11    7    2   16
  33 k  0.6666666666667 tors   9   10    2    3 val=  97.05470
        0.6666666666667 tors   9   10    2    4
        0.6666666666667 tors   9   10    2    7
        0.6666666666667 tors   9   10    2    8
        0.6666666666667 tors   9   10    2   12
        0.6666666666667 tors   9   10    2   13
        0.6666666666667 tors   9   10    2   14
        0.6666666666667 tors   9   10    2   15
        0.6666666666667 tors   9   10    2   16
        0.6666666666667 tors  11   10    2    3
        0.6666666666667 tors  11   10    2    4
        0.6666666666667 tors  11   10    2    7
        0.6666666666667 tors  11   10    2    8
        0.6666666666667 tors  11   10    2   12
        0.6666666666667 tors  11   10    2   13
        0.6666666666667 tors  11   10    2   14
        0.6666666666667 tors  11   10    2   15
        0.6666666666667 tors  11   10    2   16
  34 k  2.0000000000000 stre   1    3           val=   4.24104
  35 k  1.4142135623731 bend   4    3    1      val= 104.11389
  36 k  2.0000000000000 stre   2    3           val=   5.18031
  37 k  2.8284271247462 stre   2    7           val=   5.03704
  38 k  2.0000000000000 stre   2    8           val=   5.04324
  39 k  2.8284271247462 stre   7    8           val=   2.69470
  40 k  2.8284271247462 stre   2   10           val=   5.06524
  41 k  2.8284271247462 stre   7   11           val=   2.69922
  42 k  2.0000000000000 stre  10   11           val=   2.70298
  43 k -0.6904292475804 bend   4    3    2      val=  51.16151
       -0.2601835149399 bend   7    3    2
       -0.5032100953258 bend   7    4    2
        0.0550305093613 bend   9    7    2
        0.4137717540931 bend  12    7    2
       -0.4314493740112 bend   8    3    2
        0.2042831448099 bend  13    7    2
       -0.1777236651319 bend  10    3    2
        0.1645771972833 bend  10    7    2
        0.0890967955649 bend  10    8    2
       -0.1012684709909 bend  11    3    2
        0.7368086742628 bend  16    7    2
        0.8958419291188 bend  16   10    2
        0.9688619303112 bend  15    7    2
        0.8687109830366 bend  15    8    2
        0.7993101058756 bend  15   10    2
  44 k  1.1781791605448 bend   4    3    2      val=   8.17119
       -0.3217616615346 bend   7    3    2
        0.3185193426645 bend   7    4    2
        0.3738028455422 bend   9    7    2
       -0.4154462485726 bend  12    7    2
        0.1478734882921 bend   8    3    2
       -0.2317536231660 bend  13    7    2
       -0.3719399154512 bend  10    3    2
       -0.0744534560011 bend  10    7    2
       -0.3779804403430 bend  10    8    2
       -0.5339040217519 bend  11    3    2
        0.0327299437488 bend  16    7    2
        0.4803624578399 bend  16   10    2
        0.1407396772158 bend  15    7    2
        0.1124521201823 bend  15    8    2
        0.4876165530111 bend  15   10    2
  45 k  0.7214749173515 bend   4    3    2      val=  26.03607
        0.2336369307204 bend   7    3    2
       -0.2274903510764 bend   7    4    2
       -1.1804169419050 bend   9    7    2
        1.0427655575565 bend  12    7    2
        0.1691697433500 bend   8    3    2
        0.5309055980014 bend  13    7    2
       -0.1687295725985 bend  10    3    2
       -0.5396918920929 bend  10    7    2
       -0.2013061322404 bend  10    8    2
       -0.1704539475719 bend  11    3    2
        0.3460511799754 bend  16    7    2
       -0.0358339839349 bend  16   10    2
       -0.0504086125874 bend  15    7    2
       -0.1365138188374 bend  15    8    2
        0.0582146056141 bend  15   10    2
  46 k  0.8665928326158 bend   4    3    2      val=  12.73194
       -0.6496680410224 bend   7    3    2
       -0.2981611664395 bend   7    4    2
        0.1467103462441 bend   9    7    2
        0.3360104843099 bend  12    7    2
       -0.5851476329695 bend   8    3    2
        0.2167012674343 bend  13    7    2
        0.2805349669835 bend  10    3    2
        0.7975076490528 bend  10    7    2
        1.1127674462115 bend  10    8    2
       -0.3196078195007 bend  11    3    2
        0.0098221200114 bend  16    7    2
       -0.4693508535542 bend  16   10    2
        0.3367686879664 bend  15    7    2
        0.3470580928015 bend  15    8    2
       -0.7406852957990 bend  15   10    2
  47 k  0.1720446694575 bend   4    3    2      val=   7.60651
        0.6646449039823 bend   7    3    2
        0.6290135472787 bend   7    4    2
       -0.2530317986810 bend   9    7    2
       -0.4926332916732 bend  12    7    2
       -0.9803939859835 bend   8    3    2
        0.2010725215229 bend  13    7    2
       -0.3687653501390 bend  10    3    2
       -1.0186047595242 bend  10    7    2
        1.0266868205741 bend  10    8    2
        0.2374476863846 bend  11    3    2
       -0.3089199611704 bend  16    7    2
       -0.0446373182295 bend  16   10    2
       -0.8906450124983 bend  15    7    2
        1.3905802766196 bend  15    8    2
        0.3992333083783 bend  15   10    2
  48 k -0.2548321437350 bend   4    3    2      val=   3.43111
        0.7074447377906 bend   7    3    2
        0.3268570769850 bend   7    4    2
       -0.5559841989159 bend   9    7    2
       -0.0432276062819 bend  12    7    2
       -0.1028833094639 bend   8    3    2
        0.1541728606588 bend  13    7    2
        0.7769528678858 bend  10    3    2
        0.3912395923780 bend  10    7    2
        0.1895369657179 bend  10    8    2
       -1.2263558093387 bend  11    3    2
       -1.0462655297094 bend  16    7    2
        1.1985997360962 bend  16   10    2
        0.1297215256767 bend  15    7    2
       -0.1287379913585 bend  15    8    2
       -0.2988711955789 bend  15   10    2
  49 k  2.0000000000000 bend   2    1    3      val=  87.72997
  50 k  2.8284271247462 bend  11    8    7      val= 108.13268
  51 k  2.0000000000000 bend   7    9    8      val= 107.98385
  52 k  2.8284271247462 bend  11    9   10      val= 107.87157
        42 non zero eigenvalues  of BmBt
           1           3.659835965    1    0
         1
           2           3.496333680    2    0
         2
           3           3.474082797    3    0
         3
           4           3.449189761    4    0
         4
           5           3.395808055    5    0
         5
           6           3.209663018    6    0
         6
           7           3.186492913    7    0
         7
           8           3.160874666    8    0
         8
           9           2.081216741    9    0
         9
          10           1.425950868   10    0
        10
          11           1.242192715   11    0
        11
          12           1.036549154   12    0
        12
          13           1.010937938   13    0
        13
          14           0.909439878   14    0
        14
          15           0.778240959   15    0
        15
          16           0.740854792   16    0
        16
          17           0.681305999   17    0
        17
          18           0.678608224   18    0
        18
          19           0.676175428   19    0
        19
          20           0.674579475   20    0
        20
          21           0.671645729   21    0
        21
          22           0.670883143   22    0
        22
          23           0.635059915   23    0
        23
          24           0.629542407   24    0
        24
          25           0.474808732   25    0
        25
          26           0.454159510   26    0
        26
          27           0.197893389   27    0
        27
          28           0.128378868   28    0
        28
          29           0.106138350   29    0
        29
          30           0.087223709   30    0
        30
          31           0.075614709   31    0
        31
          32           2.955076308    0    0
         0.000000000         0.000000000         0.000000000         0.000000000
         0.000000000         0.000000000         0.000000000         0.000000000
         0.000000000         0.000000000         0.000000000         0.000000000
         0.000000000         0.000000000         0.000000000         0.000000000
         0.000000000         0.000000000         0.000000000         0.000000000
         0.000000000         0.000000000         0.000000000         0.000000000
         0.000000000         0.000000000         0.000000000         0.000000000
         0.000000000         0.000000000         0.000000000        -0.244767117
        -0.001846230        -0.026245571         0.068171253         0.586915779
        -0.035304045         0.234875844        -0.034758726        -0.612002647
        -0.024265477         0.013386494         0.391997216        -0.034610635
         0.008147769         0.007057020        -0.040213993         0.012439642
         0.018484218         0.011026192         0.000608143        -0.011466788
          33           1.225257604    0    0
         0.000000000         0.000000000         0.000000000         0.000000000
         0.000000000         0.000000000         0.000000000         0.000000000
         0.000000000         0.000000000         0.000000000         0.000000000
         0.000000000         0.000000000         0.000000000         0.000000000
         0.000000000         0.000000000         0.000000000         0.000000000
         0.000000000         0.000000000         0.000000000         0.000000000
         0.000000000         0.000000000         0.000000000         0.000000000
         0.000000000         0.000000000         0.000000000        -0.003309743
         0.064249843         0.869917962         0.078977931         0.211981232
         0.007500120        -0.021780635         0.010171586         0.056940555
         0.004002732         0.003615467        -0.141076710         0.260495960
         0.118389139         0.171431206         0.009272526        -0.015356441
        -0.229121961        -0.004916478         0.002791592         0.002947853
          34           0.921164040    0    0
         0.000000000         0.000000000         0.000000000         0.000000000
         0.000000000         0.000000000         0.000000000         0.000000000
         0.000000000         0.000000000         0.000000000         0.000000000
         0.000000000         0.000000000         0.000000000         0.000000000
         0.000000000         0.000000000         0.000000000         0.000000000
         0.000000000         0.000000000         0.000000000         0.000000000
         0.000000000         0.000000000         0.000000000         0.000000000
         0.000000000         0.000000000         0.000000000        -0.188583560
         0.026429312         0.272676370        -0.304316459        -0.695447292
        -0.035922609         0.164972712        -0.018680378        -0.428995332
        -0.048146870        -0.037674307         0.212771421         0.072448813
         0.056010844         0.060793836        -0.014792643        -0.000088530
         0.196133207         0.010766424        -0.018399975         0.002208590
          35           0.510579222    0    0
         0.000000000         0.000000000         0.000000000         0.000000000
         0.000000000         0.000000000         0.000000000         0.000000000
         0.000000000         0.000000000         0.000000000         0.000000000
         0.000000000         0.000000000         0.000000000         0.000000000
         0.000000000         0.000000000         0.000000000         0.000000000
         0.000000000         0.000000000         0.000000000         0.000000000
         0.000000000         0.000000000         0.000000000         0.000000000
         0.000000000         0.000000000         0.000000000        -0.249528696
        -0.282316032         0.006961748         0.006471534         0.005854908
        -0.211710711         0.228057410        -0.150157613         0.154676237
         0.612362870        -0.472369040        -0.052601931        -0.120721928
         0.101628422         0.102327755         0.045948718        -0.113027370
        -0.008091307         0.178592281        -0.165986326        -0.062812072
          36           0.417730203    0    0
         0.000000000         0.000000000         0.000000000         0.000000000
         0.000000000         0.000000000         0.000000000         0.000000000
         0.000000000         0.000000000         0.000000000         0.000000000
         0.000000000         0.000000000         0.000000000         0.000000000
         0.000000000         0.000000000         0.000000000         0.000000000
         0.000000000         0.000000000         0.000000000         0.000000000
         0.000000000         0.000000000         0.000000000         0.000000000
         0.000000000         0.000000000         0.000000000        -0.293244481
         0.148663530        -0.015410782        -0.016941526        -0.010546865
         0.444419756         0.357771132         0.572688733         0.212953877
         0.293029277         0.278835184         0.058396769         0.014566606
        -0.113690984         0.078071488         0.021912219         0.014649705
         0.021400983        -0.032040490        -0.031782256         0.054702801
          37           0.308711450    0    0
         0.000000000         0.000000000         0.000000000         0.000000000
         0.000000000         0.000000000         0.000000000         0.000000000
         0.000000000         0.000000000         0.000000000         0.000000000
         0.000000000         0.000000000         0.000000000         0.000000000
         0.000000000         0.000000000         0.000000000         0.000000000
         0.000000000         0.000000000         0.000000000         0.000000000
         0.000000000         0.000000000         0.000000000         0.000000000
         0.000000000         0.000000000         0.000000000         0.040429684
        -0.300276453         0.017441652         0.002069999        -0.000230322
        -0.293383585         0.299078431         0.097604833         0.124528066
        -0.323450165         0.396137785        -0.031468332        -0.048453838
         0.066071205         0.048756914         0.074960814         0.088675598
        -0.005890063         0.479395044        -0.386049740        -0.208178170
          38           0.242461119    0    0
         0.000000000         0.000000000         0.000000000         0.000000000
         0.000000000         0.000000000         0.000000000         0.000000000
         0.000000000         0.000000000         0.000000000         0.000000000
         0.000000000         0.000000000         0.000000000         0.000000000
         0.000000000         0.000000000         0.000000000         0.000000000
         0.000000000         0.000000000         0.000000000         0.000000000
         0.000000000         0.000000000         0.000000000         0.000000000
         0.000000000         0.000000000         0.000000000         0.569584516
        -0.335328576         0.065879204        -0.058168809        -0.010557913
         0.257286935         0.185046386        -0.232312420        -0.147888876
         0.391123375         0.347365247         0.026437402        -0.061074156
         0.025493254         0.079913458        -0.168533334         0.026652128
         0.054454111        -0.029522023         0.214797535        -0.121739062
          39           0.114787471    0    0
         0.000000000         0.000000000         0.000000000         0.000000000
         0.000000000         0.000000000         0.000000000         0.000000000
         0.000000000         0.000000000         0.000000000         0.000000000
         0.000000000         0.000000000         0.000000000         0.000000000
         0.000000000         0.000000000         0.000000000         0.000000000
         0.000000000         0.000000000         0.000000000         0.000000000
         0.000000000         0.000000000         0.000000000         0.000000000
         0.000000000         0.000000000         0.000000000        -0.370328309
        -0.183454666         0.046282000        -0.084811611         0.021015979
        -0.039937827        -0.700683483        -0.024990403        -0.006568867
         0.254231161         0.396888706         0.142717048        -0.089166908
        -0.049998494         0.162580291         0.053002703         0.043912223
         0.094937453         0.118473629         0.029133812        -0.134773477
          40           0.098768823    0    0
         0.000000000         0.000000000         0.000000000         0.000000000
         0.000000000         0.000000000         0.000000000         0.000000000
         0.000000000         0.000000000         0.000000000         0.000000000
         0.000000000         0.000000000         0.000000000         0.000000000
         0.000000000         0.000000000         0.000000000         0.000000000
         0.000000000         0.000000000         0.000000000         0.000000000
         0.000000000         0.000000000         0.000000000         0.000000000
         0.000000000         0.000000000         0.000000000        -0.076037836
        -0.401207977        -0.015846951         0.066103968        -0.020769155
         0.701398413        -0.157325435        -0.020715615        -0.139293263
        -0.247995498        -0.265112179        -0.092402432        -0.057709810
         0.230094918        -0.018854260         0.162939507         0.025981921
        -0.078641537         0.142366250        -0.202396793         0.007742506
          41           0.061822828    0    0
         0.000000000         0.000000000         0.000000000         0.000000000
         0.000000000         0.000000000         0.000000000         0.000000000
         0.000000000         0.000000000         0.000000000         0.000000000
         0.000000000         0.000000000         0.000000000         0.000000000
         0.000000000         0.000000000         0.000000000         0.000000000
         0.000000000         0.000000000         0.000000000         0.000000000
         0.000000000         0.000000000         0.000000000         0.000000000
         0.000000000         0.000000000         0.000000000         0.158345839
        -0.096387168        -0.055186503         0.079240285        -0.032087952
        -0.186751740        -0.132446003         0.455956012        -0.507922210
         0.133001999        -0.052007839        -0.546664456        -0.090411090
        -0.221023128         0.174453561         0.036584693         0.016170271
        -0.088372716        -0.018749582        -0.106950288         0.095328457
          42           0.006227823    0    0
         0.000000000         0.000000000         0.000000000         0.000000000
         0.000000000         0.000000000         0.000000000         0.000000000
         0.000000000         0.000000000         0.000000000         0.000000000
         0.000000000         0.000000000         0.000000000         0.000000000
         0.000000000         0.000000000         0.000000000         0.000000000
         0.000000000         0.000000000         0.000000000         0.000000000
         0.000000000         0.000000000         0.000000000         0.000000000
         0.000000000         0.000000000         0.000000000         0.107265237
        -0.060102613         0.289506146        -0.468592244         0.273016721
         0.026130494        -0.030641962         0.119983190         0.108024851
        -0.075440331        -0.144601484        -0.084273481        -0.365274401
        -0.196384308        -0.263633759         0.036469837         0.011641911
         0.543141697        -0.016708651        -0.061011473         0.059969053
$end
