$dipgrad          cartesian dipole gradients
  0.70573555272614D+00  -.61862204269771D-16  -.13105292519148D-16
  0.34665485110872D-17  0.70573555272615D+00  0.49131300520105D-16
  0.14995867162287D-16  0.16086848141931D-15  0.34572300990733D+01
  0.10439771126076D+01  -.74686252041179D+00  0.43894888452996D-16
  -.74686252041179D+00  0.10439771126076D+01  0.45332636222028D-15
  0.44176573074882D-18  -.10590309175683D-15  0.24210519824957D+01
  -.42536448188250D+00  -.21550474606483D+00  0.46973587387287D+00
  -.21550474606482D+00  -.42536448188251D+00  0.46973587387285D+00
  0.20012659960035D+00  0.20012659960035D+00  -.18565806990651D+01
  -.42536448188248D+00  -.21550474606482D+00  -.46973587387284D+00
  -.21550474606483D+00  -.42536448188248D+00  -.46973587387284D+00
  -.20012659960035D+00  -.20012659960035D+00  -.18565806990651D+01
  -.42536448188249D+00  0.21550474606482D+00  -.46973587387284D+00
  0.21550474606482D+00  -.42536448188248D+00  0.46973587387286D+00
  -.20012659960035D+00  0.20012659960035D+00  -.18565806990651D+01
  -.42536448188247D+00  0.21550474606482D+00  0.46973587387289D+00
  0.21550474606482D+00  -.42536448188248D+00  -.46973587387283D+00
  0.20012659960035D+00  -.20012659960035D+00  -.18565806990651D+01
  -.29157782196046D-01  0.80127843579682D-01  0.15483811821373D+00
  0.82260035447309D-01  -.21389263741675D+00  -.16591635108001D+00
  0.36976913477017D-01  -.11999060802276D+00  -.13239478184616D+00
  -.12944179125891D+00  0.81497105615596D-01  0.17504984964242D+00
  0.81497105615595D-01  -.12944179125891D+00  -.17504984964242D+00
  0.84625091066638D-01  -.84625091066638D-01  -.23274189532334D+00
  -.21389263741675D+00  0.82260035447309D-01  0.16591635108001D+00
  0.80127843579681D-01  -.29157782196046D-01  -.15483811821373D+00
  0.11999060802276D+00  -.36976913477017D-01  -.13239478184617D+00
  -.24408533457774D+00  0.82795727376704D-01  -.30993918715902D-01
  0.15728179915163D+00  -.75563060939026D-01  -.32754134348589D-01
  0.44151047682391D-01  -.24783241297455D-01  0.15628234907987D-01
  -.75563060939026D-01  0.15728179915163D+00  0.32754134348592D-01
  0.82795727376705D-01  -.24408533457774D+00  0.30993918715906D-01
  0.24783241297456D-01  -.44151047682391D-01  0.15628234907994D-01
  -.21389263741675D+00  0.82260035447289D-01  -.16591635107999D+00
  0.80127843579679D-01  -.29157782196041D-01  0.15483811821373D+00
  -.11999060802276D+00  0.36976913477019D-01  -.13239478184615D+00
  -.12944179125891D+00  0.81497105615597D-01  -.17504984964244D+00
  0.81497105615597D-01  -.12944179125892D+00  0.17504984964242D+00
  -.84625091066637D-01  0.84625091066635D-01  -.23274189532336D+00
  -.29157782196041D-01  0.80127843579678D-01  -.15483811821373D+00
  0.82260035447289D-01  -.21389263741675D+00  0.16591635108001D+00
  -.36976913477017D-01  0.11999060802277D+00  -.13239478184616D+00
  -.75563060939027D-01  0.15728179915163D+00  -.32754134348611D-01
  0.82795727376704D-01  -.24408533457774D+00  -.30993918715902D-01
  -.24783241297455D-01  0.44151047682391D-01  0.15628234907966D-01
  -.24408533457774D+00  0.82795727376706D-01  0.30993918715910D-01
  0.15728179915163D+00  -.75563060939029D-01  0.32754134348597D-01
  -.44151047682391D-01  0.24783241297455D-01  0.15628234907985D-01
  0.12721609259995D+00  0.33888729624067D-01  0.35676783881885D-01
  -.82382696497201D-01  0.14691290388591D+00  0.59002441084896D-01
  0.37276274135179D-02  0.15499444019367D-01  0.51685603607265D-01
  0.11878890642668D+00  0.15928339620330D-01  0.87196654560790D-01
  -.65269149323113D-01  0.13664515044805D+00  0.10541791863976D-01
  -.22827488024618D-01  0.69528088678289D-01  0.19726421058976D+00
  0.72651244233936D-01  -.70384151318740D-01  -.25329187556564D-01
  -.70384151318738D-01  0.72651244233936D-01  0.25329187556551D-01
  0.43729706303062D-01  -.43729706303062D-01  0.73234941303264D-01
  0.13664515044805D+00  -.65269149323113D-01  -.10541791863989D-01
  0.15928339620331D-01  0.11878890642669D+00  -.87196654560787D-01
  -.69528088678289D-01  0.22827488024619D-01  0.19726421058975D+00
  0.14691290388591D+00  -.82382696497200D-01  -.59002441084895D-01
  0.33888729624067D-01  0.12721609259995D+00  -.35676783881881D-01
  -.15499444019367D-01  -.37276274135177D-02  0.51685603607269D-01
  0.11878890642669D+00  0.15928339620330D-01  -.87196654560800D-01
  -.65269149323113D-01  0.13664515044805D+00  -.10541791863996D-01
  0.22827488024620D-01  -.69528088678289D-01  0.19726421058975D+00
  0.72651244233935D-01  -.70384151318739D-01  0.25329187556567D-01
  -.70384151318740D-01  0.72651244233934D-01  -.25329187556571D-01
  -.43729706303061D-01  0.43729706303063D-01  0.73234941303250D-01
  0.14691290388592D+00  -.82382696497200D-01  0.59002441084912D-01
  0.33888729624136D-01  0.12721609259994D+00  0.35676783881963D-01
  0.15499444019368D-01  0.37276274135166D-02  0.51685603607273D-01
  0.13664515044805D+00  -.65269149323113D-01  0.10541791863991D-01
  0.15928339620329D-01  0.11878890642669D+00  0.87196654560799D-01
  0.69528088678289D-01  -.22827488024620D-01  0.19726421058976D+00
  -.91791256559241D-01  0.15923554911186D+00  -.11615475577347D-01
  0.15923554911186D+00  -.91791256559241D-01  0.11615475577347D-01
  -.49877604328323D-03  0.49877604328308D-03  -.44572375172626D-01
  -.28661635270864D-01  -.46172223013616D-01  0.42208971294780D-01
  -.52899482094501D-01  0.70462513314326D-01  0.81737745975214D-01
  -.16301698281108D-01  0.58242380845960D-01  -.16181971734677D-01
  -.28661635270866D-01  -.46172223013616D-01  -.42208971294780D-01
  -.52899482094502D-01  0.70462513314325D-01  -.81737745975214D-01
  0.16301698281108D-01  -.58242380845960D-01  -.16181971734676D-01
  -.91791256559241D-01  0.15923554911186D+00  0.11615475577347D-01
  0.15923554911186D+00  -.91791256559240D-01  -.11615475577347D-01
  0.49877604328319D-03  -.49877604328305D-03  -.44572375172622D-01
  0.70462513314326D-01  -.52899482094502D-01  -.81737745975214D-01
  -.46172223013615D-01  -.28661635270864D-01  -.42208971294786D-01
  -.58242380845960D-01  0.16301698281108D-01  -.16181971734681D-01
  0.70462513314325D-01  -.52899482094502D-01  0.81737745975221D-01
  -.46172223013615D-01  -.28661635270864D-01  0.42208971294783D-01
  0.58242380845960D-01  -.16301698281108D-01  -.16181971734678D-01
  0.23493435967174D-01  0.18020104821884D-01  -.34944805865496D-01
  -.60819485275045D-01  -.96324684488475D-01  0.66556917065747D-01
  0.92756983526076D-02  0.75631631340213D-01  0.31642863673348D-01
  -.25292203115860D+00  0.15070374659236D-01  0.76418613749555D-01
  0.80234530900635D-01  0.12092513797273D-02  -.64413949774903D-01
  0.70451524678404D-01  -.25617965772522D-01  0.46522897606870D-02
  0.76094617729505D-01  -.18225698755743D-02  -.68254232391131D-01
  -.43569379709806D-01  0.37553805666374D-01  0.33709818617355D-01
  -.57516198131887D-01  -.22605805864168D-01  -.66104178942833D-01
  0.23493435967172D-01  0.18020104821884D-01  0.34944805865495D-01
  -.60819485275056D-01  -.96324684488477D-01  -.66556917065758D-01
  -.92756983526037D-02  -.75631631340211D-01  0.31642863673354D-01
  -.25292203115860D+00  0.15070374659238D-01  -.76418613749560D-01
  0.80234530900613D-01  0.12092513797292D-02  0.64413949774886D-01
  -.70451524678406D-01  0.25617965772523D-01  0.46522897606889D-02
  0.76094617729504D-01  -.18225698755746D-02  0.68254232391130D-01
  -.43569379709827D-01  0.37553805666373D-01  -.33709818617378D-01
  0.57516198131888D-01  0.22605805864166D-01  -.66104178942836D-01
  0.12721609259994D+00  0.33888729624136D-01  -.35676783881950D-01
  -.82382696497200D-01  0.14691290388592D+00  -.59002441084910D-01
  -.37276274135153D-02  -.15499444019367D-01  0.51685603607274D-01
  0.12092513797293D-02  0.80234530900614D-01  -.64413949774885D-01
  0.15070374659238D-01  -.25292203115860D+00  0.76418613749562D-01
  -.25617965772523D-01  0.70451524678406D-01  0.46522897606873D-02
  -.96324684488477D-01  -.60819485275056D-01  0.66556917065759D-01
  0.18020104821884D-01  0.23493435967172D-01  -.34944805865495D-01
  0.75631631340210D-01  0.92756983526044D-02  0.31642863673351D-01
  0.37553805666373D-01  -.43569379709828D-01  0.33709818617371D-01
  -.18225698755745D-02  0.76094617729504D-01  -.68254232391131D-01
  -.22605805864166D-01  -.57516198131889D-01  -.66104178942840D-01
  0.12092513797273D-02  0.80234530900634D-01  0.64413949774907D-01
  0.15070374659236D-01  -.25292203115860D+00  -.76418613749556D-01
  0.25617965772523D-01  -.70451524678404D-01  0.46522897606883D-02
  -.96324684488476D-01  -.60819485275043D-01  -.66556917065743D-01
  0.18020104821884D-01  0.23493435967174D-01  0.34944805865497D-01
  -.75631631340212D-01  -.92756983526087D-02  0.31642863673353D-01
  -.24881046036147D-01  0.15449205941420D-01  -.13962253457418D+00
  -.27309068810836D-01  0.59791658602277D-01  0.34912538503803D-01
  -.54318471574628D-01  0.39225997413580D-01  -.97082118456421D-01
  -.24881046036148D-01  0.15449205941420D-01  0.13962253457418D+00
  -.27309068810836D-01  0.59791658602276D-01  -.34912538503805D-01
  0.54318471574628D-01  -.39225997413580D-01  -.97082118456422D-01
  -.25424519900947D-02  0.85631756993151D-01  -.29916973306379D-01
  0.42250477743062D-01  -.13919406944240D+00  0.21212602587502D+00
  0.18801819879399D-01  0.11958664075430D+00  -.13338427080314D+00
  -.25424519900948D-02  0.85631756993151D-01  0.29916973306381D-01
  0.42250477743061D-01  -.13919406944240D+00  -.21212602587502D+00
  -.18801819879399D-01  -.11958664075430D+00  -.13338427080314D+00
  0.37553805666374D-01  -.43569379709806D-01  -.33709818617359D-01
  -.18225698755745D-02  0.76094617729505D-01  0.68254232391133D-01
  0.22605805864167D-01  0.57516198131886D-01  -.66104178942836D-01
  0.10439771126076D+01  0.74686252041179D+00  0.18995349116888D-15
  0.74686252041179D+00  0.10439771126076D+01  0.20452161082871D-15
  -.42436880053032D-16  -.37905306724781D-16  0.24210519824957D+01
  -.21389263741675D+00  -.82260035447308D-01  -.16591635108003D+00
  -.80127843579682D-01  -.29157782196043D-01  -.15483811821374D+00
  -.11999060802277D+00  -.36976913477015D-01  -.13239478184616D+00
  -.21389263741675D+00  -.82260035447290D-01  0.16591635107996D+00
  -.80127843579678D-01  -.29157782196032D-01  0.15483811821374D+00
  0.11999060802276D+00  0.36976913477017D-01  -.13239478184615D+00
  -.29157782196042D-01  -.80127843579682D-01  -.15483811821374D+00
  -.82260035447306D-01  -.21389263741675D+00  -.16591635108002D+00
  -.36976913477015D-01  -.11999060802277D+00  -.13239478184614D+00
  -.29157782196032D-01  -.80127843579678D-01  0.15483811821372D+00
  -.82260035447290D-01  -.21389263741675D+00  0.16591635108000D+00
  0.36976913477017D-01  0.11999060802276D+00  -.13239478184617D+00
  -.12944179125891D+00  -.81497105615597D-01  -.17504984964242D+00
  -.81497105615596D-01  -.12944179125891D+00  -.17504984964243D+00
  -.84625091066635D-01  -.84625091066637D-01  -.23274189532336D+00
  -.12944179125891D+00  -.81497105615598D-01  0.17504984964243D+00
  -.81497105615598D-01  -.12944179125891D+00  0.17504984964243D+00
  0.84625091066636D-01  0.84625091066636D-01  -.23274189532337D+00
  -.75563060939030D-01  -.15728179915163D+00  -.32754134348574D-01
  -.82795727376705D-01  -.24408533457774D+00  0.30993918715902D-01
  -.24783241297455D-01  -.44151047682391D-01  0.15628234908018D-01
  -.75563060939032D-01  -.15728179915163D+00  0.32754134348587D-01
  -.82795727376705D-01  -.24408533457774D+00  -.30993918715879D-01
  0.24783241297455D-01  0.44151047682391D-01  0.15628234908005D-01
  -.24408533457774D+00  -.82795727376703D-01  0.30993918715887D-01
  -.15728179915163D+00  -.75563060939030D-01  -.32754134348592D-01
  -.44151047682391D-01  -.24783241297455D-01  0.15628234908011D-01
  -.24408533457774D+00  -.82795727376705D-01  -.30993918715921D-01
  -.15728179915163D+00  -.75563060939033D-01  0.32754134348596D-01
  0.44151047682391D-01  0.24783241297454D-01  0.15628234908001D-01
  0.14691290388591D+00  0.82382696497200D-01  0.59002441084904D-01
  -.33888729624067D-01  0.12721609259995D+00  -.35676783881888D-01
  0.15499444019366D-01  -.37276274135186D-02  0.51685603607280D-01
  0.14691290388592D+00  0.82382696497201D-01  -.59002441084911D-01
  -.33888729624137D-01  0.12721609259994D+00  0.35676783881957D-01
  -.15499444019367D-01  0.37276274135169D-02  0.51685603607287D-01
  0.12721609259995D+00  -.33888729624066D-01  -.35676783881875D-01
  0.82382696497198D-01  0.14691290388591D+00  0.59002441084903D-01
  -.37276274135185D-02  0.15499444019368D-01  0.51685603607288D-01
  0.12721609259995D+00  -.33888729624138D-01  0.35676783881953D-01
  0.82382696497200D-01  0.14691290388592D+00  -.59002441084904D-01
  0.37276274135158D-02  -.15499444019367D-01  0.51685603607279D-01
  0.13664515044805D+00  0.65269149323114D-01  0.10541791863982D-01
  -.15928339620330D-01  0.11878890642669D+00  -.87196654560796D-01
  0.69528088678290D-01  0.22827488024620D-01  0.19726421058975D+00
  0.13664515044805D+00  0.65269149323114D-01  -.10541791863985D-01
  -.15928339620330D-01  0.11878890642669D+00  0.87196654560802D-01
  -.69528088678290D-01  -.22827488024616D-01  0.19726421058975D+00
  0.11878890642669D+00  -.15928339620329D-01  -.87196654560801D-01
  0.65269149323113D-01  0.13664515044805D+00  0.10541791863978D-01
  0.22827488024620D-01  0.69528088678289D-01  0.19726421058975D+00
  0.11878890642668D+00  -.15928339620333D-01  0.87196654560798D-01
  0.65269149323113D-01  0.13664515044805D+00  -.10541791863972D-01
  -.22827488024619D-01  -.69528088678290D-01  0.19726421058974D+00
  0.72651244233933D-01  0.70384151318739D-01  0.25329187556573D-01
  0.70384151318739D-01  0.72651244233934D-01  0.25329187556552D-01
  -.43729706303062D-01  -.43729706303063D-01  0.73234941303276D-01
  0.72651244233932D-01  0.70384151318739D-01  -.25329187556584D-01
  0.70384151318740D-01  0.72651244233931D-01  -.25329187556561D-01
  0.43729706303062D-01  0.43729706303065D-01  0.73234941303255D-01
  -.91791256559241D-01  -.15923554911186D+00  0.11615475577346D-01
  -.15923554911186D+00  -.91791256559241D-01  0.11615475577348D-01
  0.49877604328294D-03  0.49877604328253D-03  -.44572375172627D-01
  -.91791256559241D-01  -.15923554911186D+00  -.11615475577348D-01
  -.15923554911186D+00  -.91791256559241D-01  -.11615475577347D-01
  -.49877604328373D-03  -.49877604328250D-03  -.44572375172620D-01
  0.70462513314325D-01  0.52899482094502D-01  0.81737745975217D-01
  0.46172223013617D-01  -.28661635270864D-01  -.42208971294784D-01
  0.58242380845959D-01  0.16301698281108D-01  -.16181971734674D-01
  0.70462513314325D-01  0.52899482094502D-01  -.81737745975208D-01
  0.46172223013616D-01  -.28661635270864D-01  0.42208971294784D-01
  -.58242380845960D-01  -.16301698281108D-01  -.16181971734675D-01
  -.28661635270864D-01  0.46172223013615D-01  -.42208971294784D-01
  0.52899482094502D-01  0.70462513314325D-01  0.81737745975213D-01
  0.16301698281108D-01  0.58242380845961D-01  -.16181971734677D-01
  -.28661635270865D-01  0.46172223013616D-01  0.42208971294783D-01
  0.52899482094502D-01  0.70462513314325D-01  -.81737745975212D-01
  -.16301698281109D-01  -.58242380845960D-01  -.16181971734675D-01
  -.96324684488476D-01  0.60819485275045D-01  0.66556917065744D-01
  -.18020104821884D-01  0.23493435967175D-01  0.34944805865497D-01
  0.75631631340212D-01  -.92756983526115D-02  0.31642863673349D-01
  -.96324684488477D-01  0.60819485275056D-01  -.66556917065755D-01
  -.18020104821884D-01  0.23493435967173D-01  -.34944805865495D-01
  -.75631631340210D-01  0.92756983526050D-02  0.31642863673354D-01
  0.23493435967176D-01  -.18020104821884D-01  0.34944805865496D-01
  0.60819485275043D-01  -.96324684488477D-01  0.66556917065746D-01
  -.92756983526083D-02  0.75631631340213D-01  0.31642863673349D-01
  0.23493435967173D-01  -.18020104821884D-01  -.34944805865495D-01
  0.60819485275056D-01  -.96324684488476D-01  -.66556917065757D-01
  0.92756983526041D-02  -.75631631340210D-01  0.31642863673356D-01
  0.12092513797275D-02  -.80234530900635D-01  -.64413949774905D-01
  -.15070374659236D-01  -.25292203115860D+00  -.76418613749559D-01
  -.25617965772523D-01  -.70451524678403D-01  0.46522897606867D-02
  0.12092513797294D-02  -.80234530900614D-01  0.64413949774886D-01
  -.15070374659238D-01  -.25292203115860D+00  0.76418613749564D-01
  0.25617965772524D-01  0.70451524678406D-01  0.46522897606867D-02
  -.25292203115860D+00  -.15070374659235D-01  -.76418613749558D-01
  -.80234530900634D-01  0.12092513797274D-02  -.64413949774902D-01
  -.70451524678404D-01  -.25617965772522D-01  0.46522897606948D-02
  -.25292203115860D+00  -.15070374659238D-01  0.76418613749576D-01
  -.80234530900613D-01  0.12092513797287D-02  0.64413949774878D-01
  0.70451524678405D-01  0.25617965772524D-01  0.46522897606859D-02
  0.37553805666374D-01  0.43569379709805D-01  0.33709818617358D-01
  0.18225698755744D-02  0.76094617729504D-01  0.68254232391134D-01
  -.22605805864167D-01  0.57516198131892D-01  -.66104178942837D-01
  0.37553805666373D-01  0.43569379709828D-01  -.33709818617372D-01
  0.18225698755746D-02  0.76094617729503D-01  -.68254232391132D-01
  0.22605805864166D-01  -.57516198131893D-01  -.66104178942837D-01
  0.76094617729504D-01  0.18225698755744D-02  0.68254232391125D-01
  0.43569379709807D-01  0.37553805666374D-01  0.33709818617356D-01
  0.57516198131894D-01  -.22605805864167D-01  -.66104178942837D-01
  0.76094617729504D-01  0.18225698755751D-02  -.68254232391137D-01
  0.43569379709828D-01  0.37553805666373D-01  -.33709818617370D-01
  -.57516198131892D-01  0.22605805864165D-01  -.66104178942840D-01
  0.44898867934750D-01  0.54878485380393D-01  -.11273884505273D-01
  0.76310793304411D-01  -.11031862946700D+00  0.45685221215769D-01
  -.10995769924828D-02  -.54311158440536D-01  0.12187375361192D-01
  -.11031862946700D+00  -.76310793304411D-01  -.45685221215768D-01
  -.54878485380393D-01  0.44898867934750D-01  -.11273884505273D-01
  0.54311158440536D-01  -.10995769924834D-02  0.12187375361193D-01
  -.11031862946700D+00  -.76310793304411D-01  0.45685221215771D-01
  -.54878485380393D-01  0.44898867934751D-01  0.11273884505278D-01
  -.54311158440535D-01  0.10995769924833D-02  0.12187375361187D-01
  0.59791658602277D-01  0.27309068810836D-01  0.34912538503802D-01
  -.15449205941420D-01  -.24881046036147D-01  0.13962253457417D+00
  0.39225997413580D-01  0.54318471574628D-01  -.97082118456426D-01
  0.59791658602277D-01  0.27309068810836D-01  -.34912538503806D-01
  -.15449205941420D-01  -.24881046036147D-01  -.13962253457417D+00
  -.39225997413580D-01  -.54318471574629D-01  -.97082118456418D-01
  -.24881046036147D-01  -.15449205941420D-01  0.13962253457417D+00
  0.27309068810836D-01  0.59791658602276D-01  0.34912538503807D-01
  0.54318471574629D-01  0.39225997413580D-01  -.97082118456420D-01
  0.59791658602277D-01  -.27309068810837D-01  -.34912538503805D-01
  0.15449205941420D-01  -.24881046036147D-01  0.13962253457418D+00
  -.39225997413579D-01  0.54318471574628D-01  -.97082118456413D-01
  -.24881046036147D-01  -.15449205941420D-01  -.13962253457418D+00
  0.27309068810836D-01  0.59791658602278D-01  -.34912538503804D-01
  -.54318471574628D-01  -.39225997413580D-01  -.97082118456426D-01
  0.59791658602277D-01  -.27309068810836D-01  0.34912538503805D-01
  0.15449205941420D-01  -.24881046036148D-01  -.13962253457418D+00
  0.39225997413579D-01  -.54318471574629D-01  -.97082118456431D-01
  0.44898867934751D-01  0.54878485380393D-01  0.11273884505272D-01
  0.76310793304411D-01  -.11031862946700D+00  -.45685221215783D-01
  0.10995769924828D-02  0.54311158440536D-01  0.12187375361194D-01
  -.11031862946700D+00  0.76310793304411D-01  -.45685221215765D-01
  0.54878485380393D-01  0.44898867934750D-01  0.11273884505274D-01
  0.54311158440536D-01  0.10995769924811D-02  0.12187375361190D-01
  0.44898867934750D-01  -.54878485380394D-01  -.11273884505278D-01
  -.76310793304411D-01  -.11031862946700D+00  -.45685221215768D-01
  -.10995769924828D-02  0.54311158440536D-01  0.12187375361198D-01
  -.11031862946700D+00  0.76310793304411D-01  0.45685221215764D-01
  0.54878485380393D-01  0.44898867934751D-01  -.11273884505273D-01
  -.54311158440536D-01  -.10995769924826D-02  0.12187375361191D-01
  0.44898867934750D-01  -.54878485380392D-01  0.11273884505264D-01
  -.76310793304410D-01  -.11031862946700D+00  0.45685221215766D-01
  0.10995769924835D-02  -.54311158440536D-01  0.12187375361186D-01
  -.13919406944240D+00  -.42250477743061D-01  0.21212602587502D+00
  -.85631756993151D-01  -.25424519900952D-02  0.29916973306382D-01
  0.11958664075430D+00  -.18801819879399D-01  -.13338427080314D+00
  -.13919406944240D+00  -.42250477743062D-01  -.21212602587502D+00
  -.85631756993151D-01  -.25424519900951D-02  -.29916973306381D-01
  -.11958664075430D+00  0.18801819879399D-01  -.13338427080314D+00
  -.25424519900948D-02  -.85631756993151D-01  0.29916973306380D-01
  -.42250477743062D-01  -.13919406944240D+00  0.21212602587502D+00
  -.18801819879399D-01  0.11958664075430D+00  -.13338427080314D+00
  -.13919406944240D+00  0.42250477743060D-01  -.21212602587502D+00
  0.85631756993151D-01  -.25424519900950D-02  0.29916973306381D-01
  -.11958664075430D+00  -.18801819879399D-01  -.13338427080314D+00
  -.25424519900948D-02  -.85631756993150D-01  -.29916973306379D-01
  -.42250477743061D-01  -.13919406944240D+00  -.21212602587502D+00
  0.18801819879399D-01  -.11958664075430D+00  -.13338427080314D+00
  -.13919406944240D+00  0.42250477743061D-01  0.21212602587502D+00
  0.85631756993150D-01  -.25424519900948D-02  -.29916973306380D-01
  0.11958664075430D+00  0.18801819879399D-01  -.13338427080314D+00
$end
