$energy      SCF               SCFKIN            SCFPOT
     1 -3297.546177802      3176.690206514     -6474.236384316
     2 -3297.546178189      3176.690197031     -6474.236375220
     3 -3297.546182423      3176.714183101     -6474.260365524
     4 -3297.546184159      3176.727522483     -6474.273706641
     5 -3297.546185138      3176.738609859     -6474.284794998
     6 -3297.546192709      3176.734044395     -6474.280237104
     7 -3297.546220398      3176.715974485     -6474.262194883
     8 -3297.546224316      3176.713916367     -6474.260140683
     9 -3297.546233178      3176.714774523     -6474.261007701
    10 -3297.546244654      3176.723699192     -6474.269943846
    11 -3297.546269215      3176.737536562     -6474.283805777
    12 -3297.546288445      3176.737410717     -6474.283699161
    13 -3297.546303530      3176.726095356     -6474.272398886
    14 -3297.546345548      3176.700292734     -6474.246638281
    15 -3297.546444373      3176.682643486     -6474.229087859
    16 -3297.546566316      3176.675684899     -6474.222251215
    17 -3297.546671418      3176.668500005     -6474.215171423
    18 -3297.546758430      3176.661771985     -6474.208530415
    19 -3297.546862474      3176.667372281     -6474.214234755
    20 -3297.547103665      3176.692205678     -6474.239309343
    21 -3297.547485335      3176.719138090     -6474.266623425
    22 -3297.547819628      3176.725918873     -6474.273738501
    23 -3297.547864908      3176.773328669     -6474.321193577
    24 -3297.548182922      3176.732683643     -6474.280866564
    25 -3297.548291949      3176.719306784     -6474.267598733
    26 -3297.548477263      3176.705884230     -6474.254361494
    27 -3297.548551941      3176.707549566     -6474.256101507
    28 -3297.548591777      3176.706402175     -6474.254993952
    29 -3297.548715777      3176.711323973     -6474.260039751
    30 -3297.548776545      3176.713895694     -6474.262672239
    31 -3297.548814304      3176.717238704     -6474.266053008
    32 -3297.548855637      3176.721967735     -6474.270823372
    33 -3297.548878085      3176.723543073     -6474.272421159
    34 -3297.548929083      3176.727818979     -6474.276748063
    35 -3297.548965369      3176.729097118     -6474.278062487
    36 -3297.549007476      3176.725993365     -6474.275000841
    37 -3297.549022570      3176.722587667     -6474.271610237
    38 -3297.549040313      3176.717519120     -6474.266559433
    39 -3297.549067341      3176.714628961     -6474.263696302
    40 -3297.549081774      3176.714492512     -6474.263574287
    41 -3297.549090970      3176.713755406     -6474.262846375
    42 -3297.549097463      3176.712513891     -6474.261611354
    43 -3297.549100217      3176.712245009     -6474.261345226
    44 -3297.549103500      3176.713379584     -6474.262483084
    45 -3297.549106731      3176.715261518     -6474.264368249
    46 -3297.549110523      3176.717597936     -6474.266708459
    47 -3297.549116122      3176.720807601     -6474.269923723
    48 -3297.549119417      3176.721395385     -6474.270514802
    49 -3297.549124777      3176.720419497     -6474.269544274
    50 -3297.549127987      3176.717696692     -6474.266824679
    51 -3297.549131291      3176.714725208     -6474.263856499
    52 -3297.549133432      3176.714225473     -6474.263358905
    53 -3297.549137401      3176.714203022     -6474.263340423
    54 -3297.549142217      3176.715696575     -6474.264838792
    55 -3297.549144439      3176.716681940     -6474.265826379
    56 -3297.549145756      3176.716296045     -6474.265441801
    57 -3297.549146524      3176.715318241     -6474.264464765
    58 -3297.549146932      3176.714874691     -6474.264021622
    59 -3297.549147334      3176.714669277     -6474.263816611
    60 -3297.549147693      3176.714943638     -6474.264091331
    61 -3297.549148091      3176.715525213     -6474.264673305
    62 -3297.549148882      3176.717385492     -6474.266534373
    63 -3297.549148910      3176.717484744     -6474.266633655
    64 -3297.595750818      3176.737060107     -6474.332810925
    65 -3297.595887124      3176.693271864     -6474.289158988
    66 -3297.595915334      3176.678799243     -6474.274714577
    67 -3297.595926517      3176.677292150     -6474.273218667
    68 -3297.595942975      3176.682600432     -6474.278543407
    69 -3297.595958558      3176.689054006     -6474.285012564
    70 -3297.595969219      3176.689956971     -6474.285926190
    71 -3297.595986803      3176.688669800     -6474.284656603
    72 -3297.595991757      3176.688740243     -6474.284732000
    73 -3297.595992785      3176.689322199     -6474.285314984
    74 -3297.595996921      3176.691502194     -6474.287499115
    75 -3297.595996398      3176.694235681     -6474.290232079
    76 -3297.595995180      3176.697423351     -6474.293418531
    77 -3297.595998202      3176.697634928     -6474.293633130
    78 -3297.596001518      3176.698348819     -6474.294350337
    79 -3297.596000876      3176.698001917     -6474.294002793
    80 -3297.596003818      3176.696744880     -6474.292748699
    81 -3297.596004786      3176.695244354     -6474.291249140
    82 -3297.596005409      3176.694060718     -6474.290066127
    83 -3297.596006112      3176.693540927     -6474.289547039
    84 -3297.596006613      3176.692995103     -6474.289001716
    85 -3297.596008087      3176.692104965     -6474.288113052
    86 -3297.596008676      3176.691459621     -6474.287468297
    87 -3297.596010453      3176.690786603     -6474.286797056
    88 -3297.596009097      3176.690832573     -6474.286841669
    89 -3297.596009704      3176.690597235     -6474.286606939
    90 -3297.596009930      3176.690576218     -6474.286586148
    91 -3297.596009963      3176.690826448     -6474.286836410
    92 -3297.596009043      3176.691382867     -6474.287391909
    93 -3297.596009611      3176.691531261     -6474.287540872
    94 -3297.596009506      3176.691647366     -6474.287656873
    95 -3297.596009364      3176.691911479     -6474.287920842
    96 -3297.596009286      3176.692027253     -6474.288036540
$end
