$coord
   -0.00000000990548      0.00000000137341     -0.00000019225160  mo
    0.00000000377643     -0.00000000434124     -6.38372755542086  dy
    0.00000000685643      0.00000000332036      6.38372738662340  dy
    2.38765252017474      2.38765251777206     -2.50281838211139  s
   -2.38765251650030     -2.38765251805118     -2.50281838820968  s
    2.38765250106230     -2.38765250595095      2.50281850564886  s
   -2.38765250168282      2.38765250218253      2.50281850700173  s
    4.63808164002957     -1.58460877512022     -7.62255271835406  c
    3.57718498137196     -3.57718498206336     -6.19732398073506  c
    1.58460878216122     -4.63808164741148     -7.62255272546105  c
    1.40436060842849     -3.29746373576962     -9.92840102862155  c
    3.29746374032914     -1.40436061146099     -9.92840101946681  c
   -1.58460879441756      4.63808166617732     -7.62255271930681  c
   -3.57718497743500      3.57718497803123     -6.19732397919771  c
   -4.63808164021724      1.58460877281916     -7.62255272153231  c
   -3.29746374457024      1.40436060806128     -9.92840102974823  c
   -1.40436060596568      3.29746373508832     -9.92840102316448  c
    1.58460876683126      4.63808161854167      7.62255273408131  c
    1.40436063019477      3.29746376291546      9.92840102336613  c
    3.29746375606563      1.40436063108766      9.92840101270888  c
    4.63808161021263      1.58460876523679      7.62255273719504  c
    3.57718513357042      3.57718513711174      6.19732402339791  c
   -4.63808160374770     -1.58460875615024      7.62255274235997  c
   -3.29746375606294     -1.40436063637478      9.92840102131937  c
   -1.40436063884388     -3.29746377239067      9.92840102313613  c
   -1.58460876824853     -4.63808160690279      7.62255273929985  c
   -3.57718514458332     -3.57718514684597      6.19732400760071  c
    0.37857893510642     -6.17314464771356     -7.02306918848746  h
    0.06853393026895     -3.65915083427106    -11.43091492061279  h
    4.12508995670981     -4.12508995727256     -4.30878815949425  h
    3.65915083267365     -0.06853393474993    -11.43091491709604  h
    6.17314465796259     -0.37857894035842     -7.02306919346304  h
   -0.06853393284312      3.65915083297546    -11.43091492058923  h
   -0.37857893362440      6.17314465024594     -7.02306919244981  h
   -4.12508995244348      4.12508995062010     -4.30878815172917  h
   -6.17314464545932      0.37857893522997     -7.02306919487736  h
   -3.65915083590785      0.06853393499506    -11.43091492185022  h
   -0.37857896160582     -6.17314459256795      7.02306922288129  h
   -4.12508993289799     -4.12508993303604      4.30878820468596  h
   -6.17314459456985     -0.37857896084769      7.02306922333248  h
   -3.65915083923897     -0.06853398226519     11.43091486759254  h
   -0.06853396499786     -3.65915083026877     11.43091486987239  h
    0.06853398151651      3.65915083858151     11.43091486091476  h
    0.37857896417956      6.17314460404503      7.02306922023174  h
    4.12508993631628      4.12508993656249      4.30878820616697  h
    3.65915082849004      0.06853396928624     11.43091486256563  h
    6.17314459148055      0.37857895992386      7.02306922224798  h
$user-defined bonds
$end
