$grad          cartesian gradients
  cycle =      1    SCF energy =    -4206.6421937200   |dE/dxyz| =  0.003220
    0.00000000000000      0.00000000000000      0.00000000000000      mo
    0.00000000000000      0.00000000000000     -6.38168945089953      dy
    0.00000000000000      0.00000000000000      6.38168945089953      dy
    2.38782412843009      2.38782412843009     -2.50242503354870      s
   -2.38782412843009     -2.38782412843009     -2.50242503354870      s
    2.38782412843009     -2.38782412843009      2.50242503354870      s
   -2.38782412843009      2.38782412843009      2.50242503354870      s
    4.63802670974263     -1.58454810169046     -7.62248340851537      c
    3.57722341869892     -3.57722341869892     -6.19730485953767      c
    1.58454810169046     -4.63802670974263     -7.62248340851537      c
    1.40423895460007     -3.29732456811586     -9.92825171520403      c
    3.29732456811586     -1.40423895460007     -9.92825171520403      c
   -1.58454810169046      4.63802670974263     -7.62248340851537      c
   -3.57722341869892      3.57722341869892     -6.19730485953767      c
   -4.63802670974263      1.58454810169046     -7.62248340851537      c
   -3.29732456811586      1.40423895460007     -9.92825171520403      c
   -1.40423895460007      3.29732456811586     -9.92825171520403      c
    1.58454810169046      4.63802670974263      7.62248340851537      c
    1.40423895460007      3.29732456811586      9.92825171520403      c
    3.29732456811586      1.40423895460007      9.92825171520403      c
    4.63802670974263      1.58454810169046      7.62248340851537      c
    3.57722341869892      3.57722341869892      6.19730485953767      c
   -4.63802670974263     -1.58454810169046      7.62248340851537      c
   -3.29732456811586     -1.40423895460007      9.92825171520403      c
   -1.40423895460007     -3.29732456811586      9.92825171520403      c
   -1.58454810169046     -4.63802670974263      7.62248340851537      c
   -3.57722341869892     -3.57722341869892      6.19730485953767      c
    0.37859117888499     -6.17317476991314     -7.02306310766268      h
    0.06857564496049     -3.65914270040803    -11.43087968132956      h
    4.12515529721157     -4.12515529721157     -4.30878101923906      h
    3.65914270040803     -0.06857564496049    -11.43087968132956      h
    6.17317476991314     -0.37859117888499     -7.02306310766268      h
   -0.06857564496049      3.65914270040803    -11.43087968132956      h
   -0.37859117888499      6.17317476991314     -7.02306310766268      h
   -4.12515529721157      4.12515529721157     -4.30878101923906      h
   -6.17317476991314      0.37859117888499     -7.02306310766268      h
   -3.65914270040803      0.06857564496049    -11.43087968132956      h
   -0.37859117888499     -6.17317476991314      7.02306310766268      h
   -4.12515529721157     -4.12515529721157      4.30878101923906      h
   -6.17317476991314     -0.37859117888499      7.02306310766268      h
   -3.65914270040803     -0.06857564496049     11.43087968132956      h
   -0.06857564496049     -3.65914270040803     11.43087968132956      h
    0.06857564496049      3.65914270040803     11.43087968132956      h
    0.37859117888499      6.17317476991314      7.02306310766268      h
    4.12515529721157      4.12515529721157      4.30878101923906      h
    3.65914270040803      0.06857564496049     11.43087968132956      h
    6.17317476991314      0.37859117888499      7.02306310766268      h
  0.62450322690921D-10  -.15377615847356D-10  0.40508360554803D-10
  -.24637637208169D-08  0.10851789605804D-08  0.22730286918114D-02
  -.15171567578631D-08  -.22086346085359D-08  -.22730281559076D-02
  -.74364011757727D-05  -.74363810077527D-05  -.12545685803111D-04
  0.74363642774689D-05  0.74364121341597D-05  -.12545692548549D-04
  -.74363690187873D-05  0.74363824946744D-05  0.12545677938292D-04
  0.74368530893487D-05  -.74362907249714D-05  0.12545847799750D-04
  -.78930840048327D-05  -.11878229572097D-04  -.29087213446119D-05
  0.88398082273983D-05  -.88398543115097D-05  -.62597644942618D-04
  0.11878183008070D-04  0.78933068220323D-05  -.29085397238726D-05
  -.18546290860136D-04  -.22420323088022D-04  0.12436233531969D-04
  0.22420603952356D-04  0.18546244625835D-04  0.12436310651752D-04
  -.11878082129588D-04  -.78932133127721D-05  -.29086596428363D-05
  -.88398909639173D-05  0.88397051516559D-05  -.62597521372148D-04
  0.78933015435021D-05  0.11878125778610D-04  -.29086419604391D-05
  -.22412704113257D-04  -.18548203396279D-04  0.12440690413118D-04
  0.18546287823330D-04  0.22420567103510D-04  0.12436308798942D-04
  0.11878129441319D-04  -.78930173479166D-05  0.29086360770203D-05
  -.18546213228901D-04  0.22420453816193D-04  -.12436328884608D-04
  0.22420372531987D-04  -.18546282427187D-04  -.12436225386173D-04
  -.78932774079414D-05  0.11878065160099D-04  0.29085926267769D-05
  0.88398556231314D-05  0.88398477131602D-05  0.62597675923447D-04
  0.78934681805587D-05  -.11877946745005D-04  0.29085318797792D-05
  -.22420587925426D-04  0.18546253637786D-04  -.12436301414842D-04
  0.18548182646169D-04  -.22412779092422D-04  -.12440812388041D-04
  -.11878014178984D-04  0.78932736015946D-05  0.29086201593087D-05
  -.88399054466882D-05  -.88399111280620D-05  0.62597649363727D-04
  -.70647114755267D-06  0.21765832445807D-05  0.21283454598015D-05
  0.12578960208541D-04  -.18076763170704D-04  -.12616781927422D-04
  0.59630061773237D-05  -.59630058680000D-05  -.63712559450375D-05
  0.18076774583754D-04  -.12578955683521D-04  -.12616784488090D-04
  -.21822664473380D-05  0.70728507229820D-06  0.21270369825639D-05
  -.12578961857072D-04  0.18076773864339D-04  -.12616785371831D-04
  0.70648707906507D-06  -.21765762256622D-05  0.21283496086863D-05
  -.59630157453288D-05  0.59630124478946D-05  -.63712666696668D-05
  0.21765692093736D-05  -.70648040398835D-06  0.21283434094594D-05
  -.18076775483875D-04  0.12578965208244D-04  -.12616781188130D-04
  0.70647661833080D-06  0.21765581780520D-05  -.21283504151141D-05
  -.59630100087710D-05  -.59630164489319D-05  0.63712548734780D-05
  0.21765809248633D-05  0.70647693718034D-06  -.21283448719146D-05
  -.18076436322509D-04  -.12578944728623D-04  0.12616292463370D-04
  -.12578958041467D-04  -.18076777563561D-04  0.12616779623036D-04
  0.12578963736845D-04  0.18076787359846D-04  0.12616802951240D-04
  -.70729115375992D-06  -.21822691135759D-05  -.21270373275119D-05
  0.59625340453340D-05  0.59628585086066D-05  0.63711660083367D-05
  0.18076768831195D-04  0.12578957218939D-04  0.12616785276965D-04
  -.21765630195134D-05  -.70647501989826D-06  -.21283509693340D-05
  cycle =      2    SCF energy =    -4206.6421896840   |dE/dxyz| =  0.001527
   -0.00000000012304      0.00000000003335     -0.00000000008129      mo
    0.00000000493879     -0.00000000216322     -6.38623550828342      dy
    0.00000000302676      0.00000000441531      6.38623550721108      dy
    2.38783900125304      2.38783900118143     -2.50239994217214      s
   -2.38783900116815     -2.38783900123494     -2.50239994216909      s
    2.38783900115124     -2.38783900120932      2.50239994219437      s
   -2.38783900212305      2.38783900102740      2.50239994185101      s
    4.63804249591375     -1.58452434525253     -7.62247759106724      c
    3.57720573907091     -3.57720573900584     -6.19717966424533      c
    1.58452434530831     -4.63804249635824     -7.62247759143716      c
    1.40427604717750     -3.29727972746887     -9.92827658767164      c
    3.29727972691560     -1.40427604710044     -9.92827658782174      c
   -1.58452434548388      4.63804249618726     -7.62247759119539      c
   -3.57720573888345      3.57720573931817     -6.19717966449792      c
   -4.63804249632264      1.58452434547615     -7.62247759123743      c
   -3.29727974268229      1.40427605103731     -9.92827659658899      c
   -1.40427604713844      3.29727972700016     -9.92827658782162      c
    1.58452434545143      4.63804249576450      7.62247759124859      c
    1.40427604703453      3.29727972719490      9.92827658786595      c
    3.29727972736687      1.40427604713966      9.92827658766039      c
    4.63804249629805      1.58452434552807      7.62247759133781      c
    3.57720573900294      3.57720573897912      6.19717966419337      c
   -4.63804249669836     -1.58452434577058      7.62247759144337      c
   -3.29727972696164     -1.40427604709105      9.92827658780073      c
   -1.40427605099892     -3.29727974255331      9.92827659682412      c
   -1.58452434570071     -4.63804249628269      7.62247759126914      c
   -3.57720573891785     -3.57720573885594      6.19717966423085      c
    0.37859259180059     -6.17317912307442     -7.02306736435771      h
    0.06855048703572     -3.65910654687139    -11.43085444776848      h
    4.12514337118142     -4.12514337122017     -4.30876827672430      h
    3.65910654687714     -0.06855048706145    -11.43085444775551      h
    6.17317913445586     -0.37859259348645     -7.02306736172808      h
   -0.06855048699501      3.65910654687146    -11.43085444775658      h
   -0.37859259180803      6.17317912307557     -7.02306736435833      h
   -4.12514337114587      4.12514337121833     -4.30876827670913      h
   -6.17317912303696      0.37859259189230     -7.02306736435860      h
   -3.65910654683792      0.06855048706387    -11.43085444777280      h
   -0.37859259188563     -6.17317912302952      7.02306736435829      h
   -4.12514337122205     -4.12514337115315      4.30876827672002      h
   -6.17317912308587     -0.37859259180237      7.02306736434278      h
   -3.65910654755081     -0.06855048705352     11.43085444873892      h
   -0.06855048708246     -3.65910654685802     11.43085444776734      h
    0.06855048704108      3.65910654682733     11.43085444772609      h
    0.37859259349771      6.17317913444657      7.02306736174202      h
    4.12514337216498      4.12514337146808      4.30876827691579      h
    3.65910654685580      0.06855048701744     11.43085444776418      h
    6.17317912303307      0.37859259179371      7.02306736437372      h
  -.22872814292542D-10  -.14616477017441D-09  -.44652766570006D-09
  -.68114157473127D-09  0.14604507490509D-09  -.97411630504183D-03
  -.64326813539479D-08  -.76928433335966D-08  0.97412204621498D-03
  0.59965027530933D-04  0.59965332693792D-04  0.19232760834371D-03
  -.59965601004883D-04  -.59965473118525D-04  0.19232814756803D-03
  0.59965100424172D-04  -.59965519285220D-04  -.19232743076262D-03
  -.59965442624758D-04  0.59965341876744D-04  -.19232732310699D-03
  0.21521282787944D-04  0.50203752527287D-04  0.24776389667276D-04
  0.41467085439909D-04  -.41465853956565D-04  0.13549083087595D-03
  -.50205859624921D-04  -.21525134304655D-04  0.24777893668391D-04
  0.98788424579385D-05  0.11423203160836D-03  0.58285836451837D-04
  -.11423213721437D-03  -.98784456479752D-05  0.58284092598364D-04
  0.50205018915134D-04  0.21523799173123D-04  0.24777670427022D-04
  -.41466075016088D-04  0.41467314979692D-04  0.13549049059223D-03
  -.21523293502061D-04  -.50205451356912D-04  0.24778550062290D-04
  0.11422809590384D-03  0.98749890935848D-05  0.58279780240310D-04
  -.98751998639118D-05  -.11422960538811D-03  0.58285704610174D-04
  -.50204667712798D-04  0.21520263592592D-04  -.24775136894676D-04
  0.98786634343193D-05  -.11423130437180D-03  -.58285803350447D-04
  -.11423295734506D-03  0.98794255976691D-05  -.58284097692110D-04
  0.21525140960643D-04  -.50206533262329D-04  -.24777173517828D-04
  0.41467054856009D-04  0.41467352997599D-04  -.13549244894134D-03
  -.21518583794533D-04  0.50206438252485D-04  -.24778905743448D-04
  0.11422989226447D-03  -.98758738260919D-05  -.58287998986921D-04
  -.98745569655832D-05  0.11422991574457D-03  -.58279861316668D-04
  0.50206717703763D-04  -.21518488595461D-04  -.24780500816151D-04
  -.41467457203749D-04  -.41467351430662D-04  -.13549211170288D-03
  0.12469541163516D-04  0.48854166076646D-06  -.23637364687029D-05
  -.76700982844938D-05  0.41214479590719D-05  0.26753239504461D-05
  0.43379963947810D-06  -.43377434587322D-06  -.41791476540360D-04
  -.41212810816343D-05  0.76702077300081D-05  0.26750014537526D-05
  -.48596868653262D-06  -.12468001795824D-04  -.23624803939196D-05
  0.76703283485875D-05  -.41212261472916D-05  0.26750558412524D-05
  -.12470009469913D-04  -.48927494257674D-06  -.23640578118251D-05
  -.43406113118226D-06  0.43404591925852D-06  -.41791603615914D-04
  0.48869312898117D-06  0.12469503073399D-04  -.23637642116913D-05
  0.41225191885035D-05  -.76687592618172D-05  0.26773352032206D-05
  -.12469908494910D-04  0.48927004427188D-06  0.23642485498659D-05
  -.43398329593229D-06  -.43394143249380D-06  0.41791609167076D-04
  0.48937188767799D-06  -.12469910595531D-04  0.23642880772968D-05
  0.41212174224431D-05  0.76703542982275D-05  -.26748855528717D-05
  0.76686813531238D-05  0.41222523714144D-05  -.26770417333004D-05
  -.76699805446560D-05  -.41215771600374D-05  -.26753322896911D-05
  0.12468057088337D-04  -.48595472605835D-06  0.23623406995637D-05
  0.43379810630477D-06  0.43400580903435D-06  0.41791516982948D-04
  -.41210990048813D-05  -.76701328113630D-05  -.26751208407443D-05
  -.48859486328177D-06  0.12469636377362D-04  0.23635446138306D-05
  cycle =      3    SCF energy =    -4206.6421922010   |dE/dxyz| =  0.000742
   -0.00000000009403      0.00000000023614      0.00000000054792      mo
    0.00000000601332     -0.00000000245473     -6.38495808503585      dy
    0.00000001201700      0.00000001527122      6.38495807595116      dy
    2.38775561898499      2.38775561843107     -2.50266778166136      s
   -2.38775561807132     -2.38775561833015     -2.50266778240242      s
    2.38775561872956     -2.38775561822402      2.50266778147919      s
   -2.38775561927149      2.38775561832001      2.50266778091674      s
    4.63801275742391     -1.58459395193443     -7.62251204884172      c
    3.57714757757572     -3.57714757927230     -6.19736642572891      c
    1.58459395487365     -4.63801275253311     -7.62251205131115      c
    1.40426293104370     -3.29743827325371     -9.92835833943224      c
    3.29743827280614     -1.40426293156750     -9.92835833715561      c
   -1.58459395379363      4.63801275410511     -7.62251205084056      c
   -3.57714757872476      3.57714757745688     -6.19736642560538      c
   -4.63801275494929      1.58459395441545     -7.62251205210527      c
   -3.29743828310537      1.40426294024604     -9.92835834012295      c
   -1.40426293597280      3.29743826924154     -9.92835833946597      c
    1.58459395331095      4.63801275870553      7.62251204730733      c
    1.40426293106372      3.29743827194435      9.92835833961550      c
    3.29743827430835      1.40426293020741      9.92835833705182      c
    4.63801275235997      1.58459395604885      7.62251205027929      c
    3.57714757751029      3.57714757711847      6.19736642798971      c
   -4.63801276200318     -1.58459395605357      7.62251205277345      c
   -3.29743826973540     -1.40426293496872      9.92835834261984      c
   -1.40426294094266     -3.29743828549700      9.92835834047802      c
   -1.58459395651311     -4.63801276159945      7.62251205486129      c
   -3.57714757693485     -3.57714757690680      6.19736642756946      c
    0.37857522263481     -6.17317988259787     -7.02306414323408      h
    0.06856073592509     -3.65911164863005    -11.43085772771927      h
    4.12514255243806     -4.12514255255949     -4.30870975106896      h
    3.65911164838088     -0.06856073615844    -11.43085772726223      h
    6.17317989057637     -0.37857522656787     -7.02306414231926      h
   -0.06856073607495      3.65911164814784    -11.43085772738818      h
   -0.37857522191000      6.17317988351441     -7.02306414288231      h
   -4.12514255198911      4.12514255211150     -4.30870975098470      h
   -6.17317988267431      0.37857522274343     -7.02306414328240      h
   -3.65911164993844      0.06856073396748    -11.43085773057827      h
   -0.37857522226580     -6.17317988346071      7.02306414262741      h
   -4.12514255226167     -4.12514255215726      4.30870975095631      h
   -6.17317988375484     -0.37857522203136      7.02306414248032      h
   -3.65911164897983     -0.06856073615249     11.43085772811815      h
   -0.06856073403037     -3.65911164956849     11.43085773018413      h
    0.06856073566815      3.65911164876141     11.43085772770409      h
    0.37857522640749      6.17317989055824      7.02306414253847      h
    4.12514255342904      4.12514255244850      4.30870975127030      h
    3.65911164797477      0.06856073597286     11.43085772749509      h
    6.17317988253528      0.37857522250578      7.02306414361406      h
  0.21138189064797D-08  0.32332081922794D-09  0.32814260549248D-08
  0.11067584346279D-08  -.43220121907517D-09  -.45305004101344D-03
  0.20486691468149D-08  0.52331142574684D-08  0.45305117628176D-03
  0.37117750530087D-04  0.37118486115435D-04  0.66466627242386D-04
  -.37119306129601D-04  -.37118427374996D-04  0.66467434883285D-04
  0.37119382868501D-04  -.37119687431310D-04  -.66464560538641D-04
  -.37120778075272D-04  0.37118779898659D-04  -.66466011385801D-04
  -.44444733473904D-04  -.27297824448793D-04  0.29974038108664D-04
  -.26756670917243D-04  0.26755488090743D-04  -.67686485116334D-04
  0.27300257887123D-04  0.44445621873401D-04  0.29973744795661D-04
  -.57537569154160D-04  -.40208105008340D-05  0.65722445148639D-05
  0.40188253778752D-05  0.57537120423459D-04  0.65713962339089D-05
  -.27298816618752D-04  -.44445129987618D-04  0.29973342218522D-04
  0.26755731239661D-04  -.26755270514360D-04  -.67687082955256D-04
  0.44446021059063D-04  0.27297884428000D-04  0.29972677942949D-04
  -.40216924198609D-05  -.57533089976124D-04  0.65751188105074D-05
  0.57536094739503D-04  0.40173592734090D-05  0.65717745403081D-05
  0.27298166867645D-04  -.44443895699355D-04  -.29974524302437D-04
  -.57537436888846D-04  0.40190615752120D-05  -.65714456194558D-05
  0.40197938681401D-05  -.57538259621587D-04  -.65756341563585D-05
  -.44446108810955D-04  0.27300190665144D-04  -.29972882076893D-04
  -.26755541844490D-04  -.26758377872988D-04  0.67687300511907D-04
  0.44441012362615D-04  -.27297791808423D-04  -.29973575220223D-04
  -.40167743005097D-05  0.57538132475859D-04  -.65733001588034D-05
  0.57533811401289D-04  -.40187948159229D-05  -.65778492997141D-05
  -.27298638031368D-04  0.44441841109440D-04  -.29971161354385D-04
  0.26757319945174D-04  0.26754337675427D-04  0.67687114098101D-04
  -.11492731456289D-04  -.22778355938885D-04  0.31402977622346D-05
  0.19141770305017D-04  0.15295992334448D-04  0.27205188795183D-04
  0.24558827338571D-04  -.24558597922354D-04  0.51715726781358D-04
  -.15295700930518D-04  -.19141349125413D-04  0.27204523201645D-04
  0.22777684266264D-04  0.11492085125415D-04  0.31404856018651D-05
  -.19140469865335D-04  -.15295403840306D-04  0.27204441397267D-04
  0.11492356067914D-04  0.22778162179198D-04  0.31408108236049D-05
  -.24557805177230D-04  0.24557982679015D-04  0.51715584674240D-04
  -.22777937566772D-04  -.11492140795761D-04  0.31403855171568D-05
  0.15295665001284D-04  0.19140134990806D-04  0.27203112299522D-04
  0.11491942165633D-04  -.22777169077004D-04  -.31406222011409D-05
  -.24558059693527D-04  -.24558122502366D-04  -.51716562187558D-04
  -.22776570432146D-04  0.11491594630788D-04  -.31402085287490D-05
  0.15295590439095D-04  -.19141304025613D-04  -.27205319115056D-04
  -.19140327125375D-04  0.15295777771312D-04  -.27203245261948D-04
  0.19141701159872D-04  -.15295884173669D-04  -.27205139051298D-04
  -.11491781916160D-04  0.22777011622682D-04  -.31405273441406D-05
  0.24558025364697D-04  0.24558395292548D-04  -.51716600017553D-04
  -.15295780067069D-04  0.19141794756623D-04  -.27204764558799D-04
  0.22778185642284D-04  -.11492692910542D-04  -.31406143336382D-05
  cycle =      4    SCF energy =    -4206.6421927590   |dE/dxyz| =  0.000580
   -0.00000000248244     -0.00000000014226     -0.00000000320342      mo
    0.00000000468462     -0.00000000199021     -6.38452770777387      dy
    0.00000000913505      0.00000000870956      6.38452769790654      dy
    2.38771907668834      2.38771907531014     -2.50272561389170      s
   -2.38771907408123     -2.38771907531929     -2.50272561545873      s
    2.38771907459474     -2.38771907377609      2.50272561136824      s
   -2.38771907358503      2.38771907491031      2.50272561243225      s
    4.63806481799833     -1.58455868619984     -7.62254366581445      c
    3.57718150802375     -3.57718150834198     -6.19727808865742      c
    1.58455868612155     -4.63806481452248     -7.62254366779397      c
    1.40432869579029     -3.29742357532375     -9.92836050609700      c
    3.29742357702228     -1.40432869586665     -9.92836050303367      c
   -1.58455868677110      4.63806481532649     -7.62254366694047      c
   -3.57718150804542      3.57718150633505     -6.19727808792070      c
   -4.63806481718422      1.58455868836719     -7.62254366735296      c
   -3.29742358446185      1.40432869956029     -9.92836051058166      c
   -1.40432869876552      3.29742357530237     -9.92836050564732      c
    1.58455868707288      4.63806481830358      7.62254366489468      c
    1.40432869569458      3.29742357604612      9.92836050535988      c
    3.29742357739798      1.40432869586348      9.92836050768425      c
    4.63806481486465      1.58455868737210      7.62254366584438      c
    3.57718150671947      3.57718150956585      6.19727808982440      c
   -4.63806481814523     -1.58455869000008      7.62254366900071      c
   -3.29742357647576     -1.40432870004339      9.92836051029735      c
   -1.40432870107743     -3.29742358988274      9.92836051401337      c
   -1.58455868953566     -4.63806481862726      7.62254366823537      c
   -3.57718150816774     -3.57718150472010      6.19727808970041      c
    0.37858930623245     -6.17315412722530     -7.02306789272404      h
    0.06853848249321     -3.65912859152660    -11.43088822456065      h
    4.12511489272674     -4.12511489315921     -4.30877187038012      h
    3.65912859087263     -0.06853848329982    -11.43088822340934      h
    6.17315413611836     -0.37858930938129     -7.02306789195760      h
   -0.06853848413117      3.65912859026009    -11.43088822345445      h
   -0.37858930515195      6.17315412820854     -7.02306789305393      h
   -4.12511489347156      4.12511489337656     -4.30877187018307      h
   -6.17315412772845      0.37858930566988     -7.02306789290261      h
   -3.65912859231997      0.06853848246861    -11.43088822491265      h
   -0.37858930503664     -6.17315412927509      7.02306789258781      h
   -4.12511489345456     -4.12511489323664      4.30877187125564      h
   -6.17315413026885     -0.37858930434978      7.02306789195203      h
   -3.65912859135409     -0.06853848317520     11.43088822515659      h
   -0.06853848237321     -3.65912859201138     11.43088822470634      h
    0.06853848238102      3.65912859152328     11.43088822447169      h
    0.37858930885142      6.17315413691598      7.02306789214822      h
    4.12511489465538      4.12511489327704      4.30877187153950      h
    3.65912859061144      0.06853848260007     11.43088822387469      h
    6.17315412731794      0.37858930612385      7.02306789345150      h
  0.25724176792874D-08  -.64810652753832D-09  0.72459949962064D-07
  0.13429561352947D-09  0.97278996912930D-09  -.38121470750806D-03
  -.22727512173680D-09  0.39868065977462D-09  0.38127663562674D-03
  0.28305890455286D-04  0.28306325358607D-04  0.51339796502613D-04
  -.28306154495778D-04  -.28306253641417D-04  0.51341500367288D-04
  0.28312343909608D-04  -.28310047308995D-04  -.51388676069607D-04
  -.28311579671563D-04  0.28312044829961D-04  -.51388590257697D-04
  0.23618254966200D-05  0.29522017781569D-04  0.25764480574651D-05
  0.75718500878253D-05  -.75712207566209D-05  0.44532337553663D-04
  -.29525150953828D-04  -.23581728936118D-05  0.25786559957712D-05
  -.31139825583868D-05  0.30734492403733D-04  0.22130302308502D-04
  -.30735269917441D-04  0.31153917334979D-05  0.22127845720233D-04
  0.29529352435182D-04  0.23509854956824D-05  0.25766214498202D-05
  -.75730981868192D-05  0.75721453288662D-05  0.44532045429767D-04
  -.23618455443175D-05  -.29520535725371D-04  0.25775219456778D-05
  0.30733911965802D-04  -.31136604926596D-05  0.22127807277040D-04
  0.31125858959676D-05  -.30733480249231D-04  0.22128404598147D-04
  -.29518668189829D-04  0.23699852732271D-05  -.25826180985577D-05
  -.31226463921747D-05  -.30744295316899D-04  -.22128638508402D-04
  -.30741533566514D-04  -.31225371257392D-05  -.22122833774161D-04
  0.23727046857274D-05  -.29518218918658D-04  -.25839285655667D-05
  0.75122684844884D-05  0.75126062851631D-05  -.44548636907367D-04
  -.23749609884254D-05  0.29513373776250D-04  -.25848432852575D-05
  0.30741048971566D-04  0.31234565124581D-05  -.22125973783448D-04
  0.31248814626708D-05  0.30742385985961D-04  -.22123555021130D-04
  0.29518562230960D-04  -.23740796209325D-05  -.25844826271114D-05
  -.75088944306908D-05  -.75064146354007D-05  -.44542524873064D-04
  0.71678756119438D-05  -.49409491364224D-06  -.24001435516667D-06
  -.18920368166165D-05  0.70995452426224D-05  0.69830370825223D-05
  0.62981827298990D-05  -.62979707091291D-05  -.60872638441758D-05
  -.70991892187600D-05  0.18935849314837D-05  0.69821765101537D-05
  0.49403818682195D-06  -.71664977649355D-05  -.23765388676173D-06
  0.18922906240646D-05  -.70996121316973D-05  0.69835144397793D-05
  -.71680143605935D-05  0.49341355094247D-06  -.23873864236044D-06
  -.63002745604619D-05  0.63007301818298D-05  -.60902051950036D-05
  -.49519340642422D-06  0.71672241313946D-05  -.23765191430069D-06
  0.71000825714730D-05  -.18936755384578D-05  0.69839084278801D-05
  -.71568468403413D-05  -.51623792074289D-06  0.22683172528747D-06
  -.63075941738378D-05  -.63076179831544D-05  0.60703214540912D-05
  -.51592080983938D-06  -.71570874882240D-05  0.22634391995922D-06
  0.71015450553045D-05  0.19118409633340D-05  -.69622529853212D-05
  0.19052730206824D-05  0.70979677846993D-05  -.69638568785373D-05
  -.19120402736262D-05  -.71012390958534D-05  -.69600215075113D-05
  0.71570449873973D-05  0.51524188538626D-06  0.22741001337459D-06
  0.63067053696925D-05  0.63062529509304D-05  0.60698590841849D-05
  -.70976858818307D-05  -.19070687075212D-05  -.69609026086088D-05
  0.51582677186753D-06  0.71582582091209D-05  0.22732308982767D-06
$end
