$coord
    0.00000000000000      0.00000000000000      0.00000000000000      mo
    0.00000000000000      0.00000000000000     -6.63647530308979      dy
    0.00000000000000      0.00000000000000      6.63647530308979      dy
    2.30220227149088      2.30220227149088     -2.60096622887982      s
   -2.30220227149088     -2.30220227149088     -2.60096622887982      s
    2.30220227149088     -2.30220227149088      2.60096622887982      s
   -2.30220227149088      2.30220227149088      2.60096622887982      s
    4.66039130492864     -1.60663028669071     -7.83711666913801      c
    3.58626884957667     -3.58626884957667     -6.40276271269132      c
    1.60663028669071     -4.66039130492864     -7.83711666913801      c
    1.45938779335805     -3.35097302247802    -10.16354784566418      c
    3.35097302247802     -1.45938779335805    -10.16354784566418      c
   -1.60663028669071      4.66039130492864     -7.83711666913801      c
   -3.58626884957667      3.58626884957667     -6.40276271269132      c
   -4.66039130492864      1.60663028669071     -7.83711666913801      c
   -3.35097302247802      1.45938779335805    -10.16354784566418      c
   -1.45938779335805      3.35097302247802    -10.16354784566418      c
    1.60663028669071      4.66039130492864      7.83711666913801      c
    1.45938779335805      3.35097302247802     10.16354784566418      c
    3.35097302247802      1.45938779335805     10.16354784566418      c
    4.66039130492864      1.60663028669071      7.83711666913801      c
    3.58626884957667      3.58626884957667      6.40276271269132      c
   -4.66039130492864     -1.60663028669071      7.83711666913801      c
   -3.35097302247802     -1.45938779335805     10.16354784566418      c
   -1.45938779335805     -3.35097302247802     10.16354784566418      c
   -1.60663028669071     -4.66039130492864      7.83711666913801      c
   -3.58626884957667     -3.58626884957667      6.40276271269132      c
    0.39534207320470     -6.19158619806709     -7.23676491165001      h
    0.14166063742788     -3.73170657151887    -11.67777059514578      h
    4.12133634777033     -4.12133634777033     -4.50679766481060      h
    3.73170657151887     -0.14166063742788    -11.67777059514578      h
    6.19158619806709     -0.39534207320470     -7.23676491165001      h
   -0.14166063742788      3.73170657151887    -11.67777059514578      h
   -0.39534207320469      6.19158619806709     -7.23676491165001      h
   -4.12133634777033      4.12133634777033     -4.50679766481060      h
   -6.19158619806709      0.39534207320469     -7.23676491165001      h
   -3.73170657151887      0.14166063742788    -11.67777059514578      h
   -0.39534207320469     -6.19158619806709      7.23676491165001      h
   -4.12133634777033     -4.12133634777033      4.50679766481060      h
   -6.19158619806709     -0.39534207320469      7.23676491165001      h
   -3.73170657151887     -0.14166063742788     11.67777059514578      h
   -0.14166063742788     -3.73170657151887     11.67777059514578      h
    0.14166063742788      3.73170657151887     11.67777059514578      h
    0.39534207320470      6.19158619806709      7.23676491165001      h
    4.12133634777033      4.12133634777033      4.50679766481060      h
    3.73170657151887      0.14166063742788     11.67777059514578      h
    6.19158619806709      0.39534207320470      7.23676491165001      h
$user-defined bonds
$end
