$dipgrad          cartesian dipole gradients
  0.67228641298788D+00  0.98795593627137D-16  -.40251007721476D-17
  -.10583640941740D-15  0.71922493686425D+00  -.63774801252551D-16
  -.11451886480854D-17  0.96338139909301D-16  0.31448682526122D+01
  0.98348322521878D+00  -.73022190316078D+00  0.11935541259754D-16
  -.73799975419550D+00  0.10823356788559D+01  -.88963129296352D-16
  -.67365589086401D-16  -.86264482326086D-17  0.24431748790253D+01
  -.41383550150748D+00  -.23846398445068D+00  0.46367376182790D+00
  -.22629505798090D+00  -.42477874505144D+00  0.44878846272336D+00
  0.19423413729548D+00  0.19588137937509D+00  -.18040848406011D+01
  -.41383550150748D+00  -.23846398445071D+00  -.46367376182789D+00
  -.22629505798090D+00  -.42477874505143D+00  -.44878846272336D+00
  -.19423413729548D+00  -.19588137937510D+00  -.18040848406011D+01
  -.41383550150748D+00  0.23846398445071D+00  -.46367376182788D+00
  0.22629505798089D+00  -.42477874505145D+00  0.44878846272338D+00
  -.19423413729548D+00  0.19588137937511D+00  -.18040848406011D+01
  -.41383550150749D+00  0.23846398445071D+00  0.46367376182791D+00
  0.22629505798090D+00  -.42477874505144D+00  -.44878846272337D+00
  0.19423413729548D+00  -.19588137937508D+00  -.18040848406011D+01
  -.20295372496640D-01  0.57548917311577D-01  0.14643760234736D+00
  0.71925992964401D-01  -.19931779437233D+00  -.17510381268078D+00
  0.50561608730749D-01  -.96032161604152D-01  -.15375494713132D+00
  -.12759732644616D+00  0.69571419230238D-01  0.17159380365398D+00
  0.67711728589614D-01  -.11118291648329D+00  -.17018010304119D+00
  0.84127904316876D-01  -.84850738056869D-01  -.21914669781156D+00
  -.23009011780055D+00  0.90986489577726D-01  0.14441901840206D+00
  0.99526249282294D-01  -.58794039819705D-01  -.14262958670395D+00
  0.13437826244410D+00  -.24845725743905D-01  -.11057572154636D+00
  -.18548208752735D+00  0.12587168906872D+00  -.76820301894120D-01
  0.17975783117479D+00  -.89207956543564D-01  -.18617119667910D-01
  0.26037852166615D-01  -.32325003512503D-01  0.14786473737229D-01
  -.83236174382553D-01  0.11942958922681D+00  0.74130778363027D-01
  0.66729740867299D-01  -.26633203131974D+00  -.50628320111956D-01
  0.25866113759248D-01  -.84467230418027D-01  -.10389419284742D-01
  -.23009011780055D+00  0.90986489577697D-01  -.14441901840206D+00
  0.99526249282300D-01  -.58794039819694D-01  0.14262958670394D+00
  -.13437826244410D+00  0.24845725743897D-01  -.11057572154635D+00
  -.12759732644616D+00  0.69571419230230D-01  -.17159380365396D+00
  0.67711728589618D-01  -.11118291648327D+00  0.17018010304119D+00
  -.84127904316875D-01  0.84850738056879D-01  -.21914669781156D+00
  -.20295372496637D-01  0.57548917311609D-01  -.14643760234736D+00
  0.71925992964395D-01  -.19931779437232D+00  0.17510381268080D+00
  -.50561608730745D-01  0.96032161604138D-01  -.15375494713131D+00
  -.83236174382552D-01  0.11942958922683D+00  -.74130778363049D-01
  0.66729740867306D-01  -.26633203131973D+00  0.50628320111979D-01
  -.25866113759255D-01  0.84467230418027D-01  -.10389419284778D-01
  -.18548208752734D+00  0.12587168906873D+00  0.76820301894120D-01
  0.17975783117479D+00  -.89207956543578D-01  0.18617119667935D-01
  -.26037852166614D-01  0.32325003512483D-01  0.14786473737231D-01
  0.11948586437193D+00  0.26418610120447D-01  0.55970646886351D-01
  -.85515050652551D-01  0.15108240683052D+00  0.49846036952764D-01
  0.15227767805381D-01  0.23607587990696D-01  0.81686488260971D-01
  0.11191592058970D+00  -.81333180325870D-03  0.86316844974001D-01
  -.63001165076948D-01  0.13387163686318D+00  -.12604785685493D-01
  -.35986623661442D-01  0.53638445626917D-01  0.20956901025845D+00
  0.55778586167986D-01  -.48333346224566D-01  -.53715002421912D-01
  -.81018757433182D-01  0.10783560851470D+00  0.74395453982058D-02
  0.17283783332919D-01  -.45653748545165D-01  0.66265899369687D-01
  0.13507277030982D+00  -.60801853363523D-01  -.27543057859634D-01
  0.22333617074277D-01  0.12294632687928D+00  -.63807635205375D-01
  -.68746311261129D-01  0.16209430512284D-01  0.17520256213407D+00
  0.14906891254217D+00  -.75789341047470D-01  -.62405835932992D-01
  0.22196847562575D-01  0.11887475434708D+00  0.47817512233580D-02
  -.67091355514738D-02  0.14498357449775D-01  0.39108097926737D-01
  0.11191592058970D+00  -.81333180325568D-03  -.86316844973981D-01
  -.63001165076947D-01  0.13387163686317D+00  0.12604785685499D-01
  0.35986623661444D-01  -.53638445626917D-01  0.20956901025845D+00
  0.55778586167982D-01  -.48333346224580D-01  0.53715002421943D-01
  -.81018757433182D-01  0.10783560851470D+00  -.74395453981972D-02
  -.17283783332916D-01  0.45653748545163D-01  0.66265899369669D-01
  0.14906891254217D+00  -.75789341047461D-01  0.62405835932992D-01
  0.22196847562567D-01  0.11887475434708D+00  -.47817512233425D-02
  0.67091355514769D-02  -.14498357449787D-01  0.39108097926713D-01
  0.13507277030981D+00  -.60801853363537D-01  0.27543057859642D-01
  0.22333617074215D-01  0.12294632687927D+00  0.63807635205214D-01
  0.68746311261136D-01  -.16209430512297D-01  0.17520256213405D+00
  -.43919031535339D-01  0.16051238971319D+00  0.15000939895083D-01
  0.14652159283086D+00  -.15194574378072D+00  0.19014674325364D-01
  0.15931897287348D-01  -.27066444205773D-02  -.40204777300593D-01
  -.42747861520557D-01  -.60557664564691D-01  0.44380834835975D-01
  -.37418939021292D-01  0.71219298310895D-01  0.90626494014118D-01
  -.96026855331461D-02  0.56770399954167D-01  0.52737948845443D-02
  -.42747861520559D-01  -.60557664564687D-01  -.44380834835970D-01
  -.37418939021292D-01  0.71219298310899D-01  -.90626494014119D-01
  0.96026855331473D-02  -.56770399954164D-01  0.52737948845453D-02
  -.43919031535338D-01  0.16051238971319D+00  -.15000939895086D-01
  0.14652159283086D+00  -.15194574378072D+00  -.19014674325359D-01
  -.15931897287348D-01  0.27066444205772D-02  -.40204777300586D-01
  0.57883714306282D-01  -.54051216523921D-01  -.76658541672794D-01
  -.36098960307645D-01  -.11221935119349D-01  -.37943219222581D-01
  -.63599307142166D-01  0.29844347522163D-01  -.21014332163505D-01
  0.57883714306283D-01  -.54051216523920D-01  0.76658541672792D-01
  -.36098960307645D-01  -.11221935119352D-01  0.37943219222588D-01
  0.63599307142167D-01  -.29844347522164D-01  -.21014332163506D-01
  0.21350357660661D-01  0.46383338917620D-03  -.42890406220424D-01
  -.75374201800698D-01  -.95140367357931D-01  0.25107046219684D-01
  -.60445537765577D-02  0.48015617419606D-01  0.60565054771755D-01
  -.24347282471726D+00  0.52948793715225D-01  0.43221372820437D-01
  0.11121219154402D+00  -.31265128979404D-02  -.74853794888618D-01
  0.53886790154022D-01  -.40014361345695D-01  -.69592716504805D-03
  0.65621707704869D-01  -.80972622535080D-02  -.30785134552075D-01
  -.44729973354494D-01  0.44616905600872D-01  0.58544749314777D-01
  -.38204648657467D-01  0.57508629486739D-03  -.82680166114778D-01
  0.21350357660664D-01  0.46383338917698D-03  0.42890406220426D-01
  -.75374201800699D-01  -.95140367357932D-01  -.25107046219683D-01
  0.60445537765602D-02  -.48015617419610D-01  0.60565054771745D-01
  -.24347282471726D+00  0.52948793715224D-01  -.43221372820442D-01
  0.11121219154402D+00  -.31265128979384D-02  0.74853794888611D-01
  -.53886790154022D-01  0.40014361345696D-01  -.69592716505510D-03
  0.65621707704867D-01  -.80972622535120D-02  0.30785134552079D-01
  -.44729973354495D-01  0.44616905600870D-01  -.58544749314779D-01
  0.38204648657465D-01  -.57508629486424D-03  -.82680166114781D-01
  0.11948586437193D+00  0.26418610120447D-01  -.55970646886369D-01
  -.85515050652554D-01  0.15108240683054D+00  -.49846036952753D-01
  -.15227767805381D-01  -.23607587990697D-01  0.81686488260954D-01
  0.11349034494937D-02  0.53556877446219D-01  -.44430837437420D-01
  -.15667241010211D-01  -.25069563770336D+00  0.11168978948649D+00
  -.50463806527648D-02  0.86753922909633D-01  0.23849744808176D-02
  -.81924310311336D-01  -.34945816882689D-01  0.94555967094221D-01
  0.38196537408238D-01  0.28573483557588D-01  -.42904830166155D-01
  0.95938067080597D-01  0.60219904879257D-02  -.75756857481425D-02
  0.28172958895305D-01  -.38019893198479D-01  -.50115473141116D-02
  -.25814079689191D-03  0.66563789458182D-01  -.77036471776142D-01
  -.49894583546680D-01  -.67674737364330D-01  -.42104883053669D-01
  0.11349034494932D-02  0.53556877446220D-01  0.44430837437421D-01
  -.15667241010210D-01  -.25069563770336D+00  -.11168978948650D+00
  0.50463806527630D-02  -.86753922909633D-01  0.23849744808193D-02
  -.81924310311336D-01  -.34945816882692D-01  -.94555967094217D-01
  0.38196537408236D-01  0.28573483557585D-01  0.42904830166154D-01
  -.95938067080598D-01  -.60219904879248D-02  -.75756857481403D-02
  0.26265570546528D-01  0.12101097639545D-01  -.11574991385514D+00
  -.29875811991726D-01  0.45813560393178D-01  0.37013245383150D-01
  -.36798016482326D-01  0.48561925109789D-01  -.12142085431194D+00
  0.26265570546527D-01  0.12101097639543D-01  0.11574991385514D+00
  -.29875811991713D-01  0.45813560393181D-01  -.37013245383114D-01
  0.36798016482327D-01  -.48561925109788D-01  -.12142085431195D+00
  -.10934803449915D-01  0.90178037163548D-01  -.69072892440768D-01
  0.62548139213810D-01  -.83511273678960D-01  0.18797687898320D+00
  -.45456295836087D-02  0.10682966418884D+00  -.19852452551035D+00
  -.10934803449915D-01  0.90178037163549D-01  0.69072892440774D-01
  0.62548139213810D-01  -.83511273678960D-01  -.18797687898319D+00
  0.45456295836060D-02  -.10682966418884D+00  -.19852452551035D+00
  0.28172958895307D-01  -.38019893198483D-01  0.50115473141114D-02
  -.25814079689341D-03  0.66563789458186D-01  0.77036471776136D-01
  0.49894583546681D-01  0.67674737364329D-01  -.42104883053675D-01
  0.98348322521881D+00  0.73022190316077D+00  -.17109896127947D-15
  0.73799975419553D+00  0.10823356788560D+01  0.10236562574158D-15
  -.10794137893556D-15  0.12472348390083D-16  0.24431748790252D+01
  -.23009011780056D+00  -.90986489577718D-01  -.14441901840205D+00
  -.99526249282297D-01  -.58794039819705D-01  -.14262958670395D+00
  -.13437826244410D+00  -.24845725743907D-01  -.11057572154636D+00
  -.23009011780055D+00  -.90986489577726D-01  0.14441901840204D+00
  -.99526249282294D-01  -.58794039819709D-01  0.14262958670396D+00
  0.13437826244410D+00  0.24845725743917D-01  -.11057572154635D+00
  -.20295372496629D-01  -.57548917311597D-01  -.14643760234736D+00
  -.71925992964398D-01  -.19931779437232D+00  -.17510381268078D+00
  -.50561608730749D-01  -.96032161604150D-01  -.15375494713133D+00
  -.20295372496633D-01  -.57548917311610D-01  0.14643760234735D+00
  -.71925992964399D-01  -.19931779437232D+00  0.17510381268079D+00
  0.50561608730743D-01  0.96032161604158D-01  -.15375494713132D+00
  -.12759732644616D+00  -.69571419230229D-01  -.17159380365399D+00
  -.67711728589609D-01  -.11118291648329D+00  -.17018010304119D+00
  -.84127904316879D-01  -.84850738056875D-01  -.21914669781157D+00
  -.12759732644615D+00  -.69571419230241D-01  0.17159380365397D+00
  -.67711728589607D-01  -.11118291648330D+00  0.17018010304121D+00
  0.84127904316878D-01  0.84850738056868D-01  -.21914669781157D+00
  -.83236174382535D-01  -.11942958922682D+00  -.74130778363037D-01
  -.66729740867293D-01  -.26633203131973D+00  -.50628320111929D-01
  -.25866113759246D-01  -.84467230418011D-01  -.10389419284764D-01
  -.83236174382539D-01  -.11942958922683D+00  0.74130778363040D-01
  -.66729740867300D-01  -.26633203131974D+00  0.50628320111953D-01
  0.25866113759253D-01  0.84467230418039D-01  -.10389419284784D-01
  -.18548208752734D+00  -.12587168906872D+00  0.76820301894122D-01
  -.17975783117480D+00  -.89207956543570D-01  -.18617119667923D-01
  -.26037852166619D-01  -.32325003512465D-01  0.14786473737239D-01
  -.18548208752734D+00  -.12587168906873D+00  -.76820301894126D-01
  -.17975783117480D+00  -.89207956543594D-01  0.18617119667918D-01
  0.26037852166620D-01  0.32325003512482D-01  0.14786473737239D-01
  0.14906891254216D+00  0.75789341047473D-01  0.62405835932995D-01
  -.22196847562574D-01  0.11887475434707D+00  0.47817512233556D-02
  0.67091355514695D-02  0.14498357449767D-01  0.39108097926743D-01
  0.14906891254218D+00  0.75789341047449D-01  -.62405835932990D-01
  -.22196847562575D-01  0.11887475434708D+00  -.47817512233555D-02
  -.67091355514723D-02  -.14498357449765D-01  0.39108097926742D-01
  0.11948586437194D+00  -.26418610120449D-01  -.55970646886360D-01
  0.85515050652559D-01  0.15108240683053D+00  0.49846036952752D-01
  -.15227767805380D-01  0.23607587990696D-01  0.81686488260977D-01
  0.11948586437193D+00  -.26418610120442D-01  0.55970646886358D-01
  0.85515050652552D-01  0.15108240683054D+00  -.49846036952755D-01
  0.15227767805383D-01  -.23607587990694D-01  0.81686488260968D-01
  0.13507277030982D+00  0.60801853363513D-01  0.27543057859631D-01
  -.22333617074270D-01  0.12294632687928D+00  -.63807635205361D-01
  0.68746311261132D-01  0.16209430512271D-01  0.17520256213406D+00
  0.13507277030982D+00  0.60801853363520D-01  -.27543057859636D-01
  -.22333617074214D-01  0.12294632687928D+00  0.63807635205226D-01
  -.68746311261124D-01  -.16209430512273D-01  0.17520256213407D+00
  0.11191592058970D+00  0.81333180324707D-03  -.86316844974001D-01
  0.63001165076949D-01  0.13387163686318D+00  -.12604785685488D-01
  0.35986623661440D-01  0.53638445626908D-01  0.20956901025844D+00
  0.11191592058969D+00  0.81333180325919D-03  0.86316844974006D-01
  0.63001165076944D-01  0.13387163686318D+00  0.12604785685501D-01
  -.35986623661448D-01  -.53638445626913D-01  0.20956901025844D+00
  0.55778586167989D-01  0.48333346224559D-01  0.53715002421931D-01
  0.81018757433182D-01  0.10783560851472D+00  0.74395453982119D-02
  -.17283783332916D-01  -.45653748545156D-01  0.66265899369665D-01
  0.55778586167984D-01  0.48333346224578D-01  -.53715002421928D-01
  0.81018757433180D-01  0.10783560851472D+00  -.74395453981892D-02
  0.17283783332919D-01  0.45653748545162D-01  0.66265899369668D-01
  -.43919031535338D-01  -.16051238971319D+00  -.15000939895084D-01
  -.14652159283086D+00  -.15194574378072D+00  0.19014674325366D-01
  -.15931897287347D-01  -.27066444205809D-02  -.40204777300591D-01
  -.43919031535340D-01  -.16051238971320D+00  0.15000939895085D-01
  -.14652159283086D+00  -.15194574378072D+00  -.19014674325354D-01
  0.15931897287349D-01  0.27066444205798D-02  -.40204777300590D-01
  0.57883714306280D-01  0.54051216523918D-01  0.76658541672797D-01
  0.36098960307649D-01  -.11221935119352D-01  -.37943219222586D-01
  0.63599307142165D-01  0.29844347522166D-01  -.21014332163507D-01
  0.57883714306284D-01  0.54051216523920D-01  -.76658541672795D-01
  0.36098960307652D-01  -.11221935119346D-01  0.37943219222587D-01
  -.63599307142164D-01  -.29844347522163D-01  -.21014332163496D-01
  -.42747861520556D-01  0.60557664564689D-01  -.44380834835979D-01
  0.37418939021294D-01  0.71219298310897D-01  0.90626494014117D-01
  0.96026855331476D-02  0.56770399954166D-01  0.52737948845474D-02
  -.42747861520556D-01  0.60557664564688D-01  0.44380834835971D-01
  0.37418939021298D-01  0.71219298310895D-01  -.90626494014118D-01
  -.96026855331469D-02  -.56770399954166D-01  0.52737948845462D-02
  -.81924310311336D-01  0.34945816882690D-01  0.94555967094215D-01
  -.38196537408239D-01  0.28573483557586D-01  0.42904830166154D-01
  0.95938067080598D-01  -.60219904879267D-02  -.75756857481346D-02
  -.81924310311333D-01  0.34945816882694D-01  -.94555967094215D-01
  -.38196537408239D-01  0.28573483557583D-01  -.42904830166159D-01
  -.95938067080599D-01  0.60219904879236D-02  -.75756857481342D-02
  0.21350357660662D-01  -.46383338917796D-03  0.42890406220429D-01
  0.75374201800699D-01  -.95140367357932D-01  0.25107046219687D-01
  0.60445537765566D-02  0.48015617419616D-01  0.60565054771756D-01
  0.21350357660663D-01  -.46383338917654D-03  -.42890406220424D-01
  0.75374201800696D-01  -.95140367357931D-01  -.25107046219681D-01
  -.60445537765585D-02  -.48015617419615D-01  0.60565054771754D-01
  0.11349034494945D-02  -.53556877446219D-01  -.44430837437421D-01
  0.15667241010212D-01  -.25069563770336D+00  -.11168978948650D+00
  -.50463806527640D-02  -.86753922909631D-01  0.23849744808190D-02
  0.11349034494926D-02  -.53556877446222D-01  0.44430837437421D-01
  0.15667241010213D-01  -.25069563770336D+00  0.11168978948649D+00
  0.50463806527632D-02  0.86753922909630D-01  0.23849744808171D-02
  -.24347282471726D+00  -.52948793715224D-01  -.43221372820440D-01
  -.11121219154402D+00  -.31265128979344D-02  -.74853794888615D-01
  -.53886790154022D-01  -.40014361345695D-01  -.69592716505076D-03
  -.24347282471726D+00  -.52948793715229D-01  0.43221372820444D-01
  -.11121219154402D+00  -.31265128979401D-02  0.74853794888616D-01
  0.53886790154022D-01  0.40014361345695D-01  -.69592716504849D-03
  0.28172958895305D-01  0.38019893198475D-01  -.50115473141083D-02
  0.25814079689085D-03  0.66563789458188D-01  0.77036471776143D-01
  -.49894583546682D-01  0.67674737364333D-01  -.42104883053665D-01
  0.28172958895308D-01  0.38019893198480D-01  0.50115473141134D-02
  0.25814079689281D-03  0.66563789458189D-01  -.77036471776141D-01
  0.49894583546683D-01  -.67674737364334D-01  -.42104883053668D-01
  0.65621707704866D-01  0.80972622535089D-02  0.30785134552076D-01
  0.44729973354494D-01  0.44616905600864D-01  0.58544749314782D-01
  0.38204648657462D-01  0.57508629486163D-03  -.82680166114776D-01
  0.65621707704868D-01  0.80972622535065D-02  -.30785134552074D-01
  0.44729973354494D-01  0.44616905600870D-01  -.58544749314780D-01
  -.38204648657467D-01  -.57508629486710D-03  -.82680166114781D-01
  0.40655203613695D-01  0.32047456538746D-01  -.68856737423057D-02
  0.66422225219916D-01  -.11266570601639D+00  0.14851792515970D-01
  -.62200533836269D-02  -.67945994369299D-01  0.70787469258365D-02
  -.95133069386530D-01  -.78207764945748D-01  -.74077578717201D-01
  -.66862123255933D-01  0.43284179789434D-01  -.83922397849026D-02
  0.27632585997982D-01  0.64860158640829D-02  0.17005443538529D-01
  -.95133069386529D-01  -.78207764945746D-01  0.74077578717199D-01
  -.66862123255931D-01  0.43284179789437D-01  0.83922397849018D-02
  -.27632585997983D-01  -.64860158640813D-02  0.17005443538527D-01
  0.51429199772144D-01  0.25966777068067D-01  0.38646434176875D-01
  -.11429389259585D-01  -.51370317182599D-01  0.14846066820644D+00
  0.30904297812052D-01  0.64124251938174D-01  -.70776933661977D-01
  0.51429199772144D-01  0.25966777068062D-01  -.38646434176878D-01
  -.11429389259584D-01  -.51370317182605D-01  -.14846066820645D+00
  -.30904297812053D-01  -.64124251938168D-01  -.70776933661976D-01
  0.26265570546526D-01  -.12101097639549D-01  0.11574991385514D+00
  0.29875811991727D-01  0.45813560393178D-01  0.37013245383150D-01
  0.36798016482329D-01  0.48561925109792D-01  -.12142085431194D+00
  0.51429199772146D-01  -.25966777068074D-01  -.38646434176873D-01
  0.11429389259585D-01  -.51370317182604D-01  0.14846066820645D+00
  -.30904297812051D-01  0.64124251938165D-01  -.70776933661978D-01
  0.26265570546528D-01  -.12101097639544D-01  -.11574991385515D+00
  0.29875811991714D-01  0.45813560393182D-01  -.37013245383112D-01
  -.36798016482326D-01  -.48561925109790D-01  -.12142085431195D+00
  0.51429199772144D-01  -.25966777068067D-01  0.38646434176874D-01
  0.11429389259586D-01  -.51370317182604D-01  -.14846066820645D+00
  0.30904297812053D-01  -.64124251938172D-01  -.70776933661975D-01
  0.40655203613695D-01  0.32047456538744D-01  0.68856737423119D-02
  0.66422225219904D-01  -.11266570601639D+00  -.14851792515950D-01
  0.62200533836204D-02  0.67945994369294D-01  0.70787469258475D-02
  -.95133069386530D-01  0.78207764945746D-01  -.74077578717201D-01
  0.66862123255932D-01  0.43284179789431D-01  0.83922397848993D-02
  0.27632585997981D-01  -.64860158640823D-02  0.17005443538530D-01
  0.40655203613699D-01  -.32047456538746D-01  -.68856737423065D-02
  -.66422225219905D-01  -.11266570601639D+00  -.14851792515952D-01
  -.62200533836225D-02  0.67945994369292D-01  0.70787469258469D-02
  -.95133069386531D-01  0.78207764945743D-01  0.74077578717200D-01
  0.66862123255931D-01  0.43284179789433D-01  -.83922397848994D-02
  -.27632585997983D-01  0.64860158640776D-02  0.17005443538526D-01
  0.40655203613694D-01  -.32047456538745D-01  0.68856737423058D-02
  -.66422225219910D-01  -.11266570601639D+00  0.14851792515968D-01
  0.62200533836284D-02  -.67945994369288D-01  0.70787469258385D-02
  -.19498040471613D+00  -.13343138648750D-01  0.19177831735382D+00
  -.68800218880499D-01  0.36349531278187D-02  0.20311463760372D-02
  0.93406102249733D-01  -.30213990254520D-01  -.53781337561249D-01
  -.19498040471614D+00  -.13343138648745D-01  -.19177831735382D+00
  -.68800218880481D-01  0.36349531278183D-02  -.20311463760029D-02
  -.93406102249733D-01  0.30213990254519D-01  -.53781337561250D-01
  -.10934803449913D-01  -.90178037163543D-01  0.69072892440775D-01
  -.62548139213812D-01  -.83511273678960D-01  0.18797687898320D+00
  0.45456295836022D-02  0.10682966418885D+00  -.19852452551035D+00
  -.19498040471613D+00  0.13343138648749D-01  -.19177831735382D+00
  0.68800218880497D-01  0.36349531278223D-02  0.20311463760362D-02
  -.93406102249733D-01  -.30213990254520D-01  -.53781337561249D-01
  -.10934803449914D-01  -.90178037163548D-01  -.69072892440765D-01
  -.62548139213807D-01  -.83511273678960D-01  -.18797687898320D+00
  -.45456295836075D-02  -.10682966418884D+00  -.19852452551035D+00
  -.19498040471614D+00  0.13343138648749D-01  0.19177831735382D+00
  0.68800218880484D-01  0.36349531278229D-02  -.20311463759966D-02
  0.93406102249734D-01  0.30213990254520D-01  -.53781337561250D-01
$end
