$energy      SCF               SCFKIN            SCFPOT
     1 -3297.527362542      3176.329490871     -6473.856853413
     2 -3297.527362526      3176.329500123     -6473.856862650
     3 -3297.528789767      3176.501530514     -6474.030320282
     4 -3297.529238436      3176.625298263     -6474.154536699
     5 -3297.529656541      3176.699019117     -6474.228675658
     6 -3297.541196288      3176.694992801     -6474.236189089
     7 -3297.540489349      3176.700469794     -6474.240959143
     8 -3297.542035989      3176.772573514     -6474.314609502
     9 -3297.542394263      3176.723496509     -6474.265890772
    10 -3297.542432402      3176.725858423     -6474.268290824
    11 -3297.542488077      3176.735100029     -6474.277588106
    12 -3297.542532837      3176.747451304     -6474.289984140
    13 -3297.542567549      3176.751494694     -6474.294062243
    14 -3297.542571933      3176.747687746     -6474.290259679
    15 -3297.542574946      3176.742678523     -6474.285253470
    16 -3297.542586910      3176.740119084     -6474.282705995
    17 -3297.542641901      3176.726341268     -6474.268983169
    18 -3297.542680820      3176.719963656     -6474.262644476
    19 -3297.542754490      3176.717059571     -6474.259814061
    20 -3297.542877339      3176.715558327     -6474.258435667
    21 -3297.543005756      3176.712989750     -6474.255995505
    22 -3297.543076280      3176.708965362     -6474.252041643
    23 -3297.543218249      3176.708684890     -6474.251903139
    24 -3297.543607128      3176.715006060     -6474.258613188
    25 -3297.543934895      3176.716302514     -6474.260237408
    26 -3297.544536744      3176.731311583     -6474.275848327
    27 -3297.544791024      3176.736619092     -6474.281410116
    28 -3297.544863345      3176.735463187     -6474.280326532
    29 -3297.544961858      3176.739352464     -6474.284314323
    30 -3297.545034249      3176.733691154     -6474.278725403
    31 -3297.545208933      3176.733524220     -6474.278733153
    32 -3297.545466194      3176.731068248     -6474.276534442
    33 -3297.545639095      3176.728635548     -6474.274274643
    34 -3297.545747099      3176.726460243     -6474.272207342
    35 -3297.545840756      3176.725776387     -6474.271617143
    36 -3297.545989363      3176.725535372     -6474.271524735
    37 -3297.546062735      3176.724242273     -6474.270305007
    38 -3297.546067389      3176.720360652     -6474.266428041
    39 -3297.546068432      3176.718876916     -6474.264945348
    40 -3297.546069548      3176.718649654     -6474.264719202
    41 -3297.546077118      3176.719472384     -6474.265549502
    42 -3297.546085355      3176.720390331     -6474.266475686
    43 -3297.546100492      3176.722235393     -6474.268335886
    44 -3297.546123903      3176.722414779     -6474.268538681
    45 -3297.546124811      3176.722226815     -6474.268351626
    46 -3297.546126009      3176.720307865     -6474.266433874
    47 -3297.546128276      3176.719837283     -6474.265965559
    48 -3297.546129543      3176.719120291     -6474.265249834
    49 -3297.546131829      3176.719144833     -6474.265276662
    50 -3297.546134003      3176.720537168     -6474.266671171
    51 -3297.546134171      3176.720206950     -6474.266341122
    52 -3297.546134873      3176.719892399     -6474.266027272
    53 -3297.546135015      3176.719840754     -6474.265975769
$end
