$basis
*
mo def2-TZVPD
# mo    (7s7p5d1f) / [6s4p3d1f]     {211111/4111/311/1}
*
   2  s
  14.000000000     -0.22490043406
  12.500000000      0.33151248555
   1  s
  4.0921501803       1.0000000000
   1  s
 0.97053602586       1.0000000000
   1  s
 0.44217620170       1.0000000000
   1  s
 0.92915024334E-01   1.0000000000
   1  s
 0.35016314389E-01   1.0000000000
   4  p
  8.8931117915      0.69994449475E-01
  5.4689112270     -0.23547141883
  1.3548473007      0.46315460007
 0.65494867461      0.48820184710
   1  p
 0.30428197472       1.0000000000
   1  p
 0.10000000000       1.0000000000
   1  p
 0.33000000000E-01   1.0000000000
   3  d
  5.0044445497     -0.21587364862E-01
  1.7736823324      0.20958680086
 0.76950591696      0.43730880599
   1  d
 0.31530878939       1.0000000000
   1  d
 0.11754374390       1.0000000000
   1  f
 0.65545000000       1.0000000000
*
dy def2-TZVP
# dy    (14s14p10d8f1g) / [10s7p5d4f1g]     {5111111111/6311111/61111/5111/1}
*
   5  s
  78529.743000      0.13800000000E-03
  11854.699000      0.10330000000E-02
  2719.9807000      0.48610000000E-02
  772.40360000      0.14340000000E-01
  242.03200000      0.21620000000E-01
   1  s
  48.356200000       1.0000000000
   1  s
  31.880600000       1.0000000000
   1  s
  16.860900000       1.0000000000
   1  s
  4.2155000000       1.0000000000
   1  s
  2.1287000000       1.0000000000
   1  s
 0.78890000000       1.0000000000
   1  s
 0.33830000000       1.0000000000
   1  s
 0.58100000000E-01   1.0000000000
   1  s
 0.23800000000E-01   1.0000000000
   6  p
  1358.7955712     -0.54124273749E-03
  314.30076974     -0.38199599919E-02
  96.833600236     -0.11659520370E-01
  26.794921343     -0.71362166970E-01
  16.402756832      0.24160993997
  3.7814596949     -0.26927863007
   3  p
  11.024274121     -0.11776304007
  5.4163925954     -0.24421949997
  2.0677311442     -0.17947890999
   1  p
  1.5508876090       1.0000000000
   1  p
 0.70008700696       1.0000000000
   1  p
 0.30001063837       1.0000000000
   1  p
 0.93510529355E-01   1.0000000000
   1  p
 0.32387494996E-01   1.0000000000
   6  d
  409.80320000      0.10460000000E-02
  123.71040000      0.84480000000E-02
  47.097600000      0.33945000000E-01
  20.120200000      0.63313000000E-01
  8.1571000000      0.31054200000
  4.1474000000      0.44327600000
   1  d
  2.0825000000       1.0000000000
   1  d
 0.99980000000       1.0000000000
   1  d
 0.32020000000       1.0000000000
   1  d
 0.91300000000E-01   1.0000000000
   5  f
  129.62740000      0.52520000000E-02
  47.172700000      0.48490000000E-01
  21.158600000      0.15475200000
  9.6381000000      0.28117000000
  4.3953000000      0.35382800000
   1  f
  1.9426000000       1.0000000000
   1  f
 0.79800000000       1.0000000000
   1  f
 0.28660000000       1.0000000000
   1  g
 0.47820000000       1.0000000000
*
s def2-TZVPD
# s     (15s10p4d1f) / [6s6p3d1f]     {732111/511111/211/1}
*
   7  s
  60700.928104      0.54695944225E-03
  9102.6106854      0.42297224557E-02
  2071.4166009      0.21747824159E-01
  586.02476821      0.85100053589E-01
  190.55395021      0.24799128459
  67.630384260      0.46703640406
  25.127306905      0.36434587550
   3  s
  112.57463010      0.21670040240E-01
  34.795554217      0.93602301760E-01
  6.5115556215     -0.26068001422
   2  s
  3.2399032261       1.2842089435
  1.5477160881      0.66036416584
   1  s
 0.40541030112       1.0000000000
   1  s
 0.14550651059       1.0000000000
   5  p
  564.36716027      0.24796796317E-02
  133.42624379      0.19677930250E-01
  42.468271189      0.89980008258E-01
  15.616527580      0.25705880575
  6.1093988469      0.43515167292
   1  p
  2.4404160198      0.34883240595
   1  p
 0.83882201296       1.0000000000
   1  p
 0.31288746900       1.0000000000
   1  p
 0.10770109004       1.0000000000
   2  d
  3.7560000000      0.20000000000
 0.81200000000       1.0000000000
   1  d
 0.27300000000       1.0000000000
   1  f
 0.55700000000       1.0000000000
   1  s
 0.50178839540E-01   1.0000000000
   1  p
 0.30359833649E-01   1.0000000000
   1  d
 0.81547024970E-01   1.0000000000
*
c def2-TZVPD
# c     (12s6p3d1f) / [6s3p3d1f]     {621111/411/111/1}
*
   6  s
  13575.349682      0.22245814352E-03
  2035.2333680      0.17232738252E-02
  463.22562359      0.89255715314E-02
  131.20019598      0.35727984502E-01
  42.853015891      0.11076259931
  15.584185766      0.24295627626
   2  s
  6.2067138508      0.41440263448
  2.5764896527      0.23744968655
   1  s
 0.57696339419       1.0000000000
   1  s
 0.22972831358       1.0000000000
   1  s
 0.95164440028E-01   1.0000000000
   4  p
  34.697232244      0.53333657805E-02
  7.9582622826      0.35864109092E-01
  2.3780826883      0.14215873329
 0.81433208183      0.34270471845
   1  p
 0.28887547253      0.46445822433
   1  p
 0.10056823671      0.24955789874
   1  d
  1.0970000000       1.0000000000
   1  d
 0.31800000000       1.0000000000
   1  f
 0.76100000000       1.0000000000
   1  s
 0.48475401370E-01   1.0000000000
   1  d
 0.90985336424E-01   1.0000000000
*
h def2-TZVPD
# h     (5s2p) / [3s2p]     {311/11}
*
   3  s
  34.061341000      0.60251978000E-02
  5.1235746000      0.45021094000E-01
  1.1646626000      0.20189726000
   1  s
 0.32723041000       1.0000000000
   1  s
 0.10307241000       1.0000000000
   1  p
 0.80000000000       1.0000000000
   1  p
 0.95774129632E-01   1.0000000000
*
$ecp
*
mo def2-ecp
*
  ncore =    28           lmax =     3
#        coefficient   r^n          exponent
f
         -24.8051771    2           9.4500000
          -4.1537815    2           4.7200000
s-f
         180.1031085    2           9.7145938
          24.9972279    2           4.6805004
          24.8051771    2           9.4500000
           4.1537815    2           4.7200000
p-f
         123.7727523    2           8.1421366
          19.5302280    2           4.6259863
          24.8051771    2           9.4500000
           4.1537815    2           4.7200000
d-f
          48.3750223    2           6.6184148
           8.8920527    2           3.2487516
          24.8051771    2           9.4500000
           4.1537815    2           4.7200000
*
dy def2-ecp
*
  ncore =    28           lmax =     5
#        coefficient   r^n          exponent
h
           0.0000000    2           1.0000000
s-h
         705.6712210    2          26.4295860
p-h
         254.8669890    2          17.3170340
d-h
          95.0451870    2          12.9135990
f-h
         -54.5740930    2          24.9078780
g-h
         -29.8282770    2          24.1487530
*
$end
