$energy      SCF               SCFKIN            SCFPOT
     1 -4205.171892754      3931.957611335     -8137.129504089
     2 -4205.171910367      3931.958773401     -8137.130683768
     3 -4205.173783287      3931.768982256     -8136.942765543
     4 -4205.174948986      3931.554025783     -8136.728974769
     5 -4205.175110991      3931.427023047     -8136.602134038
     6 -4205.175327570      3931.460327361     -8136.635654931
     7 -4205.175698491      3931.433754448     -8136.609452938
     8 -4205.175760847      3931.472476725     -8136.648237573
     9 -4205.175800885      3931.509746602     -8136.685547487
    10 -4205.175968534      3931.527328197     -8136.703296731
    11 -4205.176325776      3931.537914292     -8136.714240067
    12 -4205.176695446      3931.468499176     -8136.645194622
    13 -4205.176760030      3931.468918395     -8136.645678425
    14 -4205.176859472      3931.445681813     -8136.622541286
    15 -4205.177037538      3931.448365865     -8136.625403403
    16 -4205.177112392      3931.456628465     -8136.633740858
    17 -4205.177159777      3931.464051613     -8136.641211390
    18 -4205.177193769      3931.484191530     -8136.661385299
    19 -4205.177195839      3931.486135687     -8136.663331526
    20 -4205.177233402      3931.485468295     -8136.662701697
    21 -4205.177281033      3931.469109761     -8136.646390794
    22 -4205.177371674      3931.454331217     -8136.631702891
    23 -4205.177447270      3931.474598071     -8136.652045341
    24 -4205.177605846      3931.447618781     -8136.625224627
    25 -4205.177738686      3931.450154548     -8136.627893234
    26 -4205.177717202      3931.449929656     -8136.627646858
    27 -4205.177724537      3931.452489101     -8136.630213638
    28 -4205.177708150      3931.452995392     -8136.630703542
    29 -4205.177711778      3931.452396898     -8136.630108676
    30 -4205.177724184      3931.470045421     -8136.647769605
    31 -4205.177744399      3931.446495449     -8136.624239848
    32 -4205.177768753      3931.436118834     -8136.613887587
    33 -4205.177808861      3931.433918301     -8136.611727162
    34 -4205.177896299      3931.446377763     -8136.624274062
    35 -4205.177915406      3931.450033003     -8136.627948409
    36 -4205.177927642      3931.444710299     -8136.622637941
    37 -4205.177948748      3931.449092856     -8136.627041604
    38 -4205.177953018      3931.455471942     -8136.633424960
    39 -4205.177960676      3931.458542424     -8136.636503100
    40 -4205.177961547      3931.449363696     -8136.627325244
    41 -4205.177966871      3931.442993247     -8136.620960118
    42 -4205.177967945      3931.447363422     -8136.625331366
    43 -4205.177970535      3931.448199730     -8136.626170265
    44 -4205.177970307      3931.449784876     -8136.627755184
    45 -4205.177969766      3931.449007892     -8136.626977658
$end
