 -----------------------------------------------------------------------------------------------
 |    Exc.   | energy (Eh) | energy (eV) | energy (cm-1) | energy (nm) | Osc.(vel) | Osc.(len) |
 -----------------------------------------------------------------------------------------------
 |    18 a   |    0.033369 |     0.90802 |      7323.668 |    1365.436 |   0.02493 |   0.05084 |
 |    25 a   |    0.066562 |     1.81124 |     14608.658 |     684.526 |   0.00001 |   0.00117 |
 |    26 a   |    0.066569 |     1.81143 |     14610.132 |     684.457 |   0.00001 |   0.00117 |
 |    28 a   |    0.067850 |     1.84631 |     14891.463 |     671.526 |   0.00511 |   0.05068 |
 |    33 a   |    0.078977 |     2.14906 |     17333.347 |     576.923 |   0.00615 |   0.00483 |
 |    36 a   |    0.080407 |     2.18798 |     17647.246 |     566.661 |   0.00001 |   0.01921 |
 |    42 a   |    0.093713 |     2.55007 |     20567.698 |     486.199 |   0.00318 |   0.00151 |
 |    43 a   |    0.093730 |     2.55052 |     20571.361 |     486.113 |   0.00316 |   0.00150 |
 -----------------------------------------------------------------------------------------------
