# Excitation spectrum ; written at 2020-07-30 22:45:28
#     Exc.     energy (Eh)   energy (eV)   energy (cm-1)   energy (nm)     Osc.(vel)      Osc.(len) 
       1 a        0.014538       0.39561        3190.771      3134.039     0.00645883     0.00000470
       2 a        0.014550       0.39593        3193.416      3131.443     0.00649751     0.00000469
       3 a        0.015499       0.42176        3401.729      2939.681     0.00125065     0.00000287
       4 a        0.015517       0.42225        3405.673      2936.277     0.00125414     0.00000288
       5 a        0.018338       0.49899        4024.654      2484.685     0.00065383     0.00000247
       6 a        0.018345       0.49918        4026.155      2483.759     0.00064384     0.00000241
       7 a        0.022678       0.61709        4977.147      2009.183     0.00311917     0.00000934
       8 a        0.022683       0.61723        4978.331      2008.705     0.00313805     0.00000940
       9 a        0.023006       0.62603        5049.244      1980.494     0.00000000     0.00000000
      10 a        0.023709       0.64516        5203.589      1921.750     0.00000000     0.00000000
      11 a        0.023838       0.64867        5231.844      1911.372     0.00000000     0.00000000
      12 a        0.027065       0.73646        5939.972      1683.510     0.00540184     0.00000012
      13 a        0.027081       0.73692        5943.635      1682.472     0.00540385     0.00000012
      14 a        0.027231       0.74100        5976.550      1673.206     0.00610619     0.00039298
      15 a        0.027320       0.74342        5996.077      1667.757     0.00005764     0.00000400
      16 a        0.027698       0.75371        6079.051      1644.994     0.00000000     0.00000000
      17 a        0.028581       0.77774        6272.885      1594.163     0.00000000     0.00000000
      18 a        0.033369       0.90802        7323.668      1365.436     0.02493387     0.05084050
      19 a        0.055737       1.51669       12232.940       817.465     0.00006316     0.00003844
      20 a        0.055741       1.51678       12233.660       817.417     0.00006275     0.00003854
      21 a        0.057599       1.56736       12641.574       791.041     0.00003294     0.00000203
      22 a        0.057753       1.57153       12675.275       788.937     0.00811164     0.00055367
      23 a        0.064161       1.74592       14081.783       710.137     0.00000000     0.00000000
      24 a        0.064319       1.75021       14116.422       708.395     0.00000000     0.00000000
      25 a        0.066562       1.81124       14608.658       684.526     0.00001165     0.00117499
      26 a        0.066569       1.81143       14610.132       684.457     0.00001185     0.00117365
      27 a        0.067323       1.83194       14775.611       676.791     0.00001350     0.00008931
      28 a        0.067850       1.84631       14891.463       671.526     0.00510500     0.05067696
      29 a        0.070095       1.90739       15384.119       650.021     0.00495868     0.00001041
      30 a        0.070110       1.90779       15387.363       649.884     0.00516713     0.00000847
      31 a        0.070536       1.91938       15480.826       645.960     0.00690962     0.00029512
      32 a        0.070544       1.91960       15482.585       645.887     0.00670802     0.00029712
      33 a        0.078977       2.14906       17333.347       576.923     0.00615085     0.00483359
      34 a        0.079354       2.15933       17416.180       574.179     0.00000318     0.00000107
      35 a        0.079869       2.17334       17529.178       570.477     0.00000000     0.00000000
      36 a        0.080407       2.18798       17647.246       566.661     0.00000866     0.01921142
      37 a        0.082932       2.25670       18201.506       549.405     0.00451722     0.00003164
      38 a        0.082962       2.25752       18208.126       549.205     0.00448256     0.00003197
      39 a        0.086223       2.34624       18923.670       528.439     0.00152907     0.00032449
      40 a        0.086260       2.34726       18931.906       528.209     0.00151261     0.00032361
      41 a        0.089982       2.44855       19748.853       506.359     0.00000000     0.00000000
      42 a        0.093713       2.55007       20567.698       486.199     0.00317980     0.00150813
      43 a        0.093730       2.55052       20571.361       486.113     0.00315986     0.00150305
      44 a        0.093981       2.55735       20626.456       484.814     0.00000200     0.00000001
      45 a        0.096851       2.63545       21256.377       470.447     0.00000000     0.00000000
      46 a        0.096914       2.63717       21270.223       470.141     0.00158695     0.00032833
      47 a        0.096928       2.63756       21273.323       470.072     0.00155095     0.00030366
      48 a        0.097518       2.65360       21402.687       467.231     0.00019404     0.00074702
      49 a        0.097546       2.65437       21408.959       467.094     0.00019759     0.00073009
      50 a        0.097732       2.65943       21449.779       466.205     0.00000000     0.00000000
