# Electronic transition moments of , IRREP a   electric dipole (length) / electric dipole (velocity) / magnetic dipole
 0.57730039559544E+00   0.57716784668636E+00   0.36403637997665E-04   -.15570587166858E-01   -.15568673672077E-01   -.19177821949896E-05   -.56159688658113E-02   0.56155600332539E-02   -.21871176188484E-07
 -.38220673411975E-05   -.19745429207171E-06   -.34612634960251E-06   -.26058792609342E-05   -.72031944815898E-01   -.72060522871704E-01
 -.57870910089931E+00   0.57873067284552E+00   0.53011910998892E-04   0.15543654097648E-01   -.15544927601800E-01   -.17697883663945E-05   0.56110339038160E-02   0.56115845344865E-02   -.90667047318162E-08
 -.13972623719330E-05   0.38381935614667E-05   0.42476188216959E-05   -.14827774806188E-05   -.71734079764297E-01   0.71724998803351E-01
 0.24600680405768E+00   -.24599969816025E+00   -.16409696017676E-04   -.11786427813139E-01   0.11787654151114E-01   0.79946857663579E-06   0.38896988103631E-02   0.38892601673706E-02   0.21566655134642E-07
 0.30107895468615E-05   0.50992790293010E-05   -.21298033210419E-06   0.35350794527516E-05   -.63986847626531E-01   0.64002889427422E-01
 -.24620273678182E+00   -.24620379286808E+00   -.32361717021507E-04   0.11795967911599E-01   0.11797063494866E-01   0.11904984858085E-05   -.38896946756516E-02   0.38900398050069E-02   -.26595260484294E-07
 -.26867717633809E-05   -.19348079196165E-05   -.10903064108231E-04   0.18884941209683E-05   -.63963830740272E-01   -.63972815839860E-01
 0.16406849233632E+00   -.16298587209867E+00   -.35427542171756E-07   0.10087806461013E-01   -.10019825885724E-01   -.14968906622792E-05   0.10271001451355E-02   0.10202562198844E-02   -.82009108985241E-09
 0.23140631379259E-06   -.64875123271459E-07   0.11274039770879E-04   -.18832357619726E-05   -.90260366982104E-01   0.90873336907592E-01
 -.16170493296271E+00   -.16278010290274E+00   -.99010311141047E-05   -.98838006536344E-02   -.99517261296041E-02   -.34102603073416E-05   -.10009301442560E-02   0.10078340484375E-02   0.20914250144788E-07
 0.24107898624098E-06   0.17216498538550E-05   -.16296805064922E-04   -.12911585900370E-05   -.89583373937512E-01   -.88959490180383E-01
 -.32333587624259E+00   0.31901516981881E+00   -.86642662313685E-06   -.17693952086955E-01   0.17457954790847E-01   -.43306264364752E-06   -.56120539388656E-03   -.55384039112544E-03   0.33435444044777E-06
 0.11872266601378E-04   -.12599432195538E-04   0.14592866346373E-05   0.24673103940356E-05   0.21384655589026E+00   -.21673529534989E+00
 0.31993907309821E+00   0.32427587052164E+00   -.15373767084692E-05   0.17515059611040E-01   0.17751258003586E-01   -.34410859853637E-05   0.55448910742677E-03   -.56206509465344E-03   0.25469952923165E-06
 -.12050195512974E-04   0.10383106360075E-04   -.32441810147597E-05   -.26357781304426E-05   0.21723465107132E+00   0.21435682838735E+00
 0.14349747425766E-04   -.13788950447251E-05   -.18733204196717E-04   0.19611729171456E-05   -.53735382656206E-06   0.95000622405010E-05   -.39432428606668E-07   0.44684536407017E-08   0.32963123892344E-05
 0.37735694598755E+00   -.37733754050911E+00   -.10825551529606E-03   -.17036741231222E-04   0.22270687344740E-05   0.31810781109683E-04
 -.33029274628625E-05   0.19200405684099E-04   0.58151107159819E-05   -.23648825055728E-06   0.24072046061036E-05   -.57260686499783E-06   0.55588604295376E-07   -.21404139857945E-06   -.95677806357078E-02
 0.87258654250850E-02   -.87229122808556E-02   -.30713397277459E-05   0.90321828889092E-06   0.11164430054082E-04   -.50016114599025E-05
 0.71275512753410E-06   0.27105074099944E-05   0.21417934055471E-04   0.45230048751937E-06   -.29140926952555E-06   -.62606112551826E-05   -.10452136356652E-06   0.44033603552709E-07   -.48624128301324E-03
 -.16600665258262E+00   0.16600060882658E+00   0.58473331175599E-04   0.74561269384214E-05   -.10857026488486E-05   0.16681628868381E-04
 -.38682072441084E+00   0.38698378074613E+00   -.16426476807621E-04   -.18528801332437E-02   0.18536214354135E-02   -.27440801587083E-05   -.55360513754028E-02   -.55382933548016E-02   0.30458843370935E-06
 0.22047004741695E-05   0.28508239431579E-05   -.22513084291596E-04   -.20819992143893E-05   -.21632511530009E-01   0.21629370192010E-01
 -.38693618674637E+00   -.38677422710102E+00   -.10047914400639E-04   -.18480704286653E-02   -.18469673211691E-02   0.59062277832064E-05   -.55375892780719E-02   0.55352933914328E-02   -.48152955525023E-06
 0.38785129434521E-05   -.10894723481001E-05   -.85898353122820E-05   0.20363859502821E-05   0.21538283042191E-01   0.21551826454536E-01
 -.18584050967497E-04   0.30015880088010E-04   0.57995926418259E+00   -.61294213012970E-06   0.42901862952795E-06   -.14712942461971E+00   -.22804645971642E-06   -.28820920372255E-06   0.16733954749671E-06
 0.10508014954791E-02   0.10707095045558E-02   0.32473113365499E-01   0.41436989763475E-01   -.56643547628134E-05   0.76690810049761E-05
 0.24582812105593E-04   -.53924067637978E-05   0.56257365321243E-01   0.11975456896129E-07   0.21329295959878E-06   -.14815123858967E-01   0.34503426500039E-06   0.12647409989082E-06   0.56018102208921E-06
 -.10861622210732E-01   -.10856779143546E-01   -.33173552277477E+00   0.39401011629608E-02   0.62042126048276E-06   0.71804597400034E-06
 0.16673677955344E-04   0.23006375986265E-04   0.18280949181591E-04   -.17068095680605E-06   -.60571145168315E-06   -.92048775454087E-05   0.73251140899765E-07   -.26334117328965E-06   -.96822619866108E-02
 -.92883515610161E-03   0.92980507628764E-03   -.16334777873179E-04   0.21514650506871E-05   -.15701928393563E-05   0.70752390438942E-06
 -.35689565521549E-04   -.11522322794524E-04   0.59896526773767E-05   -.26745075540283E-06   0.30364677211659E-06   -.14759475798478E-04   -.14865922214738E-06   0.26358204191890E-07   0.33886297944655E-04
 -.21118350838411E+00   0.21117277379816E+00   0.67733161314180E-04   0.80946732067019E-05   -.31453272143780E-05   -.83114769337600E-05
 0.49020920797779E-04   -.15815342125828E-04   -.10586886682622E+01   0.24655865196680E-05   -.14986706719051E-05   0.15117444106699E+01   0.81863883928680E-07   0.26489523804529E-07   -.92206354295247E-07
 0.10156546692540E-03   0.33879949204085E-04   0.60904437111535E-03   0.25745948245607E+00   0.61772290271328E-04   -.62952077344187E-04
 -.29301019940758E-01   -.29003624258174E-01   -.11347113897913E-06   -.22862028456739E-01   -.22621923226334E-01   -.34018391866557E-05   -.67417953447640E-03   0.66721598595102E-03   -.10396902600986E-07
 0.60665359205818E-05   -.17326405335162E-05   -.57809933137396E-05   -.18549280550419E-05   0.55494971946461E-01   0.56058624838050E-01
 0.28894589808157E-01   -.29219742665204E-01   0.12781063601857E-05   0.22653038868138E-01   -.22887694330211E-01   -.54741027898089E-05   0.66892729416454E-03   0.67586969843741E-03   -.13613626339667E-07
 -.32908138201323E-05   -.61519936857229E-07   0.16967584174417E-05   -.57801465310932E-05   0.55987422887944E-01   -.55427487205176E-01
 0.78998614088177E-05   -.30740967012580E-05   0.29287209876125E-01   -.22555239811007E-05   -.78077614503177E-06   0.72678252478287E-02   0.38264955826754E-08   0.24912878100819E-07   -.13144772763739E-08
 0.15746139606872E-01   0.15756275298416E-01   0.15703700565652E+01   0.26951016722308E-01   0.61217330207847E-05   0.35977179859141E-05
 -.10495860944168E-04   -.79284671651588E-05   -.45900080335858E+00   -.13049980739393E-05   0.39339235286257E-06   -.11991815688625E+00   -.65064023841667E-08   0.73924494380254E-08   -.16569081370291E-07
 0.90542476489266E-03   0.91480548524041E-03   0.10604314465920E+00   -.43383163698101E+00   0.21824694852481E-04   0.80095533538021E-05
 0.36555787825057E-05   -.10599665682451E-04   -.47369574372209E-05   0.28532286757828E-06   0.23460846642416E-05   -.46156941294231E-06   -.53157912210298E-08   0.26475561378023E-07   0.48484689197496E-03
 -.93312381152333E-02   0.93344199276050E-02   0.12158628135217E-04   -.27843969631736E-05   -.30258606772257E-05   0.75169241249174E-06
 0.15280529893108E-04   -.26580546720089E-06   0.95859290973017E-05   -.26762074946503E-06   -.42793459467168E-06   0.55898465449569E-05   0.39674744798275E-08   -.42443890823857E-08   -.36509211677494E-04
 -.10827929369334E+00   0.10827543944335E+00   0.10273852698257E-04   0.10709157798671E-04   0.58100440539711E-06   0.15882688461738E-04
 0.11427471618994E-01   -.11488738576367E-01   -.31738959910912E-04   0.11496165784666E+00   -.11516335208938E+00   -.92778817802795E-04   0.74190710558683E-03   0.74332190630813E-03   0.10378219833559E-07
 0.11327411143124E-04   0.54062095037062E-05   -.20431663513495E-03   -.15026567305618E-03   0.30925655033384E+00   -.30867396453729E+00
 0.11568690168376E-01   0.11542786597344E-01   0.33887739821438E-04   0.11509981366614E+00   0.11488223743787E+00   0.91913899363584E-04   0.74244849858802E-03   -.74113959377329E-03   0.72141887852887E-08
 0.48005586036814E-05   0.32638908537566E-05   -.97332362952639E-04   0.15405647884948E-03   -.30878909204055E+00   -.30932642901979E+00
 0.11751774691425E-04   -.28746004166705E-04   -.17342285241889E-01   0.15043240740188E-05   -.41648549848994E-05   -.44607295244351E-01   0.18208103832647E-07   0.66627193613531E-07   -.18202292248147E-07
 -.22008240814462E+00   -.22000301991345E+00   0.75167442272273E+01   -.79470835144071E-01   0.98669981530578E-05   -.28997494664209E-05
 0.24001954326894E-04   0.16518188937178E-04   0.33594411769267E+00   0.17131919398104E-05   -.22705451275482E-04   0.10584598002423E+01   0.60487755124030E-07   0.15958908500822E-06   -.33816555740514E-07
 -.93108511848778E-02   -.93682161992296E-02   0.32749535097466E+00   0.18564229640969E+01   0.71571144432069E-04   -.49676224572314E-04
 -.23019635857669E+00   0.23048371716609E+00   -.13788776451998E-04   -.10548806983177E-01   0.10560599316434E-01   -.23083862613500E-04   0.33598096642759E-03   0.33638388786482E-03   0.42586020747553E-08
 -.80476057927347E-05   -.68064384324158E-05   0.73365953281662E-04   -.43578503090861E-04   -.78983263891806E-01   0.78861840297223E-01
 -.23524631944247E+00   -.23496726174876E+00   0.13315831366256E-04   -.95282847373169E-02   -.95087573179013E-02   0.24732683449713E-04   0.35378329570721E-03   -.35345870907365E-03   0.13077174368935E-08
 -.83693783084363E-05   -.77214531044851E-05   0.95100879168310E-04   0.41826936215292E-04   0.80012325026564E-01   0.80080547262107E-01
 -.27209356765985E+00   0.27000666149869E+00   -.54026305009628E-05   0.56235243580985E-01   -.55800084244507E-01   -.12072766008453E-04   0.80419233437388E-03   0.79802460254435E-03   0.12755070230249E-07
 0.19485528509746E-05   0.70091398765034E-06   0.17481833813173E-03   -.17815204807427E-04   -.48653962697790E-01   0.49046371753695E-01
 -.26599361366878E+00   -.26810898983865E+00   0.56295194451371E-05   0.55991661522456E-01   0.56416393101152E-01   0.18134237964989E-04   0.79363685857330E-03   -.79981346121511E-03   -.17468360362086E-07
 -.23150007742029E-06   -.20305674896902E-05   0.16295998346828E-03   0.30174297340295E-04   0.47039439569275E-01   0.46681607052556E-01
 -.98509264046214E-05   -.55454285675177E-05   -.34179370939458E+00   -.77194333632484E-06   0.30240957450798E-05   -.30299228741139E+00   -.20309648087719E-07   0.55798631913108E-08   0.25008755454733E-07
 0.21042901952089E-02   0.21177184324218E-02   -.63994214643269E-01   -.58619827910724E+00   -.20136412105393E-04   0.18592311945718E-04
 -.68968484959719E-05   -.57187317964838E-05   -.77470998381412E-02   -.23261660740411E-06   -.99077876078201E-06   -.44998849271034E-02   0.15363805706284E-07   0.19438523626726E-07   -.14363137186063E-08
 -.81547805614581E-01   -.81490317699133E-01   0.25361463757380E+01   -.10675593088233E-01   0.29566906295375E-05   -.13354395396971E-04
 0.19410532900610E-04   -.21478056791854E-05   0.76662589708757E-05   -.23263213968017E-05   -.50428360071569E-06   0.62155217538920E-04   -.12423553264215E-06   0.17586683499339E-07   0.14581737759670E-05
 0.24621070817664E+00   -.24623655169618E+00   0.19037752781980E-03   0.17534873775978E-04   0.14241340400870E-04   0.70818622551295E-04
 0.52106775882130E-05   0.14700442117378E-04   0.12710713108058E-01   0.23916480659368E-05   -.72417599399941E-05   0.59865839001038E+00   0.45589007836241E-07   0.62599593606753E-07   0.67850523417439E-07
 0.15782475522892E-03   0.15113561224790E-03   0.12746541949557E-02   0.18587447269208E+00   -.71079127333816E-04   -.11650543454705E-04
 0.20207052284097E+00   0.20216530236913E+00   -.16400365662420E-04   0.16907098670825E-01   0.16926411132991E-01   0.11440476085481E-04   0.37901456032529E-04   -.38070460303910E-04   -.11042522354682E-07
 -.71294057369470E-05   -.33482292771604E-05   0.17470431095965E-03   -.86990012449487E-05   -.34289552791795E-01   -.34211079065761E-01
 0.20133628703958E+00   -.20127262080415E+00   0.31134515477416E-04   0.17003012396712E-01   -.16996325684342E-01   -.19905627935888E-04   0.39679530539844E-04   0.39667090575872E-04   -.99132841261330E-08
 -.42777287118077E-04   0.18104311395240E-05   0.32305031878043E-03   0.37275710250991E-04   0.33838072944336E-01   -.33848759558571E-01
 0.11555941204366E+00   -.11509537965718E+00   -.38830959097977E-05   -.53244699815238E-01   0.53011045054572E-01   0.58391003917088E-05   0.74992039024463E-03   0.74702320146634E-03   0.37370083501627E-07
 -.10001999317757E-04   0.69425586644349E-05   -.27039322906811E-04   0.59014956925047E-05   -.11751412195100E+00   0.11781219617927E+00
 0.11445249583384E+00   0.11490778891814E+00   0.28378809986155E-05   -.52943135394461E-01   -.53145053064912E-01   0.39475005690560E-05   0.74674515772189E-03   -.74968928198197E-03   -.12975628443955E-06
 -.17422936538937E-04   0.25235991020194E-04   -.41707453934759E-04   -.84121403505027E-05   0.11782281457525E+00   0.11730651372567E+00
 -.79834296409954E-05   -.44292205802039E-04   -.19907409114430E-04   0.31547331197369E-05   0.27092653897719E-04   0.13808581456398E-04   0.97996379877819E-08   -.10379029675816E-06   -.26656483293724E-02
 -.10888391870951E-02   0.10848873475966E-02   -.58735666043466E-04   0.82059768122365E-05   -.47175458845849E-04   -.21496403914826E-04
 0.15996298787154E+00   0.15908637118662E+00   0.20834586437795E-04   -.11016812312302E+00   -.10955586382662E+00   0.13226298691863E-04   -.38810182932907E-03   0.38594885677024E-03   -.98936030356323E-07
 -.62892162605980E-05   0.24451818537148E-04   0.28905010475399E-04   0.26572178885231E-04   -.18715432028222E+00   -.18836017966386E+00
 0.15855000162230E+00   -.15946923365035E+00   -.25659768103434E-04   -.10935099057723E+00   0.10998345687461E+00   -.19086437474649E-04   -.38617448590643E-03   -.38832749091222E-03   0.13052602591580E-06
 0.36688915612532E-04   0.11044687154600E-04   0.41510253214946E-04   -.75452006939346E-04   0.18916724694115E+00   -.18810988876388E+00
 -.47091888330482E-04   0.15770546879975E-04   -.56548471402241E-02   0.13202100734739E-05   0.40962250959098E-05   -.44814277281036E-03   -.10941055949928E-07   -.13236091593019E-07   0.33907763345905E-07
 0.10624465659135E+00   0.10624493824914E+00   0.11563570809130E+01   0.11521750410610E-02   0.54454814448591E-05   0.67853151428090E-05
 -.15250218878526E-04   -.26484356663086E-05   -.14186202746631E-04   -.27024038222563E-05   0.33472849868649E-05   0.32117428874265E-04   -.83808031227686E-07   0.13948320869075E-07   0.10425161664576E-02
 -.17859007187538E-02   0.17696867487851E-02   -.13373075504016E-03   -.87563286925640E-06   -.54430459811295E-04   -.30471580651146E-04
 -.11467703680459E+00   -.10682411513563E+00   0.17415185222188E-04   -.52127139711555E-01   -.48626131613595E-01   0.47447204871334E-05   -.29380062536528E-03   0.27130284889056E-03   0.38495654888497E-06
 0.10237757487740E-03   -.12808743317356E-03   0.25823602752842E-04   0.13725273949135E-04   -.20262151358417E+00   -.21686892741703E+00
 -.10553183807121E+00   0.11342179568134E+00   -.35294372576104E-04   -.46641686712698E-01   0.50236797132764E-01   -.13686123355761E-04   -.30130042946118E-03   -.32247736469087E-03   -.34946414627045E-06
 0.60280115834291E-04   -.79551637778451E-04   -.42749791134357E-04   -.66565518198511E-05   0.20743157948970E+00   -.19245154427439E+00
 -.38691439697935E-01   0.38569974188147E-01   -.37331104361472E-06   0.75858379289636E-01   -.75736660443608E-01   -.54865810397813E-05   -.99495567885048E-03   -.99383608228708E-03   0.37266410418724E-07
 -.11160298865315E-03   0.11226377225198E-03   -.88460565663720E-04   0.70823257209735E-05   -.12644031203226E+00   0.12664750912480E+00
 -.38969525800287E-01   -.38984054824723E-01   0.96083521371672E-06   0.74860779429456E-01   0.74984396350694E-01   0.10518466683761E-04   -.10081764074171E-02   0.10091592200123E-02   -.96587885614284E-07
 -.14665985675998E-03   0.13646756069776E-03   -.26234484622351E-04   0.25589771167475E-05   0.12779406970644E+00   0.12751367549950E+00
 -.20102865891217E-03   -.39516317277002E-04   -.17607797694589E-04   -.36828137330812E-04   -.64234632345354E-05   -.70740497600344E-04   0.10059974310167E-05   -.18889999078333E-06   -.31949520608134E-05
 -.74867237796843E+00   0.74869967867546E+00   0.68403515559586E-05   0.47174169530841E-05   -.15372643210451E-03   -.76020717426449E-03
