# Electronic excitation spectrum of , IRREP a   
#  excitation energy / cm^(-1)  oscillator strength (length rep.)
 0.31907707584008E+04   0.46990127714928E-05
 0.31934159210586E+04   0.46876127509408E-05
 0.34017292381886E+04   0.28712019596094E-05
 0.34056732405778E+04   0.28791539675635E-05
 0.40246542470952E+04   0.24714386575678E-05
 0.40261547925566E+04   0.24058995032182E-05
 0.49771474843328E+04   0.93409765371698E-05
 0.49783314268905E+04   0.94041152404939E-05
 0.50492444349615E+04   0.14476347289331E-11
 0.52035891559644E+04   0.97657634496110E-13
 0.52318439637503E+04   0.62749254685503E-12
 0.59399720768682E+04   0.12393891552958E-06
 0.59436354881345E+04   0.12324990769401E-06
 0.59765502454154E+04   0.39298327009924E-03
 0.59960772624391E+04   0.39976264300059E-05
 0.60790513571322E+04   0.15718871967458E-11
 0.62728853216939E+04   0.41539371749592E-11
 0.73236683709290E+04   0.50840501702873E-01
 0.12232939603986E+05   0.38437376349062E-04
 0.12233659573066E+05   0.38535623409916E-04
 0.12641574358206E+05   0.20283111451494E-05
 0.12675275337092E+05   0.55367090959826E-03
 0.14081783078600E+05   0.24802923396254E-12
 0.14116422093091E+05   0.13507507826278E-11
 0.14608658477032E+05   0.11749864812546E-02
 0.14610131860807E+05   0.11736455791914E-02
 0.14775610502499E+05   0.89306204816311E-04
 0.14891463123368E+05   0.50676956118787E-01
 0.15384119063874E+05   0.10411666843462E-04
 0.15387363408156E+05   0.84695335125655E-05
 0.15480825923308E+05   0.29512437888435E-03
 0.15482584529366E+05   0.29712484262117E-03
 0.17333347062424E+05   0.48335920602269E-02
 0.17416180177122E+05   0.10712236719075E-05
 0.17529178284609E+05   0.20600494520784E-09
 0.17647245733344E+05   0.19211421210868E-01
 0.18201505610009E+05   0.31644342654248E-04
 0.18208126248193E+05   0.31966928737330E-04
 0.18923670423619E+05   0.32449404931865E-03
 0.18931906479683E+05   0.32361184564928E-03
 0.19748853055524E+05   0.56067500322364E-10
 0.20567697968529E+05   0.15081287577698E-02
 0.20571361252981E+05   0.15030545990034E-02
 0.20626456366325E+05   0.12584091920336E-07
 0.21256376865864E+05   0.67798185028674E-10
 0.21270223102942E+05   0.32832870110312E-03
 0.21273323317782E+05   0.30365616629168E-03
 0.21402687230763E+05   0.74702130286703E-03
 0.21408959049232E+05   0.73008899257090E-03
 0.21449779329155E+05   0.41710817878413E-09
