$dipgrad          cartesian dipole gradients
  0.83224823879428D+00  0.37386679036181D-15  -.13892695576700D-15
  0.27758031992758D-15  0.83224823879431D+00  0.42846653393503D-15
  0.16969796880087D-15  0.78155730304879D-16  0.59815867362198D+00
  0.95690545149492D+00  -.70488199612532D+00  -.12245047098687D-15
  -.70488199612532D+00  0.95690545149491D+00  -.36772292161128D-14
  0.13840116017485D-15  0.38403415037326D-17  0.15083048033842D+01
  0.95690545149490D+00  0.70488199612530D+00  -.13298027636737D-14
  0.70488199612534D+00  0.95690545149486D+00  -.71431982507850D-16
  -.27010316323965D-15  -.28758422920509D-15  0.15083048033841D+01
  -.56485092060275D+00  -.27999213038356D+00  0.58355224523317D-01
  -.27999213038356D+00  -.56485092060275D+00  0.58355224523317D-01
  0.68688229198416D-01  0.68688229198419D-01  -.67679864990477D+00
  -.56485092060277D+00  -.27999213038356D+00  -.58355224523319D-01
  -.27999213038356D+00  -.56485092060276D+00  -.58355224523315D-01
  -.68688229198421D-01  -.68688229198423D-01  -.67679864990479D+00
  -.56485092060276D+00  0.27999213038355D+00  -.58355224523318D-01
  0.27999213038357D+00  -.56485092060276D+00  0.58355224523315D-01
  -.68688229198413D-01  0.68688229198420D-01  -.67679864990480D+00
  -.56485092060277D+00  0.27999213038356D+00  0.58355224523315D-01
  0.27999213038356D+00  -.56485092060277D+00  -.58355224523313D-01
  0.68688229198412D-01  -.68688229198421D-01  -.67679864990483D+00
  -.16917485875429D+00  0.88569045128884D-01  0.20052241324952D+00
  0.10332013542514D+00  -.89115426683586D-01  -.71396874844459D-01
  0.10480312383580D+00  -.11495576142030D+00  -.12883208565725D+00
  -.20645715011674D+00  0.19854627035487D+00  0.10884246294996D+00
  0.19854627035486D+00  -.20645715011674D+00  -.10884246294997D+00
  0.44262196925407D-01  -.44262196925406D-01  -.11985692772812D+00
  -.89115426683574D-01  0.10332013542514D+00  0.71396874844475D-01
  0.88569045128886D-01  -.16917485875429D+00  -.20052241324952D+00
  0.11495576142031D+00  -.10480312383581D+00  -.12883208565725D+00
  -.11986998513316D+00  0.15496357659373D+00  0.15461157576231D+00
  0.12283606432808D+00  -.15657980162680D+00  -.25191341777992D+00
  0.86096573283898D-01  -.14382601118297D+00  -.14978931663968D+00
  -.15657980162680D+00  0.12283606432807D+00  0.25191341777992D+00
  0.15496357659373D+00  -.11986998513316D+00  -.15461157576231D+00
  0.14382601118296D+00  -.86096573283898D-01  -.14978931663968D+00
  -.89115426683598D-01  0.10332013542513D+00  -.71396874844467D-01
  0.88569045128885D-01  -.16917485875427D+00  0.20052241324953D+00
  -.11495576142030D+00  0.10480312383581D+00  -.12883208565725D+00
  -.20645715011675D+00  0.19854627035486D+00  -.10884246294997D+00
  0.19854627035486D+00  -.20645715011675D+00  0.10884246294998D+00
  -.44262196925400D-01  0.44262196925403D-01  -.11985692772814D+00
  -.16917485875428D+00  0.88569045128883D-01  -.20052241324954D+00
  0.10332013542513D+00  -.89115426683594D-01  0.71396874844465D-01
  -.10480312383580D+00  0.11495576142030D+00  -.12883208565725D+00
  -.15657980162678D+00  0.12283606432807D+00  -.25191341777992D+00
  0.15496357659373D+00  -.11986998513316D+00  0.15461157576231D+00
  -.14382601118297D+00  0.86096573283903D-01  -.14978931663969D+00
  -.11986998513316D+00  0.15496357659374D+00  -.15461157576230D+00
  0.12283606432808D+00  -.15657980162680D+00  0.25191341777992D+00
  -.86096573283899D-01  0.14382601118297D+00  -.14978931663968D+00
  -.89115426683580D-01  -.10332013542514D+00  -.71396874844468D-01
  -.88569045128885D-01  -.16917485875430D+00  -.20052241324953D+00
  -.11495576142031D+00  -.10480312383581D+00  -.12883208565725D+00
  -.11986998513317D+00  -.15496357659374D+00  -.15461157576231D+00
  -.12283606432807D+00  -.15657980162680D+00  -.25191341777992D+00
  -.86096573283903D-01  -.14382601118296D+00  -.14978931663965D+00
  -.15657980162680D+00  -.12283606432807D+00  -.25191341777991D+00
  -.15496357659374D+00  -.11986998513317D+00  -.15461157576230D+00
  -.14382601118296D+00  -.86096573283903D-01  -.14978931663966D+00
  -.16917485875430D+00  -.88569045128886D-01  -.20052241324952D+00
  -.10332013542514D+00  -.89115426683585D-01  -.71396874844468D-01
  -.10480312383580D+00  -.11495576142030D+00  -.12883208565725D+00
  -.20645715011674D+00  -.19854627035486D+00  -.10884246294997D+00
  -.19854627035487D+00  -.20645715011674D+00  -.10884246294997D+00
  -.44262196925398D-01  -.44262196925403D-01  -.11985692772814D+00
  -.16917485875429D+00  -.88569045128882D-01  0.20052241324953D+00
  -.10332013542513D+00  -.89115426683599D-01  0.71396874844465D-01
  0.10480312383581D+00  0.11495576142030D+00  -.12883208565725D+00
  -.15657980162679D+00  -.12283606432807D+00  0.25191341777991D+00
  -.15496357659374D+00  -.11986998513317D+00  0.15461157576232D+00
  0.14382601118296D+00  0.86096573283900D-01  -.14978931663966D+00
  -.11986998513317D+00  -.15496357659373D+00  0.15461157576230D+00
  -.12283606432807D+00  -.15657980162680D+00  0.25191341777992D+00
  0.86096573283899D-01  0.14382601118297D+00  -.14978931663968D+00
  -.89115426683599D-01  -.10332013542514D+00  0.71396874844469D-01
  -.88569045128887D-01  -.16917485875429D+00  0.20052241324954D+00
  0.11495576142031D+00  0.10480312383580D+00  -.12883208565725D+00
  -.20645715011674D+00  -.19854627035487D+00  0.10884246294997D+00
  -.19854627035487D+00  -.20645715011674D+00  0.10884246294997D+00
  0.44262196925391D-01  0.44262196925396D-01  -.11985692772815D+00
  0.53973676044544D-01  -.10366276376388D+00  -.24963337161962D-01
  -.53843779824362D-01  0.67794194772761D-01  0.64983956372336D-01
  0.39265667197718D-03  0.74286268294198D-01  0.83140703082786D-01
  0.37003406331533D-01  -.69677309173288D-01  -.14843009846654D+00
  -.49632367703210D-01  0.10545430566168D+00  0.40618641809644D-01
  -.76766937592081D-01  0.45773457316005D-02  0.31232283858703D-02
  0.10530777466228D+00  -.59152052035604D-01  -.60549728326975D-01
  -.59152052035606D-01  0.10530777466228D+00  0.60549728326974D-01
  -.61928091728249D-01  0.61928091728247D-01  0.27678449192605D-01
  0.10545430566167D+00  -.49632367703205D-01  -.40618641809643D-01
  -.69677309173289D-01  0.37003406331536D-01  0.14843009846654D+00
  -.45773457316002D-02  0.76766937592081D-01  0.31232283858733D-02
  0.67794194772762D-01  -.53843779824362D-01  -.64983956372335D-01
  -.10366276376388D+00  0.53973676044546D-01  0.24963337161959D-01
  -.74286268294196D-01  -.39265667197707D-03  0.83140703082786D-01
  0.37003406331535D-01  -.69677309173288D-01  0.14843009846654D+00
  -.49632367703209D-01  0.10545430566167D+00  -.40618641809643D-01
  0.76766937592084D-01  -.45773457316024D-02  0.31232283858729D-02
  0.53973676044547D-01  -.10366276376388D+00  0.24963337161961D-01
  -.53843779824364D-01  0.67794194772759D-01  -.64983956372337D-01
  -.39265667197706D-03  -.74286268294196D-01  0.83140703082784D-01
  0.10530777466229D+00  -.59152052035606D-01  0.60549728326975D-01
  -.59152052035605D-01  0.10530777466229D+00  -.60549728326974D-01
  0.61928091728249D-01  -.61928091728248D-01  0.27678449192605D-01
  0.67794194772762D-01  -.53843779824362D-01  0.64983956372336D-01
  -.10366276376388D+00  0.53973676044545D-01  -.24963337161963D-01
  0.74286268294197D-01  0.39265667197722D-03  0.83140703082786D-01
  0.10545430566167D+00  -.49632367703206D-01  0.40618641809644D-01
  -.69677309173286D-01  0.37003406331536D-01  -.14843009846654D+00
  0.45773457316012D-02  -.76766937592083D-01  0.31232283858711D-02
  0.53973676044545D-01  0.10366276376388D+00  -.24963337161965D-01
  0.53843779824360D-01  0.67794194772757D-01  -.64983956372333D-01
  0.39265667197701D-03  -.74286268294196D-01  0.83140703082783D-01
  0.10530777466228D+00  0.59152052035607D-01  -.60549728326976D-01
  0.59152052035609D-01  0.10530777466229D+00  -.60549728326975D-01
  -.61928091728248D-01  -.61928091728250D-01  0.27678449192604D-01
  0.67794194772760D-01  0.53843779824364D-01  -.64983956372334D-01
  0.10366276376388D+00  0.53973676044546D-01  -.24963337161964D-01
  -.74286268294199D-01  0.39265667197698D-03  0.83140703082782D-01
  0.10545430566167D+00  0.49632367703210D-01  -.40618641809643D-01
  0.69677309173288D-01  0.37003406331534D-01  -.14843009846654D+00
  -.45773457315995D-02  -.76766937592082D-01  0.31232283858729D-02
  0.37003406331534D-01  0.69677309173289D-01  -.14843009846654D+00
  0.49632367703208D-01  0.10545430566168D+00  -.40618641809643D-01
  -.76766937592083D-01  -.45773457316020D-02  0.31232283858707D-02
  0.37003406331534D-01  0.69677309173288D-01  0.14843009846654D+00
  0.49632367703208D-01  0.10545430566168D+00  0.40618641809643D-01
  0.76766937592081D-01  0.45773457316015D-02  0.31232283858712D-02
  0.53973676044548D-01  0.10366276376388D+00  0.24963337161970D-01
  0.53843779824363D-01  0.67794194772761D-01  0.64983956372332D-01
  -.39265667197705D-03  0.74286268294197D-01  0.83140703082782D-01
  0.10530777466229D+00  0.59152052035611D-01  0.60549728326975D-01
  0.59152052035605D-01  0.10530777466229D+00  0.60549728326975D-01
  0.61928091728248D-01  0.61928091728249D-01  0.27678449192605D-01
  0.10545430566168D+00  0.49632367703202D-01  0.40618641809644D-01
  0.69677309173287D-01  0.37003406331535D-01  0.14843009846654D+00
  0.45773457315997D-02  0.76766937592084D-01  0.31232283858747D-02
  0.67794194772758D-01  0.53843779824364D-01  0.64983956372332D-01
  0.10366276376388D+00  0.53973676044546D-01  0.24963337161965D-01
  0.74286268294198D-01  -.39265667197694D-03  0.83140703082783D-01
$end
