$energy      SCF               SCFKIN            SCFPOT
     1 -2524.325647911      2410.456044451     -4934.781692362
     2 -2524.325648016      2410.455979682     -4934.781627698
     3 -2524.330778682      2410.543492639     -4934.874271321
     4 -2524.335537850      2410.590462360     -4934.926000211
     5 -2524.337161761      2410.652881457     -4934.990043218
     6 -2524.337840899      2410.738286419     -4935.076127319
     7 -2524.338166640      2410.885335328     -4935.223501967
     8 -2524.338460526      2411.007319024     -4935.345779549
     9 -2524.338694196      2411.067433405     -4935.406127601
    10 -2524.339219294      2411.120709475     -4935.459928769
    11 -2524.340316140      2411.146128733     -4935.486444873
    12 -2524.340636940      2411.133339541     -4935.473976482
    13 -2524.341205264      2411.067253200     -4935.408458464
    14 -2524.341477640      2411.125929706     -4935.467407347
    15 -2524.341790882      2411.201488998     -4935.543279880
    16 -2524.342128244      2411.204093557     -4935.546221801
    17 -2524.342539263      2411.109576348     -4935.452115611
    18 -2524.342629727      2411.135602949     -4935.478232676
    19 -2524.342702363      2411.184398938     -4935.527101300
    20 -2524.342742375      2411.177758945     -4935.520501320
    21 -2524.342899347      2411.147581084     -4935.490480431
    22 -2524.342979017      2411.157841636     -4935.500820653
    23 -2524.343091053      2411.173214010     -4935.516305063
    24 -2524.343128143      2411.173895252     -4935.517023395
    25 -2524.343219906      2411.159686632     -4935.502906539
    26 -2524.343297254      2411.152271382     -4935.495568636
    27 -2524.343336974      2411.165057989     -4935.508394963
    28 -2524.343349235      2411.173184310     -4935.516533545
    29 -2524.343367743      2411.178467286     -4935.521835029
    30 -2524.343384905      2411.178138254     -4935.521523159
    31 -2524.343448736      2411.164788801     -4935.508237538
    32 -2524.343506225      2411.157516439     -4935.501022664
    33 -2524.343536564      2411.166670602     -4935.510207167
    34 -2524.343618652      2411.184009472     -4935.527628125
    35 -2524.343759618      2411.197416388     -4935.541176006
    36 -2524.343799791      2411.199556849     -4935.543356640
    37 -2524.343868215      2411.197120395     -4935.540988610
    38 -2524.343981373      2411.199346578     -4935.543327951
    39 -2524.344004348      2411.195198041     -4935.539202389
    40 -2524.344018301      2411.196510087     -4935.540528388
    41 -2524.344031526      2411.196985409     -4935.541016935
    42 -2524.344039256      2411.198078649     -4935.542117905
    43 -2524.344048044      2411.201357113     -4935.545405157
    44 -2524.344049521      2411.203311230     -4935.547360751
    45 -2524.344049536      2411.203452613     -4935.547502150
    46 -2524.344049871      2411.203545794     -4935.547595665
$end
