$forceapprox          (8f10.5)
# approximate force constant matrix for project :
#  --->    <---
   0.50000
   0.00000   0.50000
   0.00000   0.00000   0.50000
   0.00000   0.00000   0.00000   0.50000
   0.00000   0.00000   0.00000   0.00000   0.50000
   0.00000   0.00000   0.00000   0.00000   0.00000   0.17287
   0.00000   0.00000   0.00000   0.00000   0.00000  -0.03477   0.23394
   0.00000   0.00000   0.00000   0.00000   0.00000  -0.03477  -0.04032   0.23394
#  coordinates    9 to   16
   0.00000   0.00000   0.00000   0.00000   0.00000  -0.04327  -0.00218  -0.00218
   0.08267
   0.00000   0.00000   0.00000   0.00000   0.00000   0.00594   0.01851   0.01851
   0.01816   0.59270
   0.00000   0.00000   0.00000   0.00000   0.00000  -0.01852   0.00260   0.00260
   0.00458   0.32773   0.60511
   0.00000   0.00000   0.00000   0.00000   0.00000  -0.03592  -0.00527  -0.00527
   0.00627   0.15843  -0.04093   0.52410
   0.00000   0.00000   0.00000   0.00000   0.00000  -0.00436  -0.01096  -0.01096
   0.00359  -0.03432   0.06590  -0.04078   0.38279
   0.00000   0.00000   0.00000   0.00000   0.00000   0.00436   0.01096   0.01096
  -0.00359   0.03432  -0.06590   0.04078   0.13528   0.38279
   0.00000   0.00000   0.00000   0.00000   0.00000  -0.01230  -0.01324  -0.01324
  -0.00572  -0.01890   0.03422  -0.20623   0.16370  -0.16370   0.68993
   0.00000   0.00000   0.00000   0.00000   0.00000   0.00434   0.02364   0.02364
   0.01098   0.03199   0.10260  -0.09526  -0.02085   0.02085  -0.04268   0.65767
#  coordinates   17 to   24
   0.00000   0.00000   0.00000   0.00000   0.00000  -0.05112   0.01064   0.01064
   0.00667   0.12402   0.02486   0.02668   0.00356  -0.00356   0.05136   0.38267
   0.53372
   0.00000   0.00000   0.00000   0.00000   0.00000  -0.02472   0.02132   0.02132
   0.00900  -0.07857   0.04826  -0.20165  -0.02279   0.02279  -0.12424   0.24949
  -0.03426   0.53995
   0.00000   0.00000   0.00000   0.00000   0.00000  -0.02389  -0.00552  -0.00552
   0.00639   0.10124   0.14462   0.05855  -0.02128   0.02128   0.01969   0.00981
   0.00481  -0.03655   0.23868
   0.00000   0.00000   0.00000   0.00000   0.00000  -0.00637   0.00367   0.00367
   0.01465   0.17304   0.05297   0.03411   0.00998  -0.00998   0.04378   0.01174
   0.02483   0.01592   0.09003   0.26610
   0.00000   0.00000   0.00000   0.00000   0.00000   0.01639   0.00100   0.00100
  -0.00347  -0.05492  -0.02437  -0.08605   0.00034  -0.00034   0.00095   0.03597
   0.01875   0.00219  -0.04377  -0.07370   0.08399
   0.00000   0.00000   0.00000   0.00000   0.00000   0.01255  -0.01257  -0.01257
  -0.00364  -0.00810  -0.02658  -0.02494   0.00035  -0.00035   0.01140  -0.12302
  -0.03242  -0.13160  -0.01863   0.01729   0.00407   0.17982
   0.00000   0.00000   0.00000   0.00000   0.00000   0.00545  -0.00791  -0.00791
   0.00158   0.00337  -0.02953  -0.01060  -0.02283   0.02283   0.04293   0.03040
  -0.03627  -0.05177   0.04170  -0.00447   0.01430   0.06385   0.16425
   0.00000   0.00000   0.00000   0.00000   0.00000   0.00207  -0.00562  -0.00562
  -0.00355   0.00633   0.02716  -0.01511  -0.00765   0.00765  -0.02386  -0.13997
  -0.03195  -0.17048   0.00632  -0.00956  -0.00525   0.13910  -0.00648   0.21634
#  coordinates   25 to   27
   0.00000   0.00000   0.00000   0.00000   0.00000  -0.01183  -0.00111  -0.00111
  -0.00012  -0.01344  -0.02953  -0.00808  -0.03300   0.03300  -0.06601  -0.00175
   0.01049  -0.00497  -0.02158   0.02094  -0.00222   0.00539  -0.00646  -0.00766
   0.13901
   0.00000   0.00000   0.00000   0.00000   0.00000   0.01183   0.00111   0.00111
   0.00012   0.01344   0.02953   0.00808   0.03300  -0.03300   0.06601   0.00175
  -0.01049   0.00497   0.02158  -0.02094   0.00222  -0.00539   0.00646   0.00766
   0.03570   0.13901
   0.00000   0.00000   0.00000   0.00000   0.00000  -0.02235  -0.00610  -0.00610
  -0.00514  -0.03149  -0.02509   0.01563  -0.09088   0.09088  -0.31325  -0.02328
   0.00477  -0.03399   0.02333  -0.02216  -0.00156  -0.00853   0.00709  -0.00008
   0.09484  -0.09484   0.35858
$end
