$coord
   -0.00000000000000      0.00000000000000      0.00000000000000  mo
   -0.00000000000000      0.00000000000000     -6.63288776542223  gd
   -0.00000000000000     -0.00000000000000      6.63288776542223  gd
    2.37081637904576      2.37081637904576     -2.52675462540274  s
   -2.37081637904576     -2.37081637904576     -2.52675462540274  s
    2.37081637904576     -2.37081637904576      2.52675462540274  s
   -2.37081637904576      2.37081637904576      2.52675462540274  s
    4.71048478190917     -1.64305095279670     -7.88390784812831  c
    3.64111648456068     -3.64111648456068     -6.44955821839689  c
    1.64305095279670     -4.71048478190917     -7.88390784812831  c
    1.46926243878845     -3.36951681175311    -10.20530942344115  c
    3.36951681175311     -1.46926243878845    -10.20530942344115  c
   -1.64305095279670      4.71048478190917     -7.88390784812831  c
   -3.64111648456068      3.64111648456068     -6.44955821839689  c
   -4.71048478190917      1.64305095279670     -7.88390784812831  c
   -3.36951681175311      1.46926243878845    -10.20530942344115  c
   -1.46926243878845      3.36951681175311    -10.20530942344115  c
    1.64305095279670      4.71048478190917      7.88390784812831  c
    1.46926243878845      3.36951681175311     10.20530942344115  c
    3.36951681175311      1.46926243878845     10.20530942344115  c
    4.71048478190917      1.64305095279670      7.88390784812831  c
    3.64111648456068      3.64111648456068      6.44955821839689  c
   -4.71048478190917     -1.64305095279670      7.88390784812831  c
   -3.36951681175311     -1.46926243878845     10.20530942344115  c
   -1.46926243878845     -3.36951681175311     10.20530942344115  c
   -1.64305095279670     -4.71048478190917      7.88390784812831  c
   -3.64111648456068     -3.64111648456068      6.44955821839689  c
    0.44276895371284     -6.28131842843171     -7.29081050985585  h
    0.13673719368704     -3.75020438110042    -11.73543649892401  h
    4.21557531013136     -4.21557531013136     -4.55371736944957  h
    3.75020438110042     -0.13673719368704    -11.73543649892401  h
    6.28131842843171     -0.44276895371284     -7.29081050985585  h
   -0.13673719368704      3.75020438110042    -11.73543649892401  h
   -0.44276895371284      6.28131842843171     -7.29081050985585  h
   -4.21557531013136      4.21557531013136     -4.55371736944957  h
   -6.28131842843171      0.44276895371284     -7.29081050985585  h
   -3.75020438110042      0.13673719368704    -11.73543649892401  h
   -0.44276895371284     -6.28131842843171      7.29081050985585  h
   -4.21557531013136     -4.21557531013136      4.55371736944957  h
   -6.28131842843171     -0.44276895371284      7.29081050985585  h
   -3.75020438110042     -0.13673719368704     11.73543649892401  h
   -0.13673719368704     -3.75020438110042     11.73543649892401  h
    0.13673719368704      3.75020438110042     11.73543649892401  h
    0.44276895371284      6.28131842843171      7.29081050985585  h
    4.21557531013136      4.21557531013136      4.55371736944957  h
    3.75020438110042      0.13673719368704     11.73543649892401  h
    6.28131842843171      0.44276895371284      7.29081050985585  h
$user-defined bonds
$redundant
     number_of_atoms            47
     degrees_of_freedom         19
     internal_coordinates       29
     frozen_coordinates          0
# definitions of redundant internals
   1 k  2.8284271247462 stre  11   29           val=   2.06442
   2 k  2.0000000000000 stre   9   30           val=   2.06258
   3 k  2.8284271247462 stre   8   32           val=   2.06397
   4 k  2.0000167829013 bend   9   32    8      val=  -0.04425
       -1.9999686651446 bend  12   32    8
        0.0076293219117 bend   2   32    8
   5 k  1.9999998684381 bend  10   29   11      val=   0.15661
       -1.9999997173747 bend  12   29   11
        0.0012871475347 bend   2   29   11
   6 k  0.0658888835516 bend  10   30    9      val= 115.90228
        0.0658888835516 bend   8   30    9
        1.9978281482772 bend   2   30    9
   7 k -0.0024295735873 bend  10   29   11      val= 116.66051
       -0.0006092727269 bend  12   29   11
        2.8284260156417 bend   2   29   11
   8 k  0.0388682412689 bend   9   32    8      val= 116.48735
        0.0496561540921 bend  12   32    8
        2.8277240894722 bend   2   32    8
   9 k  0.6666666666667 tors   9    8    2    4 val=  71.71799
        0.6666666666667 tors   9    8    2    5
        0.6666666666667 tors   9    8    2   10
        0.6666666666667 tors   9    8    2   11
        0.6666666666667 tors   9    8    2   13
        0.6666666666667 tors   9    8    2   14
        0.6666666666667 tors   9    8    2   15
        0.6666666666667 tors   9    8    2   16
        0.6666666666667 tors   9    8    2   17
        0.6666666666667 tors  12    8    2    4
        0.6666666666667 tors  12    8    2    5
        0.6666666666667 tors  12    8    2   10
        0.6666666666667 tors  12    8    2   11
        0.6666666666667 tors  12    8    2   13
        0.6666666666667 tors  12    8    2   14
        0.6666666666667 tors  12    8    2   15
        0.6666666666667 tors  12    8    2   16
        0.6666666666667 tors  12    8    2   17
  10 k  0.6666666666667 tors  10   11    2    4 val=  95.58571
        0.6666666666667 tors  10   11    2    5
        0.6666666666667 tors  10   11    2    8
        0.6666666666667 tors  10   11    2    9
        0.6666666666667 tors  10   11    2   13
        0.6666666666667 tors  10   11    2   14
        0.6666666666667 tors  10   11    2   15
        0.6666666666667 tors  10   11    2   16
        0.6666666666667 tors  10   11    2   17
        0.6666666666667 tors  12   11    2    4
        0.6666666666667 tors  12   11    2    5
        0.6666666666667 tors  12   11    2    8
        0.6666666666667 tors  12   11    2    9
        0.6666666666667 tors  12   11    2   13
        0.6666666666667 tors  12   11    2   14
        0.6666666666667 tors  12   11    2   15
        0.6666666666667 tors  12   11    2   16
        0.6666666666667 tors  12   11    2   17
  11 k  2.0000000000000 stre   1    4           val=   4.19834
  12 k  1.4142135623731 bend   5    4    1      val= 105.99547
  13 k  2.0000000000000 stre   2    4           val=   5.30112
  14 k  2.8284271247462 stre   2    8           val=   5.14328
  15 k  2.0000000000000 stre   2    9           val=   5.15258
  16 k  2.8284271247462 stre   8    9           val=   2.68201
  17 k  2.8284271247462 stre   2   11           val=   5.12587
  18 k  2.8284271247462 stre   8   12           val=   2.68650
  19 k  2.0000000000000 stre  11   12           val=   2.68737
  20 k -0.6296734764651 bend   5    4    2      val=  67.64500
       -0.2204406024725 bend   8    4    2
       -0.4229416962721 bend   8    5    2
        0.0830358282378 bend  10    8    2
        0.4558530600965 bend  13    8    2
        0.9583704043966 bend  15    8    2
       -0.3592910159957 bend   9    4    2
        0.4056174090594 bend  14    8    2
       -0.0724660418417 bend  11    4    2
        0.1965847861497 bend  11    8    2
        0.1177016829396 bend  11    9    2
       -0.0381593409877 bend  12    4    2
        0.8383092693784 bend  16    8    2
        0.7541130733213 bend  16    9    2
        0.6406212827270 bend  16   11    2
        0.6557986522432 bend  17    8    2
        0.7228746772506 bend  17   11    2
  21 k  1.1252428798297 bend   5    4    2      val=   5.53273
       -0.2319849965768 bend   8    4    2
        0.2447519081388 bend   8    5    2
        0.1388859124650 bend  10    8    2
       -0.2544268586511 bend  13    8    2
       -0.2329913003863 bend  15    8    2
        0.1179454430420 bend   9    4    2
       -0.1834516251252 bend  14    8    2
       -0.4715075392351 bend  11    4    2
       -0.2506130418167 bend  11    8    2
       -0.4570091791202 bend  11    9    2
       -0.5547218765815 bend  12    4    2
        0.1743932864554 bend  16    8    2
        0.1964040728274 bend  16    9    2
        0.6524192587989 bend  16   11    2
        0.1482430025586 bend  17    8    2
        0.6137783781152 bend  17   11    2
  22 k  0.6268621579286 bend   5    4    2      val=  19.30048
        0.2134581061721 bend   8    4    2
       -0.3619761467317 bend   8    5    2
       -1.2279477651790 bend  10    8    2
        1.1120151288173 bend  13    8    2
        0.0062862148231 bend  15    8    2
        0.0719243710772 bend   9    4    2
        0.5358036141580 bend  14    8    2
       -0.1015339005190 bend  11    4    2
       -0.4201380635986 bend  11    8    2
       -0.0024560993094 bend  11    9    2
       -0.1090403896190 bend  12    4    2
       -0.0763311946784 bend  16    8    2
       -0.1538396200029 bend  16    9    2
       -0.1522283483050 bend  16   11    2
        0.3040897576946 bend  17    8    2
       -0.2273194868496 bend  17   11    2
  23 k  0.9387492548811 bend   5    4    2      val=  16.42087
       -0.6696171872312 bend   8    4    2
       -0.1180546523088 bend   8    5    2
        0.4324428750777 bend  10    8    2
        0.0805269286868 bend  13    8    2
        0.8502263065819 bend  15    8    2
       -0.1015587998372 bend   9    4    2
        0.0756727097429 bend  14    8    2
        0.1334942437763 bend  11    4    2
        0.7180821589403 bend  11    8    2
        0.4583695729916 bend  11    9    2
       -0.3036252744546 bend  12    4    2
        0.1967293392060 bend  16    8    2
       -0.1772656632671 bend  16    9    2
       -0.6343872172336 bend  16   11    2
       -0.0614503195395 bend  17    8    2
       -0.4739898075241 bend  17   11    2
  24 k  0.3770311450611 bend   5    4    2      val=   6.85001
        0.1912422927030 bend   8    4    2
        0.2918026259190 bend   8    5    2
       -0.0913992139311 bend  10    8    2
       -0.3062883674456 bend  13    8    2
       -0.7019667707450 bend  15    8    2
       -1.1493477202522 bend   9    4    2
        0.5512690257616 bend  14    8    2
       -0.0414479114406 bend  11    4    2
       -0.2313144714969 bend  11    8    2
        1.4818113250787 bend  11    9    2
       -0.1271671853291 bend  12    4    2
       -0.3754561828811 bend  16    8    2
        1.4027351340056 bend  16    9    2
       -0.0662129663530 bend  16   11    2
       -0.3233028411327 bend  17    8    2
       -0.0540168818994 bend  17   11    2
  25 k -0.2201204800998 bend   5    4    2      val=  -1.04541
        0.3592509396114 bend   8    4    2
        0.0159110686963 bend   8    5    2
       -0.4552066862195 bend  10    8    2
        0.1548619908251 bend  13    8    2
       -0.4623405088456 bend  15    8    2
        0.0534622071747 bend   9    4    2
        0.0645932458943 bend  14    8    2
        0.9561402187698 bend  11    4    2
        0.7769395740209 bend  11    8    2
        0.1059160577304 bend  11    9    2
       -1.2449871999599 bend  12    4    2
        0.4532765302229 bend  16    8    2
       -0.2995474785082 bend  16    9    2
       -0.4045040922469 bend  16   11    2
       -0.7574296821031 bend  17    8    2
        1.1190954103430 bend  17   11    2
  26 k  2.0000000000000 bend   2    1    4      val=  87.76910
  27 k  2.8284271247462 bend  12    9    8      val= 108.13731
  28 k  2.0000000000000 bend   8   10    9      val= 107.94276
  29 k  2.8284271247462 bend  12   10   11      val= 107.89116
        19 non zero eigenvalues  of BmBt
           1           2.352099278    1    0
         1
           2           2.094288743    2    0
         2
           3           2.022681961    3    0
         3
           4           1.504283709    4    0
         4
           5           1.025476507    5    0
         5
           6           0.714292559    6    0
         6
           7           0.575413228    7    0
         7
           8           0.574622423    8    0
         8
           9           5.461540083    0    0
         0.000000000         0.000000000         0.000000000         0.000000000
         0.000000000         0.000000000         0.000000000         0.000000000
         0.346156271        -0.054058408         0.004089380        -0.028482542
        -0.464445257         0.137296546        -0.120564901        -0.011327394
         0.626031914         0.028038622         0.048481999        -0.478716219
         0.013264996         0.000273430         0.000154024        -0.002682960
        -0.003496932        -0.048036004        -0.000001529         0.017829811
        -0.012606056
          10           1.406458498    0    0
         0.000000000         0.000000000         0.000000000         0.000000000
         0.000000000         0.000000000         0.000000000         0.000000000
        -0.594932199         0.326704079         0.155064071        -0.073996040
        -0.279451813         0.146297426         0.120999295         0.485858688
         0.118344935         0.043117645        -0.246898260        -0.065667344
         0.084493582        -0.060333961         0.034851134         0.123207532
        -0.063949857         0.006308806        -0.063802186        -0.133997583
         0.158552779
          11           1.278189729    0    0
         0.000000000         0.000000000         0.000000000         0.000000000
         0.000000000         0.000000000         0.000000000         0.000000000
        -0.069041357        -0.055023786        -0.775962951        -0.130430110
        -0.412763745        -0.035355174         0.022848839        -0.028504243
        -0.118433446         0.028798171        -0.125625254         0.145254038
        -0.224074307        -0.067639162        -0.173924410        -0.052938769
        -0.013428857         0.244617445        -0.002291931        -0.017486495
         0.014656761
          12           1.241353936    0    0
         0.000000000         0.000000000         0.000000000         0.000000000
         0.000000000         0.000000000         0.000000000         0.000000000
         0.030310065         0.023365141         0.064905986         0.016486326
         0.051059788         0.147702060        -0.153008861        -0.268285483
        -0.034580997         0.634672890        -0.521364359         0.005649513
        -0.043954137         0.049708482         0.085143357        -0.085998416
        -0.117930340        -0.024169931        -0.288786395         0.267398124
         0.099707722
          13           1.031569361    0    0
         0.000000000         0.000000000         0.000000000         0.000000000
         0.000000000         0.000000000         0.000000000         0.000000000
         0.085056082         0.126755466         0.339865275        -0.191113714
        -0.507962046        -0.170582817        -0.210466745        -0.292491456
        -0.375649660        -0.400896002        -0.189961534         0.032303863
         0.188979966         0.062676537         0.002273861        -0.043838597
        -0.000530107         0.066185311        -0.111338228         0.090125119
         0.047610291
          14           0.965967111    0    0
         0.000000000         0.000000000         0.000000000         0.000000000
         0.000000000         0.000000000         0.000000000         0.000000000
         0.166318955         0.407045895        -0.197556412         0.070727083
         0.178101815         0.371403200        -0.265135726         0.189714238
        -0.061400828        -0.249682024         0.211518474         0.001431318
         0.056005794        -0.209164304        -0.070265457        -0.113765049
         0.047377847        -0.011190754        -0.410080168         0.330926681
         0.176080321
          15           0.764003197    0    0
         0.000000000         0.000000000         0.000000000         0.000000000
         0.000000000         0.000000000         0.000000000         0.000000000
        -0.189974658         0.124049757        -0.204627319         0.186921102
         0.339388675        -0.306385064        -0.294378857        -0.194900433
         0.269578041        -0.373578586        -0.452325142        -0.211618654
        -0.000492669         0.017907522        -0.192077219         0.013760839
        -0.068757818        -0.118871618         0.036079212        -0.126438487
         0.053326066
          16           0.452875875    0    0
         0.000000000         0.000000000         0.000000000         0.000000000
         0.000000000         0.000000000         0.000000000         0.000000000
         0.343157536        -0.012545391        -0.040466311         0.087669705
         0.071441916         0.236549553         0.678365920         0.055944852
        -0.200490762        -0.222147270        -0.386639570        -0.240592691
         0.028679064         0.045467849        -0.098966728        -0.090810064
        -0.026524718        -0.082637896        -0.045857470        -0.092409815
         0.111200358
          17           0.375846008    0    0
         0.000000000         0.000000000         0.000000000         0.000000000
         0.000000000         0.000000000         0.000000000         0.000000000
         0.158224469         0.445718555        -0.007751917        -0.032431733
        -0.016445897        -0.650000235         0.374489204        -0.002882254
         0.224633393         0.146652506         0.087893011         0.116705806
         0.056118437        -0.176546243         0.073073853        -0.174416194
        -0.029672805         0.037062876        -0.141065367         0.160859658
         0.027317328
          18           0.237394966    0    0
         0.000000000         0.000000000         0.000000000         0.000000000
         0.000000000         0.000000000         0.000000000         0.000000000
         0.147254772        -0.068682760        -0.038390253         0.057064533
         0.010064848        -0.351388513        -0.230922757         0.372095611
        -0.451850653         0.167137447         0.000231253        -0.536798705
        -0.202488833        -0.196703187         0.170604789         0.103859526
         0.025072616        -0.057607621        -0.017271224        -0.070279917
         0.066966717
          19           0.015163072    0    0
         0.000000000         0.000000000         0.000000000         0.000000000
         0.000000000         0.000000000         0.000000000         0.000000000
        -0.074350724         0.051239285        -0.290480894         0.491149940
        -0.252201311        -0.018581548         0.026704654        -0.073567895
        -0.117846529         0.050709016         0.092184366         0.069692203
         0.356327302         0.165681397         0.292648800         0.078159703
         0.002686190        -0.563143325         0.018421975         0.031926211
        -0.040997200
$end
