$optinfo internal
 gdiistep   on
 trostep    off
 calchess   off
 iteration  17
 ndiis       6
 itrvec      0
 tradius    2.323790007724E-01
 actrad     1.147774386762E-01
 energyo   -3.966127634175E+03
 predengy  -4.825886663841E-04
 trnvec
  0.000000000000D+00  0.000000000000D+00  0.000000000000D+00
  0.000000000000D+00  0.000000000000D+00  0.000000000000D+00
  0.000000000000D+00  0.000000000000D+00  0.000000000000D+00
  0.000000000000D+00  0.000000000000D+00  0.000000000000D+00
  0.000000000000D+00  0.000000000000D+00  0.000000000000D+00
  0.000000000000D+00  0.000000000000D+00  0.000000000000D+00
  0.000000000000D+00
 displ
  0.124003860893D-03 -0.144885996743D-03 -0.740998601998D-04
  0.235129014349D-03  0.556510434212D-03 -0.123479919770D-03
  0.579889848080D-03  0.453212696510D-04 -0.207728960828D-02
  0.399157058430D-02  0.101872834606D-02 -0.156964463291D-03
  0.137815703733D-03 -0.338537365927D-04  0.492775810898D-03
 -0.329860415743D-02  0.607305135361D-03 -0.363657619587D-02
  0.184468906480D-02
 dxyz
 -0.950018198690D-55  0.000000000000D+00  0.000000000000D+00
 -0.815663058500D-55  0.815663058500D-55  0.972506203236D-03
 -0.163132611700D-54 -0.815663058500D-55 -0.972506203236D-03
 -0.800660418120D-04 -0.800660418120D-04  0.264189660155D-03
  0.800660418120D-04  0.800660418120D-04  0.264189660155D-03
 -0.800660418120D-04  0.800660418120D-04 -0.264189660155D-03
  0.800660418120D-04 -0.800660418120D-04 -0.264189660155D-03
  0.378996364762D-03 -0.300100388082D-03  0.261762684848D-02
 -0.229358095182D-03  0.229358095182D-03  0.300672318329D-02
  0.300100388082D-03 -0.378996364762D-03  0.261762684848D-02
  0.123332471050D-02 -0.127110861511D-02  0.198483671057D-02
  0.127110861511D-02 -0.123332471050D-02  0.198483671057D-02
 -0.300100388082D-03  0.378996364762D-03  0.261762684848D-02
  0.229358095182D-03 -0.229358095182D-03  0.300672318329D-02
 -0.378996364762D-03  0.300100388082D-03  0.261762684848D-02
 -0.127110861511D-02  0.123332471050D-02  0.198483671057D-02
 -0.123332471050D-02  0.127110861511D-02  0.198483671057D-02
  0.300100388082D-03  0.378996364762D-03 -0.261762684848D-02
  0.123332471050D-02  0.127110861511D-02 -0.198483671057D-02
  0.127110861511D-02  0.123332471050D-02 -0.198483671057D-02
  0.378996364762D-03  0.300100388082D-03 -0.261762684848D-02
 -0.229358095182D-03 -0.229358095182D-03 -0.300672318329D-02
 -0.378996364762D-03 -0.300100388082D-03 -0.261762684848D-02
 -0.127110861511D-02 -0.123332471050D-02 -0.198483671057D-02
 -0.123332471050D-02 -0.127110861511D-02 -0.198483671057D-02
 -0.300100388082D-03 -0.378996364762D-03 -0.261762684848D-02
  0.229358095182D-03  0.229358095182D-03 -0.300672318329D-02
  0.110897231255D-03 -0.209363439862D-03  0.259288870881D-02
  0.204547137710D-02 -0.178113418148D-02  0.134487839939D-02
 -0.863827185768D-03  0.863827185768D-03  0.331264564126D-02
  0.178113418148D-02 -0.204547137710D-02  0.134487839939D-02
  0.209363439862D-03 -0.110897231255D-03  0.259288870881D-02
 -0.204547137710D-02  0.178113418148D-02  0.134487839939D-02
 -0.110897231255D-03  0.209363439862D-03  0.259288870881D-02
  0.863827185768D-03 -0.863827185768D-03  0.331264564126D-02
 -0.209363439862D-03  0.110897231255D-03  0.259288870881D-02
 -0.178113418148D-02  0.204547137710D-02  0.134487839939D-02
 -0.110897231255D-03 -0.209363439862D-03 -0.259288870881D-02
  0.863827185768D-03  0.863827185768D-03 -0.331264564126D-02
 -0.209363439862D-03 -0.110897231255D-03 -0.259288870881D-02
 -0.178113418148D-02 -0.204547137710D-02 -0.134487839939D-02
 -0.204547137710D-02 -0.178113418148D-02 -0.134487839939D-02
  0.204547137710D-02  0.178113418148D-02 -0.134487839939D-02
  0.110897231255D-03  0.209363439862D-03 -0.259288870881D-02
 -0.863827185768D-03 -0.863827185768D-03 -0.331264564126D-02
  0.178113418148D-02  0.204547137710D-02 -0.134487839939D-02
  0.209363439862D-03  0.110897231255D-03 -0.259288870881D-02
 grado
 -0.225447626252D-04  0.545289730187D-05 -0.899959201950D-05
  0.203441841310D-04  0.297581424086D-04 -0.191178646974D-05
 -0.115993730805D-05 -0.187509635184D-05  0.550038394959D-04
 -0.105848425448D-04 -0.559466184416D-04  0.263576068031D-05
  0.435990977697D-04 -0.180206671722D-04 -0.580231663384D-04
  0.397146092754D-04 -0.549655934517D-05  0.301680180103D-04
 -0.147040700573D-04
$end
