$coord
   -0.00000000000000      0.00000000000000      0.00000000000000      mo
   -0.00000000000000      0.00000000000000     -6.36319444067774      gd
   -0.00000000000000     -0.00000000000000      6.36319444067774      gd
    2.38554225247276      2.38554225247276     -2.55335670080616      s
   -2.38554225247276     -2.38554225247276     -2.55335670080616      s
    2.38554225247276     -2.38554225247276      2.55335670080616      s
   -2.38554225247276      2.38554225247276      2.55335670080616      s
    4.61399244045774     -1.54818397003156     -7.60113867414437      c
    3.54841965933337     -3.54841965933337     -6.16964039749538      c
    1.54818397003156     -4.61399244045774     -7.60113867414437      c
    1.37501645737809     -3.27351185143065     -9.91941455649801      c
    3.27351185143065     -1.37501645737809     -9.91941455649801      c
   -1.54818397003156      4.61399244045774     -7.60113867414437      c
   -3.54841965933337      3.54841965933337     -6.16964039749538      c
   -4.61399244045774      1.54818397003156     -7.60113867414437      c
   -3.27351185143065      1.37501645737809     -9.91941455649801      c
   -1.37501645737809      3.27351185143065     -9.91941455649801      c
    1.54818397003156      4.61399244045774      7.60113867414437      c
    1.37501645737809      3.27351185143065      9.91941455649801      c
    3.27351185143065      1.37501645737809      9.91941455649801      c
    4.61399244045774      1.54818397003156      7.60113867414437      c
    3.54841965933337      3.54841965933337      6.16964039749538      c
   -4.61399244045774     -1.54818397003156      7.60113867414437      c
   -3.27351185143065     -1.37501645737809      9.91941455649801      c
   -1.37501645737809     -3.27351185143065      9.91941455649801      c
   -1.54818397003156     -4.61399244045774      7.60113867414437      c
   -3.54841965933337     -3.54841965933337      6.16964039749538      c
    0.32985966875466     -6.15874219869472     -6.99514308314970      h
    0.02542040429791     -3.63757782025796    -11.43246234558841      h
    4.09798397163966     -4.09798397163966     -4.26343773388256      h
    3.63757782025796     -0.02542040429791    -11.43246234558841      h
    6.15874219869472     -0.32985966875466     -6.99514308314970      h
   -0.02542040429791      3.63757782025796    -11.43246234558841      h
   -0.32985966875466      6.15874219869472     -6.99514308314970      h
   -4.09798397163966      4.09798397163966     -4.26343773388256      h
   -6.15874219869472      0.32985966875466     -6.99514308314970      h
   -3.63757782025796      0.02542040429791    -11.43246234558841      h
   -0.32985966875466     -6.15874219869472      6.99514308314970      h
   -4.09798397163966     -4.09798397163966      4.26343773388256      h
   -6.15874219869472     -0.32985966875466      6.99514308314970      h
   -3.63757782025796     -0.02542040429791     11.43246234558841      h
   -0.02542040429791     -3.63757782025796     11.43246234558841      h
    0.02542040429791      3.63757782025796     11.43246234558841      h
    0.32985966875466      6.15874219869472      6.99514308314970      h
    4.09798397163966      4.09798397163966      4.26343773388256      h
    3.63757782025796      0.02542040429791     11.43246234558841      h
    6.15874219869472      0.32985966875466      6.99514308314970      h
$user-defined bonds
$redundant
     number_of_atoms            47
     degrees_of_freedom         19
     internal_coordinates       29
     frozen_coordinates          0
# definitions of redundant internals
   1 k  1.0000000000000 stre   11   29           val=   2.05992
   2 k  1.0000000000000 stre    9   30           val=   2.05856
   3 k  1.0000000000000 stre    8   32           val=   2.05859
   4 k  0.7071127148382 bend    9   32    8      val=  -0.06956
       -0.7070957026422 bend   12   32    8
        0.0026973726298 bend    2   32    8
   5 k  0.7071067346724 bend   10   29   11      val=   0.04800
       -0.7071066812634 bend   12   29   11
        0.0004550753751 bend    2   29   11
   6 k  0.0329444417758 bend   10   30    9      val= 115.10813
        0.0329444417758 bend    8   30    9
        0.9989140741386 bend    2   30    9
   7 k -0.0008589839795 bend   10   29   11      val= 116.84622
       -0.0002154104384 bend   12   29   11
        0.9999996078724 bend    2   29   11
   8 k  0.0137419984870 bend    9   32    8      val= 116.05946
        0.0175561016431 bend   12   32    8
        0.9997514394952 bend    2   32    8
   9 k  1.0000000000000 tors    9    8    2    4 val=  71.71282
        1.0000000000000 tors    9    8    2    5
        1.0000000000000 tors    9    8    2   10
        1.0000000000000 tors    9    8    2   11
        1.0000000000000 tors    9    8    2   13
        1.0000000000000 tors    9    8    2   14
        1.0000000000000 tors    9    8    2   15
        1.0000000000000 tors    9    8    2   16
        1.0000000000000 tors    9    8    2   17
        1.0000000000000 tors   12    8    2    4
        1.0000000000000 tors   12    8    2    5
        1.0000000000000 tors   12    8    2   10
        1.0000000000000 tors   12    8    2   11
        1.0000000000000 tors   12    8    2   13
        1.0000000000000 tors   12    8    2   14
        1.0000000000000 tors   12    8    2   15
        1.0000000000000 tors   12    8    2   16
        1.0000000000000 tors   12    8    2   17
  10 k  1.0000000000000 tors   10   11    2    4 val=  95.68723
        1.0000000000000 tors   10   11    2    5
        1.0000000000000 tors   10   11    2    8
        1.0000000000000 tors   10   11    2    9
        1.0000000000000 tors   10   11    2   13
        1.0000000000000 tors   10   11    2   14
        1.0000000000000 tors   10   11    2   15
        1.0000000000000 tors   10   11    2   16
        1.0000000000000 tors   10   11    2   17
        1.0000000000000 tors   12   11    2    4
        1.0000000000000 tors   12   11    2    5
        1.0000000000000 tors   12   11    2    8
        1.0000000000000 tors   12   11    2    9
        1.0000000000000 tors   12   11    2   13
        1.0000000000000 tors   12   11    2   14
        1.0000000000000 tors   12   11    2   15
        1.0000000000000 tors   12   11    2   16
        1.0000000000000 tors   12   11    2   17
  11 k  1.0000000000000 stre    1    4           val=   4.23099
  12 k  1.0000000000000 bend    5    4    1      val= 105.75954
  13 k  1.0000000000000 stre    2    4           val=   5.08886
  14 k  1.0000000000000 stre    2    8           val=   5.02178
  15 k  1.0000000000000 stre    2    9           val=   5.02195
  16 k  1.0000000000000 stre    8    9           val=   2.68059
  17 k  1.0000000000000 stre    2   11           val=   5.02526
  18 k  1.0000000000000 stre    8   12           val=   2.68352
  19 k  1.0000000000000 stre   11   12           val=   2.68488
  20 k -0.2890838625877 bend    5    4    2      val=  66.48306
       -0.1012045500021 bend    8    4    2
       -0.1941730496481 bend    8    5    2
        0.0381218502245 bend   10    8    2
        0.2092826970018 bend   13    8    2
        0.4399890239113 bend   15    8    2
       -0.1649509445438 bend    9    4    2
        0.1862194482162 bend   14    8    2
       -0.0332692483724 bend   11    4    2
        0.0902523155734 bend   11    8    2
        0.0540369864843 bend   11    9    2
       -0.0175190000831 bend   12    4    2
        0.3848688100942 bend   16    8    2
        0.3462142335857 bend   16    9    2
        0.2941100138222 bend   16   11    2
        0.3010779627158 bend   17    8    2
        0.3318726477723 bend   17   11    2
  21 k  0.6231376192956 bend    5    4    2      val=   6.08015
       -0.1284687786703 bend    8    4    2
        0.1355388459590 bend    8    5    2
        0.0769123167971 bend   10    8    2
       -0.1408966453613 bend   13    8    2
       -0.1290260501460 bend   15    8    2
        0.0653158921522 bend    9    4    2
       -0.1015919416026 bend   14    8    2
       -0.2611117037447 bend   11    4    2
       -0.1387846277825 bend   11    8    2
       -0.2530827939265 bend   11    9    2
       -0.3071941851314 bend   12    4    2
        0.0965756098447 bend   16    8    2
        0.1087647551968 bend   16    9    2
        0.3612970950521 bend   16   11    2
        0.0820940912824 bend   17    8    2
        0.3398985269489 bend   17   11    2
  22 k  0.3133601497542 bend    5    4    2      val=  19.11488
        0.1067049003841 bend    8    4    2
       -0.1809471159052 bend    8    5    2
       -0.6138349407760 bend   10    8    2
        0.5558817403280 bend   13    8    2
        0.0031423961288 bend   15    8    2
        0.0359540473239 bend    9    4    2
        0.2678411811078 bend   14    8    2
       -0.0507554617380 bend   11    4    2
       -0.2100214933403 bend   11    8    2
       -0.0012277717480 bend   11    9    2
       -0.0545078569317 bend   12    4    2
       -0.0381569604941 bend   16    8    2
       -0.0769024031081 bend   16    9    2
       -0.0760969495739 bend   16   11    2
        0.1520104712091 bend   17    8    2
       -0.1136340223130 bend   17   11    2
  23 k  0.4807617202537 bend    5    4    2      val=  17.83428
       -0.3429310959991 bend    8    4    2
       -0.0604593371796 bend    8    5    2
        0.2214669992576 bend   10    8    2
        0.0412402615085 bend   13    8    2
        0.4354264566730 bend   15    8    2
       -0.0520113151225 bend    9    4    2
        0.0387542700280 bend   14    8    2
        0.0683664162162 bend   11    4    2
        0.3677514652828 bend   11    8    2
        0.2347448408375 bend   11    9    2
       -0.1554956326200 bend   12    4    2
        0.1007510099734 bend   16    8    2
       -0.0907830762806 bend   16    9    2
       -0.3248887690492 bend   16   11    2
       -0.0314705563582 bend   17    8    2
       -0.2427444326194 bend   17   11    2
  24 k  0.1427972409574 bend    5    4    2      val=   7.31816
        0.0724313418403 bend    8    4    2
        0.1105176864861 bend    8    5    2
       -0.0346166510274 bend   10    8    2
       -0.1160040341004 bend   13    8    2
       -0.2658637606448 bend   15    8    2
       -0.4353053733163 bend    9    4    2
        0.2087883108205 bend   14    8    2
       -0.0156980331060 bend   11    4    2
       -0.0876083282667 bend   11    8    2
        0.5612230491101 bend   11    9    2
       -0.0481634566353 bend   12    4    2
       -0.1422007378386 bend   16    8    2
        0.5312736349607 bend   16    9    2
       -0.0250775805518 bend   16   11    2
       -0.1224481168524 bend   17    8    2
       -0.0204584204817 bend   17   11    2
  25 k -0.0899111100244 bend    5    4    2      val=  -0.98966
        0.1467407791548 bend    8    4    2
        0.0064990856258 bend    8    5    2
       -0.1859351680042 bend   10    8    2
        0.0632554203469 bend   13    8    2
       -0.1888490718388 bend   15    8    2
        0.0218373428463 bend    9    4    2
        0.0263839622547 bend   14    8    2
        0.3905480688103 bend   11    4    2
        0.3173512046241 bend   11    8    2
        0.0432628091472 bend   11    9    2
       -0.5085314236268 bend   12    4    2
        0.1851467703590 bend   16    8    2
       -0.1223541139174 bend   16    9    2
       -0.1652250255262 bend   16   11    2
       -0.3093821322416 bend   17    8    2
        0.4571092636248 bend   17   11    2
  26 k  1.0000000000000 bend    2    1    4      val=  85.59488
  27 k  1.0000000000000 bend   12    9    8      val= 108.11489
  28 k  1.0000000000000 bend    8   10    9      val= 107.94250
  29 k  1.0000000000000 bend   12   10   11      val= 107.91385
        19 non zero eigenvalues  of BmBt
           1           2.352099278    1    0
         1
           2           2.094288743    2    0
         2
           3           2.022681961    3    0
         3
           4           1.504283709    4    0
         4
           5           1.025476507    5    0
         5
           6           0.714292559    6    0
         6
           7           0.575413228    7    0
         7
           8           0.574622423    8    0
         8
           9           5.461540083    0    0
         0.000000000         0.000000000         0.000000000         0.000000000
         0.000000000         0.000000000         0.000000000         0.000000000
         0.346156271        -0.054058408         0.004089380        -0.028482542
        -0.464445257         0.137296546        -0.120564901        -0.011327394
         0.626031914         0.028038622         0.048481999        -0.478716219
         0.013264996         0.000273430         0.000154024        -0.002682960
        -0.003496932        -0.048036004        -0.000001529         0.017829811
        -0.012606056
          10           1.406458498    0    0
         0.000000000         0.000000000         0.000000000         0.000000000
         0.000000000         0.000000000         0.000000000         0.000000000
        -0.594932199         0.326704079         0.155064071        -0.073996040
        -0.279451813         0.146297426         0.120999295         0.485858688
         0.118344935         0.043117645        -0.246898260        -0.065667344
         0.084493582        -0.060333961         0.034851134         0.123207532
        -0.063949857         0.006308806        -0.063802186        -0.133997583
         0.158552779
          11           1.278189729    0    0
         0.000000000         0.000000000         0.000000000         0.000000000
         0.000000000         0.000000000         0.000000000         0.000000000
        -0.069041357        -0.055023786        -0.775962951        -0.130430110
        -0.412763745        -0.035355174         0.022848839        -0.028504243
        -0.118433446         0.028798171        -0.125625254         0.145254038
        -0.224074307        -0.067639162        -0.173924410        -0.052938769
        -0.013428857         0.244617445        -0.002291931        -0.017486495
         0.014656761
          12           1.241353936    0    0
         0.000000000         0.000000000         0.000000000         0.000000000
         0.000000000         0.000000000         0.000000000         0.000000000
         0.030310065         0.023365141         0.064905986         0.016486326
         0.051059788         0.147702060        -0.153008861        -0.268285483
        -0.034580997         0.634672890        -0.521364359         0.005649513
        -0.043954137         0.049708482         0.085143357        -0.085998416
        -0.117930340        -0.024169931        -0.288786395         0.267398124
         0.099707722
          13           1.031569361    0    0
         0.000000000         0.000000000         0.000000000         0.000000000
         0.000000000         0.000000000         0.000000000         0.000000000
         0.085056082         0.126755466         0.339865275        -0.191113714
        -0.507962046        -0.170582817        -0.210466745        -0.292491456
        -0.375649660        -0.400896002        -0.189961534         0.032303863
         0.188979966         0.062676537         0.002273861        -0.043838597
        -0.000530107         0.066185311        -0.111338228         0.090125119
         0.047610291
          14           0.965967111    0    0
         0.000000000         0.000000000         0.000000000         0.000000000
         0.000000000         0.000000000         0.000000000         0.000000000
         0.166318955         0.407045895        -0.197556412         0.070727083
         0.178101815         0.371403200        -0.265135726         0.189714238
        -0.061400828        -0.249682024         0.211518474         0.001431318
         0.056005794        -0.209164304        -0.070265457        -0.113765049
         0.047377847        -0.011190754        -0.410080168         0.330926681
         0.176080321
          15           0.764003197    0    0
         0.000000000         0.000000000         0.000000000         0.000000000
         0.000000000         0.000000000         0.000000000         0.000000000
        -0.189974658         0.124049757        -0.204627319         0.186921102
         0.339388675        -0.306385064        -0.294378857        -0.194900433
         0.269578041        -0.373578586        -0.452325142        -0.211618654
        -0.000492669         0.017907522        -0.192077219         0.013760839
        -0.068757818        -0.118871618         0.036079212        -0.126438487
         0.053326066
          16           0.452875875    0    0
         0.000000000         0.000000000         0.000000000         0.000000000
         0.000000000         0.000000000         0.000000000         0.000000000
         0.343157536        -0.012545391        -0.040466311         0.087669705
         0.071441916         0.236549553         0.678365920         0.055944852
        -0.200490762        -0.222147270        -0.386639570        -0.240592691
         0.028679064         0.045467849        -0.098966728        -0.090810064
        -0.026524718        -0.082637896        -0.045857470        -0.092409815
         0.111200358
          17           0.375846008    0    0
         0.000000000         0.000000000         0.000000000         0.000000000
         0.000000000         0.000000000         0.000000000         0.000000000
         0.158224469         0.445718555        -0.007751917        -0.032431733
        -0.016445897        -0.650000235         0.374489204        -0.002882254
         0.224633393         0.146652506         0.087893011         0.116705806
         0.056118437        -0.176546243         0.073073853        -0.174416194
        -0.029672805         0.037062876        -0.141065367         0.160859658
         0.027317328
          18           0.237394966    0    0
         0.000000000         0.000000000         0.000000000         0.000000000
         0.000000000         0.000000000         0.000000000         0.000000000
         0.147254772        -0.068682760        -0.038390253         0.057064533
         0.010064848        -0.351388513        -0.230922757         0.372095611
        -0.451850653         0.167137447         0.000231253        -0.536798705
        -0.202488833        -0.196703187         0.170604789         0.103859526
         0.025072616        -0.057607621        -0.017271224        -0.070279917
         0.066966717
          19           0.015163072    0    0
         0.000000000         0.000000000         0.000000000         0.000000000
         0.000000000         0.000000000         0.000000000         0.000000000
        -0.074350724         0.051239285        -0.290480894         0.491149940
        -0.252201311        -0.018581548         0.026704654        -0.073567895
        -0.117846529         0.050709016         0.092184366         0.069692203
         0.356327302         0.165681397         0.292648800         0.078159703
         0.002686190        -0.563143325         0.018421975         0.031926211
        -0.040997200
$end
