$energy      SCF               SCFKIN            SCFPOT
     1 -3966.051280610      3455.258534654     -7421.309815265
     2 -3966.051553574      3455.985573580     -7422.037127154
     3 -3966.051555427      3456.142817004     -7422.194372431
     4 -3966.051560041      3456.155350618     -7422.206910660
     5 -3966.051565392      3456.220730403     -7422.272295794
     6 -3966.051578048      3456.467467813     -7422.519045861
     7 -3966.051579467      3456.626501123     -7422.678080590
     8 -3966.051563836      3457.531337581     -7423.582901417
     9 -3966.051584634      3456.201268772     -7422.252853405
    10 -3966.116513515      3469.906183955     -7436.022697469
$end
