$energy      SCF               SCFKIN            SCFPOT
     1 -3966.073457029      3474.137194187     -7440.210651215
     2 -3966.003313651      3478.962835119     -7444.966148770
     3 -3966.118892868      3471.076269184     -7437.195162052
     4 -3966.118901384      3471.020501359     -7437.139402743
     5 -3966.120344375      3470.902697915     -7437.023042291
     6 -3966.121797099      3470.645507950     -7436.767305048
     7 -3966.122020354      3470.636653186     -7436.758673540
     8 -3966.122656930      3470.721046882     -7436.843703812
     9 -3966.123570989      3471.194643802     -7437.318214791
    10 -3966.123898466      3471.443947297     -7437.567845763
    11 -3966.124102587      3471.596072519     -7437.720175106
    12 -3966.125101281      3472.080165366     -7438.205266647
    13 -3966.125949807      3472.165583392     -7438.291533198
    14 -3966.126194930      3472.112834567     -7438.239029497
    15 -3966.126394080      3472.002980338     -7438.129374418
    16 -3966.126570242      3471.978051356     -7438.104621597
    17 -3966.126672778      3472.041510789     -7438.168183568
    18 -3966.126767986      3472.224006602     -7438.350774588
    19 -3966.126818273      3472.366918661     -7438.493736935
    20 -3966.126834957      3472.420206408     -7438.547041366
    21 -3966.126871217      3472.455130830     -7438.582002047
    22 -3966.126944129      3472.453553762     -7438.580497891
    23 -3966.127035013      3472.455736896     -7438.582771909
    24 -3966.127133259      3472.498979334     -7438.626112593
    25 -3966.127220812      3472.562150614     -7438.689371427
    26 -3966.127257748      3472.550429893     -7438.677687641
    27 -3966.127281135      3472.482734329     -7438.610015464
    28 -3966.127283817      3472.499508011     -7438.626791827
    29 -3966.127288318      3472.472682913     -7438.599971231
    30 -3966.127291667      3472.465428201     -7438.592719868
    31 -3966.127306137      3472.468139686     -7438.595445823
    32 -3966.127396411      3472.494831780     -7438.622228190
    33 -3966.127405514      3472.514832169     -7438.642237683
    34 -3966.127445916      3472.560640383     -7438.688086298
    35 -3966.127498940      3472.543320148     -7438.670819088
    36 -3966.127590036      3472.522823293     -7438.650413330
    37 -3966.127615436      3472.509018267     -7438.636633703
    38 -3966.127628501      3472.516010784     -7438.643639286
    39 -3966.127633142      3472.523755377     -7438.651388519
    40 -3966.127639973      3472.567322417     -7438.694962390
    41 -3966.127641991      3472.544529892     -7438.672171884
    42 -3966.127642580      3472.533971524     -7438.661614104
    43 -3966.127642652      3472.543422576     -7438.671065228
$end
