$coord
   -0.00000000000000      0.00000000000000      0.00000000000000  mo
    0.00000000000000      0.00000000000000     -6.31044661658748  y
    0.00000000000000     -0.00000000000000      6.31044661658748  y
    2.48376190062879      2.35027263087351     -2.47252468483243  s
   -2.48376190062879     -2.35027263087351     -2.47252468483243  s
    2.35027263087351     -2.48376190062879      2.47252468483243  s
   -2.35027263087351      2.48376190062879      2.47252468483243  s
    4.53952244527764     -1.55944478928137     -7.74042187703665  c
    3.59579078150530     -3.49781043872792     -6.14291196290562  c
    1.52405180414832     -4.65632333670886     -7.38521691863602  c
    1.17426303312937     -3.43020621536528     -9.74917022075421  c
    3.04811303407207     -1.51586716499823     -9.97152340706191  c
   -1.52405180414832      4.65632333670886     -7.38521691863602  c
   -3.59579078150530      3.49781043872792     -6.14291196290562  c
   -4.53952244527764      1.55944478928137     -7.74042187703665  c
   -3.04811303407207      1.51586716499823     -9.97152340706191  c
   -1.17426303312937      3.43020621536528     -9.74917022075421  c
    1.55944478928137      4.53952244527764      7.74042187703665  c
    1.51586716499823      3.04811303407207      9.97152340706191  c
    3.43020621536528      1.17426303312937      9.74917022075421  c
    4.65632333670886      1.52405180414832      7.38521691863602  c
    3.49781043872792      3.59579078150530      6.14291196290562  c
   -4.65632333670886     -1.52405180414832      7.38521691863602  c
   -3.43020621536528     -1.17426303312937      9.74917022075421  c
   -1.51586716499823     -3.04811303407207      9.97152340706191  c
   -1.55944478928137     -4.53952244527764      7.74042187703665  c
   -3.49781043872792     -3.59579078150530      6.14291196290562  c
    0.37887117408236     -6.19173539767177     -6.62982914646518  h
   -0.25188630591653     -3.89872221224049    -11.16028365175697  h
    4.28481744861461     -3.95573490380733     -4.25757407902137  h
    3.30356863178226     -0.25417550063309    -11.57955932637202  h
    6.11910796579437     -0.31026184982212     -7.30751435391461  h
    0.25188630591653      3.89872221224049    -11.16028365175697  h
   -0.37887117408236      6.19173539767177     -6.62982914646518  h
   -4.28481744861461      3.95573490380733     -4.25757407902137  h
   -6.11910796579437      0.31026184982212     -7.30751435391461  h
   -3.30356863178226      0.25417550063309    -11.57955932637202  h
   -0.31026184982212     -6.11910796579437      7.30751435391461  h
   -3.95573490380733     -4.28481744861461      4.25757407902137  h
   -6.19173539767177     -0.37887117408236      6.62982914646518  h
   -3.89872221224049      0.25188630591653     11.16028365175697  h
   -0.25417550063309     -3.30356863178226     11.57955932637202  h
    0.25417550063309      3.30356863178226     11.57955932637202  h
    0.31026184982212      6.11910796579437      7.30751435391461  h
    3.95573490380733      4.28481744861461      4.25757407902137  h
    3.89872221224049     -0.25188630591653     11.16028365175697  h
    6.19173539767177      0.37887117408236      6.62982914646518  h
$user-defined bonds
$redundant
     number_of_atoms            47
     degrees_of_freedom         33
     internal_coordinates       51
     frozen_coordinates          0
# definitions of redundant internals
   1 k  2.0000000000000 stre  10   28           val=   2.05901
   2 k  2.0000000000000 stre  11   29           val=   2.06025
   3 k  2.0000000000000 stre   9   30           val=   2.05887
   4 k  2.0000000000000 stre  12   31           val=   2.05983
   5 k  2.0000000000000 stre   8   32           val=   2.05984
   6 k -1.4142028394400 bend  10   30    9      val=   0.18251
        1.4142195055674 bend   8   30    9
        0.0036768182592 bend   2   30    9
   7 k -1.4142082448017 bend   9   28   10      val=   0.61022
        1.4141983505323 bend  11   28   10
        0.0076200844064 bend   2   28   10
   8 k -1.4142073561627 bend   8   31   12      val=   0.18262
        1.4142038022429 bend  11   31   12
        0.0067200816362 bend   2   31   12
   9 k  1.4142069070618 bend  12   32    8      val=   0.44083
       -1.4142156163978 bend   9   32    8
        0.0036075414362 bend   2   32    8
  10 k -1.4142094555650 bend  10   29   11      val=   0.17675
        1.4142074537604 bend  12   29   11
        0.0053752692134 bend   2   29   11
  11 k  0.0511526202470 bend  10   30    9      val= 115.67209
        0.0459553073270 bend   8   30    9
        1.9988175302339 bend   2   30    9
  12 k  0.0329651485586 bend   9   28   10      val= 116.65453
        0.0221909639830 bend  11   28   10
        1.9996051760530 bend   2   28   10
  13 k -0.0015198996616 bend   8   31   12      val= 115.97217
       -0.0110234525582 bend  11   31   12
        1.9999690431101 bend   2   31   12
  14 k -0.0217299799362 bend  10   29   11      val= 111.62658
       -0.0293305558962 bend  12   29   11
        1.9996668538691 bend   2   29   11
  15 k  0.0068010320306 bend  12   32    8      val= 116.58840
        0.0119026969142 bend   9   32    8
        1.9999530173905 bend   2   32    8
  16 k  0.6030226891555 tors   1    4    2    5 val= 130.90864
        0.6030226891555 tors   1    4    2    8
        0.6030226891555 tors   1    4    2    9
        0.6030226891555 tors   1    4    2   10
        0.6030226891555 tors   1    4    2   11
        0.6030226891555 tors   1    4    2   12
        0.6030226891555 tors   1    4    2   13
        0.6030226891555 tors   1    4    2   14
        0.6030226891555 tors   1    4    2   15
        0.6030226891555 tors   1    4    2   16
        0.6030226891555 tors   1    4    2   17
  17 k  0.4714045207910 tors  10   11    2    4 val=  91.99702
        0.4714045207910 tors  10   11    2    5
        0.4714045207910 tors  10   11    2    8
        0.4714045207910 tors  10   11    2    9
        0.4714045207910 tors  10   11    2   13
        0.4714045207910 tors  10   11    2   14
        0.4714045207910 tors  10   11    2   15
        0.4714045207910 tors  10   11    2   16
        0.4714045207910 tors  10   11    2   17
        0.4714045207910 tors  12   11    2    4
        0.4714045207910 tors  12   11    2    5
        0.4714045207910 tors  12   11    2    8
        0.4714045207910 tors  12   11    2    9
        0.4714045207910 tors  12   11    2   13
        0.4714045207910 tors  12   11    2   14
        0.4714045207910 tors  12   11    2   15
        0.4714045207910 tors  12   11    2   16
        0.4714045207910 tors  12   11    2   17
  18 k  0.4714045207910 tors   8   12    2    4 val=  80.94064
        0.4714045207910 tors   8   12    2    5
        0.4714045207910 tors   8   12    2    9
        0.4714045207910 tors   8   12    2   10
        0.4714045207910 tors   8   12    2   13
        0.4714045207910 tors   8   12    2   14
        0.4714045207910 tors   8   12    2   15
        0.4714045207910 tors   8   12    2   16
        0.4714045207910 tors   8   12    2   17
        0.4714045207910 tors  11   12    2    4
        0.4714045207910 tors  11   12    2    5
        0.4714045207910 tors  11   12    2    9
        0.4714045207910 tors  11   12    2   10
        0.4714045207910 tors  11   12    2   13
        0.4714045207910 tors  11   12    2   14
        0.4714045207910 tors  11   12    2   15
        0.4714045207910 tors  11   12    2   16
        0.4714045207910 tors  11   12    2   17
  19 k  0.4714045207910 tors   9    8    2    4 val=  68.41415
        0.4714045207910 tors   9    8    2    5
        0.4714045207910 tors   9    8    2   10
        0.4714045207910 tors   9    8    2   11
        0.4714045207910 tors   9    8    2   13
        0.4714045207910 tors   9    8    2   14
        0.4714045207910 tors   9    8    2   15
        0.4714045207910 tors   9    8    2   16
        0.4714045207910 tors   9    8    2   17
        0.4714045207910 tors  12    8    2    4
        0.4714045207910 tors  12    8    2    5
        0.4714045207910 tors  12    8    2   10
        0.4714045207910 tors  12    8    2   11
        0.4714045207910 tors  12    8    2   13
        0.4714045207910 tors  12    8    2   14
        0.4714045207910 tors  12    8    2   15
        0.4714045207910 tors  12    8    2   16
        0.4714045207910 tors  12    8    2   17
  20 k  0.5000000000000 tors   9   10    2    4 val=  87.42590
        0.5000000000000 tors   9   10    2    5
        0.5000000000000 tors   9   10    2    8
        0.5000000000000 tors   9   10    2   12
        0.5000000000000 tors   9   10    2   14
        0.5000000000000 tors   9   10    2   15
        0.5000000000000 tors   9   10    2   16
        0.5000000000000 tors   9   10    2   17
        0.5000000000000 tors  11   10    2    4
        0.5000000000000 tors  11   10    2    5
        0.5000000000000 tors  11   10    2    8
        0.5000000000000 tors  11   10    2   12
        0.5000000000000 tors  11   10    2   14
        0.5000000000000 tors  11   10    2   15
        0.5000000000000 tors  11   10    2   16
        0.5000000000000 tors  11   10    2   17
  21 k  0.5000000000000 tors   8    9    2    4 val=  39.02582
        0.5000000000000 tors   8    9    2    5
        0.5000000000000 tors   8    9    2   11
        0.5000000000000 tors   8    9    2   12
        0.5000000000000 tors   8    9    2   13
        0.5000000000000 tors   8    9    2   15
        0.5000000000000 tors   8    9    2   16
        0.5000000000000 tors   8    9    2   17
        0.5000000000000 tors  10    9    2    4
        0.5000000000000 tors  10    9    2    5
        0.5000000000000 tors  10    9    2   11
        0.5000000000000 tors  10    9    2   12
        0.5000000000000 tors  10    9    2   13
        0.5000000000000 tors  10    9    2   15
        0.5000000000000 tors  10    9    2   16
        0.5000000000000 tors  10    9    2   17
  22 k  2.0000000000000 stre   1    4           val=   4.21974
  23 k  1.4142135623731 bend   5    4    1      val= 108.26087
  24 k  2.0000000000000 stre   2    4           val=   5.14028
  25 k  2.0000000000000 stre   2   11           val=   4.99700
  26 k  2.0000000000000 stre   2   12           val=   4.99923
  27 k  2.0000000000000 stre  11   12           val=   2.68802
  28 k  2.0000000000000 stre   2    8           val=   5.00839
  29 k  2.0000000000000 stre  12    8           val=   2.68403
  30 k  2.0000000000000 stre   2   10           val=   5.01590
  31 k  2.0000000000000 stre  11   10           val=   2.68589
  32 k  2.0000000000000 stre   2    9           val=   5.01921
  33 k  2.0000000000000 stre   8    9           val=   2.68327
  34 k  2.0000000000000 stre  10    9           val=   2.67910
  35 k -0.3732337939584 bend   5    4    2      val=  65.04025
       -0.0804990784933 bend  11    4    2
       -0.0493376183297 bend  11    5    2
        0.4827206968117 bend  17   11    2
       -0.0197148944300 bend  12    4    2
       -0.0237662903556 bend  12    5    2
        0.4094223334049 bend  16   11    2
        0.4379332983469 bend  16   12    2
       -0.1371481863294 bend   8    4    2
       -0.2555327109879 bend   8    5    2
        0.1318845598719 bend   8   11    2
        0.4071716200494 bend   8   17    2
        0.5162693892772 bend   8   16    2
        0.6056167479127 bend   8   15    2
        0.5352076503572 bend  13   11    2
        0.3006651187455 bend  13    8    2
       -0.2611817775515 bend  10    4    2
       -0.1475318617003 bend  10    5    2
        0.1140770242606 bend  10   12    2
        0.4252219568318 bend  10   16    2
        0.0539582364147 bend  10    8    2
        0.3710423065401 bend  14    8    2
       -0.2186087029811 bend   9    4    2
       -0.2393796269791 bend   9    5    2
        0.0735717758261 bend   9   11    2
        0.4535643100900 bend   9   17    2
        0.0848144379809 bend   9   12    2
        0.5039951940036 bend   9   16    2
        0.2196652097457 bend   9   13    2
  36 k -0.1106718608469 bend   5    4    2      val=   0.27981
       -0.5264116843527 bend  11    4    2
        0.0765685702483 bend  11    5    2
        0.6157543880410 bend  17   11    2
        0.0325364470475 bend  12    4    2
        0.5368339574997 bend  12    5    2
       -0.0259982119957 bend  16   11    2
       -0.7177346319979 bend  16   12    2
       -0.1273245152494 bend   8    4    2
        0.2907811086351 bend   8    5    2
       -0.2581001787967 bend   8   11    2
        0.2674471413445 bend   8   17    2
       -0.3960892559033 bend   8   16    2
       -0.1327934327657 bend   8   15    2
        0.3976548591991 bend  13   11    2
        0.0206251673087 bend  13    8    2
       -0.3288731041046 bend  10    4    2
        0.1899291530143 bend  10    5    2
        0.3644554499064 bend  10   12    2
       -0.2688565981886 bend  10   16    2
        0.0136059961823 bend  10    8    2
       -0.0405766979645 bend  14    8    2
       -0.2568088586517 bend   9    4    2
        0.1984073647712 bend   9    5    2
       -0.3236467409217 bend   9   11    2
        0.3892917250556 bend   9   17    2
        0.4255970020345 bend   9   12    2
       -0.3517382641168 bend   9   16    2
        0.0821996809195 bend   9   13    2
  37 k -0.3747416663384 bend   5    4    2      val=   8.94824
        0.4924667914783 bend  11    4    2
       -0.0282235696844 bend  11    5    2
       -0.2694936233150 bend  17   11    2
        0.5218736314999 bend  12    4    2
        0.0717139109404 bend  12    5    2
       -0.5025567102972 bend  16   11    2
       -0.6774251018330 bend  16   12    2
        0.1931620599973 bend   8    4    2
       -0.5368460903486 bend   8    5    2
        0.2252467501048 bend   8   11    2
        0.0662511761735 bend   8   17    2
       -0.0729438433257 bend   8   16    2
        0.4762932423365 bend   8   15    2
       -0.0621369681566 bend  13   11    2
        0.2015408303822 bend  13    8    2
        0.1988657867126 bend  10    4    2
       -0.2447021918570 bend  10    5    2
        0.3186706219772 bend  10   12    2
       -0.2396548934330 bend  10   16    2
       -0.0456272815764 bend  10    8    2
        0.3075594670778 bend  14    8    2
        0.1621408620712 bend   9    4    2
       -0.4396702296808 bend   9    5    2
        0.3305533301562 bend   9   11    2
       -0.0106819794514 bend   9   17    2
        0.5268168816179 bend   9   12    2
       -0.1709228028500 bend   9   16    2
        0.0879064866572 bend   9   13    2
  38 k -0.1878490992426 bend   5    4    2      val=   5.59050
       -0.1579898202744 bend  11    4    2
        0.5751970122445 bend  11    5    2
       -0.6392137683196 bend  17   11    2
       -0.3097568780159 bend  12    4    2
        0.4973261520075 bend  12    5    2
       -0.3487915465730 bend  16   11    2
        0.0344662108387 bend  16   12    2
       -0.4966541317935 bend   8    4    2
        0.2718984655582 bend   8    5    2
        0.2809522136848 bend   8   11    2
       -0.0979417759541 bend   8   17    2
        0.2439018927278 bend   8   16    2
        0.4298433606504 bend   8   15    2
       -0.3294273101038 bend  13   11    2
        0.1287385503280 bend  13    8    2
       -0.4792329555801 bend  10    4    2
        0.4730323160098 bend  10    5    2
        0.0274517076571 bend  10   12    2
       -0.0271692976888 bend  10   16    2
       -0.0427611640649 bend  10    8    2
        0.2623451100951 bend  14    8    2
       -0.5829625219764 bend   9    4    2
        0.4273805408373 bend   9    5    2
        0.4374472202039 bend   9   11    2
       -0.2572748144387 bend   9   17    2
        0.0869428482835 bend   9   12    2
        0.1117264407529 bend   9   16    2
       -0.0146376576548 bend   9   13    2
  39 k  0.8359770641994 bend   5    4    2      val=  -4.04154
       -0.1216431887816 bend  11    4    2
       -0.3981692272743 bend  11    5    2
        0.1692683630008 bend  17   11    2
       -0.3008151017530 bend  12    4    2
       -0.0733375443169 bend  12    5    2
       -0.0724530594836 bend  16   11    2
       -0.1754298807382 bend  16   12    2
       -0.5730271787427 bend   8    4    2
       -0.1298183716060 bend   8    5    2
        0.3363598565097 bend   8   11    2
        0.2354183183842 bend   8   17    2
        0.2692356922684 bend   8   16    2
        0.7073137157001 bend   8   15    2
        0.0147600989697 bend  13   11    2
       -0.1270007971573 bend  13    8    2
        0.2556510325624 bend  10    4    2
       -0.2375890535171 bend  10    5    2
        0.1736050173558 bend  10   12    2
       -0.2804408752936 bend  10   16    2
        0.2568259088769 bend  10    8    2
        0.0339740358014 bend  14    8    2
        0.1000738738024 bend   9    4    2
        0.2040365144944 bend   9    5    2
       -0.1838062723931 bend   9   11    2
       -0.1637552317189 bend   9   17    2
       -0.0890796364968 bend   9   12    2
       -0.2955023467560 bend   9   16    2
       -0.3171354422278 bend   9   13    2
  40 k -0.0584398996978 bend   5    4    2      val=  -3.98907
        0.1991930972017 bend  11    4    2
       -0.1574508992407 bend  11    5    2
        0.0672905122108 bend  17   11    2
       -0.0822932673183 bend  12    4    2
        0.0725296943831 bend  12    5    2
       -0.0888132567718 bend  16   11    2
        0.1028384255975 bend  16   12    2
       -0.1632893859520 bend   8    4    2
        0.4748622546178 bend   8    5    2
        0.5405456141292 bend   8   11    2
       -0.6165522020446 bend   8   17    2
       -0.1549083162599 bend   8   16    2
       -0.3157993651123 bend   8   15    2
        0.3058967547471 bend  13   11    2
       -0.7167156963296 bend  13    8    2
        0.0253116468495 bend  10    4    2
       -0.4186581703194 bend  10    5    2
        0.4804942261276 bend  10   12    2
        0.0421992382613 bend  10   16    2
        0.9446905760049 bend  10    8    2
       -0.2564914335150 bend  14    8    2
       -0.3133246118032 bend   9    4    2
       -0.2746317940964 bend   9    5    2
        0.4888663726292 bend   9   11    2
        0.1917061469260 bend   9   17    2
        0.3553835932009 bend   9   12    2
        0.4054575317569 bend   9   16    2
       -0.1286507531946 bend   9   13    2
  41 k  0.9749931313033 bend   5    4    2      val=   6.42984
       -0.0921658834090 bend  11    4    2
       -0.2885355103511 bend  11    5    2
       -0.1664258982732 bend  17   11    2
       -0.3001433546887 bend  12    4    2
       -0.2060904602455 bend  12    5    2
       -0.1267141394921 bend  16   11    2
       -0.1238775928986 bend  16   12    2
       -0.0102852342475 bend   8    4    2
        0.0372133214657 bend   8    5    2
       -0.2484227819481 bend   8   11    2
       -0.0522200310412 bend   8   17    2
       -0.1937429795018 bend   8   16    2
       -0.3199535624181 bend   8   15    2
       -0.0569030892562 bend  13   11    2
        0.3362637055143 bend  13    8    2
       -0.0831275758890 bend  10    4    2
       -0.1015432863299 bend  10    5    2
       -0.0763225810416 bend  10   12    2
        0.0949810427176 bend  10   16    2
       -0.4282746147305 bend  10    8    2
        0.3594117536043 bend  14    8    2
       -0.3459312559729 bend   9    4    2
       -0.2910163621868 bend   9    5    2
        0.4471382743422 bend   9   11    2
        0.3063720271722 bend   9   17    2
        0.4751986117843 bend   9   12    2
        0.3623612722014 bend   9   16    2
        0.3845375349569 bend   9   13    2
  42 k  0.1848191521552 bend   5    4    2      val=   0.98458
        0.2281818007633 bend  11    4    2
       -0.1360988944901 bend  11    5    2
       -0.1994080104745 bend  17   11    2
       -0.0508377678999 bend  12    4    2
        0.0035168662429 bend  12    5    2
       -0.2537311794371 bend  16   11    2
       -0.0953685585886 bend  16   12    2
       -0.1247099898576 bend   8    4    2
        0.1135169342838 bend   8    5    2
        0.3532358260729 bend   8   11    2
       -0.3373737264882 bend   8   17    2
       -0.0664208841668 bend   8   16    2
       -0.0146828568851 bend   8   15    2
        0.5608224338135 bend  13   11    2
        0.5716701833535 bend  13    8    2
       -0.7658033396784 bend  10    4    2
       -0.3310244447358 bend  10    5    2
        0.3668743292209 bend  10   12    2
        0.7401109865293 bend  10   16    2
       -0.0871856172465 bend  10    8    2
       -0.5151357689828 bend  14    8    2
        0.4094126751835 bend   9    4    2
        0.1166393268215 bend   9    5    2
       -0.1863411430880 bend   9   11    2
       -0.4243117304640 bend   9   17    2
       -0.2382495277294 bend   9   12    2
       -0.4425254470444 bend   9   16    2
        0.6951659092659 bend   9   13    2
  43 k -0.0188094442248 bend   5    4    2      val=   7.77517
       -0.0116703150116 bend  11    4    2
       -0.0798077930979 bend  11    5    2
        0.1664846145927 bend  17   11    2
        0.1860672243083 bend  12    4    2
       -0.1216460014121 bend  12    5    2
        0.0911528066490 bend  16   11    2
       -0.1441759833756 bend  16   12    2
       -0.4516097814805 bend   8    4    2
        0.2241534906140 bend   8    5    2
        0.5415416489502 bend   8   11    2
       -0.1450903427027 bend   8   17    2
        0.0163335548165 bend   8   16    2
        0.3729135913309 bend   8   15    2
       -0.4066979024064 bend  13   11    2
       -0.2320855214134 bend  13    8    2
        0.0561519090372 bend  10    4    2
        0.6604185391042 bend  10    5    2
       -0.7710123597680 bend  10   12    2
       -0.1299076212647 bend  10   16    2
       -0.0394195752882 bend  10    8    2
       -0.6544221575040 bend  14    8    2
        0.2429001263806 bend   9    4    2
       -0.4776841855666 bend   9    5    2
       -0.1633910259565 bend   9   11    2
        0.4411961780257 bend   9   17    2
        0.2768741466052 bend   9   12    2
        0.0266154601127 bend   9   16    2
        0.8399459114375 bend   9   13    2
  44 k -0.1142890956094 bend   5    4    2      val=  -0.03713
        0.3434620591912 bend  11    4    2
       -0.6303579304205 bend  11    5    2
        0.7423614677013 bend  17   11    2
        0.3380293315807 bend  12    4    2
       -0.1512148653777 bend  12    5    2
        0.0698621455188 bend  16   11    2
       -0.2827107253309 bend  16   12    2
        0.0268655278435 bend   8    4    2
        0.0726088092414 bend   8    5    2
        0.5611347142115 bend   8   11    2
       -0.3214134598550 bend   8   17    2
       -0.2422169699683 bend   8   16    2
       -0.0895178397849 bend   8   15    2
        0.1739111071792 bend  13   11    2
        0.1398190144558 bend  13    8    2
       -0.1184462093768 bend  10    4    2
        0.3737797630375 bend  10    5    2
       -0.5061829158092 bend  10   12    2
        0.1138080538231 bend  10   16    2
       -0.3159549822086 bend  10    8    2
        0.3837871996184 bend  14    8    2
       -0.3806429679684 bend   9    4    2
        0.4545976728550 bend   9    5    2
        0.3641330363870 bend   9   11    2
       -0.4706249857265 bend   9   17    2
       -0.1356937659509 bend   9   12    2
        0.0433918176291 bend   9   16    2
       -0.3314733029622 bend   9   13    2
  45 k -0.1619330163059 bend   5    4    2      val=   6.68137
        0.3553577540736 bend  11    4    2
       -0.4351798079985 bend  11    5    2
        0.4306417541374 bend  17   11    2
       -0.7874130001351 bend  12    4    2
        0.7128430583973 bend  12    5    2
       -0.2879286519429 bend  16   11    2
        0.5650902121770 bend  16   12    2
        0.3009375161564 bend   8    4    2
       -0.1203261017897 bend   8    5    2
        0.1861601329658 bend   8   11    2
       -0.1927167351208 bend   8   17    2
        0.3625039148589 bend   8   16    2
       -0.2309122767422 bend   8   15    2
       -0.0631436621437 bend  13   11    2
        0.1276446031237 bend  13    8    2
        0.1353677189972 bend  10    4    2
        0.2832856167226 bend  10    5    2
        0.3856422760054 bend  10   12    2
       -0.6403136771625 bend  10   16    2
       -0.4119097206496 bend  10    8    2
       -0.0660943209197 bend  14    8    2
        0.2023046362232 bend   9    4    2
       -0.1758797109282 bend   9    5    2
        0.0190486027053 bend   9   11    2
       -0.0579584635753 bend   9   17    2
        0.0621659756195 bend   9   12    2
       -0.1068949360159 bend   9   16    2
        0.2321479498319 bend   9   13    2
  46 k  2.0000000000000 bend   2    1    4      val=  84.16942
  47 k  2.0000000000000 bend   9   12    8      val= 108.13100
  48 k  2.0000000000000 bend   8   10    9      val= 107.95600
  49 k  2.0000000000000 bend  11    9   10      val= 108.14521
  50 k  2.0000000000000 bend  12   10   11      val= 107.88630
  51 k  2.0000000000000 bend  11    8   12      val= 107.88055
        33 non zero eigenvalues  of BmBt
           1           2.360878850    1    0
         1
           2           2.360590800    2    0
         2
           3           2.205635871    3    0
         3
           4           2.092766995    4    0
         4
           5           2.087858730    5    0
         5
           6           2.022482024    6    0
         6
           7           1.517658528    7    0
         7
           8           1.515640876    8    0
         8
           9           1.042539719    9    0
         9
          10           1.040994301   10    0
        10
          11           0.720885324   11    0
        11
          12           0.584492001   12    0
        12
          13           0.583855222   13    0
        13
          14           0.582858871   14    0
        14
          15           0.581656641   15    0
        15
          16           5.497595866    0    0
         0.000000000         0.000000000         0.000000000         0.000000000
         0.000000000         0.000000000         0.000000000         0.000000000
         0.000000000         0.000000000         0.000000000         0.000000000
         0.000000000         0.000000000         0.000000000        -0.000903332
        -0.047569059         0.022969693         0.210504033        -0.241760338
         0.048467211        -0.001977095        -0.028417028        -0.467623611
         0.415300176         0.471036104         0.044414299         0.152533531
         0.023133194         0.061032240         0.019295036        -0.103611760
        -0.000890270        -0.010495949        -0.484414534        -0.005542359
        -0.012682097        -0.005025473         0.010010013        -0.002342242
         0.004964601        -0.006080916         0.001881041        -0.001225068
        -0.002621768        -0.045451975        -0.003485728         0.016846313
         0.002424775        -0.009210023        -0.006581026
          17           1.422876084    0    0
         0.000000000         0.000000000         0.000000000         0.000000000
         0.000000000         0.000000000         0.000000000         0.000000000
         0.000000000         0.000000000         0.000000000         0.000000000
         0.000000000         0.000000000         0.000000000         0.052213898
         0.353286881         0.081145977        -0.297942197         0.229519650
        -0.459475708         0.076456371        -0.053131364        -0.202212042
         0.060149890         0.072795210        -0.132697782        -0.015510912
        -0.147506903         0.147031892         0.177039624         0.081705219
        -0.054706284         0.500399757        -0.033720926        -0.053892293
        -0.011321702        -0.025021164         0.005020918         0.064137789
         0.050611358        -0.073684928        -0.103565850        -0.011898919
        -0.039247553         0.011907991         0.145127581        -0.095526802
        -0.180661355         0.091229113         0.039673748
          18           1.386513521    0    0
         0.000000000         0.000000000         0.000000000         0.000000000
         0.000000000         0.000000000         0.000000000         0.000000000
         0.000000000         0.000000000         0.000000000         0.000000000
         0.000000000         0.000000000         0.000000000        -0.059340833
         0.059639063        -0.364935183        -0.291855352         0.335243656
         0.321886039         0.128558895        -0.045940308        -0.170991706
         0.049645338         0.025600764        -0.223300350         0.167897581
         0.080420556         0.008656039        -0.038424468         0.072941811
         0.549513471        -0.037186689        -0.030565090         0.019415096
        -0.074103399        -0.007411222         0.009880880         0.094812783
         0.053677079        -0.016168131         0.100441047        -0.042172623
        -0.047498725        -0.001941826        -0.208809985        -0.065898039
         0.069829393         0.048853405         0.156232941
          19           1.275275475    0    0
         0.000000000         0.000000000         0.000000000         0.000000000
         0.000000000         0.000000000         0.000000000         0.000000000
         0.000000000         0.000000000         0.000000000         0.000000000
         0.000000000         0.000000000         0.000000000        -0.035836178
        -0.164004873        -0.153707791         0.055457591         0.186388033
         0.084053085        -0.472701780        -0.082521995        -0.261482893
        -0.171627339         0.059413290        -0.195146023        -0.019762216
         0.417509256         0.035575743        -0.218416882         0.008617525
        -0.225195707         0.204759642         0.082029018         0.119824595
         0.116411934         0.051094433        -0.050685542        -0.074882891
        -0.126011056        -0.094265142         0.002112624         0.017312287
        -0.038147307         0.149431059         0.027416057         0.016576899
        -0.100505374         0.262778587        -0.206793393
          20           1.258912667    0    0
         0.000000000         0.000000000         0.000000000         0.000000000
         0.000000000         0.000000000         0.000000000         0.000000000
         0.000000000         0.000000000         0.000000000         0.000000000
         0.000000000         0.000000000         0.000000000         0.025267046
         0.062959048         0.177218891        -0.098730985        -0.073890011
        -0.063289439        -0.592921199        -0.092001226        -0.284218019
         0.025349844        -0.187023151        -0.117815729        -0.020612023
        -0.235566630        -0.053184234         0.317348545         0.007136340
         0.150969534        -0.269991687         0.070410411        -0.066383575
         0.059796494         0.047790876        -0.221336422        -0.007951986
        -0.106271413         0.054316265         0.014524171        -0.014128107
         0.004911104         0.181432667        -0.053648325        -0.006394986
         0.065520476        -0.202735779         0.197729795
          21           1.246117517    0    0
         0.000000000         0.000000000         0.000000000         0.000000000
         0.000000000         0.000000000         0.000000000         0.000000000
         0.000000000         0.000000000         0.000000000         0.000000000
         0.000000000         0.000000000         0.000000000        -0.006121217
        -0.057701901        -0.035328880        -0.010361477         0.062069297
         0.021420638        -0.173110046        -0.043035134        -0.134059956
        -0.013812138         0.026621812         0.484637795        -0.096090005
        -0.398337777        -0.100244178        -0.490851463         0.143796048
         0.204435938         0.179669252         0.032135773         0.048648282
        -0.058925810        -0.056574933        -0.061333449         0.056812037
        -0.020452756        -0.094475990         0.013299338         0.037889848
         0.107801663         0.063168190         0.188284737        -0.258001195
         0.189978398        -0.022686181        -0.097503771
          22           1.045798179    0    0
         0.000000000         0.000000000         0.000000000         0.000000000
         0.000000000         0.000000000         0.000000000         0.000000000
         0.000000000         0.000000000         0.000000000         0.000000000
         0.000000000         0.000000000         0.000000000         0.009567617
         0.149348106        -0.055966844        -0.008670123        -0.140812862
         0.083190757         0.294519631        -0.180132849        -0.484596869
        -0.185341492        -0.299631473        -0.182159566        -0.075066301
        -0.213020948        -0.120540707        -0.329159587        -0.218110299
        -0.308978965        -0.085824930         0.060866624        -0.079385288
        -0.156779728        -0.071884444         0.115755018        -0.072808815
         0.019143583        -0.010061696         0.000557062         0.022432766
        -0.008124449         0.067002978        -0.136352058         0.111254968
        -0.055111899        -0.033319375         0.113656168
          23           1.005370203    0    0
         0.000000000         0.000000000         0.000000000         0.000000000
         0.000000000         0.000000000         0.000000000         0.000000000
         0.000000000         0.000000000         0.000000000         0.000000000
         0.000000000         0.000000000         0.000000000        -0.030190416
        -0.104770923        -0.183455090         0.275875204         0.187794492
        -0.289825307         0.083722195        -0.038943396        -0.101102215
        -0.265588398         0.120970629        -0.037763388        -0.151718240
        -0.279889122         0.128436901         0.132824831        -0.112352180
         0.231205197        -0.387397735        -0.026246741         0.178538481
        -0.064755537        -0.113185795        -0.053203194         0.012716288
         0.042270591         0.101411511        -0.038603178        -0.113386433
         0.020122043         0.010966275         0.119022812         0.080005277
        -0.231593303         0.287713937        -0.256127446
          24           0.958279295    0    0
         0.000000000         0.000000000         0.000000000         0.000000000
         0.000000000         0.000000000         0.000000000         0.000000000
         0.000000000         0.000000000         0.000000000         0.000000000
         0.000000000         0.000000000         0.000000000        -0.000939494
        -0.282992795         0.243362314        -0.098324101         0.141998838
        -0.002689412         0.281683210        -0.091678708        -0.229971612
        -0.000468613         0.043459409        -0.211659219        -0.255958888
         0.154760937        -0.261760271         0.140206173         0.262273440
        -0.067699305        -0.170641366         0.011172767         0.006484758
         0.095476558         0.062190637        -0.000743866        -0.105121034
         0.201506887         0.023441476         0.015929322        -0.002528396
        -0.033368083         0.009716002         0.281084944        -0.330793403
         0.282185242        -0.088479103        -0.143803651
          25           0.774286933    0    0
         0.000000000         0.000000000         0.000000000         0.000000000
         0.000000000         0.000000000         0.000000000         0.000000000
         0.000000000         0.000000000         0.000000000         0.000000000
         0.000000000         0.000000000         0.000000000        -0.020739853
         0.080036049        -0.075467931        -0.158627629         0.102466567
        -0.026567100        -0.190573808         0.187511559         0.345335259
         0.146092525         0.226753351        -0.453694109        -0.164042417
        -0.259742421        -0.271531334        -0.267236821        -0.250214556
        -0.158613218        -0.124237077        -0.219262138        -0.011001852
        -0.086254247        -0.030719425        -0.136196284        -0.111597985
        -0.029313712        -0.088874134         0.009762535        -0.007064973
        -0.051701837        -0.120542549         0.044581507        -0.141975602
         0.033132561         0.036891569         0.027418036
          26           0.674369729    0    0
         0.000000000         0.000000000         0.000000000         0.000000000
         0.000000000         0.000000000         0.000000000         0.000000000
         0.000000000         0.000000000         0.000000000         0.000000000
         0.000000000         0.000000000         0.000000000         0.690644442
         0.187519665         0.189574291         0.153566161         0.176723236
         0.204454492        -0.007366321         0.006116427         0.009509449
        -0.073477465         0.080790587        -0.020829546         0.011869516
         0.025448006        -0.005243344        -0.054458662        -0.010172304
         0.065184265        -0.050895483        -0.001817190        -0.265476196
         0.283554762        -0.410163214         0.011760072        -0.023381071
        -0.006408732        -0.034659866         0.012276596        -0.069397861
         0.024562841        -0.003990831        -0.007382003        -0.003200634
        -0.003923385         0.058053520        -0.044096843
          27           0.552027228    0    0
         0.000000000         0.000000000         0.000000000         0.000000000
         0.000000000         0.000000000         0.000000000         0.000000000
         0.000000000         0.000000000         0.000000000         0.000000000
         0.000000000         0.000000000         0.000000000        -0.095543548
         0.170159154         0.211277854         0.047791560        -0.021236597
        -0.194799309         0.003390627        -0.003226603        -0.003787398
        -0.413021841         0.239045212         0.002830084         0.599978640
         0.066107543        -0.499001868        -0.071149362         0.066970676
         0.076178018        -0.053990016         0.000884209        -0.011117806
        -0.043596039         0.086813966        -0.009448049         0.001137796
         0.004103983         0.008937912        -0.055640216        -0.021442130
         0.016093674         0.002414951        -0.042631114         0.007787602
         0.023487837         0.029685370        -0.018169825
          28           0.504447187    0    0
         0.000000000         0.000000000         0.000000000         0.000000000
         0.000000000         0.000000000         0.000000000         0.000000000
         0.000000000         0.000000000         0.000000000         0.000000000
         0.000000000         0.000000000         0.000000000        -0.305247941
         0.387421988         0.357788638         0.261226329         0.260457697
         0.487400111        -0.005732521         0.005304294         0.005479742
        -0.138944133         0.171189901         0.004251841        -0.184281641
        -0.118076845         0.157370272         0.087169563         0.020400782
        -0.040215550         0.034416410         0.010151543        -0.035279006
        -0.110466762         0.281296140         0.036163084        -0.041641875
        -0.022651142        -0.058091925         0.042767364        -0.111257876
         0.048246347        -0.004063250         0.059358303        -0.002816174
        -0.056122812         0.002277258        -0.005390844
          29           0.458167125    0    0
         0.000000000         0.000000000         0.000000000         0.000000000
         0.000000000         0.000000000         0.000000000         0.000000000
         0.000000000         0.000000000         0.000000000         0.000000000
         0.000000000         0.000000000         0.000000000        -0.023138185
         0.050110259         0.023191745        -0.135262395         0.325212981
        -0.037481656         0.028341483        -0.078806431        -0.064952846
         0.218856991         0.073090445         0.346136746        -0.074526895
         0.169724032        -0.290760908         0.125416994        -0.669080314
        -0.020904087        -0.048005750         0.222174561         0.039524570
         0.077755329         0.058617773         0.032042599         0.110127375
         0.045308984        -0.025085086        -0.010184856        -0.019879138
         0.019323946         0.074873829         0.018572149         0.084095350
         0.039367907        -0.065941030        -0.074764962
          30           0.422781604    0    0
         0.000000000         0.000000000         0.000000000         0.000000000
         0.000000000         0.000000000         0.000000000         0.000000000
         0.000000000         0.000000000         0.000000000         0.000000000
         0.000000000         0.000000000         0.000000000        -0.053752958
         0.026991716         0.036132943         0.438927935         0.335857352
        -0.063920126         0.004496149         0.022542591         0.014876952
         0.468762637        -0.502775733        -0.088847816         0.280658979
        -0.064216215        -0.195174136        -0.032547989         0.133652188
        -0.031265488         0.024211586        -0.064570969         0.149863328
         0.010622999        -0.011384777         0.027189127        -0.082657923
        -0.008425926        -0.058373768        -0.058776753        -0.107555784
         0.021543282        -0.024643589         0.035191071        -0.016210032
        -0.049837598         0.064802428        -0.026372717
          31           0.372642400    0    0
         0.000000000         0.000000000         0.000000000         0.000000000
         0.000000000         0.000000000         0.000000000         0.000000000
         0.000000000         0.000000000         0.000000000         0.000000000
         0.000000000         0.000000000         0.000000000         0.013449390
         0.310769183        -0.307422703         0.130242388        -0.118807947
        -0.030274842        -0.029846057        -0.029818992        -0.012540115
         0.138044958         0.154203993         0.086659443        -0.425782898
         0.108107821        -0.491533969         0.106235579         0.390614307
        -0.002235490        -0.002345471         0.090600109        -0.009013764
        -0.045933633        -0.044784193         0.110304085         0.109549589
        -0.162361652         0.082851184        -0.029918316        -0.041542786
        -0.043166069         0.038735073        -0.103590145         0.166905512
        -0.103634750         0.023554023         0.018130205
          32           0.251191422    0    0
         0.000000000         0.000000000         0.000000000         0.000000000
         0.000000000         0.000000000         0.000000000         0.000000000
         0.000000000         0.000000000         0.000000000         0.000000000
         0.000000000         0.000000000         0.000000000         0.004697996
        -0.050645823         0.036894304         0.105158495        -0.093518992
         0.031013284        -0.002782031         0.055877973         0.008535639
        -0.310560254        -0.329637403        -0.014390621        -0.244068238
         0.069881745        -0.224942380         0.093854004        -0.221605787
         0.223119936         0.273191555        -0.561400167         0.032394977
         0.224335598         0.129302331         0.015147109         0.264737297
        -0.024923081        -0.018642896        -0.001647951         0.004209189
         0.011762428        -0.062994799        -0.004270023        -0.072600809
        -0.021936282         0.044141514         0.054649544
          33           0.015050596    0    0
         0.000000000         0.000000000         0.000000000         0.000000000
         0.000000000         0.000000000         0.000000000         0.000000000
         0.000000000         0.000000000         0.000000000         0.000000000
         0.000000000         0.000000000         0.000000000         0.002045350
        -0.025202324         0.015572647         0.044615997        -0.047603119
         0.008871877         0.280177502        -0.504370953         0.258103489
         0.075786188         0.087812049        -0.073904548         0.023487835
        -0.050983976         0.009729103        -0.036108198        -0.011774302
         0.030940730         0.047163732        -0.092355212         0.038978612
         0.139073410         0.069793464        -0.322048020        -0.025419923
        -0.304424510        -0.078993055         0.011684010         0.018064500
         0.012408029         0.572533307        -0.017160648        -0.016114982
        -0.021131099         0.021613917         0.032770909
$end
