$dipgrad          cartesian dipole gradients
  0.75115624291639D+00  -.22181898468805D-02  -.58291960397094D-16
  0.22181898468767D-02  0.75115624291635D+00  -.91612542476183D-16
  -.90320817231621D-16  -.18448377591199D-16  0.22068827421088D+01
  0.96784141952188D+00  -.64849405745751D+00  0.37925731305615D-15
  -.64816511267471D+00  0.10422817319349D+01  -.52092525845134D-15
  0.14072990014328D-15  0.74385994711955D-16  0.26702709511586D+01
  0.10422817319349D+01  0.64816511267472D+00  0.31621433986898D-16
  0.64849405745751D+00  0.96784141952190D+00  0.56561472085853D-16
  -.16178329292557D-18  0.15792548136730D-15  0.26702709511586D+01
  -.47416233821966D+00  -.29885659057116D+00  0.41950337762225D+00
  -.29861484692315D+00  -.44206094791374D+00  0.39476312053834D+00
  0.22156794055267D+00  0.21008553274542D+00  -.15912436548621D+01
  -.47416233821965D+00  -.29885659057116D+00  -.41950337762225D+00
  -.29861484692316D+00  -.44206094791374D+00  -.39476312053834D+00
  -.22156794055267D+00  -.21008553274543D+00  -.15912436548621D+01
  -.44206094791373D+00  0.29861484692316D+00  -.39476312053834D+00
  0.29885659057116D+00  -.47416233821968D+00  0.41950337762225D+00
  -.21008553274543D+00  0.22156794055268D+00  -.15912436548621D+01
  -.44206094791373D+00  0.29861484692315D+00  0.39476312053834D+00
  0.29885659057115D+00  -.47416233821966D+00  -.41950337762225D+00
  0.21008553274542D+00  -.22156794055268D+00  -.15912436548621D+01
  -.15669115052658D+00  0.69332571584021D-01  0.18590894211800D+00
  0.11392287773519D+00  -.17701810915650D+00  -.16913065978150D+00
  0.92381278386727D-01  -.14260457708769D+00  -.11377989364804D+00
  -.19218536565584D+00  0.19537533639414D+00  0.11199016129888D+00
  0.19179636232845D+00  -.18718686454017D+00  -.13828066450453D+00
  0.45828433350704D-01  -.61796202407177D-01  -.26758008217907D+00
  -.14301621902882D+00  0.11295253812500D+00  0.17247183094793D+00
  0.72272027267535D-01  -.18161427832912D+00  -.17893567458329D+00
  0.13950913002896D+00  -.98385594131399D-01  -.12805853132334D+00
  -.16581158421194D+00  0.14551833551610D+00  0.11052302907085D+00
  0.14976537222538D+00  -.17458113867364D+00  -.24806448811884D+00
  0.64871760807628D-01  -.11262527361482D+00  -.97449754316831D-01
  -.14003047081028D+00  0.16480019561372D+00  0.23036303082752D+00
  0.16013907476113D+00  -.15110800982329D+00  -.12164453131043D+00
  0.11946925228778D+00  -.66188532668976D-01  -.12223674218681D+00
  -.14301621902882D+00  0.11295253812501D+00  -.17247183094793D+00
  0.72272027267530D-01  -.18161427832912D+00  0.17893567458329D+00
  -.13950913002896D+00  0.98385594131398D-01  -.12805853132333D+00
  -.19218536565584D+00  0.19537533639413D+00  -.11199016129888D+00
  0.19179636232844D+00  -.18718686454018D+00  0.13828066450453D+00
  -.45828433350700D-01  0.61796202407178D-01  -.26758008217907D+00
  -.15669115052658D+00  0.69332571584024D-01  -.18590894211800D+00
  0.11392287773519D+00  -.17701810915649D+00  0.16913065978151D+00
  -.92381278386723D-01  0.14260457708769D+00  -.11377989364805D+00
  -.14003047081028D+00  0.16480019561372D+00  -.23036303082752D+00
  0.16013907476113D+00  -.15110800982329D+00  0.12164453131042D+00
  -.11946925228779D+00  0.66188532668973D-01  -.12223674218680D+00
  -.16581158421194D+00  0.14551833551609D+00  -.11052302907084D+00
  0.14976537222538D+00  -.17458113867363D+00  0.24806448811884D+00
  -.64871760807632D-01  0.11262527361482D+00  -.97449754316843D-01
  -.17701810915649D+00  -.11392287773519D+00  -.16913065978151D+00
  -.69332571584026D-01  -.15669115052658D+00  -.18590894211800D+00
  -.14260457708769D+00  -.92381278386720D-01  -.11377989364804D+00
  -.15110800982328D+00  -.16013907476113D+00  -.12164453131043D+00
  -.16480019561372D+00  -.14003047081028D+00  -.23036303082753D+00
  -.66188532668972D-01  -.11946925228778D+00  -.12223674218681D+00
  -.17458113867364D+00  -.14976537222538D+00  -.24806448811883D+00
  -.14551833551610D+00  -.16581158421194D+00  -.11052302907084D+00
  -.11262527361482D+00  -.64871760807631D-01  -.97449754316852D-01
  -.18161427832913D+00  -.72272027267532D-01  -.17893567458329D+00
  -.11295253812501D+00  -.14301621902881D+00  -.17247183094793D+00
  -.98385594131402D-01  -.13950913002896D+00  -.12805853132334D+00
  -.18718686454018D+00  -.19179636232844D+00  -.13828066450453D+00
  -.19537533639414D+00  -.19218536565583D+00  -.11199016129888D+00
  -.61796202407184D-01  -.45828433350699D-01  -.26758008217907D+00
  -.18161427832912D+00  -.72272027267534D-01  0.17893567458329D+00
  -.11295253812501D+00  -.14301621902882D+00  0.17247183094793D+00
  0.98385594131398D-01  0.13950913002896D+00  -.12805853132334D+00
  -.17458113867364D+00  -.14976537222538D+00  0.24806448811883D+00
  -.14551833551609D+00  -.16581158421194D+00  0.11052302907084D+00
  0.11262527361482D+00  0.64871760807627D-01  -.97449754316827D-01
  -.15110800982329D+00  -.16013907476113D+00  0.12164453131042D+00
  -.16480019561372D+00  -.14003047081028D+00  0.23036303082753D+00
  0.66188532668975D-01  0.11946925228779D+00  -.12223674218682D+00
  -.17701810915649D+00  -.11392287773519D+00  0.16913065978151D+00
  -.69332571584018D-01  -.15669115052658D+00  0.18590894211800D+00
  0.14260457708769D+00  0.92381278386725D-01  -.11377989364806D+00
  -.18718686454018D+00  -.19179636232845D+00  0.13828066450453D+00
  -.19537533639414D+00  -.19218536565583D+00  0.11199016129888D+00
  0.61796202407175D-01  0.45828433350700D-01  -.26758008217906D+00
  0.59127044694574D-01  -.96710652015500D-01  -.20922753758669D-01
  -.64179040919388D-01  0.55407820816452D-01  0.98552984374351D-01
  0.73441037686713D-04  0.77930997097027D-01  0.83816502845423D-01
  0.30976948909317D-01  -.71170823703329D-01  -.13777768657042D+00
  -.58876813762785D-01  0.10344873253800D+00  0.24789586803307D-01
  -.84278498575166D-01  -.35145213957352D-02  0.56673909971366D-02
  0.10300461107021D+00  -.50705417175359D-01  -.84079297412262D-01
  -.53504584077485D-01  0.10478587708094D+00  0.79147502221966D-01
  -.67565323139313D-01  0.59016721178753D-01  0.14376524421213D-01
  0.10469037577070D+00  -.48334330125035D-01  -.34434193332948D-01
  -.60149812335835D-01  0.49220527124284D-01  0.14569885416474D+00
  -.61003925812077D-02  0.85303236057785D-01  -.17146882379588D-01
  0.36820447853786D-01  -.74924334158175D-01  -.78114026757465D-01
  -.10656735412928D+00  0.57344393842088D-01  0.27655405906775D-01
  -.60357768196991D-01  0.70698620603803D-02  0.96778961524090D-01
  0.30976948909316D-01  -.71170823703328D-01  0.13777768657042D+00
  -.58876813762784D-01  0.10344873253800D+00  -.24789586803307D-01
  0.84278498575165D-01  0.35145213957354D-02  0.56673909971375D-02
  0.59127044694574D-01  -.96710652015500D-01  0.20922753758670D-01
  -.64179040919386D-01  0.55407820816451D-01  -.98552984374351D-01
  -.73441037688307D-04  -.77930997097028D-01  0.83816502845424D-01
  0.10300461107021D+00  -.50705417175360D-01  0.84079297412261D-01
  -.53504584077486D-01  0.10478587708094D+00  -.79147502221966D-01
  0.67565323139314D-01  -.59016721178754D-01  0.14376524421215D-01
  0.36820447853787D-01  -.74924334158175D-01  0.78114026757465D-01
  -.10656735412928D+00  0.57344393842089D-01  -.27655405906777D-01
  0.60357768196991D-01  -.70698620603803D-02  0.96778961524090D-01
  0.10469037577070D+00  -.48334330125034D-01  0.34434193332948D-01
  -.60149812335835D-01  0.49220527124285D-01  -.14569885416474D+00
  0.61003925812085D-02  -.85303236057786D-01  -.17146882379589D-01
  0.57344393842089D-01  0.10656735412928D+00  -.27655405906779D-01
  0.74924334158175D-01  0.36820447853787D-01  -.78114026757465D-01
  -.70698620603817D-02  -.60357768196990D-01  0.96778961524091D-01
  0.10478587708094D+00  0.53504584077484D-01  -.79147502221966D-01
  0.50705417175361D-01  0.10300461107021D+00  -.84079297412261D-01
  -.59016721178756D-01  -.67565323139317D-01  0.14376524421215D-01
  0.55407820816449D-01  0.64179040919387D-01  -.98552984374351D-01
  0.96710652015499D-01  0.59127044694576D-01  -.20922753758669D-01
  -.77930997097027D-01  0.73441037686963D-04  0.83816502845423D-01
  0.10344873253800D+00  0.58876813762786D-01  -.24789586803307D-01
  0.71170823703329D-01  0.30976948909317D-01  -.13777768657042D+00
  0.35145213957357D-02  -.84278498575168D-01  0.56673909971375D-02
  0.49220527124283D-01  0.60149812335837D-01  -.14569885416474D+00
  0.48334330125034D-01  0.10469037577070D+00  -.34434193332948D-01
  -.85303236057787D-01  -.61003925812086D-02  -.17146882379588D-01
  0.49220527124285D-01  0.60149812335839D-01  0.14569885416475D+00
  0.48334330125035D-01  0.10469037577070D+00  0.34434193332948D-01
  0.85303236057784D-01  0.61003925812068D-02  -.17146882379591D-01
  0.57344393842089D-01  0.10656735412928D+00  0.27655405906777D-01
  0.74924334158176D-01  0.36820447853784D-01  0.78114026757465D-01
  0.70698620603804D-02  0.60357768196991D-01  0.96778961524090D-01
  0.10478587708095D+00  0.53504584077484D-01  0.79147502221966D-01
  0.50705417175361D-01  0.10300461107021D+00  0.84079297412261D-01
  0.59016721178753D-01  0.67565323139316D-01  0.14376524421214D-01
  0.10344873253800D+00  0.58876813762785D-01  0.24789586803307D-01
  0.71170823703329D-01  0.30976948909318D-01  0.13777768657042D+00
  -.35145213957342D-02  0.84278498575168D-01  0.56673909971362D-02
  0.55407820816449D-01  0.64179040919387D-01  0.98552984374350D-01
  0.96710652015497D-01  0.59127044694575D-01  0.20922753758668D-01
  0.77930997097027D-01  -.73441037687534D-04  0.83816502845423D-01
$end
