$energy      SCF               SCFKIN            SCFPOT
     1 -2512.166679328      2403.287228444     -4915.453907772
     2 -2512.168755933      2402.902709320     -4915.071465254
     3 -2512.168981228      2402.822304234     -4914.991285462
     4 -2512.169116472      2402.827265214     -4914.996381686
     5 -2512.169366114      2402.948165877     -4915.117531991
     6 -2512.169381456      2402.947174824     -4915.116556280
     7 -2512.169409771      2402.948834448     -4915.118244219
     8 -2512.169426756      2402.956706188     -4915.126132944
     9 -2512.169430921      2402.957489993     -4915.126920914
    10 -2512.169431667      2402.956161745     -4915.125593412
    11 -2512.169434004      2402.955462717     -4915.124896721
    12 -2512.169436963      2402.955459222     -4915.124896185
    13 -2512.169438564      2402.954506095     -4915.123944659
    14 -2512.169439049      2402.953467187     -4915.122906236
    15 -2512.169439161      2402.953364309     -4915.122803470
    16 -2512.169439257      2402.953618529     -4915.123057786
    17 -2512.169439601      2402.954452334     -4915.123891935
    18 -2512.169440011      2402.955459632     -4915.124899643
    19 -2512.169440762      2402.956392498     -4915.125833260
    20 -2512.169443778      2402.958392879     -4915.127836658
    21 -2512.169452260      2402.956888716     -4915.126340977
    22 -2512.169465663      2402.950652026     -4915.120117689
    23 -2512.169459087      2402.954771120     -4915.124230207
    24 -2512.169465683      2402.954071516     -4915.123537199
    25 -2512.169467813      2402.953774495     -4915.123242308
    26 -2512.169471969      2402.953311164     -4915.122783133
    27 -2512.169476864      2402.953662137     -4915.123139001
    28 -2512.169484909      2402.952996999     -4915.122481907
    29 -2512.169493119      2402.952353409     -4915.121846528
    30 -2512.169493590      2402.953604156     -4915.123097746
    31 -2512.169500847      2402.965704197     -4915.135205043
    32 -2512.169494983      2402.954411881     -4915.123906864
    33 -2512.169496697      2402.955082230     -4915.124578927
    34 -2512.169495370      2402.953666924     -4915.123162293
    35 -2512.169496814      2402.953497761     -4915.122994576
    36 -2512.169496546      2402.953615669     -4915.123112215
    37 -2512.169497659      2402.953544756     -4915.123042415
    38 -2512.169497824      2402.953559485     -4915.123057310
    39 -2512.169497111      2402.953605458     -4915.123102570
    40 -2512.169497899      2402.953581337     -4915.123079235
    41 -2512.169497842      2402.953598924     -4915.123096767
$end
