$dipgrad          cartesian dipole gradients
  0.72047114493817D+00  0.41292839635035D-17  -.12248943477709D-16
  -.74604115105053D-16  0.72047114493816D+00  -.12949016179535D-15
  -.25207699928677D-17  -.23852701911674D-15  0.24108082221462D+01
  0.97363498975465D+00  -.62912197922255D+00  0.28878910710278D-15
  -.62912197922256D+00  0.97363498975463D+00  0.81965260723431D-16
  -.12387406867341D-16  -.74044735042994D-16  0.25070859147263D+01
  0.97363498975462D+00  0.62912197922256D+00  -.99352901601761D-16
  0.62912197922255D+00  0.97363498975464D+00  -.45250485275795D-16
  0.58157176279362D-16  0.36459368544259D-16  0.25070859147263D+01
  -.41952199401202D+00  -.30419949551088D+00  0.16593027748523D+00
  -.30419949551088D+00  -.41952199401202D+00  0.16593027748523D+00
  0.20620688048512D+00  0.20620688048512D+00  -.13274822448649D+01
  -.41952199401201D+00  -.30419949551089D+00  -.16593027748523D+00
  -.30419949551088D+00  -.41952199401202D+00  -.16593027748523D+00
  -.20620688048512D+00  -.20620688048512D+00  -.13274822448649D+01
  -.41952199401200D+00  0.30419949551088D+00  -.16593027748523D+00
  0.30419949551087D+00  -.41952199401200D+00  0.16593027748523D+00
  -.20620688048512D+00  0.20620688048511D+00  -.13274822448649D+01
  -.41952199401199D+00  0.30419949551088D+00  0.16593027748523D+00
  0.30419949551088D+00  -.41952199401200D+00  -.16593027748523D+00
  0.20620688048513D+00  -.20620688048512D+00  -.13274822448649D+01
  -.17597055587492D+00  0.63921479889965D-01  0.19493025297053D+00
  0.11312166830051D+00  -.15840828108111D+00  -.25517941317507D+00
  0.11008843359630D+00  -.13881262787090D+00  -.16117784517832D+00
  -.17818816961994D+00  0.19102966660900D+00  0.17796374514303D+00
  0.19102966660899D+00  -.17818816961995D+00  -.17796374514303D+00
  0.48493469303914D-01  -.48493469303913D-01  -.28998132925189D+00
  -.15840828108111D+00  0.11312166830051D+00  0.25517941317507D+00
  0.63921479889961D-01  -.17597055587492D+00  -.19493025297053D+00
  0.13881262787091D+00  -.11008843359630D+00  -.16117784517832D+00
  -.16530810748536D+00  0.16101401315882D+00  0.21578728909631D+00
  0.15243947672747D+00  -.16575359785546D+00  -.29899731575805D+00
  0.78781323720004D-01  -.13027066591691D+00  -.16898982469074D+00
  -.16575359785546D+00  0.15243947672747D+00  0.29899731575805D+00
  0.16101401315882D+00  -.16530810748536D+00  -.21578728909631D+00
  0.13027066591691D+00  -.78781323720007D-01  -.16898982469074D+00
  -.15840828108110D+00  0.11312166830051D+00  -.25517941317507D+00
  0.63921479889966D-01  -.17597055587492D+00  0.19493025297053D+00
  -.13881262787090D+00  0.11008843359630D+00  -.16117784517832D+00
  -.17818816961995D+00  0.19102966660899D+00  -.17796374514303D+00
  0.19102966660900D+00  -.17818816961995D+00  0.17796374514303D+00
  -.48493469303911D-01  0.48493469303915D-01  -.28998132925189D+00
  -.17597055587492D+00  0.63921479889964D-01  -.19493025297053D+00
  0.11312166830051D+00  -.15840828108110D+00  0.25517941317507D+00
  -.11008843359631D+00  0.13881262787091D+00  -.16117784517832D+00
  -.16575359785545D+00  0.15243947672747D+00  -.29899731575805D+00
  0.16101401315882D+00  -.16530810748536D+00  0.21578728909631D+00
  -.13027066591691D+00  0.78781323720005D-01  -.16898982469073D+00
  -.16530810748536D+00  0.16101401315882D+00  -.21578728909632D+00
  0.15243947672747D+00  -.16575359785546D+00  0.29899731575805D+00
  -.78781323720007D-01  0.13027066591691D+00  -.16898982469073D+00
  -.15840828108110D+00  -.11312166830051D+00  -.25517941317507D+00
  -.63921479889962D-01  -.17597055587492D+00  -.19493025297053D+00
  -.13881262787091D+00  -.11008843359630D+00  -.16117784517832D+00
  -.16530810748535D+00  -.16101401315882D+00  -.21578728909631D+00
  -.15243947672747D+00  -.16575359785546D+00  -.29899731575805D+00
  -.78781323720006D-01  -.13027066591691D+00  -.16898982469073D+00
  -.16575359785546D+00  -.15243947672748D+00  -.29899731575805D+00
  -.16101401315882D+00  -.16530810748536D+00  -.21578728909631D+00
  -.13027066591691D+00  -.78781323720008D-01  -.16898982469074D+00
  -.17597055587492D+00  -.63921479889963D-01  -.19493025297053D+00
  -.11312166830051D+00  -.15840828108110D+00  -.25517941317507D+00
  -.11008843359630D+00  -.13881262787090D+00  -.16117784517832D+00
  -.17818816961995D+00  -.19102966660900D+00  -.17796374514303D+00
  -.19102966660899D+00  -.17818816961995D+00  -.17796374514303D+00
  -.48493469303912D-01  -.48493469303911D-01  -.28998132925189D+00
  -.17597055587491D+00  -.63921479889968D-01  0.19493025297053D+00
  -.11312166830051D+00  -.15840828108110D+00  0.25517941317507D+00
  0.11008843359630D+00  0.13881262787090D+00  -.16117784517832D+00
  -.16575359785545D+00  -.15243947672748D+00  0.29899731575805D+00
  -.16101401315882D+00  -.16530810748535D+00  0.21578728909632D+00
  0.13027066591691D+00  0.78781323720004D-01  -.16898982469074D+00
  -.16530810748535D+00  -.16101401315882D+00  0.21578728909631D+00
  -.15243947672748D+00  -.16575359785546D+00  0.29899731575805D+00
  0.78781323720007D-01  0.13027066591691D+00  -.16898982469074D+00
  -.15840828108110D+00  -.11312166830051D+00  0.25517941317507D+00
  -.63921479889962D-01  -.17597055587492D+00  0.19493025297053D+00
  0.13881262787090D+00  0.11008843359630D+00  -.16117784517832D+00
  -.17818816961995D+00  -.19102966660900D+00  0.17796374514303D+00
  -.19102966660899D+00  -.17818816961995D+00  0.17796374514303D+00
  0.48493469303913D-01  0.48493469303913D-01  -.28998132925189D+00
  0.53813304071742D-01  -.11584058430877D+00  -.39438934206171D-01
  -.77262070148491D-01  0.42783006878939D-01  0.90106711765695D-01
  -.36387979433455D-02  0.81462161367373D-01  0.96151102562415D-01
  0.38086148119773D-01  -.72959087536367D-01  -.15521833641410D+00
  -.59100503220060D-01  0.10670821034356D+00  0.34624065487064D-01
  -.91742084731377D-01  0.33440447462017D-02  -.13442838895495D-01
  0.10482475540154D+00  -.56498274587684D-01  -.76171699690565D-01
  -.56498274587682D-01  0.10482475540154D+00  0.76171699690565D-01
  -.70471662097647D-01  0.70471662097649D-01  0.61373736191552D-02
  0.10670821034356D+00  -.59100503220061D-01  -.34624065487063D-01
  -.72959087536366D-01  0.38086148119774D-01  0.15521833641410D+00
  -.33440447461983D-02  0.91742084731379D-01  -.13442838895495D-01
  0.42783006878937D-01  -.77262070148493D-01  -.90106711765695D-01
  -.11584058430877D+00  0.53813304071742D-01  0.39438934206174D-01
  -.81462161367372D-01  0.36387979433455D-02  0.96151102562415D-01
  0.38086148119774D-01  -.72959087536367D-01  0.15521833641410D+00
  -.59100503220060D-01  0.10670821034356D+00  -.34624065487064D-01
  0.91742084731377D-01  -.33440447461992D-02  -.13442838895494D-01
  0.53813304071742D-01  -.11584058430877D+00  0.39438934206173D-01
  -.77262070148493D-01  0.42783006878938D-01  -.90106711765695D-01
  0.36387979433455D-02  -.81462161367373D-01  0.96151102562415D-01
  0.10482475540154D+00  -.56498274587683D-01  0.76171699690566D-01
  -.56498274587685D-01  0.10482475540154D+00  -.76171699690565D-01
  0.70471662097647D-01  -.70471662097650D-01  0.61373736191540D-02
  0.42783006878939D-01  -.77262070148493D-01  0.90106711765695D-01
  -.11584058430877D+00  0.53813304071741D-01  -.39438934206173D-01
  0.81462161367372D-01  -.36387979433455D-02  0.96151102562415D-01
  0.10670821034356D+00  -.59100503220061D-01  0.34624065487064D-01
  -.72959087536367D-01  0.38086148119778D-01  -.15521833641409D+00
  0.33440447461993D-02  -.91742084731377D-01  -.13442838895495D-01
  0.53813304071742D-01  0.11584058430878D+00  -.39438934206174D-01
  0.77262070148493D-01  0.42783006878935D-01  -.90106711765695D-01
  -.36387979433455D-02  -.81462161367374D-01  0.96151102562415D-01
  0.10482475540154D+00  0.56498274587683D-01  -.76171699690566D-01
  0.56498274587684D-01  0.10482475540154D+00  -.76171699690566D-01
  -.70471662097648D-01  -.70471662097648D-01  0.61373736191553D-02
  0.42783006878938D-01  0.77262070148491D-01  -.90106711765695D-01
  0.11584058430877D+00  0.53813304071741D-01  -.39438934206173D-01
  -.81462161367372D-01  -.36387979433455D-02  0.96151102562415D-01
  0.10670821034356D+00  0.59100503220060D-01  -.34624065487065D-01
  0.72959087536366D-01  0.38086148119774D-01  -.15521833641410D+00
  -.33440447462012D-02  -.91742084731374D-01  -.13442838895496D-01
  0.38086148119777D-01  0.72959087536366D-01  -.15521833641410D+00
  0.59100503220059D-01  0.10670821034356D+00  -.34624065487064D-01
  -.91742084731377D-01  -.33440447462014D-02  -.13442838895497D-01
  0.38086148119775D-01  0.72959087536366D-01  0.15521833641410D+00
  0.59100503220059D-01  0.10670821034356D+00  0.34624065487063D-01
  0.91742084731377D-01  0.33440447461974D-02  -.13442838895496D-01
  0.53813304071742D-01  0.11584058430877D+00  0.39438934206176D-01
  0.77262070148492D-01  0.42783006878936D-01  0.90106711765696D-01
  0.36387979433455D-02  0.81462161367372D-01  0.96151102562415D-01
  0.10482475540154D+00  0.56498274587682D-01  0.76171699690565D-01
  0.56498274587684D-01  0.10482475540154D+00  0.76171699690565D-01
  0.70471662097646D-01  0.70471662097646D-01  0.61373736191584D-02
  0.10670821034356D+00  0.59100503220062D-01  0.34624065487064D-01
  0.72959087536366D-01  0.38086148119774D-01  0.15521833641410D+00
  0.33440447462007D-02  0.91742084731376D-01  -.13442838895495D-01
  0.42783006878937D-01  0.77262070148492D-01  0.90106711765695D-01
  0.11584058430877D+00  0.53813304071743D-01  0.39438934206173D-01
  0.81462161367372D-01  0.36387979433455D-02  0.96151102562414D-01
$end
