$energy      SCF               SCFKIN            SCFPOT
     1 -4752.001300354      4249.875347324     -9001.876647678
     2 -4752.001300544      4249.886373053     -9001.887673598
     3 -4752.001713922      4249.651553416     -9001.653267338
     4 -4752.001802765      4249.506097879     -9001.507900644
     5 -4752.001830872      4249.382696734     -9001.384527606
     6 -4752.001840922      4249.413650146     -9001.415491069
     7 -4752.001855338      4249.436877547     -9001.438732884
     8 -4752.001874766      4249.475129006     -9001.477003773
     9 -4752.001896744      4249.495344644     -9001.497241388
    10 -4752.001909318      4249.485465359     -9001.487374677
    11 -4752.001916930      4249.474706693     -9001.476623624
    12 -4752.001933414      4249.470043055     -9001.471976468
    13 -4752.001941683      4249.481016642     -9001.482958325
    14 -4752.001949742      4249.504854953     -9001.506804696
    15 -4752.001958456      4249.643617514     -9001.645575970
    16 -4752.001965855      4249.566742313     -9001.568708168
    17 -4752.001970262      4249.586829150     -9001.588799412
    18 -4752.001973923      4249.595121194     -9001.597095117
    19 -4752.001975971      4249.597842651     -9001.599818622
    20 -4752.001978147      4249.600993511     -9001.602971658
    21 -4752.001981963      4249.601288039     -9001.603270002
    22 -4752.001988780      4249.587059508     -9001.589048288
    23 -4752.001994980      4249.573763484     -9001.575758464
    24 -4752.001997352      4249.563036889     -9001.565034242
    25 -4752.001999354      4249.558309057     -9001.560308411
    26 -4752.002000478      4249.539772303     -9001.541772781
    27 -4752.002000949      4249.572283622     -9001.574284570
    28 -4752.002001405      4249.534389517     -9001.536390922
    29 -4752.002001061      4249.438467356     -9001.440468417
    30 -4752.002001439      4249.559177965     -9001.561179403
    31 -4752.001168974      4249.442124252     -9001.443293226
    32 -4752.002003970      4249.567001091     -9001.569005061
    33 -4752.002004458      4249.568502970     -9001.570507428
    34 -4752.002005556      4249.575699522     -9001.577705077
    35 -4752.002006118      4249.578661282     -9001.580667400
    36 -4752.002006520      4249.580758017     -9001.582764537
    37 -4752.002006527      4249.598646812     -9001.600653339
    38 -4752.002006774      4249.578647106     -9001.580653880
    39 -4752.002007662      4249.578108776     -9001.580116438
    40 -4752.002008471      4249.578031902     -9001.580040373
    41 -4752.002009043      4249.580103704     -9001.582112747
    42 -4752.002009627      4249.587238788     -9001.589248415
    43 -4752.002009897      4249.591193629     -9001.593203525
$end
