# Excitation spectrum ; written at 2020-07-17 03:14:16
#     Exc.     energy (Eh)   energy (eV)   energy (cm-1)   energy (nm)     Osc.(vel)      Osc.(len) 
       1 a1       0.033061       0.89964        7256.054      1378.160     0.00000000     0.00000000
       2 a1       0.059144       1.60940       12980.651       770.377     0.00000000     0.00000000
       3 a1       0.060227       1.63885       13218.209       756.532     0.00000000     0.00000000
       4 a1       0.076411       2.07925       16770.242       596.294     0.00000000     0.00000000
       5 a1       0.083700       2.27758       18369.928       544.368     0.00000000     0.00000000
       6 a1       0.107507       2.92542       23595.100       423.817     0.00000000     0.00000000
       7 a1       0.111280       3.02808       24423.105       409.448     0.00000000     0.00000000
       8 a1       0.117680       3.20223       25827.715       387.181     0.00000000     0.00000000
       9 a1       0.119154       3.24233       26151.194       382.392     0.00000000     0.00000000
      10 a1       0.120557       3.28052       26459.192       377.940     0.00000000     0.00000000
      11 a1       0.121899       3.31705       26753.793       373.779     0.00000000     0.00000000
      12 a1       0.122174       3.32453       26814.179       372.937     0.00000000     0.00000000
      13 a1       0.125273       3.40885       27494.253       363.712     0.00000000     0.00000000
      14 a1       0.126562       3.44394       27777.220       360.007     0.00000000     0.00000000
      15 a1       0.127493       3.46927       27981.509       357.379     0.00000000     0.00000000
      16 a1       0.130900       3.56196       28729.138       348.079     0.00000000     0.00000000
      17 a1       0.132340       3.60114       29045.176       344.291     0.00000000     0.00000000
      18 a1       0.132933       3.61729       29175.374       342.755     0.00000000     0.00000000
      19 a1       0.134922       3.67142       29611.965       337.701     0.00000000     0.00000000
      20 a1       0.138376       3.76542       30370.124       329.271     0.00000000     0.00000000
      21 a1       0.141289       3.84468       31009.459       322.482     0.00000000     0.00000000
      22 a1       0.141654       3.85462       31089.568       321.651     0.00000000     0.00000000
      23 a1       0.143250       3.89804       31439.796       318.068     0.00000000     0.00000000
      24 a1       0.144700       3.93750       31758.086       314.880     0.00000000     0.00000000
      25 a1       0.147433       4.01187       32357.878       309.044     0.00000000     0.00000000
       1 a2       0.010904       0.29672        2393.204      4178.499     0.00000000     0.00000000
       2 a2       0.038506       1.04780        8451.089      1183.279     0.00000000     0.00000000
       3 a2       0.044790       1.21880        9830.317      1017.261     0.00000000     0.00000000
       4 a2       0.058789       1.59973       12902.717       775.031     0.00000000     0.00000000
       5 a2       0.061656       1.67774       13531.866       738.996     0.00000000     0.00000000
       6 a2       0.070658       1.92269       15507.560       644.847     0.00000000     0.00000000
       7 a2       0.080743       2.19714       17721.149       564.297     0.00000000     0.00000000
       8 a2       0.089061       2.42347       19546.579       511.598     0.00000000     0.00000000
       9 a2       0.093645       2.54820       20552.627       486.556     0.00000000     0.00000000
      10 a2       0.106963       2.91062       23475.770       425.971     0.00000000     0.00000000
      11 a2       0.109248       2.97280       23977.257       417.062     0.00000000     0.00000000
      12 a2       0.121253       3.29946       26611.930       375.771     0.00000000     0.00000000
      13 a2       0.124324       3.38303       27286.005       366.488     0.00000000     0.00000000
      14 a2       0.126520       3.44278       27767.862       360.129     0.00000000     0.00000000
      15 a2       0.127164       3.46031       27909.284       358.304     0.00000000     0.00000000
      16 a2       0.129558       3.52545       28434.662       351.683     0.00000000     0.00000000
      17 a2       0.131376       3.57494       28833.795       346.815     0.00000000     0.00000000
      18 a2       0.134277       3.65386       29470.364       339.324     0.00000000     0.00000000
      19 a2       0.135934       3.69896       29834.147       335.186     0.00000000     0.00000000
      20 a2       0.136644       3.71828       29989.974       333.445     0.00000000     0.00000000
      21 a2       0.141313       3.84531       31014.552       322.429     0.00000000     0.00000000
      22 a2       0.143187       3.89632       31425.909       318.209     0.00000000     0.00000000
      23 a2       0.143688       3.90996       31535.960       317.098     0.00000000     0.00000000
      24 a2       0.146535       3.98742       32160.690       310.939     0.00000000     0.00000000
      25 a2       0.150898       4.10615       33118.369       301.947     0.00000000     0.00000000
       1 b1       0.010906       0.29676        2393.520      4177.947     0.00000000     0.00000000
       2 b1       0.044787       1.21872        9829.642      1017.331     0.00000000     0.00000000
       3 b1       0.050537       1.37517       11091.501       901.591     0.00000000     0.00000000
       4 b1       0.058789       1.59974       12902.737       775.029     0.00000000     0.00000000
       5 b1       0.061651       1.67760       13530.743       739.058     0.00000000     0.00000000
       6 b1       0.070666       1.92292       15509.408       644.770     0.00000000     0.00000000
       7 b1       0.080750       2.19731       17722.520       564.254     0.00000000     0.00000000
       8 b1       0.100156       2.72539       21981.780       454.922     0.00000000     0.00000000
       9 b1       0.104456       2.84239       22925.441       436.197     0.00000000     0.00000000
      10 b1       0.106982       2.91113       23479.809       425.898     0.00000000     0.00000000
      11 b1       0.109262       2.97318       23980.279       417.009     0.00000000     0.00000000
      12 b1       0.119777       3.25929       26287.912       380.403     0.00000000     0.00000000
      13 b1       0.123047       3.34829       27005.804       370.291     0.00000000     0.00000000
      14 b1       0.123836       3.36975       27178.902       367.932     0.00000000     0.00000000
      15 b1       0.124877       3.39807       27407.243       364.867     0.00000000     0.00000000
      16 b1       0.127571       3.47140       27998.693       357.160     0.00000000     0.00000000
      17 b1       0.136114       3.70386       29873.661       334.743     0.00000000     0.00000000
      18 b1       0.136719       3.72031       30006.360       333.263     0.00000000     0.00000000
      19 b1       0.137471       3.74077       30171.345       331.440     0.00000000     0.00000000
      20 b1       0.140997       3.83672       30945.251       323.151     0.00000000     0.00000000
      21 b1       0.142144       3.86792       31196.907       320.545     0.00000000     0.00000000
      22 b1       0.143594       3.90739       31515.236       317.307     0.00000000     0.00000000
      23 b1       0.143976       3.91779       31599.081       316.465     0.00000000     0.00000000
      24 b1       0.150818       4.10397       33100.764       302.108     0.00000000     0.00000000
      25 b1       0.153447       4.17551       33677.740       296.932     0.00000000     0.00000000
       1 b2       0.033072       0.89992        7258.379      1377.718     0.00194491     0.00002259
       2 b2       0.058803       1.60010       12905.675       774.853     0.05799618     0.00924992
       3 b2       0.062188       1.69222       13648.710       732.670     0.00054411     0.00610884
       4 b2       0.076398       2.07889       16767.390       596.396     0.01382407     0.00415431
       5 b2       0.080774       2.19798       17727.880       564.083     0.01378227     0.00750388
       6 b2       0.083681       2.27706       18365.758       544.492     0.03062555     0.00723317
       7 b2       0.099795       2.71555       21902.386       456.571     0.01385151     0.00692703
       8 b2       0.106135       2.88808       23293.953       429.296     0.26772413     0.24157458
       9 b2       0.110999       3.02043       24361.387       410.486     0.02182025     0.00910359
      10 b2       0.115122       3.13262       25266.320       395.784     0.05878493     0.05052483
      11 b2       0.119119       3.24139       26143.567       382.503     0.01425215     0.01106548
      12 b2       0.121809       3.31458       26733.894       374.057     0.00289242     0.00331369
      13 b2       0.121894       3.31690       26752.576       373.796     0.00190567     0.00002298
      14 b2       0.127160       3.46021       27908.439       358.315     0.01425926     0.00242290
      15 b2       0.127739       3.47595       28035.444       356.691     0.00223310     0.00054150
      16 b2       0.130899       3.56195       28729.073       348.079     0.00159089     0.00056925
      17 b2       0.131562       3.57997       28874.424       346.327     0.02595209     0.00884342
      18 b2       0.132512       3.60584       29083.059       343.843     0.00173534     0.00049453
      19 b2       0.133416       3.63044       29281.471       341.513     0.01126076     0.01428650
      20 b2       0.137047       3.72923       30078.264       332.466     0.00704575     0.00298476
      21 b2       0.138612       3.77182       30421.792       328.712     0.00032727     0.00003903
      22 b2       0.138732       3.77509       30448.166       328.427     0.00257353     0.00113616
      23 b2       0.141325       3.84564       31017.194       322.402     0.03458338     0.00161415
      24 b2       0.141672       3.85508       31093.321       321.612     0.00465486     0.00103575
      25 b2       0.143209       3.89691       31430.665       318.161     0.00546579     0.00337815
       1 e        0.001719       0.04677         377.218     26509.891     0.00582480     0.00000036
       2 e        0.013993       0.38077        3071.101      3256.161     0.00003411     0.00005545
       3 e        0.049662       1.35138       10899.601       917.465     0.00000075     0.00000441
       4 e        0.053239       1.44871       11684.626       855.825     0.00188898     0.00022844
       5 e        0.071041       1.93314       15591.792       641.363     0.15520455     0.02255905
       6 e        0.072984       1.98600       16018.206       624.290     0.01613641     0.00000536
       7 e        0.083838       2.28136       18400.414       543.466     0.00000002     0.00005369
       8 e        0.086122       2.34349       18901.493       529.059     0.00000101     0.00000003
       9 e        0.088926       2.41980       19516.993       512.374     0.00130969     0.00000329
      10 e        0.090773       2.47006       19922.345       501.949     0.00029788     0.00000463
      11 e        0.093376       2.54089       20493.670       487.956     0.00756283     0.00005805
      12 e        0.094113       2.56093       20655.322       484.137     0.00695965     0.00133463
      13 e        0.096754       2.63282       21235.109       470.918     0.00415382     0.00040155
      14 e        0.099825       2.71638       21909.092       456.432     0.00516137     0.00054214
      15 e        0.103397       2.81357       22692.947       440.666     0.03772827     0.00002761
      16 e        0.104755       2.85052       22990.986       434.953     0.00109402     0.00016529
      17 e        0.107560       2.92687       23606.769       423.607     0.00097324     0.00022617
      18 e        0.109704       2.98519       24077.153       415.332     0.00000005     0.00049025
      19 e        0.111706       3.03968       24516.695       407.885     0.01982123     0.00289600
      20 e        0.112387       3.05821       24666.147       405.414     0.00527251     0.00007974
      21 e        0.112554       3.06275       24702.752       404.813     0.00329173     0.00315453
      22 e        0.113331       3.08389       24873.221       402.039     0.00082773     0.00000079
      23 e        0.114220       3.10809       25068.431       398.908     0.00081462     0.00012877
      24 e        0.115221       3.13532       25288.070       395.443     0.02990331     0.00375036
      25 e        0.117708       3.20300       25833.922       387.088     0.01312715     0.00190562
