# Electronic excitation spectrum of , IRREP b2  
#  excitation energy / cm^(-1)  oscillator strength (length rep.)
 0.72583786096177E+04   0.22589816770872E-04
 0.12905675443634E+05   0.92499212877989E-02
 0.13648710076208E+05   0.61088421462396E-02
 0.16767390469895E+05   0.41543101821869E-02
 0.17727879543461E+05   0.75038828453551E-02
 0.18365757774152E+05   0.72331723841027E-02
 0.21902386482120E+05   0.69270336837798E-02
 0.23293953463703E+05   0.24157457781089E+00
 0.24361386615894E+05   0.91035935711571E-02
 0.25266319637039E+05   0.50524830262844E-01
 0.26143566787342E+05   0.11065484935530E-01
 0.26733894195568E+05   0.33136906550020E-02
 0.26752576065699E+05   0.22981605058412E-04
 0.27908439373284E+05   0.24229015751491E-02
 0.28035444213652E+05   0.54150265284713E-03
 0.28729073176511E+05   0.56925445999028E-03
 0.28874423617138E+05   0.88434170850792E-02
 0.29083058957632E+05   0.49452505902815E-03
 0.29281470693341E+05   0.14286502751759E-01
 0.30078263980192E+05   0.29847593184372E-02
 0.30421792334723E+05   0.39034233826530E-04
 0.30448165929609E+05   0.11361555398682E-02
 0.31017194103052E+05   0.16141535431436E-02
 0.31093320857283E+05   0.10357539740428E-02
 0.31430664830172E+05   0.33781548991663E-02
# Electronic excitation spectrum of , IRREP e   
#  excitation energy / cm^(-1)  oscillator strength (length rep.)
 0.37721769528457E+03   0.36127378218952E-06
 0.30711012681876E+04   0.55451198459131E-04
 0.10899601338862E+05   0.44051768402066E-05
 0.11684625973234E+05   0.22844097235160E-03
 0.15591792369379E+05   0.22559051361084E-01
 0.16018206368513E+05   0.53607411484805E-05
 0.18400413702374E+05   0.53692851020568E-04
 0.18901493388949E+05   0.29825080979558E-07
 0.19516993289924E+05   0.32943322298458E-05
 0.19922344678108E+05   0.46314531799633E-05
 0.20493669552344E+05   0.58051783438902E-04
 0.20655322502739E+05   0.13346310559041E-02
 0.21235109026637E+05   0.40154645848911E-03
 0.21909092215777E+05   0.54214377015307E-03
 0.22692947023013E+05   0.27607201170535E-04
 0.22990985940321E+05   0.16529218716750E-03
 0.23606768873647E+05   0.22616551065662E-03
 0.24077152750927E+05   0.49025246395081E-03
 0.24516694822507E+05   0.28960046891864E-02
 0.24666147111807E+05   0.79736592416787E-04
 0.24702751965585E+05   0.31545302859667E-02
 0.24873220773715E+05   0.78705975802658E-06
 0.25068431095936E+05   0.12877229659620E-03
 0.25288069657055E+05   0.37503555484266E-02
 0.25833922085997E+05   0.19056160783467E-02
