$coord
    0.00000000000000      0.00000000000000      0.00000000820574  mo
    0.00000000000000      0.00000000000000     -6.66448087043273  y
    0.00000000000000      3.29134754366915     -2.69082173294392  s
    0.00000000000000     -3.29134754366915     -2.69082173294392  s
    3.29134754846720      0.00000000000000      2.69082174227605  s
   -3.29134754846720      0.00000000000000      2.69082174227605  s
    4.43793175600128      2.18030161934429     -7.60634317230050  c
    5.00573342261775      0.00000000000000     -6.12615642295601  c
    4.43793175600128     -2.18030161934429     -7.60634317230050  c
    3.54218168868500     -1.35251920103513    -10.01367876746439  c
    3.54218168868500      1.35251920103513    -10.01367876746439  c
   -4.43793175600128      2.18030161934429     -7.60634317230050  c
   -5.00573342261775      0.00000000000000     -6.12615642295601  c
   -4.43793175600128     -2.18030161934429     -7.60634317230050  c
   -3.54218168868500     -1.35251920103513    -10.01367876746439  c
   -3.54218168868500      1.35251920103513    -10.01367876746439  c
    4.93657845690800     -4.87213749943842     -6.84920884983400  c
    3.18880704389673     -3.02777973377982    -12.27877174473930  c
    6.18326844340980      0.00000000000000     -3.54921447700116  c
    3.18880704389673      3.02777973377982    -12.27877174473930  c
    4.93657845690800      4.87213749943842     -6.84920884983400  c
   -3.18880704389673      3.02777973377982    -12.27877174473930  c
   -6.18326844340980      0.00000000000000     -3.54921447700116  c
   -4.93657845690800     -4.87213749943842     -6.84920884983400  c
   -3.18880704389673     -3.02777973377982    -12.27877174473930  c
    8.26907428339689      0.00000000000000     -3.68361578938383  h
    5.61485238667099     -1.66923210252491     -2.45059898880884  h
   -5.61485238667099      1.66923210252491     -2.45059898880884  h
   -8.26907428339689      0.00000000000000     -3.68361578938383  h
    5.61485238667099      1.66923210252491     -2.45059898880884  h
   -5.61485238667099     -1.66923210252491     -2.45059898880884  h
    3.67057684923493      6.19771555950918     -7.83580125299359  h
    6.89772643938060      5.43086958389779     -7.30894725040306  h
    4.64722439105095      5.14183318013171     -4.80844111172136  h
   -3.67057684923493     -6.19771555950917     -7.83580125299359  h
   -6.89772643938060     -5.43086958389779     -7.30894725040306  h
   -4.64722439105095     -5.14183318013171     -4.80844111172136  h
   -4.93657845690800      4.87213749943842     -6.84920884983400  c
   -6.89772643938060      5.43086958389779     -7.30894725040306  h
   -3.67057684923493      6.19771555950917     -7.83580125299359  h
   -4.64722439105095      5.14183318013171     -4.80844111172136  h
    6.89772643938060     -5.43086958389779     -7.30894725040306  h
    3.67057684923493     -6.19771555950918     -7.83580125299359  h
    2.06731291442153      2.10352481841322    -13.76228026573980  h
   -2.06731291442153     -2.10352481841322    -13.76228026573980  h
   -5.03612599537134      3.52497511212454    -13.12189472759272  h
    5.03612599537134     -3.52497511212454    -13.12189472759272  h
    4.64722439105095     -5.14183318013171     -4.80844111172136  h
    0.00000000000000      0.00000000000000      6.66448087425441  y
   -2.18030161923157      4.43793175754528      7.60634317146306  c
    2.18030161923157     -4.43793175754528      7.60634317146306  c
    2.18030161923157      4.43793175754528      7.60634317146306  c
   -2.18030161923157     -4.43793175754528      7.60634317146306  c
    0.00000000000000      5.00573342419218      6.12615642455731  c
    0.00000000000000     -5.00573342419218      6.12615642455731  c
    1.35251920128786      3.54218169375461     10.01367876744311  c
   -1.35251920128786     -3.54218169375461     10.01367876744311  c
   -1.35251920128786      3.54218169375461     10.01367876744311  c
    1.35251920128786     -3.54218169375461     10.01367876744311  c
    4.87213749876701      4.93657844584485      6.84920883969181  c
   -4.87213749876701     -4.93657844584485      6.84920883969181  c
   -4.87213749876701      4.93657844584485      6.84920883969181  c
    4.87213749876701     -4.93657844584485      6.84920883969181  c
    3.02777973214245      3.18880707923821     12.27877175031075  c
   -3.02777973214245     -3.18880707923820     12.27877175031075  c
   -3.02777973214245      3.18880707923820     12.27877175031075  c
    3.02777973214245     -3.18880707923821     12.27877175031075  c
    0.00000000000000      6.18326845598042      3.54921448384635  c
    0.00000000000000     -6.18326845598042      3.54921448384635  c
    0.00000000000000      8.26907429560899      3.68361580479215  h
    0.00000000000000     -8.26907429560899      3.68361580479215  h
    1.66923210249782      5.61485240405883      2.45059899339264  h
   -1.66923210249782     -5.61485240405883      2.45059899339264  h
   -1.66923210249782      5.61485240405883      2.45059899339264  h
    1.66923210249782     -5.61485240405883      2.45059899339264  h
   -6.19771555696534      3.67057683401590      7.83580124026679  h
    6.19771555696533     -3.67057683401590      7.83580124026679  h
    6.19771555696533      3.67057683401590      7.83580124026679  h
   -6.19771555696534     -3.67057683401590      7.83580124026679  h
   -5.43086959333733      6.89772642691316      7.30894723434612  h
    5.43086959333733     -6.89772642691316      7.30894723434612  h
    5.43086959333733      6.89772642691316      7.30894723434612  h
   -5.43086959333733     -6.89772642691316      7.30894723434612  h
   -5.14183317008595      4.64722437432899      4.80844110057746  h
    5.14183317008595     -4.64722437432899      4.80844110057746  h
    5.14183317008595      4.64722437432899      4.80844110057746  h
   -5.14183317008595     -4.64722437432899      4.80844110057746  h
    4.81809266164284      2.24262515812622     11.80167946727334  h
    2.24262511754089     -4.81809265732873    -11.80167944859943  h
   -2.24262511754089      4.81809265732873    -11.80167944859943  h
   -2.10352482044203      2.06731296088775     13.76228028133614  h
    2.10352482044203     -2.06731296088775     13.76228028133614  h
    2.10352482044203      2.06731296088775     13.76228028133614  h
    2.06731291442153     -2.10352481841322    -13.76228026573980  h
   -2.10352482044203     -2.06731296088775     13.76228028133614  h
   -2.06731291442153      2.10352481841322    -13.76228026573980  h
   -4.81809266164284     -2.24262515812622     11.80167946727334  h
    4.81809266164284     -2.24262515812622     11.80167946727334  h
   -2.24262511754089     -4.81809265732873    -11.80167944859943  h
   -4.81809266164284      2.24262515812622     11.80167946727334  h
    2.24262511754089      4.81809265732873    -11.80167944859943  h
   -3.52497509893078     -5.03612604245588     13.12189471449542  h
    3.52497509893078      5.03612604245588     13.12189471449542  h
    3.52497509893078     -5.03612604245588     13.12189471449542  h
   -5.03612599537134     -3.52497511212454    -13.12189472759272  h
   -3.52497509893078      5.03612604245588     13.12189471449542  h
    5.03612599537134      3.52497511212454    -13.12189472759272  h
$user-defined bonds
$redundant
     number_of_atoms           107
     degrees_of_freedom         84
     internal_coordinates      104
     frozen_coordinates          0
# definitions of redundant internals
   1 k  2.0000000000000 stre  56   64           val=   2.83937
   2 k  2.0000000000000 stre  18   94           val=   2.07673
   3 k  2.0000000000000 stre  18   89           val=   2.08041
   4 k  2.0000000000000 stre  18   47           val=   2.09061
   5 k  2.0000000000000 stre  60   78           val=   2.08165
   6 k  2.0000000000000 stre  60   82           val=   2.09037
   7 k  2.0000000000000 stre  64   93           val=   2.07673
   8 k  2.0000000000000 stre  10   18           val=   2.83937
   9 k  1.4142135623731 stre   8   19           val=   2.83323
  10 k  2.0000000000000 stre  50   62           val=   2.84040
  11 k  2.0000000000000 stre  17   42           val=   2.09037
  12 k  1.4142135623731 stre  54   68           val=   2.83323
  13 k  2.0000000000000 stre  64  103           val=   2.09061
  14 k  1.4142135623731 stre  68   70           val=   2.09013
  15 k  2.0000000000000 stre  17   48           val=   2.07875
  16 k  2.0000000000000 stre   7   21           val=   2.84040
  17 k  2.0000000000000 stre  17   43           val=   2.08165
  18 k  1.4142135623731 stre  19   26           val=   2.09013
  19 k  2.0000000000000 stre  64   88           val=   2.08041
  20 k  2.0000000000000 stre  60   86           val=   2.07875
  21 k  0.8921215322090 bend  88   93   64      val=   2.00263
        0.8272231750668 bend 103   93   64
        0.8223510056388 bend 103   88   64
       -0.7832828364812 bend  56   93   64
       -0.7834446505032 bend  56   88   64
       -0.7850110136794 bend  56  103   64
  22 k  0.8921215322090 bend  89   94   18      val=   2.00263
        0.8272231750668 bend  47   94   18
        0.8223510056388 bend  47   89   18
       -0.7832828364812 bend  10   94   18
       -0.7834446505032 bend  10   89   18
       -0.7850110136794 bend  10   47   18
  23 k  0.5881622364837 bend  30   27   19      val=   1.86619
        0.6009811405041 bend  26   27   19
        0.6009811405041 bend  26   30   19
       -0.5640704692890 bend   8   27   19
       -0.5640704692890 bend   8   30   19
       -0.5434680601870 bend   8   26   19
  24 k  0.5881622364837 bend  72   74   68      val=   1.86619
        0.6009811405041 bend  70   74   68
        0.6009811405041 bend  70   72   68
       -0.5640704692890 bend  54   74   68
       -0.5640704692890 bend  54   72   68
       -0.5434680601870 bend  54   70   68
  25 k  0.8483606361816 bend  78   86   60      val=   1.88563
        0.8549536366296 bend  82   86   60
        0.8284127648164 bend  82   78   60
       -0.7879949673212 bend  52   86   60
       -0.7966552291330 bend  52   78   60
       -0.7794069403410 bend  52   82   60
  26 k  0.8483606361816 bend  43   48   17      val=   1.88563
        0.8549536366296 bend  42   48   17
        0.8284127648164 bend  42   43   17
       -0.7879949673212 bend   9   48   17
       -0.7966552291330 bend   9   43   17
       -0.7794069403410 bend   9   42   17
  27 k  0.6666666666667 tors  86   60   52   49 val=  57.45356
        0.6666666666667 tors  86   60   52   54
        0.6666666666667 tors  86   60   52   56
        0.6666666666667 tors  78   60   52   49
        0.6666666666667 tors  78   60   52   54
        0.6666666666667 tors  78   60   52   56
        0.6666666666667 tors  82   60   52   49
        0.6666666666667 tors  82   60   52   54
        0.6666666666667 tors  82   60   52   56
  28 k  0.6666666666667 tors  48   17    9    2 val=  62.54644
        0.6666666666667 tors  48   17    9    8
        0.6666666666667 tors  48   17    9   10
        0.6666666666667 tors  43   17    9    2
        0.6666666666667 tors  43   17    9    8
        0.6666666666667 tors  43   17    9   10
        0.6666666666667 tors  42   17    9    2
        0.6666666666667 tors  42   17    9    8
        0.6666666666667 tors  42   17    9   10
  29 k  2.0000000000000 stre  19   27           val=   2.07759
  30 k  2.0000000000000 stre  68   74           val=   2.07759
  31 k  0.6666666666667 tors  94   18   10    2 val=  69.26416
        0.6666666666667 tors  94   18   10    9
        0.6666666666667 tors  94   18   10   11
        0.6666666666667 tors  89   18   10    2
        0.6666666666667 tors  89   18   10    9
        0.6666666666667 tors  89   18   10   11
        0.6666666666667 tors  47   18   10    2
        0.6666666666667 tors  47   18   10    9
        0.6666666666667 tors  47   18   10   11
  32 k  0.6666666666667 tors  93   64   56   49 val=  90.73584
        0.6666666666667 tors  93   64   56   52
        0.6666666666667 tors  93   64   56   58
        0.6666666666667 tors  88   64   56   49
        0.6666666666667 tors  88   64   56   52
        0.6666666666667 tors  88   64   56   58
        0.6666666666667 tors 103   64   56   49
        0.6666666666667 tors 103   64   56   52
        0.6666666666667 tors 103   64   56   58
  33 k -0.9648037761719 bend  30   27   19      val=   0.41011
        0.4729616245504 bend  26   27   19
        0.4729616245504 bend  26   30   19
       -0.3133119857721 bend   8   27   19
       -0.3133119857721 bend   8   30   19
        0.6522572161600 bend   8   26   19
  34 k -0.9648037761719 bend  72   74   68      val=   0.41011
        0.4729616245504 bend  70   74   68
        0.4729616245504 bend  70   72   68
       -0.3133119857721 bend  54   74   68
       -0.3133119857721 bend  54   72   68
        0.6522572161600 bend  54   70   68
  35 k -0.0022809392884 bend  78   86   60      val=   0.00421
       -1.1781263612484 bend  82   86   60
        1.2071076193240 bend  82   78   60
       -0.7725737416964 bend  52   86   60
        0.7469945563394 bend  52   78   60
        0.0057633374274 bend  52   82   60
  36 k -0.0022809392884 bend  43   48   17      val=   0.00421
       -1.1781263612484 bend  42   48   17
        1.2071076193240 bend  42   43   17
       -0.7725737416964 bend   9   48   17
        0.7469945563394 bend   9   43   17
        0.0057633374274 bend   9   42   17
  37 k -0.3371904484518 bend  89   94   18      val=   0.18776
       -0.9626536535614 bend  47   94   18
        1.3242374803922 bend  47   89   18
       -0.8659131828062 bend  10   94   18
        0.6404819005340 bend  10   89   18
        0.2144130015018 bend  10   47   18
  38 k -0.3371904484518 bend  88   93   64      val=   0.18776
       -0.9626536535614 bend 103   93   64
        1.3242374803922 bend 103   88   64
       -0.8659131828062 bend  56   93   64
        0.6404819005340 bend  56   88   64
        0.2144130015018 bend  56  103   64
  39 k -1.3539083919294 bend  78   86   60      val=   0.35350
        0.6921518776218 bend  82   86   60
        0.6661587433848 bend  82   78   60
       -0.4467869488422 bend  52   86   60
       -0.4581186621058 bend  52   78   60
        0.9135639479284 bend  52   82   60
  40 k -1.3539083919293 bend  43   48   17      val=   0.35350
        0.6921518776220 bend  42   48   17
        0.6661587433848 bend  42   43   17
       -0.4467869488422 bend   9   48   17
       -0.4581186621058 bend   9   43   17
        0.9135639479284 bend   9   42   17
  41 k -1.2861342226730 bend  88   93   64      val=   1.03500
        0.9761812370920 bend 103   93   64
        0.3945402786286 bend 103   88   64
       -0.2444914325782 bend  56   93   64
       -0.6476409931232 bend  56   88   64
        0.8706618204452 bend  56  103   64
  42 k -1.2861342226730 bend  89   94   18      val=   1.03500
        0.9761812370920 bend  47   94   18
        0.3945402786286 bend  47   89   18
       -0.2444914325782 bend  10   94   18
       -0.6476409931232 bend  10   89   18
        0.8706618204452 bend  10   47   18
  43 k  1.4142768994964 bend  54   62   50      val=   0.37332
       -1.4141030723180 bend  58   62   50
        0.0115478314734 bend  49   62   50
  44 k  1.4142768994964 bend   8   21    7      val=   0.37332
       -1.4141030723180 bend  11   21    7
        0.0115478314734 bend   2   21    7
  45 k  1.4135838313136 bend  52   64   56      val=   0.79709
       -1.4144573759668 bend  58   64   56
        0.0330315519146 bend  49   64   56
  46 k  1.4135838313136 bend   9   18   10      val=   0.79709
       -1.4144573759668 bend  11   18   10
        0.0330315519146 bend   2   18   10
  47 k  0.0772379186724 bend  89   94   18      val=   0.25429
        0.7351531768159 bend  47   94   18
       -0.8157150300697 bend  47   89   18
       -1.2397783535687 bend  10   94   18
        1.1101111506459 bend  10   89   18
        0.1370983861662 bend  10   47   18
  48 k  0.0772379186724 bend  88   93   64      val=   0.25429
        0.7351531768159 bend 103   93   64
       -0.8157150300697 bend 103   88   64
       -1.2397783535687 bend  56   93   64
        1.1101111506459 bend  56   88   64
        0.1370983861662 bend  56  103   64
  49 k -0.6389836424783 bend  72   74   68      val=   0.70383
        0.3267450402344 bend  70   74   68
        0.3267450402344 bend  70   72   68
        0.4775662049947 bend  54   74   68
        0.4775662049947 bend  54   72   68
       -0.9602272135820 bend  54   70   68
  50 k -0.6389836424783 bend  30   27   19      val=   0.70383
        0.3267450402344 bend  26   27   19
        0.3267450402344 bend  26   30   19
        0.4775662049947 bend   8   27   19
        0.4775662049947 bend   8   30   19
       -0.9602272135820 bend   8   26   19
  51 k -0.1173142512814 bend  78   86   60      val=   0.59956
        0.8115321789744 bend  82   86   60
       -0.6942168583096 bend  82   78   60
       -1.0903230964392 bend  52   86   60
        1.2750769569386 bend  52   78   60
       -0.1763239683914 bend  52   82   60
  52 k -0.1173142512814 bend  43   48   17      val=   0.59956
        0.8115321789744 bend  42   48   17
       -0.6942168583096 bend  42   43   17
       -1.0903230964392 bend   9   48   17
        1.2750769569386 bend   9   43   17
       -0.1763239683914 bend   9   42   17
  53 k  0.8890662633614 bend  89   94   18      val=  -0.34122
       -0.5437689448636 bend  47   94   18
       -0.3806758189050 bend  47   89   18
       -0.5569545304772 bend  10   94   18
       -0.7720424890386 bend  10   89   18
        1.3648129838757 bend  10   47   18
  54 k  0.8890662633614 bend  88   93   64      val=  -0.34122
       -0.5437689448636 bend 103   93   64
       -0.3806758189050 bend 103   88   64
       -0.5569545304772 bend  56   93   64
       -0.7720424890386 bend  56   88   64
        1.3648129838757 bend  56  103   64
  55 k -0.8976363720189 bend  43   48   17      val=   0.19548
        0.3546356454656 bend  42   48   17
        0.5595713047536 bend  42   43   17
        0.8217555854178 bend   9   48   17
        0.5126296114374 bend   9   43   17
       -1.3480693961375 bend   9   42   17
  56 k -0.8976363720189 bend  78   86   60      val=   0.19548
        0.3546356454656 bend  82   86   60
        0.5595713047536 bend  82   78   60
        0.8217555854178 bend  52   86   60
        0.5126296114374 bend  52   78   60
       -1.3480693961375 bend  52   82   60
  57 k -0.0843868873740 bend   7   19    8      val=  94.31630
       -0.0843868873740 bend   9   19    8
        1.4091691546719 bend   2   19    8
  58 k -0.0843868873740 bend  50   68   54      val=  94.31630
       -0.0843868873740 bend  52   68   54
        1.4091691546719 bend  49   68   54
  59 k -0.2706429432044 bend  52   64   56      val=  76.09058
       -0.2244977239132 bend  58   64   56
        1.9688456438359 bend  49   64   56
  60 k -0.2706429432044 bend   9   18   10      val=  76.09058
       -0.2244977239132 bend  11   18   10
        1.9688456438359 bend   2   18   10
  61 k -0.1472322715168 bend   8   21    7      val=  90.75279
       -0.1309974763400 bend  11   21    7
        1.9902668965283 bend   2   21    7
  62 k -0.1472322715168 bend  54   62   50      val=  90.75279
       -0.1309974763400 bend  58   62   50
        1.9902668965283 bend  49   62   50
  63 k  0.5000000000000 tors   8    7    2    3 val=  61.90120
        0.5000000000000 tors   8    7    2    4
        0.5000000000000 tors   8    7    2    9
        0.5000000000000 tors   8    7    2   10
        0.5000000000000 tors   8    7    2   12
        0.5000000000000 tors   8    7    2   13
        0.5000000000000 tors   8    7    2   15
        0.5000000000000 tors   8    7    2   16
        0.5000000000000 tors  11    7    2    3
        0.5000000000000 tors  11    7    2    4
        0.5000000000000 tors  11    7    2    9
        0.5000000000000 tors  11    7    2   10
        0.5000000000000 tors  11    7    2   12
        0.5000000000000 tors  11    7    2   13
        0.5000000000000 tors  11    7    2   15
        0.5000000000000 tors  11    7    2   16
  64 k  0.4714045207910 tors   9   10    2    3 val=  97.08451
        0.4714045207910 tors   9   10    2    4
        0.4714045207910 tors   9   10    2    7
        0.4714045207910 tors   9   10    2    8
        0.4714045207910 tors   9   10    2   12
        0.4714045207910 tors   9   10    2   13
        0.4714045207910 tors   9   10    2   14
        0.4714045207910 tors   9   10    2   15
        0.4714045207910 tors   9   10    2   16
        0.4714045207910 tors  11   10    2    3
        0.4714045207910 tors  11   10    2    4
        0.4714045207910 tors  11   10    2    7
        0.4714045207910 tors  11   10    2    8
        0.4714045207910 tors  11   10    2   12
        0.4714045207910 tors  11   10    2   13
        0.4714045207910 tors  11   10    2   14
        0.4714045207910 tors  11   10    2   15
        0.4714045207910 tors  11   10    2   16
  65 k  0.5000000000000 tors  54   50   49    5 val=  95.59880
        0.5000000000000 tors  54   50   49    6
        0.5000000000000 tors  54   50   49   52
        0.5000000000000 tors  54   50   49   53
        0.5000000000000 tors  54   50   49   55
        0.5000000000000 tors  54   50   49   56
        0.5000000000000 tors  54   50   49   57
        0.5000000000000 tors  54   50   49   59
        0.5000000000000 tors  58   50   49    5
        0.5000000000000 tors  58   50   49    6
        0.5000000000000 tors  58   50   49   52
        0.5000000000000 tors  58   50   49   53
        0.5000000000000 tors  58   50   49   55
        0.5000000000000 tors  58   50   49   56
        0.5000000000000 tors  58   50   49   57
        0.5000000000000 tors  58   50   49   59
  66 k  0.4714045207910 tors  52   56   49    5 val=  82.91549
        0.4714045207910 tors  52   56   49    6
        0.4714045207910 tors  52   56   49   50
        0.4714045207910 tors  52   56   49   51
        0.4714045207910 tors  52   56   49   53
        0.4714045207910 tors  52   56   49   54
        0.4714045207910 tors  52   56   49   55
        0.4714045207910 tors  52   56   49   57
        0.4714045207910 tors  52   56   49   59
        0.4714045207910 tors  58   56   49    5
        0.4714045207910 tors  58   56   49    6
        0.4714045207910 tors  58   56   49   50
        0.4714045207910 tors  58   56   49   51
        0.4714045207910 tors  58   56   49   53
        0.4714045207910 tors  58   56   49   54
        0.4714045207910 tors  58   56   49   55
        0.4714045207910 tors  58   56   49   57
        0.4714045207910 tors  58   56   49   59
  67 k  1.4142135623731 stre   1    3           val=   4.25129
  68 k  1.4142135623731 stre   1    5           val=   4.25129
  69 k -0.7071067811865 bend   4    3    1      val=   0.00000
        0.7071067811865 bend   6    5    1
  70 k  0.6951070867334 bend   4    3    1      val=  56.55500
       -0.3668911334232 bend   5    3    1
        0.6951070867334 bend   6    5    1
  71 k  1.4142135623731 stre   2    3           val=   5.15974
  72 k  2.0000000000000 stre   2    7           val=   5.03349
  73 k  1.4142135623731 stre   2    8           val=   5.03460
  74 k  2.0000000000000 stre   7    8           val=   2.69575
  75 k  2.0000000000000 stre   2   10           val=   5.05900
  76 k  2.0000000000000 stre   7   11           val=   2.69868
  77 k  1.4142135623731 stre  10   11           val=   2.70504
  78 k -0.4866328612157 bend   4    3    2      val=  53.14782
       -0.1820193940991 bend   7    3    2
       -0.3514272977956 bend   7    4    2
        0.0410103664197 bend   9    7    2
        0.3103838471368 bend  12    7    2
       -0.3029731988664 bend   8    3    2
        0.1915335866775 bend  13    7    2
       -0.1199619919552 bend  10    3    2
        0.1180648127724 bend  10    7    2
        0.0673190444702 bend  10    8    2
       -0.0686008157783 bend  11    3    2
        0.6811522339149 bend  15    7    2
        0.6172307915291 bend  15    8    2
        0.5606938685213 bend  15   10    2
        0.5241566238107 bend  16    7    2
        0.6267368159456 bend  16   10    2
  79 k  0.8337531227976 bend   4    3    2      val=   7.97328
       -0.2229927009781 bend   7    3    2
        0.2176926308207 bend   7    4    2
        0.2478497359438 bend   9    7    2
       -0.2811741050898 bend  12    7    2
        0.1037057389295 bend   8    3    2
       -0.1658749939852 bend  13    7    2
       -0.2701455506953 bend  10    3    2
       -0.0635298510845 bend  10    7    2
       -0.2755910192473 bend  10    8    2
       -0.3791727526162 bend  11    3    2
        0.1012487375603 bend  15    7    2
        0.0793944742372 bend  15    8    2
        0.3531589609455 bend  15   10    2
        0.0320574727283 bend  16    7    2
        0.3459038462621 bend  16   10    2
  80 k  0.5114828935060 bend   4    3    2      val=  24.57848
        0.1572845482759 bend   7    3    2
       -0.1755217206288 bend   7    4    2
       -0.8388509573594 bend   9    7    2
        0.7409153375097 bend  12    7    2
        0.1082253893074 bend   8    3    2
        0.3675815913403 bend  13    7    2
       -0.1098705440312 bend  10    3    2
       -0.3648042436409 bend  10    7    2
       -0.1182472693151 bend  10    8    2
       -0.1163048078213 bend  11    3    2
       -0.0371540989349 bend  15    7    2
       -0.1018111785383 bend  15    8    2
        0.0130392689265 bend  15   10    2
        0.2372347167030 bend  16    7    2
       -0.0494145989255 bend  16   10    2
  81 k  0.6116566489392 bend   4    3    2      val=  12.97000
       -0.4656578185264 bend   7    3    2
       -0.1914824297723 bend   7    4    2
        0.1512626619638 bend   9    7    2
        0.2060874577373 bend  12    7    2
       -0.4160787050252 bend   8    3    2
        0.1872503443374 bend  13    7    2
        0.1937155292497 bend  10    3    2
        0.5713461317379 bend  10    7    2
        0.7855754532061 bend  10    8    2
       -0.2241924094814 bend  11    3    2
        0.2244316495260 bend  15    7    2
        0.2505668889256 bend  15    8    2
       -0.5210084709093 bend  15   10    2
       -0.0091747886424 bend  16    7    2
       -0.3343818960277 bend  16   10    2
  82 k  0.1153696527330 bend   4    3    2      val=   7.28826
        0.4804421217938 bend   7    3    2
        0.4421248225293 bend   7    4    2
       -0.2000135780251 bend   9    7    2
       -0.3683989269068 bend  12    7    2
       -0.6854461260751 bend   8    3    2
        0.1625212668595 bend  13    7    2
       -0.2556758701493 bend  10    3    2
       -0.7227317727243 bend  10    7    2
        0.7138481732116 bend  10    8    2
        0.1565766326474 bend  11    3    2
       -0.6258898597165 bend  15    7    2
        0.9737496061088 bend  15    8    2
        0.2799110646576 bend  15   10    2
       -0.2319982300642 bend  16    7    2
       -0.0159311857211 bend  16   10    2
  83 k -0.1756874173386 bend   4    3    2      val=   3.08443
        0.4928062198950 bend   7    3    2
        0.2170901473456 bend   7    4    2
       -0.4074777409701 bend   9    7    2
       -0.0335836456660 bend  12    7    2
       -0.0585031515915 bend   8    3    2
        0.0879298295936 bend  13    7    2
        0.5642898549020 bend  10    3    2
        0.2918142649640 bend  10    7    2
        0.1270599671494 bend  10    8    2
       -0.8746371597411 bend  11    3    2
        0.0998337199696 bend  15    7    2
       -0.0948472432082 bend  15    8    2
       -0.2125735335298 bend  15   10    2
       -0.7260860833436 bend  16    7    2
        0.8425590840380 bend  16   10    2
  84 k  1.4142135623731 bend   2    1    3      val=  89.63285
  85 k  1.4142135623731 stre   5   49           val=   5.15974
  86 k  1.4142135623731 bend  49    1    5      val=  89.63285
  87 k  2.0000000000000 bend  11    8    7      val= 108.15753
  88 k  1.4142135623731 bend   9    7    8      val= 107.95620
  89 k  2.0000000000000 bend  11    9   10      val= 107.86266
  90 k  2.0000000000000 stre  49   50           val=   5.03349
  91 k  1.4142135623731 stre  49   54           val=   5.03460
  92 k  2.0000000000000 stre  50   54           val=   2.69575
  93 k  2.0000000000000 stre  49   56           val=   5.05900
  94 k  2.0000000000000 stre  50   58           val=   2.69868
  95 k  1.4142135623731 stre  56   58           val=   2.70504
  96 k -0.4866328612157 bend   6    5   49      val=  53.14782
       -0.3514272977956 bend  50    5   49
       -0.1820193940991 bend  51    5   49
        0.0410103664197 bend  52   50   49
        0.3103838471368 bend  53   50   49
       -0.3029731988664 bend  54    5   49
        0.1915335866775 bend  55   50   49
       -0.0686008157783 bend  56    5   49
        0.1180648127724 bend  56   50   49
        0.0673190444702 bend  56   54   49
       -0.1199619919552 bend  57    5   49
        0.5241566238107 bend  57   50   49
        0.6172307915291 bend  57   54   49
        0.6267368159456 bend  57   56   49
        0.6811522339149 bend  59   50   49
        0.5606938685213 bend  59   56   49
  97 k  0.8337531227976 bend   6    5   49      val=   7.97328
        0.2176926308207 bend  50    5   49
       -0.2229927009781 bend  51    5   49
        0.2478497359438 bend  52   50   49
       -0.2811741050898 bend  53   50   49
        0.1037057389295 bend  54    5   49
       -0.1658749939852 bend  55   50   49
       -0.3791727526162 bend  56    5   49
       -0.0635298510845 bend  56   50   49
       -0.2755910192473 bend  56   54   49
       -0.2701455506953 bend  57    5   49
        0.0320574727283 bend  57   50   49
        0.0793944742372 bend  57   54   49
        0.3459038462621 bend  57   56   49
        0.1012487375603 bend  59   50   49
        0.3531589609455 bend  59   56   49
  98 k  0.5114828935060 bend   6    5   49      val=  24.57848
       -0.1755217206288 bend  50    5   49
        0.1572845482759 bend  51    5   49
       -0.8388509573594 bend  52   50   49
        0.7409153375097 bend  53   50   49
        0.1082253893074 bend  54    5   49
        0.3675815913403 bend  55   50   49
       -0.1163048078213 bend  56    5   49
       -0.3648042436409 bend  56   50   49
       -0.1182472693151 bend  56   54   49
       -0.1098705440312 bend  57    5   49
        0.2372347167030 bend  57   50   49
       -0.1018111785383 bend  57   54   49
       -0.0494145989255 bend  57   56   49
       -0.0371540989349 bend  59   50   49
        0.0130392689265 bend  59   56   49
  99 k  0.6116566489393 bend   6    5   49      val=  12.97000
       -0.1914824297723 bend  50    5   49
       -0.4656578185264 bend  51    5   49
        0.1512626619638 bend  52   50   49
        0.2060874577373 bend  53   50   49
       -0.4160787050250 bend  54    5   49
        0.1872503443374 bend  55   50   49
       -0.2241924094814 bend  56    5   49
        0.5713461317379 bend  56   50   49
        0.7855754532061 bend  56   54   49
        0.1937155292497 bend  57    5   49
       -0.0091747886424 bend  57   50   49
        0.2505668889256 bend  57   54   49
       -0.3343818960277 bend  57   56   49
        0.2244316495260 bend  59   50   49
       -0.5210084709093 bend  59   56   49
 100 k  0.1153696527330 bend   6    5   49      val=   7.28826
        0.4421248225293 bend  50    5   49
        0.4804421217938 bend  51    5   49
       -0.2000135780251 bend  52   50   49
       -0.3683989269068 bend  53   50   49
       -0.6854461260751 bend  54    5   49
        0.1625212668595 bend  55   50   49
        0.1565766326474 bend  56    5   49
       -0.7227317727243 bend  56   50   49
        0.7138481732116 bend  56   54   49
       -0.2556758701493 bend  57    5   49
       -0.2319982300642 bend  57   50   49
        0.9737496061088 bend  57   54   49
       -0.0159311857211 bend  57   56   49
       -0.6258898597165 bend  59   50   49
        0.2799110646576 bend  59   56   49
 101 k -0.1756874173386 bend   6    5   49      val=   3.08443
        0.2170901473456 bend  50    5   49
        0.4928062198950 bend  51    5   49
       -0.4074777409701 bend  52   50   49
       -0.0335836456660 bend  53   50   49
       -0.0585031515915 bend  54    5   49
        0.0879298295936 bend  55   50   49
       -0.8746371597411 bend  56    5   49
        0.2918142649640 bend  56   50   49
        0.1270599671494 bend  56   54   49
        0.5642898549020 bend  57    5   49
       -0.7260860833436 bend  57   50   49
       -0.0948472432082 bend  57   54   49
        0.8425590840380 bend  57   56   49
        0.0998337199696 bend  59   50   49
       -0.2125735335298 bend  59   56   49
 102 k  2.0000000000000 bend  58   54   50      val= 108.15753
 103 k  1.4142135623731 bend  52   50   54      val= 107.95621
 104 k  2.0000000000000 bend  58   52   56      val= 107.86266
        84 non zero eigenvalues  of BmBt
           1           3.651798464    1    0
         1
           2           3.651798464    2    0
         2
           3           3.503082801    3    0
         3
           4           3.503082801    4    0
         4
           5           3.482332020    5    0
         5
           6           3.482332020    6    0
         6
           7           3.451310773    7    0
         7
           8           3.451310773    8    0
         8
           9           3.394546944    9    0
         9
          10           3.394546944   10    0
        10
          11           3.197633895   11    0
        11
          12           3.197633895   12    0
        12
          13           3.174231045   13    0
        13
          14           3.174231045   14    0
        14
          15           3.152528976   15    0
        15
          16           3.152528976   16    0
        16
          17           2.064723972   17    0
        17
          18           2.064723972   18    0
        18
          19           1.425242672   19    0
        19
          20           1.425242672   20    0
        20
          21           1.240012061   21    0
        21
          22           1.240012061   22    0
        22
          23           1.034488184   23    0
        23
          24           1.034488184   24    0
        24
          25           1.010593417   25    0
        25
          26           1.010593417   26    0
        26
          27           0.908784238   27    0
        27
          28           0.908784238   28    0
        28
          29           0.776184123   29    0
        29
          30           0.776184123   30    0
        30
          31           0.740842860   31    0
        31
          32           0.740842860   32    0
        32
          33           0.679853987   33    0
        33
          34           0.679853987   34    0
        34
          35           0.676977708   35    0
        35
          36           0.676977708   36    0
        36
          37           0.675063157   37    0
        37
          38           0.675063157   38    0
        38
          39           0.672817034   39    0
        39
          40           0.672817034   40    0
        40
          41           0.672159357   41    0
        41
          42           0.672159357   42    0
        42
          43           0.669513903   43    0
        43
          44           0.669513903   44    0
        44
          45           0.636012064   45    0
        45
          46           0.636012064   46    0
        46
          47           0.629939809   47    0
        47
          48           0.629939809   48    0
        48
          49           0.474700068   49    0
        49
          50           0.474700068   50    0
        50
          51           0.454975017   51    0
        51
          52           0.454975017   52    0
        52
          53           0.197716438   53    0
        53
          54           0.197716438   54    0
        54
          55           0.127312498   55    0
        55
          56           0.127312498   56    0
        56
          57           0.105807985   57    0
        57
          58           0.105807985   58    0
        58
          59           0.087104007   59    0
        59
          60           0.087104007   60    0
        60
          61           0.076024825   61    0
        61
          62           0.076024825   62    0
        62
          63           3.002870181    0    0
         0.000000000         0.000000000         0.000000000         0.000000000
         0.000000000         0.000000000         0.000000000         0.000000000
         0.000000000         0.000000000         0.000000000         0.000000000
         0.000000000         0.000000000         0.000000000         0.000000000
         0.000000000         0.000000000         0.000000000         0.000000000
         0.000000000         0.000000000         0.000000000         0.000000000
         0.000000000         0.000000000         0.000000000         0.000000000
         0.000000000         0.000000000         0.000000000         0.000000000
         0.000000000         0.000000000         0.000000000         0.000000000
         0.000000000         0.000000000         0.000000000         0.000000000
         0.000000000         0.000000000         0.000000000         0.000000000
         0.000000000         0.000000000         0.000000000         0.000000000
         0.000000000         0.000000000         0.000000000         0.000000000
         0.000000000         0.000000000         0.000000000         0.000000000
         0.000000000         0.000000000         0.000000000         0.000000000
         0.000000000         0.000000000         0.144163021         0.012151118
         0.144163021         0.012151118         0.260659593        -0.260659593
         0.164109678         0.000000000        -0.386780850         0.029845409
        -0.142214199         0.026494584         0.392757119         0.015964709
        -0.009509294        -0.260457432         0.046211807         0.005749599
         0.013410217         0.026052740        -0.009452505         0.023753945
         0.386780850        -0.023753945        -0.007007234        -0.001769975
         0.008271116        -0.029845409         0.142214199        -0.026494584
        -0.392757119        -0.015964709         0.009509294         0.260457432
        -0.046211807        -0.005749599        -0.013410217        -0.026052740
         0.009452505         0.007007234         0.001769975        -0.008271116
          64           2.973426716    0    0
         0.000000000         0.000000000         0.000000000         0.000000000
         0.000000000         0.000000000         0.000000000         0.000000000
         0.000000000         0.000000000         0.000000000         0.000000000
         0.000000000         0.000000000         0.000000000         0.000000000
         0.000000000         0.000000000         0.000000000         0.000000000
         0.000000000         0.000000000         0.000000000         0.000000000
         0.000000000         0.000000000         0.000000000         0.000000000
         0.000000000         0.000000000         0.000000000         0.000000000
         0.000000000         0.000000000         0.000000000         0.000000000
         0.000000000         0.000000000         0.000000000         0.000000000
         0.000000000         0.000000000         0.000000000         0.000000000
         0.000000000         0.000000000         0.000000000         0.000000000
         0.000000000         0.000000000         0.000000000         0.000000000
         0.000000000         0.000000000         0.000000000         0.000000000
         0.000000000         0.000000000         0.000000000         0.000000000
         0.000000000         0.000000000         0.162456442         0.007037753
        -0.162456442        -0.007037753         0.014743700         0.014743700
         0.000000000        -0.077281435        -0.418038736         0.033033524
        -0.157710109         0.029109315         0.435542753         0.017838822
        -0.010397210        -0.277265537         0.023602785        -0.006681621
        -0.003758303         0.028303532        -0.008952867        -0.012091341
        -0.418038736        -0.012091341        -0.007653737        -0.001940484
         0.009039676         0.033033524        -0.157710109         0.029109315
         0.435542753         0.017838822        -0.010397210        -0.277265537
         0.023602785        -0.006681621        -0.003758303         0.028303532
        -0.008952867        -0.007653737        -0.001940484         0.009039676
          65           2.785183260    0    0
         0.000000000         0.000000000         0.000000000         0.000000000
         0.000000000         0.000000000         0.000000000         0.000000000
         0.000000000         0.000000000         0.000000000         0.000000000
         0.000000000         0.000000000         0.000000000         0.000000000
         0.000000000         0.000000000         0.000000000         0.000000000
         0.000000000         0.000000000         0.000000000         0.000000000
         0.000000000         0.000000000         0.000000000         0.000000000
         0.000000000         0.000000000         0.000000000         0.000000000
         0.000000000         0.000000000         0.000000000         0.000000000
         0.000000000         0.000000000         0.000000000         0.000000000
         0.000000000         0.000000000         0.000000000         0.000000000
         0.000000000         0.000000000         0.000000000         0.000000000
         0.000000000         0.000000000         0.000000000         0.000000000
         0.000000000         0.000000000         0.000000000         0.000000000
         0.000000000         0.000000000         0.000000000         0.000000000
         0.000000000         0.000000000        -0.078926491         0.012779838
        -0.078926491         0.012779838         0.615765402        -0.615765402
         0.217775585         0.000000000         0.155789850        -0.014582424
         0.070387810        -0.012256429        -0.194357599        -0.008374004
         0.004175404         0.095193543         0.057572302         0.035137429
         0.047544752        -0.011156232         0.000220925         0.085189212
        -0.155789850        -0.085189212         0.003108053         0.000777828
        -0.003664623         0.014582424        -0.070387810         0.012256429
         0.194357599         0.008374004        -0.004175404        -0.095193543
        -0.057572302        -0.035137429        -0.047544752         0.011156232
        -0.000220925        -0.003108053        -0.000777828         0.003664623
          66           1.228471276    0    0
         0.000000000         0.000000000         0.000000000         0.000000000
         0.000000000         0.000000000         0.000000000         0.000000000
         0.000000000         0.000000000         0.000000000         0.000000000
         0.000000000         0.000000000         0.000000000         0.000000000
         0.000000000         0.000000000         0.000000000         0.000000000
         0.000000000         0.000000000         0.000000000         0.000000000
         0.000000000         0.000000000         0.000000000         0.000000000
         0.000000000         0.000000000         0.000000000         0.000000000
         0.000000000         0.000000000         0.000000000         0.000000000
         0.000000000         0.000000000         0.000000000         0.000000000
         0.000000000         0.000000000         0.000000000         0.000000000
         0.000000000         0.000000000         0.000000000         0.000000000
         0.000000000         0.000000000         0.000000000         0.000000000
         0.000000000         0.000000000         0.000000000         0.000000000
         0.000000000         0.000000000         0.000000000         0.000000000
         0.000000000         0.000000000        -0.002881585        -0.044945344
         0.002881585         0.044945344        -0.607157895        -0.607157895
         0.000000000        -0.099146381        -0.169344825        -0.007588349
         0.021099932        -0.008955807        -0.058754594        -0.004647812
        -0.002980879         0.107591141        -0.179432630        -0.080330026
        -0.118686300        -0.006617350         0.010597568         0.164862502
        -0.169344825         0.164862502         0.003907618        -0.002161216
        -0.002385044        -0.007588349         0.021099932        -0.008955807
        -0.058754594        -0.004647812        -0.002980879         0.107591141
        -0.179432630        -0.080330026        -0.118686300        -0.006617350
         0.010597568         0.003907618        -0.002161216        -0.002385044
          67           0.995558165    0    0
         0.000000000         0.000000000         0.000000000         0.000000000
         0.000000000         0.000000000         0.000000000         0.000000000
         0.000000000         0.000000000         0.000000000         0.000000000
         0.000000000         0.000000000         0.000000000         0.000000000
         0.000000000         0.000000000         0.000000000         0.000000000
         0.000000000         0.000000000         0.000000000         0.000000000
         0.000000000         0.000000000         0.000000000         0.000000000
         0.000000000         0.000000000         0.000000000         0.000000000
         0.000000000         0.000000000         0.000000000         0.000000000
         0.000000000         0.000000000         0.000000000         0.000000000
         0.000000000         0.000000000         0.000000000         0.000000000
         0.000000000         0.000000000         0.000000000         0.000000000
         0.000000000         0.000000000         0.000000000         0.000000000
         0.000000000         0.000000000         0.000000000         0.000000000
         0.000000000         0.000000000         0.000000000         0.000000000
         0.000000000         0.000000000         0.099223596         0.016818482
         0.099223596         0.016818482         0.106485889        -0.106485889
        -0.354336629         0.000000000         0.477988131         0.029278440
        -0.099640674         0.021105305         0.278089659         0.029434552
         0.019739520        -0.184730246         0.066451912         0.016182368
         0.037064372         0.013345582        -0.006756261        -0.238526158
        -0.477988131         0.238526158        -0.008536326         0.009506143
         0.001843434        -0.029278440         0.099640674        -0.021105305
        -0.278089659        -0.029434552        -0.019739520         0.184730246
        -0.066451912        -0.016182368        -0.037064372        -0.013345582
         0.006756261         0.008536326        -0.009506143        -0.001843434
          68           0.932920896    0    0
         0.000000000         0.000000000         0.000000000         0.000000000
         0.000000000         0.000000000         0.000000000         0.000000000
         0.000000000         0.000000000         0.000000000         0.000000000
         0.000000000         0.000000000         0.000000000         0.000000000
         0.000000000         0.000000000         0.000000000         0.000000000
         0.000000000         0.000000000         0.000000000         0.000000000
         0.000000000         0.000000000         0.000000000         0.000000000
         0.000000000         0.000000000         0.000000000         0.000000000
         0.000000000         0.000000000         0.000000000         0.000000000
         0.000000000         0.000000000         0.000000000         0.000000000
         0.000000000         0.000000000         0.000000000         0.000000000
         0.000000000         0.000000000         0.000000000         0.000000000
         0.000000000         0.000000000         0.000000000         0.000000000
         0.000000000         0.000000000         0.000000000         0.000000000
         0.000000000         0.000000000         0.000000000         0.000000000
         0.000000000         0.000000000         0.125331302        -0.016964707
        -0.125331302         0.016964707        -0.220659219        -0.220659219
         0.000000000         0.334083896         0.473641178         0.030835554
        -0.109325188         0.017962057         0.305696229         0.035308366
         0.024314298        -0.146777041        -0.061810457        -0.044423103
        -0.048959640         0.011065136         0.000141561        -0.128979685
         0.473641178        -0.128979685        -0.007025380         0.010765563
        -0.000554859         0.030835554        -0.109325188         0.017962057
         0.305696229         0.035308366         0.024314298        -0.146777041
        -0.061810457        -0.044423103        -0.048959640         0.011065136
         0.000141561        -0.007025380         0.010765563        -0.000554859
          69           0.506061973    0    0
         0.000000000         0.000000000         0.000000000         0.000000000
         0.000000000         0.000000000         0.000000000         0.000000000
         0.000000000         0.000000000         0.000000000         0.000000000
         0.000000000         0.000000000         0.000000000         0.000000000
         0.000000000         0.000000000         0.000000000         0.000000000
         0.000000000         0.000000000         0.000000000         0.000000000
         0.000000000         0.000000000         0.000000000         0.000000000
         0.000000000         0.000000000         0.000000000         0.000000000
         0.000000000         0.000000000         0.000000000         0.000000000
         0.000000000         0.000000000         0.000000000         0.000000000
         0.000000000         0.000000000         0.000000000         0.000000000
         0.000000000         0.000000000         0.000000000         0.000000000
         0.000000000         0.000000000         0.000000000         0.000000000
         0.000000000         0.000000000         0.000000000         0.000000000
         0.000000000         0.000000000         0.000000000         0.000000000
         0.000000000         0.000000000         0.169239794         0.199017890
         0.169239794         0.199017890        -0.003448477         0.003448477
         0.003477407         0.000000000        -0.005341148         0.147021627
        -0.155791476         0.111646892        -0.104955468        -0.437616625
         0.339087712         0.032974701         0.087225246        -0.075633957
        -0.068097646        -0.029340786         0.079024765         0.002706203
         0.005341148        -0.002706203        -0.122110935         0.113448996
         0.043580540        -0.147021627         0.155791476        -0.111646892
         0.104955468         0.437616625        -0.339087712        -0.032974701
        -0.087225246         0.075633957         0.068097646         0.029340786
        -0.079024766         0.122110935        -0.113448996        -0.043580540
          70           0.506051539    0    0
         0.000000000         0.000000000         0.000000000         0.000000000
         0.000000000         0.000000000         0.000000000         0.000000000
         0.000000000         0.000000000         0.000000000         0.000000000
         0.000000000         0.000000000         0.000000000         0.000000000
         0.000000000         0.000000000         0.000000000         0.000000000
         0.000000000         0.000000000         0.000000000         0.000000000
         0.000000000         0.000000000         0.000000000         0.000000000
         0.000000000         0.000000000         0.000000000         0.000000000
         0.000000000         0.000000000         0.000000000         0.000000000
         0.000000000         0.000000000         0.000000000         0.000000000
         0.000000000         0.000000000         0.000000000         0.000000000
         0.000000000         0.000000000         0.000000000         0.000000000
         0.000000000         0.000000000         0.000000000         0.000000000
         0.000000000         0.000000000         0.000000000         0.000000000
         0.000000000         0.000000000         0.000000000         0.000000000
         0.000000000         0.000000000         0.170428762         0.198295695
        -0.170428762        -0.198295695        -0.005618206        -0.005618206
         0.000000000        -0.005260391        -0.002529280         0.147300351
        -0.156402928         0.111623968        -0.103055737        -0.437136973
         0.339652777         0.032890651         0.085076900        -0.076716868
        -0.069488719        -0.029403610         0.079159122         0.004586803
        -0.002529280         0.004586803        -0.122089619         0.113623152
         0.043436667         0.147300351        -0.156402928         0.111623968
        -0.103055737        -0.437136973         0.339652776         0.032890651
         0.085076900        -0.076716868        -0.069488719        -0.029403610
         0.079159122        -0.122089619         0.113623152         0.043436667
          71           0.410604794    0    0
         0.000000000         0.000000000         0.000000000         0.000000000
         0.000000000         0.000000000         0.000000000         0.000000000
         0.000000000         0.000000000         0.000000000         0.000000000
         0.000000000         0.000000000         0.000000000         0.000000000
         0.000000000         0.000000000         0.000000000         0.000000000
         0.000000000         0.000000000         0.000000000         0.000000000
         0.000000000         0.000000000         0.000000000         0.000000000
         0.000000000         0.000000000         0.000000000         0.000000000
         0.000000000         0.000000000         0.000000000         0.000000000
         0.000000000         0.000000000         0.000000000         0.000000000
         0.000000000         0.000000000         0.000000000         0.000000000
         0.000000000         0.000000000         0.000000000         0.000000000
         0.000000000         0.000000000         0.000000000         0.000000000
         0.000000000         0.000000000         0.000000000         0.000000000
         0.000000000         0.000000000         0.000000000         0.000000000
         0.000000000         0.000000000        -0.219396829         0.104201071
         0.219396829        -0.104201071        -0.010673137        -0.010673137
         0.000000000        -0.021327522        -0.006929191         0.308704768
         0.259286273         0.406394418         0.139819630         0.204819469
         0.191106491         0.048890899         0.008057118        -0.075801206
         0.058649782         0.016157240         0.009306306         0.016764492
        -0.006929191         0.016764492        -0.019500926        -0.027269755
         0.038957025         0.308704768         0.259286273         0.406394418
         0.139819630         0.204819469         0.191106491         0.048890899
         0.008057118        -0.075801206         0.058649782         0.016157240
         0.009306306        -0.019500926        -0.027269755         0.038957025
          72           0.410565961    0    0
         0.000000000         0.000000000         0.000000000         0.000000000
         0.000000000         0.000000000         0.000000000         0.000000000
         0.000000000         0.000000000         0.000000000         0.000000000
         0.000000000         0.000000000         0.000000000         0.000000000
         0.000000000         0.000000000         0.000000000         0.000000000
         0.000000000         0.000000000         0.000000000         0.000000000
         0.000000000         0.000000000         0.000000000         0.000000000
         0.000000000         0.000000000         0.000000000         0.000000000
         0.000000000         0.000000000         0.000000000         0.000000000
         0.000000000         0.000000000         0.000000000         0.000000000
         0.000000000         0.000000000         0.000000000         0.000000000
         0.000000000         0.000000000         0.000000000         0.000000000
         0.000000000         0.000000000         0.000000000         0.000000000
         0.000000000         0.000000000         0.000000000         0.000000000
         0.000000000         0.000000000         0.000000000         0.000000000
         0.000000000         0.000000000         0.219389352        -0.104054912
         0.219389352        -0.104054912         0.010926391        -0.010926391
        -0.020541398         0.000000000         0.007844225        -0.308704468
        -0.259397628        -0.406418132        -0.139587917        -0.204668120
        -0.191163260        -0.049246760        -0.007475675         0.076065913
        -0.058245759        -0.016147383        -0.009363601        -0.017910427
        -0.007844225         0.017910427         0.019455912         0.027317672
        -0.038946048         0.308704468         0.259397628         0.406418132
         0.139587917         0.204668120         0.191163260         0.049246760
         0.007475675        -0.076065913         0.058245759         0.016147383
         0.009363601        -0.019455912        -0.027317672         0.038946048
          73           0.314840533    0    0
         0.000000000         0.000000000         0.000000000         0.000000000
         0.000000000         0.000000000         0.000000000         0.000000000
         0.000000000         0.000000000         0.000000000         0.000000000
         0.000000000         0.000000000         0.000000000         0.000000000
         0.000000000         0.000000000         0.000000000         0.000000000
         0.000000000         0.000000000         0.000000000         0.000000000
         0.000000000         0.000000000         0.000000000         0.000000000
         0.000000000         0.000000000         0.000000000         0.000000000
         0.000000000         0.000000000         0.000000000         0.000000000
         0.000000000         0.000000000         0.000000000         0.000000000
         0.000000000         0.000000000         0.000000000         0.000000000
         0.000000000         0.000000000         0.000000000         0.000000000
         0.000000000         0.000000000         0.000000000         0.000000000
         0.000000000         0.000000000         0.000000000         0.000000000
         0.000000000         0.000000000         0.000000000         0.000000000
         0.000000000         0.000000000         0.207722879        -0.262462416
         0.207722879        -0.262462416        -0.033087534         0.033087534
         0.266934731         0.000000000         0.178090994        -0.053822663
         0.095218703        -0.018348231         0.156225058        -0.015983535
         0.284656120         0.018169039        -0.232357221        -0.063128825
        -0.092109511        -0.005704810         0.054939032         0.255997094
        -0.178090994        -0.255997094         0.198783001        -0.102687038
        -0.126891176         0.053822663        -0.095218703         0.018348231
        -0.156225058         0.015983535        -0.284656120        -0.018169039
         0.232357221         0.063128825         0.092109511         0.005704810
        -0.054939032        -0.198783001         0.102687038         0.126891176
          74           0.306344215    0    0
         0.000000000         0.000000000         0.000000000         0.000000000
         0.000000000         0.000000000         0.000000000         0.000000000
         0.000000000         0.000000000         0.000000000         0.000000000
         0.000000000         0.000000000         0.000000000         0.000000000
         0.000000000         0.000000000         0.000000000         0.000000000
         0.000000000         0.000000000         0.000000000         0.000000000
         0.000000000         0.000000000         0.000000000         0.000000000
         0.000000000         0.000000000         0.000000000         0.000000000
         0.000000000         0.000000000         0.000000000         0.000000000
         0.000000000         0.000000000         0.000000000         0.000000000
         0.000000000         0.000000000         0.000000000         0.000000000
         0.000000000         0.000000000         0.000000000         0.000000000
         0.000000000         0.000000000         0.000000000         0.000000000
         0.000000000         0.000000000         0.000000000         0.000000000
         0.000000000         0.000000000         0.000000000         0.000000000
         0.000000000         0.000000000         0.037582783        -0.239219895
        -0.037582783         0.239219895         0.015201480         0.015201480
         0.000000000         0.000087644        -0.000948826        -0.188803745
         0.202487852         0.057472151         0.082965863        -0.211651644
         0.285468205        -0.021466567        -0.038693595         0.053019269
         0.037620313         0.054162056         0.062354328        -0.003179708
        -0.000948826        -0.003179708         0.343448338        -0.271137768
        -0.153355197        -0.188803745         0.202487852         0.057472151
         0.082965863        -0.211651644         0.285468205        -0.021466567
        -0.038693595         0.053019269         0.037620313         0.054162056
         0.062354328         0.343448338        -0.271137768        -0.153355197
          75           0.301186082    0    0
         0.000000000         0.000000000         0.000000000         0.000000000
         0.000000000         0.000000000         0.000000000         0.000000000
         0.000000000         0.000000000         0.000000000         0.000000000
         0.000000000         0.000000000         0.000000000         0.000000000
         0.000000000         0.000000000         0.000000000         0.000000000
         0.000000000         0.000000000         0.000000000         0.000000000
         0.000000000         0.000000000         0.000000000         0.000000000
         0.000000000         0.000000000         0.000000000         0.000000000
         0.000000000         0.000000000         0.000000000         0.000000000
         0.000000000         0.000000000         0.000000000         0.000000000
         0.000000000         0.000000000         0.000000000         0.000000000
         0.000000000         0.000000000         0.000000000         0.000000000
         0.000000000         0.000000000         0.000000000         0.000000000
         0.000000000         0.000000000         0.000000000         0.000000000
         0.000000000         0.000000000         0.000000000         0.000000000
         0.000000000         0.000000000         0.136330356         0.085712350
         0.136330356         0.085712350        -0.033767640         0.033767640
         0.214423008         0.000000000         0.135847706         0.207903854
        -0.174750646        -0.097009934         0.008459910         0.273227026
        -0.124679169         0.043687600        -0.132076075        -0.114192818
        -0.114293080        -0.080363886        -0.035175349         0.205893580
        -0.135847706        -0.205893580        -0.282119407         0.273393399
         0.090349432        -0.207903854         0.174750646         0.097009934
        -0.008459910        -0.273227026         0.124679169        -0.043687600
         0.132076075         0.114192818         0.114293080         0.080363886
         0.035175349         0.282119407        -0.273393399        -0.090349432
          76           0.246496977    0    0
         0.000000000         0.000000000         0.000000000         0.000000000
         0.000000000         0.000000000         0.000000000         0.000000000
         0.000000000         0.000000000         0.000000000         0.000000000
         0.000000000         0.000000000         0.000000000         0.000000000
         0.000000000         0.000000000         0.000000000         0.000000000
         0.000000000         0.000000000         0.000000000         0.000000000
         0.000000000         0.000000000         0.000000000         0.000000000
         0.000000000         0.000000000         0.000000000         0.000000000
         0.000000000         0.000000000         0.000000000         0.000000000
         0.000000000         0.000000000         0.000000000         0.000000000
         0.000000000         0.000000000         0.000000000         0.000000000
         0.000000000         0.000000000         0.000000000         0.000000000
         0.000000000         0.000000000         0.000000000         0.000000000
         0.000000000         0.000000000         0.000000000         0.000000000
         0.000000000         0.000000000         0.000000000         0.000000000
         0.000000000         0.000000000         0.405313149        -0.221607447
        -0.405313149         0.221607447         0.044400044         0.044400044
         0.000000000        -0.061147938        -0.004814081         0.193290067
         0.125094444        -0.159811230        -0.098816900         0.285716645
         0.238290201         0.017807088        -0.039072476         0.016539717
         0.052398648        -0.120711793         0.017614320         0.035832330
        -0.004814081         0.035832330        -0.038819586         0.165692098
        -0.077638242         0.193290067         0.125094444        -0.159811230
        -0.098816900         0.285716645         0.238290201         0.017807088
        -0.039072476         0.016539717         0.052398648        -0.120711793
         0.017614320        -0.038819586         0.165692098        -0.077638242
          77           0.226419811    0    0
         0.000000000         0.000000000         0.000000000         0.000000000
         0.000000000         0.000000000         0.000000000         0.000000000
         0.000000000         0.000000000         0.000000000         0.000000000
         0.000000000         0.000000000         0.000000000         0.000000000
         0.000000000         0.000000000         0.000000000         0.000000000
         0.000000000         0.000000000         0.000000000         0.000000000
         0.000000000         0.000000000         0.000000000         0.000000000
         0.000000000         0.000000000         0.000000000         0.000000000
         0.000000000         0.000000000         0.000000000         0.000000000
         0.000000000         0.000000000         0.000000000         0.000000000
         0.000000000         0.000000000         0.000000000         0.000000000
         0.000000000         0.000000000         0.000000000         0.000000000
         0.000000000         0.000000000         0.000000000         0.000000000
         0.000000000         0.000000000         0.000000000         0.000000000
         0.000000000         0.000000000         0.000000000         0.000000000
         0.000000000         0.000000000         0.338672665        -0.179100240
         0.338672665        -0.179100240         0.033008132        -0.033008132
        -0.182653265         0.000000000        -0.140582294         0.172720874
         0.192641944        -0.134907081        -0.191491627         0.219522892
         0.191982943        -0.017515458         0.115879696         0.098058861
         0.148202881        -0.104873378         0.010175866        -0.180164771
         0.140582294         0.180164771        -0.018122453         0.122470672
        -0.068017898        -0.172720874        -0.192641944         0.134907081
         0.191491627        -0.219522892        -0.191982943         0.017515458
        -0.115879696        -0.098058861        -0.148202881         0.104873378
        -0.010175866         0.018122453        -0.122470672         0.068017898
          78           0.115106380    0    0
         0.000000000         0.000000000         0.000000000         0.000000000
         0.000000000         0.000000000         0.000000000         0.000000000
         0.000000000         0.000000000         0.000000000         0.000000000
         0.000000000         0.000000000         0.000000000         0.000000000
         0.000000000         0.000000000         0.000000000         0.000000000
         0.000000000         0.000000000         0.000000000         0.000000000
         0.000000000         0.000000000         0.000000000         0.000000000
         0.000000000         0.000000000         0.000000000         0.000000000
         0.000000000         0.000000000         0.000000000         0.000000000
         0.000000000         0.000000000         0.000000000         0.000000000
         0.000000000         0.000000000         0.000000000         0.000000000
         0.000000000         0.000000000         0.000000000         0.000000000
         0.000000000         0.000000000         0.000000000         0.000000000
         0.000000000         0.000000000         0.000000000         0.000000000
         0.000000000         0.000000000         0.000000000         0.000000000
         0.000000000         0.000000000         0.251987470         0.124915867
        -0.251987470        -0.124915867        -0.030387202        -0.030387202
         0.000000000         0.093018160        -0.019086605         0.031009013
         0.503267263         0.008220426         0.008074366        -0.191636103
        -0.275069303        -0.094400866         0.064537872         0.036298412
        -0.116021480        -0.034677557        -0.028749197        -0.065948259
        -0.019086605        -0.065948259        -0.074765331        -0.027139115
         0.089246056         0.031009013         0.503267263         0.008220426
         0.008074366        -0.191636103        -0.275069303        -0.094400866
         0.064537872         0.036298412        -0.116021480        -0.034677557
        -0.028749197        -0.074765331        -0.027139115         0.089246056
          79           0.111130739    0    0
         0.000000000         0.000000000         0.000000000         0.000000000
         0.000000000         0.000000000         0.000000000         0.000000000
         0.000000000         0.000000000         0.000000000         0.000000000
         0.000000000         0.000000000         0.000000000         0.000000000
         0.000000000         0.000000000         0.000000000         0.000000000
         0.000000000         0.000000000         0.000000000         0.000000000
         0.000000000         0.000000000         0.000000000         0.000000000
         0.000000000         0.000000000         0.000000000         0.000000000
         0.000000000         0.000000000         0.000000000         0.000000000
         0.000000000         0.000000000         0.000000000         0.000000000
         0.000000000         0.000000000         0.000000000         0.000000000
         0.000000000         0.000000000         0.000000000         0.000000000
         0.000000000         0.000000000         0.000000000         0.000000000
         0.000000000         0.000000000         0.000000000         0.000000000
         0.000000000         0.000000000         0.000000000         0.000000000
         0.000000000         0.000000000        -0.249956053        -0.175440854
        -0.249956053        -0.175440854         0.002818669        -0.002818669
        -0.030214656         0.000000000        -0.037018703         0.057868051
        -0.500556029        -0.007986031        -0.080545047         0.175487583
         0.250313195         0.062229352        -0.016813192         0.016080239
         0.161135995         0.048369899         0.030220887        -0.031474450
         0.037018703         0.031474450         0.091207576         0.006247034
        -0.089547600        -0.057868051         0.500556029         0.007986031
         0.080545047        -0.175487583        -0.250313195        -0.062229352
         0.016813192        -0.016080239        -0.161135995        -0.048369899
        -0.030220887        -0.091207576        -0.006247034         0.089547600
          80           0.099749871    0    0
         0.000000000         0.000000000         0.000000000         0.000000000
         0.000000000         0.000000000         0.000000000         0.000000000
         0.000000000         0.000000000         0.000000000         0.000000000
         0.000000000         0.000000000         0.000000000         0.000000000
         0.000000000         0.000000000         0.000000000         0.000000000
         0.000000000         0.000000000         0.000000000         0.000000000
         0.000000000         0.000000000         0.000000000         0.000000000
         0.000000000         0.000000000         0.000000000         0.000000000
         0.000000000         0.000000000         0.000000000         0.000000000
         0.000000000         0.000000000         0.000000000         0.000000000
         0.000000000         0.000000000         0.000000000         0.000000000
         0.000000000         0.000000000         0.000000000         0.000000000
         0.000000000         0.000000000         0.000000000         0.000000000
         0.000000000         0.000000000         0.000000000         0.000000000
         0.000000000         0.000000000         0.000000000         0.000000000
         0.000000000         0.000000000         0.057347248         0.277232192
        -0.057347248        -0.277232192         0.008738004         0.008738004
         0.000000000        -0.069410244         0.017283256        -0.505671164
         0.120785877         0.025483608         0.100259361         0.167035958
         0.190650873         0.054318696         0.035968069        -0.158403639
         0.018576902        -0.112861694        -0.015512543         0.052411273
         0.017283256         0.052411273        -0.094469526         0.132101032
        -0.006739647        -0.505671164         0.120785877         0.025483608
         0.100259361         0.167035958         0.190650873         0.054318696
         0.035968069        -0.158403639         0.018576902        -0.112861694
        -0.015512543        -0.094469526         0.132101032        -0.006739647
          81           0.098182719    0    0
         0.000000000         0.000000000         0.000000000         0.000000000
         0.000000000         0.000000000         0.000000000         0.000000000
         0.000000000         0.000000000         0.000000000         0.000000000
         0.000000000         0.000000000         0.000000000         0.000000000
         0.000000000         0.000000000         0.000000000         0.000000000
         0.000000000         0.000000000         0.000000000         0.000000000
         0.000000000         0.000000000         0.000000000         0.000000000
         0.000000000         0.000000000         0.000000000         0.000000000
         0.000000000         0.000000000         0.000000000         0.000000000
         0.000000000         0.000000000         0.000000000         0.000000000
         0.000000000         0.000000000         0.000000000         0.000000000
         0.000000000         0.000000000         0.000000000         0.000000000
         0.000000000         0.000000000         0.000000000         0.000000000
         0.000000000         0.000000000         0.000000000         0.000000000
         0.000000000         0.000000000         0.000000000         0.000000000
         0.000000000         0.000000000        -0.018071403        -0.248067844
        -0.018071403        -0.248067844         0.008189777        -0.008189777
         0.003209963         0.000000000         0.020938025         0.506271155
        -0.040355023        -0.031725144        -0.051003492        -0.211331121
        -0.245350455        -0.049242164        -0.063655831         0.146194342
        -0.078605065         0.108675688         0.010725869         0.004390015
        -0.020938025        -0.004390015         0.079221001        -0.135713112
         0.023525919        -0.506271155         0.040355023         0.031725144
         0.051003492         0.211331121         0.245350455         0.049242164
         0.063655831        -0.146194342         0.078605065        -0.108675688
        -0.010725869        -0.079221001         0.135713112        -0.023525919
          82           0.060816220    0    0
         0.000000000         0.000000000         0.000000000         0.000000000
         0.000000000         0.000000000         0.000000000         0.000000000
         0.000000000         0.000000000         0.000000000         0.000000000
         0.000000000         0.000000000         0.000000000         0.000000000
         0.000000000         0.000000000         0.000000000         0.000000000
         0.000000000         0.000000000         0.000000000         0.000000000
         0.000000000         0.000000000         0.000000000         0.000000000
         0.000000000         0.000000000         0.000000000         0.000000000
         0.000000000         0.000000000         0.000000000         0.000000000
         0.000000000         0.000000000         0.000000000         0.000000000
         0.000000000         0.000000000         0.000000000         0.000000000
         0.000000000         0.000000000         0.000000000         0.000000000
         0.000000000         0.000000000         0.000000000         0.000000000
         0.000000000         0.000000000         0.000000000         0.000000000
         0.000000000         0.000000000         0.000000000         0.000000000
         0.000000000         0.000000000         0.115380644        -0.068191439
        -0.115380644         0.068191439        -0.039984237        -0.039984237
         0.000000000         0.093166665        -0.028395955        -0.122947392
        -0.084493789         0.319957017        -0.359802752         0.088850132
        -0.042630429        -0.393269479        -0.068267211        -0.143782189
         0.125602324         0.023929882         0.010728724        -0.065665775
        -0.028395955        -0.065665775        -0.012934490        -0.076773435
         0.068285581        -0.122947392        -0.084493789         0.319957017
        -0.359802752         0.088850132        -0.042630429        -0.393269479
        -0.068267211        -0.143782189         0.125602324         0.023929882
         0.010728724        -0.012934490        -0.076773435         0.068285581
          83           0.058312809    0    0
         0.000000000         0.000000000         0.000000000         0.000000000
         0.000000000         0.000000000         0.000000000         0.000000000
         0.000000000         0.000000000         0.000000000         0.000000000
         0.000000000         0.000000000         0.000000000         0.000000000
         0.000000000         0.000000000         0.000000000         0.000000000
         0.000000000         0.000000000         0.000000000         0.000000000
         0.000000000         0.000000000         0.000000000         0.000000000
         0.000000000         0.000000000         0.000000000         0.000000000
         0.000000000         0.000000000         0.000000000         0.000000000
         0.000000000         0.000000000         0.000000000         0.000000000
         0.000000000         0.000000000         0.000000000         0.000000000
         0.000000000         0.000000000         0.000000000         0.000000000
         0.000000000         0.000000000         0.000000000         0.000000000
         0.000000000         0.000000000         0.000000000         0.000000000
         0.000000000         0.000000000         0.000000000         0.000000000
         0.000000000         0.000000000        -0.135560399         0.077573007
        -0.135560399         0.077573007         0.004074525        -0.004074525
        -0.021151826         0.000000000        -0.024457483         0.099136270
         0.073808634        -0.332107158         0.329608639        -0.058126690
         0.085541801         0.404258497         0.128262604         0.167769089
        -0.070257536        -0.033006367        -0.011368926        -0.022211929
         0.024457483         0.022211929         0.015406800         0.091433813
        -0.081179558        -0.099136270        -0.073808634         0.332107158
        -0.329608639         0.058126690        -0.085541801        -0.404258497
        -0.128262604        -0.167769089         0.070257536         0.033006367
         0.011368926        -0.015406800        -0.091433813         0.081179558
          84           0.006445569    0    0
         0.000000000         0.000000000         0.000000000         0.000000000
         0.000000000         0.000000000         0.000000000         0.000000000
         0.000000000         0.000000000         0.000000000         0.000000000
         0.000000000         0.000000000         0.000000000         0.000000000
         0.000000000         0.000000000         0.000000000         0.000000000
         0.000000000         0.000000000         0.000000000         0.000000000
         0.000000000         0.000000000         0.000000000         0.000000000
         0.000000000         0.000000000         0.000000000         0.000000000
         0.000000000         0.000000000         0.000000000         0.000000000
         0.000000000         0.000000000         0.000000000         0.000000000
         0.000000000         0.000000000         0.000000000         0.000000000
         0.000000000         0.000000000         0.000000000         0.000000000
         0.000000000         0.000000000         0.000000000         0.000000000
         0.000000000         0.000000000         0.000000000         0.000000000
         0.000000000         0.000000000         0.000000000         0.000000000
         0.000000000         0.000000000        -0.078530267         0.040510803
         0.078530267        -0.040510803        -0.190592894        -0.190592894
         0.000000000         0.501781406        -0.208200721        -0.020586775
         0.019890922        -0.086217737        -0.075841027         0.054268373
         0.104531522         0.073623206         0.250937236         0.135257037
         0.180149024        -0.026820205        -0.007084122        -0.367272485
        -0.208200721        -0.367272485         0.011259213         0.044555074
        -0.042908633        -0.020586775         0.019890922        -0.086217737
        -0.075841027         0.054268373         0.104531522         0.073623206
         0.250937236         0.135257037         0.180149024        -0.026820205
        -0.007084122         0.011259213         0.044555074        -0.042908633
$end
