$dipgrad          cartesian dipole gradients
  0.11257142974647D+01  -.58462921331617D-17  -.54282109268225D-17
  0.13466839516414D-17  0.11257125582536D+01  0.17780913560811D-16
  -.28583971227255D-16  -.28636491741930D-16  0.26736969256825D+01
  0.18333226667861D+01  0.14278857908339D-16  0.12698726415566D-14
  -.99003328457451D-17  0.29298360599436D+00  0.62494090848706D-17
  0.29649355997232D-16  -.38948957182800D-17  0.19737313583223D+01
  -.29600088873615D+00  -.91243389966774D-17  -.25144901371773D-16
  -.43699730490363D-17  -.75605806999571D+00  0.54132978490001D+00
  -.39281055735196D-17  0.34292442004713D+00  -.15087535586679D+01
  -.29600088873615D+00  0.16216545864038D-16  0.19879717274680D-16
  0.40309481118977D-17  -.75605806999571D+00  -.54132978490001D+00
  0.32122093117656D-16  -.34292442004711D+00  -.15087535586679D+01
  -.75605797000718D+00  0.21503606406791D-17  -.54133001698615D+00
  0.22353108488174D-18  -.29600180802930D+00  0.18094551084179D-17
  -.34292281438058D+00  0.11654561240566D-17  -.15087542561908D+01
  -.75605797000716D+00  0.53705243073307D-17  0.54133001698615D+00
  0.58479613763677D-17  -.29600180802932D+00  -.13532217390489D-16
  0.34292281438059D+00  0.48504828872538D-17  -.15087542561908D+01
  -.20523706577557D+00  0.95955954665157D-01  0.21921795410956D+00
  0.99846138299108D-01  -.45872097733269D-01  -.37635534976968D-01
  0.10171229326623D+00  -.60324319048788D-01  -.94473568070797D-01
  -.21038726329724D+00  0.12183336447140D-18  0.28160273450389D+00
  -.74558486995284D-16  -.49942043277184D-01  -.10270909760169D-16
  0.11658286254557D+00  0.26005314379026D-16  -.17132200515242D+00
  -.20523706577557D+00  -.95955954665152D-01  0.21921795410956D+00
  -.99846138299102D-01  -.45872097733256D-01  0.37635534976972D-01
  0.10171229326623D+00  0.60324319048786D-01  -.94473568070848D-01
  -.28381760014080D+00  -.12282752206975D+00  -.45068999470394D-01
  -.55147285791439D-01  -.39420421248176D-01  -.41493115255071D-01
  0.56701956602052D-01  0.11816822425880D-01  -.22221246997777D-01
  -.28381760014078D+00  0.12282752206975D+00  -.45068999470393D-01
  0.55147285791434D-01  -.39420421248166D-01  0.41493115255065D-01
  0.56701956602056D-01  -.11816822425887D-01  -.22221246997788D-01
  -.20523706577555D+00  -.95955954665151D-01  -.21921795410957D+00
  -.99846138299102D-01  -.45872097733262D-01  -.37635534976971D-01
  -.10171229326623D+00  -.60324319048798D-01  -.94473568070801D-01
  -.21038726329723D+00  0.17117828210995D-16  -.28160273450389D+00
  0.14485544535381D-15  -.49942043277190D-01  0.44237354461540D-16
  -.11658286254557D+00  0.13752135764045D-16  -.17132200515244D+00
  -.20523706577557D+00  0.95955954665154D-01  -.21921795410956D+00
  0.99846138299104D-01  -.45872097733261D-01  0.37635534976980D-01
  -.10171229326623D+00  0.60324319048783D-01  -.94473568070837D-01
  -.28381760014080D+00  0.12282752206974D+00  0.45068999470399D-01
  0.55147285791438D-01  -.39420421248178D-01  -.41493115255059D-01
  -.56701956602049D-01  0.11816822425885D-01  -.22221246997774D-01
  -.28381760014079D+00  -.12282752206974D+00  0.45068999470393D-01
  -.55147285791440D-01  -.39420421248186D-01  0.41493115255055D-01
  -.56701956602049D-01  -.11816822425883D-01  -.22221246997774D-01
  0.14783498211326D+00  0.62068639488546D-01  -.24776902705425D-02
  -.61338523485432D-01  0.11052078833678D+00  0.48090707377835D-01
  -.23033788577863D-02  0.17984302748549D-01  0.62684656399033D-01
  0.15317704076071D+00  0.32303741677087D-01  0.52461042309644D-01
  -.50628447160507D-01  0.10316403978672D+00  0.68085168514300D-01
  -.66605366531139D-01  0.32349065057103D-01  0.18529159882648D+00
  0.13471915183762D+00  0.19130040590391D-17  -.38017124195514D-01
  -.12365786351362D-15  0.31583485491524D-02  -.90726757771592D-17
  0.61459955193171D-01  -.10747484907008D-16  0.64890880250348D-01
  0.15317704076070D+00  -.32303741677087D-01  0.52461042309644D-01
  0.50628447160498D-01  0.10316403978671D+00  -.68085168514294D-01
  -.66605366531134D-01  -.32349065057109D-01  0.18529159882649D+00
  0.14783498211326D+00  -.62068639488554D-01  -.24776902705482D-02
  0.61338523485431D-01  0.11052078833678D+00  -.48090707377844D-01
  -.23033788577943D-02  -.17984302748547D-01  0.62684656399035D-01
  0.15317704076071D+00  0.32303741677088D-01  -.52461042309645D-01
  -.50628447160495D-01  0.10316403978672D+00  -.68085168514299D-01
  0.66605366531142D-01  -.32349065057108D-01  0.18529159882649D+00
  0.13471915183761D+00  0.25622342990304D-16  0.38017124195511D-01
  -.37210633828914D-16  0.31583485491469D-02  0.59841818932332D-17
  -.61459955193175D-01  -.62142704524210D-17  0.64890880250375D-01
  0.14783498211326D+00  -.62068639488544D-01  0.24776902705507D-02
  0.61338523485440D-01  0.11052078833679D+00  0.48090707377843D-01
  0.23033788577934D-02  0.17984302748546D-01  0.62684656399043D-01
  0.15317704076071D+00  -.32303741677089D-01  -.52461042309645D-01
  0.50628447160497D-01  0.10316403978672D+00  0.68085168514294D-01
  0.66605366531130D-01  0.32349065057105D-01  0.18529159882649D+00
  -.24942175152663D+00  -.16199234214588D-17  -.27653986643731D-01
  0.52186592201423D-17  0.67356224720823D-01  -.14357884676111D-17
  -.13488116522182D-02  -.29971648724940D-19  -.57758227059575D-01
  0.72621726997214D-01  -.48306072103509D-01  -.33916029061777D-01
  -.49919197887999D-01  -.27841130206913D-01  0.10169444971520D+00
  -.51115710100954D-01  0.29433026901133D-01  0.41242780404249D-03
  0.72621726997213D-01  -.48306072103510D-01  0.33916029061776D-01
  -.49919197888001D-01  -.27841130206915D-01  -.10169444971520D+00
  0.51115710100956D-01  -.29433026901130D-01  0.41242780403900D-03
  -.24942175152664D+00  -.13065754113048D-17  0.27653986643728D-01
  -.15481478223342D-17  0.67356224720824D-01  0.13216743526161D-17
  0.13488116522165D-02  -.40406904383572D-18  -.57758227059574D-01
  0.72621726997214D-01  0.48306072103508D-01  -.33916029061774D-01
  0.49919197888001D-01  -.27841130206915D-01  -.10169444971520D+00
  -.51115710100957D-01  -.29433026901132D-01  0.41242780404240D-03
  0.72621726997213D-01  0.48306072103509D-01  0.33916029061776D-01
  0.49919197888001D-01  -.27841130206914D-01  0.10169444971520D+00
  0.51115710100956D-01  0.29433026901135D-01  0.41242780403811D-03
  -.91733736813344D-02  0.97795863426916D-01  -.69462343160005D-01
  0.18719723832403D-01  -.59327672231245D-01  0.36048886832400D-01
  -.46412553250660D-01  0.68632670420771D-01  0.18931566104802D-01
  -.17849752357885D+00  -.15800594806645D+00  0.74909265818625D-01
  -.89833968428016D-01  -.74270844786867D-01  -.36468968407941D-02
  0.61941080193538D-01  0.27866289213506D-01  0.65227913901629D-02
  0.86847549019531D-01  0.52571198260743D-01  -.64638713981415D-01
  0.14258632736357D-02  0.35802019417363D-01  -.32756691288599D-01
  -.23682619345877D-01  -.60866908658266D-01  -.62093431760924D-01
  -.91733736813380D-02  0.97795863426912D-01  0.69462343159997D-01
  0.18719723832391D-01  -.59327672231263D-01  -.36048886832423D-01
  0.46412553250663D-01  -.68632670420768D-01  0.18931566104807D-01
  -.17849752357885D+00  -.15800594806645D+00  -.74909265818627D-01
  -.89833968428017D-01  -.74270844786869D-01  0.36468968407937D-02
  -.61941080193540D-01  -.27866289213507D-01  0.65227913901637D-02
  0.86847549019528D-01  0.52571198260744D-01  0.64638713981415D-01
  0.14258632736362D-02  0.35802019417362D-01  0.32756691288600D-01
  0.23682619345879D-01  0.60866908658268D-01  -.62093431760925D-01
  0.14783498211325D+00  0.62068639488543D-01  0.24776902705491D-02
  -.61338523485443D-01  0.11052078833679D+00  -.48090707377856D-01
  0.23033788577919D-02  -.17984302748547D-01  0.62684656399035D-01
  -.17849752357884D+00  0.15800594806645D+00  -.74909265818626D-01
  0.89833968428015D-01  -.74270844786870D-01  -.36468968407925D-02
  -.61941080193539D-01  0.27866289213508D-01  0.65227913901600D-02
  -.91733736813355D-02  -.97795863426914D-01  0.69462343160000D-01
  -.18719723832392D-01  -.59327672231264D-01  0.36048886832422D-01
  0.46412553250660D-01  0.68632670420768D-01  0.18931566104808D-01
  0.86847549019528D-01  -.52571198260745D-01  0.64638713981417D-01
  -.14258632736369D-02  0.35802019417361D-01  -.32756691288600D-01
  0.23682619345877D-01  -.60866908658269D-01  -.62093431760925D-01
  -.17849752357885D+00  0.15800594806645D+00  0.74909265818625D-01
  0.89833968428016D-01  -.74270844786867D-01  0.36468968407936D-02
  0.61941080193538D-01  -.27866289213508D-01  0.65227913901631D-02
  -.91733736813337D-02  -.97795863426915D-01  -.69462343160005D-01
  -.18719723832402D-01  -.59327672231245D-01  -.36048886832401D-01
  -.46412553250661D-01  -.68632670420770D-01  0.18931566104800D-01
  0.22817982896620D-01  -.21119111363796D-01  -.12071012126523D+00
  -.64010597856492D-01  0.11752103886742D-01  -.73032603856270D-01
  -.65929102458945D-01  -.10705167973216D-01  -.93118922363614D-01
  0.22817982896623D-01  -.21119111363794D-01  0.12071012126523D+00
  -.64010597856494D-01  0.11752103886740D-01  0.73032603856272D-01
  0.65929102458943D-01  0.10705167973213D-01  -.93118922363612D-01
  -.13420557509858D+00  0.88531753042219D-01  -.16566301517525D+00
  0.45837701879916D-01  -.58370714946091D-02  0.12524155980022D+00
  -.72137553058066D-01  0.97787340419234D-01  -.12697044502884D+00
  -.13420557509858D+00  0.88531753042219D-01  0.16566301517525D+00
  0.45837701879914D-01  -.58370714946098D-02  -.12524155980022D+00
  0.72137553058066D-01  -.97787340419234D-01  -.12697044502884D+00
  0.86847549019526D-01  -.52571198260742D-01  -.64638713981417D-01
  -.14258632736373D-02  0.35802019417364D-01  0.32756691288604D-01
  -.23682619345877D-01  0.60866908658268D-01  -.62093431760928D-01
  0.29298431115408D+00  -.20865597864426D-16  0.47869812904193D-15
  0.13497681772734D-16  0.18333232206362D+01  -.16737371037745D-17
  0.13810702798392D-15  0.14772042841878D-16  0.19737326106270D+01
  -.45872631941992D-01  -.99845976776479D-01  -.37635644685836D-01
  -.95955818705091D-01  -.20523681495886D+00  -.21921816722686D+00
  -.60324373865405D-01  -.10171263674573D+00  -.94473591166111D-01
  -.45872631941978D-01  -.99845976776477D-01  0.37635644685834D-01
  -.95955818705092D-01  -.20523681495886D+00  0.21921816722685D+00
  0.60324373865402D-01  0.10171263674573D+00  -.94473591166117D-01
  -.45872631941989D-01  0.99845976776481D-01  0.37635644685842D-01
  0.95955818705098D-01  -.20523681495886D+00  -.21921816722686D+00
  0.60324373865406D-01  -.10171263674573D+00  -.94473591166117D-01
  -.45872631941992D-01  0.99845976776479D-01  -.37635644685835D-01
  0.95955818705101D-01  -.20523681495886D+00  0.21921816722686D+00
  -.60324373865397D-01  0.10171263674572D+00  -.94473591166115D-01
  -.49943215932291D-01  -.81750372754419D-15  -.12452825849707D-14
  0.69704025272752D-16  -.21038637144116D+00  -.28160316167290D+00
  -.19588609350416D-15  -.11658350100874D+00  -.17132198950984D+00
  -.49943215932289D-01  0.10897434315177D-14  -.15282692194140D-14
  -.85147147658176D-16  -.21038637144117D+00  0.28160316167289D+00
  -.26495404331000D-15  0.11658350100874D+00  -.17132198950985D+00
  -.39419943029779D-01  0.55146290521245D-01  -.41493053436930D-01
  0.12282687939351D+00  -.28381701427355D+00  0.45068912377843D-01
  0.11817327130145D-01  -.56702026487127D-01  -.22221619027746D-01
  -.39419943029783D-01  0.55146290521242D-01  0.41493053436928D-01
  0.12282687939352D+00  -.28381701427353D+00  -.45068912377891D-01
  -.11817327130138D-01  0.56702026487128D-01  -.22221619027743D-01
  -.39419943029779D-01  -.55146290521247D-01  0.41493053436933D-01
  -.12282687939351D+00  -.28381701427354D+00  0.45068912377891D-01
  -.11817327130139D-01  -.56702026487120D-01  -.22221619027740D-01
  -.39419943029776D-01  -.55146290521243D-01  -.41493053436926D-01
  -.12282687939350D+00  -.28381701427355D+00  -.45068912377843D-01
  0.11817327130142D-01  0.56702026487126D-01  -.22221619027740D-01
  0.11052107918581D+00  0.61338515612413D-01  0.48090550423420D-01
  -.62068503376276D-01  0.14783519868704D+00  0.24779069752001D-02
  0.17983854936642D-01  0.23041025517353D-02  0.62684640962936D-01
  0.11052107918581D+00  0.61338515612401D-01  -.48090550423404D-01
  -.62068503376282D-01  0.14783519868704D+00  -.24779069751879D-02
  -.17983854936652D-01  -.23041025517325D-02  0.62684640962922D-01
  0.11052107918581D+00  -.61338515612403D-01  -.48090550423401D-01
  0.62068503376287D-01  0.14783519868704D+00  0.24779069751860D-02
  -.17983854936645D-01  0.23041025517288D-02  0.62684640962936D-01
  0.11052107918580D+00  -.61338515612416D-01  0.48090550423405D-01
  0.62068503376286D-01  0.14783519868706D+00  -.24779069751910D-02
  0.17983854936638D-01  -.23041025517319D-02  0.62684640962925D-01
  0.10316363902626D+00  0.50628347095875D-01  0.68085436658585D-01
  -.32303679055260D-01  0.15317694186867D+00  -.52460939095942D-01
  0.32348905311598D-01  0.66605532416717D-01  0.18529215690063D+00
  0.10316363902626D+00  0.50628347095876D-01  -.68085436658589D-01
  -.32303679055307D-01  0.15317694186863D+00  0.52460939096152D-01
  -.32348905311595D-01  -.66605532416717D-01  0.18529215690064D+00
  0.10316363902626D+00  -.50628347095870D-01  -.68085436658600D-01
  0.32303679055305D-01  0.15317694186863D+00  -.52460939096157D-01
  -.32348905311600D-01  0.66605532416730D-01  0.18529215690065D+00
  0.10316363902627D+00  -.50628347095878D-01  0.68085436658582D-01
  0.32303679055264D-01  0.15317694186869D+00  0.52460939095942D-01
  0.32348905311591D-01  -.66605532416707D-01  0.18529215690065D+00
  0.31582217451451D-02  -.12408620637933D-15  -.80046631564000D-16
  -.33581463315459D-16  0.13471875361130D+00  0.38017265119272D-01
  0.16590623027959D-16  -.61457805116663D-01  0.64891193370753D-01
  0.31582217451570D-02  -.48192054305343D-16  -.43335575664851D-16
  0.21972083765625D-17  0.13471875361129D+00  -.38017265119274D-01
  -.18975867807427D-16  0.61457805116672D-01  0.64891193370762D-01
  0.67356415688257D-01  0.20503121012753D-16  0.28443365593318D-17
  -.27783077135024D-17  -.24942175405707D+00  0.27654033591202D-01
  0.26954042668546D-17  0.13487689624504D-02  -.57758192623542D-01
  0.67356415688257D-01  -.15709231548263D-16  0.18177327823559D-17
  0.23716526058038D-17  -.24942175405707D+00  -.27654033591202D-01
  0.18040347489602D-17  -.13487689624536D-02  -.57758192623536D-01
  -.27841163257146D-01  0.49919300467236D-01  0.10169467123522D+00
  0.48306102482721D-01  0.72621360235951D-01  0.33915801506574D-01
  0.29433047131946D-01  0.51115500569105D-01  0.41237483782748D-03
  -.27841163257146D-01  0.49919300467238D-01  -.10169467123522D+00
  0.48306102482722D-01  0.72621360235953D-01  -.33915801506577D-01
  -.29433047131944D-01  -.51115500569107D-01  0.41237483782586D-03
  -.27841163257146D-01  -.49919300467240D-01  -.10169467123521D+00
  -.48306102482720D-01  0.72621360235950D-01  0.33915801506575D-01
  -.29433047131947D-01  0.51115500569102D-01  0.41237483782731D-03
  -.27841163257145D-01  -.49919300467237D-01  0.10169467123522D+00
  -.48306102482721D-01  0.72621360235954D-01  -.33915801506579D-01
  0.29433047131946D-01  -.51115500569106D-01  0.41237483782908D-03
  -.59327604062432D-01  -.18719689880964D-01  0.36048850394228D-01
  -.97795773078449D-01  -.91734654186289D-02  0.69462391875914D-01
  0.68632657695959D-01  0.46412578454755D-01  0.18931665100321D-01
  -.59327604062446D-01  -.18719689880957D-01  -.36048850394245D-01
  -.97795773078448D-01  -.91734654186402D-02  -.69462391875905D-01
  -.68632657695955D-01  -.46412578454757D-01  0.18931665100328D-01
  -.59327604062447D-01  0.18719689880957D-01  -.36048850394245D-01
  0.97795773078448D-01  -.91734654186329D-02  0.69462391875905D-01
  -.68632657695959D-01  0.46412578454755D-01  0.18931665100324D-01
  -.59327604062431D-01  0.18719689880968D-01  0.36048850394226D-01
  0.97795773078449D-01  -.91734654186310D-02  -.69462391875914D-01
  0.68632657695959D-01  -.46412578454753D-01  0.18931665100326D-01
  -.74270935238244D-01  0.89833888386425D-01  -.36470119605666D-02
  0.15800615687460D+00  -.17849749361471D+00  -.74909243826329D-01
  0.27866271239257D-01  -.61941143186208D-01  0.65228774227713D-02
  -.74270935238245D-01  0.89833888386426D-01  0.36470119605670D-02
  0.15800615687460D+00  -.17849749361471D+00  0.74909243826333D-01
  -.27866271239255D-01  0.61941143186206D-01  0.65228774227734D-02
  -.74270935238247D-01  -.89833888386426D-01  0.36470119605669D-02
  -.15800615687460D+00  -.17849749361471D+00  -.74909243826332D-01
  -.27866271239255D-01  -.61941143186210D-01  0.65228774227721D-02
  -.74270935238245D-01  -.89833888386425D-01  -.36470119605672D-02
  -.15800615687460D+00  -.17849749361471D+00  0.74909243826331D-01
  0.27866271239257D-01  0.61941143186208D-01  0.65228774227723D-02
  0.35801993686427D-01  -.14257727722627D-02  -.32756821139257D-01
  -.52571365485133D-01  0.86847619217131D-01  0.64638708434347D-01
  -.60867046440448D-01  0.23682421865701D-01  -.62093477066877D-01
  0.35801993686429D-01  -.14257727722593D-02  0.32756821139258D-01
  -.52571365485130D-01  0.86847619217126D-01  -.64638708434341D-01
  0.60867046440453D-01  -.23682421865703D-01  -.62093477066878D-01
  0.35801993686425D-01  0.14257727722616D-02  0.32756821139258D-01
  0.52571365485135D-01  0.86847619217131D-01  0.64638708434342D-01
  0.60867046440452D-01  0.23682421865703D-01  -.62093477066882D-01
  0.35801993686425D-01  0.14257727722637D-02  -.32756821139258D-01
  0.52571365485134D-01  0.86847619217131D-01  -.64638708434345D-01
  -.60867046440452D-01  -.23682421865705D-01  -.62093477066879D-01
  -.98847076120247D-01  0.65906864260313D-01  -.40257749506687D-01
  0.87308654206223D-01  0.33092309615430D-01  0.18648782723070D-01
  0.38100888764807D-01  -.38564626561697D-01  0.88607925007256D-02
  0.33092578859738D-01  -.87308664164997D-01  -.18648745810755D-01
  -.65906798368633D-01  -.98847205711880D-01  -.40257854754256D-01
  0.38564504828596D-01  0.38100955282232D-01  0.88608589951990D-02
  0.33092578859739D-01  -.87308664164995D-01  0.18648745810756D-01
  -.65906798368629D-01  -.98847205711884D-01  0.40257854754259D-01
  -.38564504828599D-01  -.38100955282235D-01  0.88608589952046D-02
  0.11752289039992D-01  0.64010516458577D-01  -.73032537478959D-01
  0.21118957558301D-01  0.22817905647370D-01  0.12071011494858D+00
  -.10705184596474D-01  0.65929029289508D-01  -.93118841150938D-01
  0.11752289039993D-01  0.64010516458577D-01  0.73032537478970D-01
  0.21118957558310D-01  0.22817905647366D-01  -.12071011494855D+00
  0.10705184596473D-01  -.65929029289509D-01  -.93118841150948D-01
  0.11752289039992D-01  -.64010516458577D-01  0.73032537478959D-01
  -.21118957558307D-01  0.22817905647361D-01  0.12071011494855D+00
  0.10705184596475D-01  0.65929029289508D-01  -.93118841150950D-01
  0.22817982896621D-01  0.21119111363798D-01  -.12071012126523D+00
  0.64010597856491D-01  0.11752103886743D-01  0.73032603856270D-01
  -.65929102458945D-01  0.10705167973215D-01  -.93118922363615D-01
  0.11752289039995D-01  -.64010516458579D-01  -.73032537478961D-01
  -.21118957558300D-01  0.22817905647368D-01  -.12071011494858D+00
  -.10705184596476D-01  -.65929029289508D-01  -.93118841150941D-01
  0.22817982896620D-01  0.21119111363798D-01  0.12071012126523D+00
  0.64010597856496D-01  0.11752103886735D-01  -.73032603856270D-01
  0.65929102458942D-01  -.10705167973214D-01  -.93118922363612D-01
  -.98847076120241D-01  0.65906864260311D-01  0.40257749506677D-01
  0.87308654206232D-01  0.33092309615436D-01  -.18648782723097D-01
  -.38100888764805D-01  0.38564626561700D-01  0.88607925007289D-02
  -.98847076120246D-01  -.65906864260315D-01  -.40257749506685D-01
  -.87308654206219D-01  0.33092309615432D-01  -.18648782723059D-01
  0.38100888764805D-01  0.38564626561700D-01  0.88607925007256D-02
  0.33092578859734D-01  0.87308664164999D-01  0.18648745810754D-01
  0.65906798368631D-01  -.98847205711876D-01  -.40257854754255D-01
  -.38564504828594D-01  0.38100955282237D-01  0.88608589952040D-02
  -.98847076120244D-01  -.65906864260311D-01  0.40257749506679D-01
  -.87308654206233D-01  0.33092309615436D-01  0.18648782723096D-01
  -.38100888764807D-01  -.38564626561702D-01  0.88607925007333D-02
  0.33092578859738D-01  0.87308664164994D-01  -.18648745810752D-01
  0.65906798368631D-01  -.98847205711878D-01  0.40257854754256D-01
  0.38564504828596D-01  -.38100955282232D-01  0.88608589952025D-02
  -.58370384097768D-02  -.45837961691432D-01  0.12524159349389D+00
  -.88531849709330D-01  -.13420554129417D+00  0.16566307318381D+00
  0.97787313291802D-01  0.72137798807032D-01  -.12697041049105D+00
  -.58370384097752D-02  -.45837961691430D-01  -.12524159349388D+00
  -.88531849709336D-01  -.13420554129417D+00  -.16566307318384D+00
  -.97787313291801D-01  -.72137798807029D-01  -.12697041049104D+00
  -.58370384097759D-02  0.45837961691428D-01  -.12524159349389D+00
  0.88531849709336D-01  -.13420554129417D+00  0.16566307318384D+00
  -.97787313291801D-01  0.72137798807029D-01  -.12697041049104D+00
  -.13420557509858D+00  -.88531753042219D-01  -.16566301517525D+00
  -.45837701879915D-01  -.58370714946111D-02  -.12524155980022D+00
  -.72137553058067D-01  -.97787340419234D-01  -.12697044502884D+00
  -.58370384097762D-02  0.45837961691430D-01  0.12524159349389D+00
  0.88531849709330D-01  -.13420554129417D+00  -.16566307318381D+00
  0.97787313291802D-01  -.72137798807033D-01  -.12697041049105D+00
  -.13420557509858D+00  -.88531753042219D-01  0.16566301517525D+00
  -.45837701879915D-01  -.58370714946097D-02  0.12524155980022D+00
  0.72137553058066D-01  0.97787340419234D-01  -.12697044502884D+00
$end
