$energy      SCF               SCFKIN            SCFPOT
     1 -3297.527898373      3176.363650457     -6473.891548830
     2 -3297.529271306      3176.506696091     -6474.035967398
     3 -3297.529719793      3176.619743782     -6474.149463575
     4 -3297.530171064      3176.693947315     -6474.224118379
     5 -3297.530736520      3176.749398259     -6474.280134779
     6 -3297.530877810      3176.748716447     -6474.279594257
     7 -3297.530924596      3176.760904273     -6474.291828869
     8 -3297.530960700      3176.769763204     -6474.300723903
     9 -3297.530999408      3176.773167345     -6474.304166753
    10 -3297.531021036      3176.768845693     -6474.299866729
    11 -3297.531021442      3176.768892214     -6474.299913655
    12 -3297.531021372      3176.768869240     -6474.299890612
    13 -3297.531021576      3176.768997338     -6474.300018915
    14 -3297.531021838      3176.768647387     -6474.299669225
    15 -3297.531022264      3176.768134117     -6474.299156381
    16 -3297.531022448      3176.767619393     -6474.298641842
    17 -3297.531022479      3176.767578135     -6474.298600614
$end
