$hessapprox internal
  0.409178832290D+00  0.145081766446D-02  0.418855851759D+00  0.811153708533D-03
  0.320331986926D-03  0.415279919967D+00  0.281122368310D-03  0.105877614848D-04
  0.607761570607D-04  0.406655137896D+00  0.291662966587D-04 -0.609195336054D-06
 -0.455579223097D-04  0.120063698057D-03  0.414501817188D+00  0.917643041037D-03
 -0.185667211847D-03  0.109476157460D-04 -0.197370623567D-03  0.206798896155D-03
  0.406146225370D+00  0.145080082451D-02  0.727007692982D-03  0.320347451109D-03
  0.105556368718D-04 -0.605035098208D-06 -0.185686761006D-03  0.418855881430D+00
 -0.164532581653D-03  0.145080660819D-02  0.811142880497D-03  0.281144623416D-03
  0.291635867263D-04  0.917657749510D-03  0.145078975359D-02  0.409178853044D+00
  0.986231400669D-03  0.629722701216D-03  0.316365501412D-03  0.410421837495D-03
 -0.165131394769D-03  0.931267526929D-03  0.629760093980D-03  0.986209034343D-03
  0.414903427792D+00 -0.205746703488D-03  0.102163920308D-02  0.584284808945D-03
  0.580537716942D-03 -0.134292985573D-03  0.163010252413D-02  0.102168497603D-02
 -0.205776410676D-03  0.481914204267D-03  0.408083031642D+00  0.917644020737D-03
 -0.185666456095D-03  0.109477786536D-04 -0.197369487779D-03  0.206799033808D-03
 -0.654139032567D-03 -0.185686005801D-03  0.917658729588D-03  0.931266423961D-03
  0.163010112885D-02  0.406146226297D+00  0.986224942944D-03  0.629720762109D-03
  0.316365797629D-03  0.410419022480D-03 -0.165131106417D-03  0.931268203288D-03
  0.629758155519D-03  0.986202576263D-03  0.477131854911D-03  0.481917031790D-03
  0.931267100299D-03  0.414903441428D+00  0.281126625742D-03  0.105862322605D-04
  0.607740637386D-04 -0.126614572621D-04  0.120063211775D-03 -0.197369713070D-03
  0.105541044419D-04  0.281148883008D-03  0.410413894024D-03  0.580530572349D-03
 -0.197368577203D-03  0.410411078841D-03  0.406655146146D+00 -0.162475228481D-03
 -0.126030081622D-03  0.973466713020D-04 -0.283505758221D-03  0.219191993586D-03
 -0.457655451117D-03 -0.126036998365D-03 -0.162469130998D-03  0.746805892097D-03
  0.735347801507D-03 -0.457656012238D-03  0.746807411376D-03 -0.283506479285D-03
  0.406261398956D+00  0.281481193126D-03 -0.378062366627D-03 -0.288753635253D-03
 -0.538674738764D-04 -0.128855271523D-03 -0.967271110800D-04 -0.378020048731D-03
  0.281452936528D-03 -0.719165722471D-04  0.396621407194D-03 -0.967285029847D-04
 -0.719101784293D-04 -0.538737644325D-04  0.367500513088D-03  0.416629481166D+00
 -0.205738996457D-03  0.102164136629D-02  0.584284696897D-03  0.580540092257D-03
 -0.134293403357D-03  0.163010295468D-02  0.102168714027D-02 -0.205768704368D-03
  0.481914619963D-03 -0.348463907701D-03  0.163010155939D-02  0.481917447460D-03
  0.580532947489D-03  0.735349601139D-03  0.396614394914D-03  0.408083041536D+00
  0.291680444356D-04 -0.604431964960D-06 -0.455548274745D-04  0.120061809346D-03
 -0.668160327459D-04  0.206797328092D-03 -0.600269416221D-06  0.291653329224D-04
 -0.165126630897D-03 -0.134286945718D-03  0.206797465703D-03 -0.165126342507D-03
  0.120061322693D-03  0.219190218705D-03 -0.128852877443D-03 -0.134287363288D-03
  0.414501819132D+00 -0.162474234866D-03 -0.126025278965D-03  0.973498232237D-04
 -0.283507816516D-03  0.219192972659D-03 -0.457656919778D-03 -0.126032193551D-03
 -0.162468138857D-03  0.746810729670D-03  0.735353506401D-03 -0.457657480936D-03
  0.746812249003D-03 -0.283508537924D-03 -0.551530679002D-03  0.367503394764D-03
  0.735355306222D-03  0.219191198070D-03  0.406261395094D+00  0.811142334783D-03
  0.320336825720D-03  0.112750317535D-03  0.607597448272D-04 -0.455563347575D-04
  0.109392281900D-04  0.320352300337D-03  0.811131499574D-03  0.316385983979D-03
  0.584307487471D-03  0.109393908166D-04  0.316386280615D-03  0.607576498947D-04
  0.973455644713D-04 -0.288731252221D-03  0.584307375875D-03 -0.455532388110D-04
  0.973487174333D-04  0.415279933256D+00  0.281488528047D-03 -0.378069237009D-03
 -0.288759320297D-03 -0.538597254650D-04 -0.128857266631D-03 -0.967203154435D-04
 -0.378026922902D-03  0.281460274231D-03 -0.719161565297D-04  0.396621684621D-03
 -0.967217072405D-04 -0.719097625959D-04 -0.538660155697D-04  0.367509119726D-03
 -0.308586812222D-03  0.396614672135D-03 -0.128854872919D-03  0.367512001061D-03
 -0.288736939035D-03  0.416629455984D+00 -0.439470202305D-02  0.973274673794D-03
  0.764298903132D-03  0.235978898965D-03 -0.514922860680D-04  0.189831900658D-02
  0.973246771643D-03 -0.439468368142D-02 -0.132118839703D-02 -0.509416093477D-02
  0.189831683525D-02 -0.132119283405D-02  0.235983440810D-03  0.301908629527D-04
  0.211569913019D-02 -0.509414815629D-02 -0.514994136338D-04  0.301820447470D-04
  0.764288518170D-03  0.211572878996D-02  0.314186124074D+00 -0.439470265866D-02
  0.973275875746D-03  0.764299627966D-03  0.235980019820D-03 -0.514917318571D-04
  0.189831944323D-02  0.973247972457D-03 -0.439468431624D-02 -0.132119027902D-02
 -0.509416485673D-02  0.189831727193D-02 -0.132119471611D-02  0.235984561841D-03
  0.301887657873D-04  0.211569926654D-02 -0.509415207825D-02 -0.514988595421D-04
  0.301799474817D-04  0.764289242432D-03  0.211572892654D-02 -0.115041783934D-01
  0.314186105456D+00 -0.287881615723D-02  0.353605641771D-03  0.167493126910D-03
  0.442271470707D-03 -0.300787813644D-03  0.168397148934D-02  0.353576386921D-03
 -0.287879562631D-02 -0.159321553326D-02 -0.399718438292D-02  0.168397065109D-02
 -0.159321546339D-02  0.442275934517D-03  0.755057000939D-03  0.845313866731D-03
 -0.399718204889D-02 -0.300793658621D-03  0.755050323870D-03  0.167481269699D-03
  0.845330973508D-03 -0.627415120209D-02 -0.627415396951D-02  0.322192546479D+00
 -0.287881649312D-02  0.353606199505D-03  0.167493618974D-03  0.442270678712D-03
 -0.300787430034D-03  0.168397000010D-02  0.353576944504D-03 -0.287879596213D-02
 -0.159321708451D-02 -0.399718543915D-02  0.168396916183D-02 -0.159321701467D-02
  0.442275142580D-03  0.755054908393D-03  0.845315222527D-03 -0.399718310512D-02
 -0.300793275050D-03  0.755048231298D-03  0.167481761666D-03  0.845332329255D-03
 -0.627415558590D-02 -0.627415835331D-02 -0.411018489316D-02  0.322192543282D+00
 -0.836211996115D-02  0.164867501322D-02  0.138594355924D-02  0.311789739462D-03
 -0.374095713820D-04  0.337662551744D-02  0.164862110703D-02 -0.836208274932D-02
 -0.192350804483D-02 -0.906417369672D-02  0.337662108002D-02 -0.192351275130D-02
  0.311796777854D-03 -0.812257944584D-04  0.399291688306D-02 -0.906415160205D-02
 -0.374238704272D-04 -0.812433149953D-04  0.138592562455D-02  0.399297641840D-02
 -0.207518253197D-01 -0.207518431726D-01 -0.110393617820D-01 -0.110393710788D-01
  0.288154158772D+00 -0.836212455667D-02  0.164867952640D-02  0.138594718828D-02
  0.311786118497D-03 -0.374082904017D-04  0.337662314575D-02  0.164862562197D-02
 -0.836208734612D-02 -0.192350679988D-02 -0.906417416940D-02  0.337661870827D-02
 -0.192351150640D-02  0.311793156653D-03 -0.812302114886D-04  0.399292425605D-02
 -0.906415207465D-02 -0.374225892647D-04 -0.812477318609D-04  0.138592925441D-02
  0.399298379104D-02 -0.207518466718D-01 -0.207518645248D-01 -0.110393733411D-01
 -0.110393826379D-01 -0.374978539010D-01  0.288154076220D+00 -0.381150346316D-03
  0.137515424963D-03  0.145859153646D-03 -0.125678096733D-03  0.449512958799D-04
  0.664468308068D-05  0.137545401924D-03 -0.381171116619D-03  0.340404705359D-04
 -0.224301765970D-03  0.664323166073D-05  0.340413570492D-04 -0.125682312285D-03
 -0.150211888926D-03  0.375454274995D-03 -0.224299347993D-03  0.449532198187D-04
 -0.150210248464D-03  0.145874637787D-03  0.375452443404D-03 -0.115537225700D-02
 -0.115537545178D-02 -0.503912633269D-03 -0.503913394771D-03 -0.206961576360D-02
 -0.206961586314D-02  0.722604006229D-01  0.381147946386D-03 -0.137514361844D-03
 -0.145858002202D-03  0.125676442360D-03 -0.449509104203D-04 -0.664539937004D-05
 -0.137544337911D-03  0.381168716066D-03 -0.340388684571D-04  0.224302354367D-03
 -0.664394797526D-05 -0.340397549485D-04  0.125680657779D-03  0.150210891493D-03
 -0.375451145996D-03  0.224299936439D-03 -0.449528342665D-04  0.150209251117D-03
 -0.145873485901D-03 -0.375449314557D-03  0.115536627754D-02  0.115536947227D-02
  0.503909487531D-03  0.503910249027D-03  0.206960459736D-02  0.206960469696D-02
  0.181616253726D-03  0.722603992992D-01  0.375234812624D-03 -0.490768605521D-04
 -0.123801707194D-03  0.475821789919D-04 -0.120637037591D-03  0.517774670911D-04
 -0.490690217098D-04  0.375230082541D-03 -0.948097273298D-04  0.141367805150D-03
  0.517774062290D-04 -0.948067668824D-04  0.475813699789D-04  0.294170971569D-03
 -0.299865546877D-03  0.141362851767D-03 -0.120636744970D-03  0.294171722479D-03
 -0.123797613852D-03 -0.299870915914D-03  0.114715415626D-02  0.114715578257D-02
  0.287282399694D-03  0.287283676463D-03  0.218552293025D-02  0.218552672918D-02
  0.212092124389D-03 -0.212090916693D-03  0.417581205485D+00  0.375229993422D-03
 -0.490764173522D-04 -0.123800686218D-03  0.475795569964D-04 -0.120636478706D-03
  0.517756876283D-04 -0.490685779242D-04  0.375225262909D-03 -0.948101471386D-04
  0.141365988066D-03  0.517756267411D-04 -0.948071866940D-04  0.475787479245D-04
  0.294168605308D-03 -0.299860507665D-03  0.141361034677D-03 -0.120636186059D-03
  0.294169356243D-03 -0.123796592591D-03 -0.299865876845D-03  0.114714392140D-02
  0.114714554767D-02  0.287277912070D-03  0.287279188852D-03  0.218550329023D-02
  0.218550708921D-02  0.212092027831D-03 -0.212090820113D-03 -0.195619142031D-03
  0.417581210886D+00 -0.218292570130D-03  0.140701971965D-03  0.116594553346D-03
 -0.318000493134D-04  0.339455606761D-04 -0.136345953130D-05  0.140704226625D-03
 -0.218295901965D-03 -0.261800674481D-03 -0.370455386179D-03 -0.136383850643D-05
 -0.261804577019D-03 -0.317986582738D-04 -0.157076556593D-03  0.216190676213D-03
 -0.370452344681D-03  0.339453880862D-04 -0.157076996270D-03  0.116594177342D-03
  0.216190064555D-03 -0.108599915951D-02 -0.108600031748D-02 -0.561890078098D-03
 -0.561889814060D-03 -0.199074238942D-02 -0.199074351467D-02 -0.232222086903D-03
  0.232221636597D-03  0.143212865101D-03  0.143212213843D-03  0.721503560189D-01
  0.218289427917D-03 -0.140701090147D-03 -0.116593000911D-03  0.317954081059D-04
 -0.339454107438D-04  0.136139763564D-05 -0.140703341744D-03  0.218292757646D-03
  0.261806378163D-03  0.370461963937D-03  0.136177652685D-05  0.261810280829D-03
  0.317940165944D-04  0.157077084098D-03 -0.216184646772D-03  0.370458922559D-03
 -0.339452378332D-04  0.157077524075D-03 -0.116592623380D-03 -0.216184035639D-03
  0.108599863568D-02  0.108599979347D-02  0.561887383760D-03  0.561887119695D-03
  0.199074231991D-02  0.199074344540D-02  0.232226825818D-03 -0.232226375379D-03
 -0.143212231717D-03 -0.143211580375D-03  0.315032576195D-03  0.721503567055D-01
  0.158443370757D-02 -0.370486785982D-03 -0.926172342102D-03  0.116119736456D-02
 -0.995225104847D-03  0.167122024314D-02 -0.370395702577D-03  0.158436903999D-02
 -0.286518121962D-02 -0.151679901831D-02  0.167122061550D-02 -0.286517532127D-02
  0.116118846548D-02  0.287240572000D-02 -0.198816860909D-02 -0.151681567437D-02
 -0.995213566405D-03  0.287241881849D-02 -0.926133275511D-03 -0.198821821405D-02
  0.354486972702D-02  0.354487804812D-02 -0.143960973148D-02 -0.143960065836D-02
  0.735259551872D-02  0.735262342091D-02  0.119218668225D-02 -0.119217798372D-02
 -0.171975290191D-02 -0.171973681137D-02  0.957227488838D-03 -0.957220110350D-03
  0.306954787439D+00  0.158443686965D-02 -0.370483262222D-03 -0.926170747460D-03
  0.116119829565D-02 -0.995224481902D-03  0.167121950396D-02 -0.370392178809D-03
  0.158437220204D-02 -0.286518287259D-02 -0.151679937874D-02  0.167121987634D-02
 -0.286517697434D-02  0.116118939659D-02  0.287240313700D-02 -0.198817011082D-02
 -0.151681603472D-02 -0.995212943418D-03  0.287241623551D-02 -0.926131680919D-03
 -0.198821971586D-02  0.354486304257D-02  0.354487136368D-02 -0.143961406900D-02
 -0.143960499586D-02  0.735258077554D-02  0.735260867764D-02  0.119218527844D-02
 -0.119217657991D-02 -0.171975295278D-02 -0.171973686224D-02  0.957228271336D-03
 -0.957220892868D-03 -0.148281914396D-01  0.306954802478D+00  0.371518779886D-02
 -0.764967174179D-03 -0.653299170854D-03 -0.220155639464D-03  0.133108860084D-04
 -0.165446849152D-02 -0.764906540725D-03  0.371514449820D-02  0.521946967593D-03
  0.383626287360D-02 -0.165446716843D-02  0.521948362575D-03 -0.220162937728D-03
  0.113285070344D-04 -0.167397054904D-02  0.383625370855D-02  0.133208256840D-04
  0.113400594273D-04 -0.653274443799D-03 -0.167400859128D-02  0.916165390997D-02
  0.916166049040D-02  0.481460295726D-02  0.481460827854D-02  0.165005486314D-01
  0.165005721221D-01  0.105756607995D-02 -0.105755945450D-02 -0.925957266590D-03
 -0.925945842181D-03  0.105021387877D-02 -0.105020893293D-02 -0.325808538800D-02
 -0.325807762254D-02  0.313128935479D+00  0.371518190435D-02 -0.764964365060D-03
 -0.653296242363D-03 -0.220159484659D-03  0.133119857798D-04 -0.165447066382D-02
 -0.764903730075D-03  0.371513860258D-02  0.521948694571D-03  0.383626203153D-02
 -0.165446934079D-02  0.521950089558D-03 -0.220166783125D-03  0.113248169444D-04
 -0.167396270903D-02  0.383625286655D-02  0.133219255941D-04  0.113363694732D-04
 -0.653271514563D-03 -0.167400075156D-02  0.916163581289D-02  0.916164239319D-02
  0.481459435795D-02  0.481459967923D-02  0.165005145137D-01  0.165005380046D-01
  0.105756597875D-02 -0.105755935325D-02 -0.925953409712D-03 -0.925941985260D-03
  0.105021203986D-02 -0.105020709380D-02 -0.325805963901D-02 -0.325805187356D-02
 -0.716583876038D-02  0.313128974006D+00  0.782890369965D-03 -0.250355359781D-04
 -0.133100239474D-03  0.106387009521D-03 -0.562427750100D-04 -0.129535183600D-03
 -0.250216816968D-04  0.782879240752D-03 -0.249871101519D-03  0.423157645979D-03
 -0.129534142290D-03 -0.249873830076D-03  0.106386616358D-03  0.154828994751D-03
 -0.470670490113D-03  0.423157062140D-03 -0.562390021267D-04  0.154833128493D-03
 -0.133096893353D-03 -0.470683174533D-03  0.132869296638D-02  0.132869538229D-02
  0.356482698364D-03  0.356485034731D-03  0.232223263934D-02  0.232223973371D-02
  0.253152849556D-03 -0.253151381099D-03 -0.275609879284D-03 -0.275606815636D-03
  0.367763294655D-03 -0.367763137575D-03 -0.148715292705D-02 -0.148714862223D-02
 -0.971420332805D-03 -0.971415207490D-03  0.320719129100D+00  0.782881798619D-03
 -0.250382127966D-04 -0.133100437005D-03  0.106384640532D-03 -0.562431499077D-04
 -0.129533386665D-03 -0.250243575518D-04  0.782870668795D-03 -0.249866720299D-03
  0.423156756635D-03 -0.129532345399D-03 -0.249869448697D-03  0.106384247177D-03
  0.154831522264D-03 -0.470664752456D-03  0.423156172782D-03 -0.562393769632D-04
  0.154835656063D-03 -0.133097090329D-03 -0.470677436895D-03  0.132869002762D-02
  0.132869244346D-02  0.356482445377D-03  0.356484781702D-03  0.232223110915D-02
  0.232223820354D-02  0.253154096218D-03 -0.253152627723D-03 -0.275608435289D-03
 -0.275605371629D-03  0.367759953283D-03 -0.367759796032D-03 -0.148715241649D-02
 -0.148714811176D-02 -0.971419956272D-03 -0.971414830911D-03 -0.101111325381D-03
  0.320719121799D+00 -0.439714213337D-03  0.114051152130D-03 -0.477008540502D-03
  0.116209423333D-02 -0.100028911187D-02  0.261242421576D-02  0.114169683157D-03
 -0.439794009231D-03 -0.277283952839D-02 -0.331566496080D-02  0.261242173098D-02
 -0.277282635248D-02  0.116207798022D-02  0.295312942855D-02 -0.802695834845D-03
 -0.331567621210D-02 -0.100027768552D-02  0.295314149122D-02 -0.476949923138D-03
 -0.802728673008D-03 -0.166273179718D-02 -0.166273113878D-02 -0.418359575253D-02
 -0.418359148054D-02 -0.187987523176D-02 -0.187985737996D-02  0.738875350896D-03
 -0.738867830617D-03 -0.109888094202D-02 -0.109886996230D-02  0.262003583360D-03
 -0.261988931017D-03 -0.129694249953D-01 -0.129694249844D-01  0.723053482741D-03
  0.723072088221D-03 -0.108000080454D-02 -0.107999330171D-02  0.308267279280D+00
 -0.439722304138D-03  0.114053079811D-03 -0.477006121022D-03  0.116209088835D-02
 -0.100028844081D-02  0.261242357501D-02  0.114171612062D-03 -0.439802100906D-03
 -0.277283867051D-02 -0.331566849304D-02  0.261242109020D-02 -0.277282549460D-02
  0.116207463507D-02  0.295312694183D-02 -0.802687860018D-03 -0.331567974429D-02
 -0.100027701437D-02  0.295313900456D-02 -0.476947503048D-03 -0.802720698390D-03
 -0.166275121081D-02 -0.166275055249D-02 -0.418360524694D-02 -0.418360097493D-02
 -0.187991075111D-02 -0.187989289915D-02  0.738874710332D-03 -0.738867190010D-03
 -0.109887712933D-02 -0.109886614958D-02  0.262000877582D-03 -0.261986225054D-03
 -0.129694032615D-01 -0.129694032506D-01  0.723072746990D-03  0.723091352537D-03
 -0.107999663476D-02 -0.107998913188D-02 -0.129470527843D-01  0.308267308292D+00
  0.181567739890D-02 -0.801919591395D-04 -0.399322766503D-03  0.282681772916D-03
 -0.475105834263D-03  0.356265634963D-03 -0.800392491534D-04  0.181557394601D-02
 -0.633909341004D-03  0.664978408760D-03  0.356263160399D-03 -0.633895828653D-03
  0.282659211925D-03  0.141630805924D-02 -0.102455373716D-02  0.664968826478D-03
 -0.475089107852D-03  0.141632590013D-02 -0.399247868827D-03 -0.102459707406D-02
  0.381629581747D-02  0.381629575156D-02  0.411738702160D-03  0.411742332588D-03
  0.743453185340D-02  0.743455698234D-02  0.108001586532D-02 -0.108000614303D-02
 -0.874690978979D-03 -0.874678014274D-03  0.704976056251D-03 -0.704956146476D-03
 -0.767406410260D-02 -0.767406220135D-02 -0.327226258477D-02 -0.327223907229D-02
 -0.112197594515D-02 -0.112196610338D-02 -0.529108156722D-02 -0.529106031156D-02
  0.317774387906D+00  0.181572767169D-02 -0.801948065738D-04 -0.399336416102D-03
  0.282719926283D-03 -0.475108034001D-03  0.356272708378D-03 -0.800421203148D-04
  0.181562423485D-02 -0.633969306391D-03  0.664934640268D-03  0.356270234499D-03
 -0.633955795457D-03  0.282697369170D-03  0.141630048570D-02 -0.102461593162D-02
  0.664925057036D-03 -0.475091310051D-03  0.141631832429D-02 -0.399261530502D-03
 -0.102465926516D-02  0.381633356239D-02  0.381633349787D-02  0.411767608574D-03
  0.411771239376D-03  0.743458483453D-02  0.743460996182D-02  0.107998256321D-02
 -0.107997284192D-02 -0.874703883194D-03 -0.874690919032D-03  0.704990262301D-03
 -0.704970356102D-03 -0.767413988040D-02 -0.767413797875D-02 -0.327231617770D-02
 -0.327229266680D-02 -0.112197057570D-02 -0.112196073558D-02 -0.529121941681D-02
 -0.529119816244D-02 -0.354575875634D-02  0.317774024116D+00  0.202930034192D-02
 -0.407776561637D-03 -0.339425333831D-03 -0.760292706308D-04  0.710192823106D-05
 -0.826125560937D-03 -0.407778621265D-03  0.202930063113D-02  0.704142140870D-03
  0.246739802005D-02 -0.826124476946D-03  0.704141550536D-03 -0.760276747401D-04
 -0.308553279393D-04 -0.112694651214D-02  0.246739121054D-02  0.710321884583D-05
 -0.308534644795D-04 -0.339428801844D-03 -0.112695984136D-02  0.553058389751D-02
  0.553058928555D-02  0.294708301091D-02  0.294708580774D-02  0.993157661489D-02
  0.993158566086D-02  0.444799239657D-03 -0.444796954323D-03 -0.636102616528D-03
 -0.636098061757D-03  0.393495374241D-03 -0.393497924696D-03 -0.161283749632D-02
 -0.161283380087D-02 -0.428246977590D-02 -0.428246215493D-02 -0.543263933328D-03
 -0.543264554716D-03  0.777810079327D-03  0.777817994609D-03 -0.176049389811D-02
 -0.176048619483D-02  0.390690029644D+00  0.202932513210D-02 -0.407783789418D-03
 -0.339434373372D-03 -0.760126540151D-04  0.709874182254D-05 -0.826114946071D-03
 -0.407785854666D-03  0.202932542545D-02  0.704142461160D-03  0.246740541702D-02
 -0.826113861883D-03  0.704141870915D-03 -0.760110574795D-04 -0.308411947263D-04
 -0.112697773553D-02  0.246739860736D-02  0.710003204167D-05 -0.308393316360D-04
 -0.339437844095D-03 -0.112699106343D-02  0.553064686964D-02  0.553065225803D-02
  0.294711387999D-02  0.294711667674D-02  0.993169655293D-02  0.993170559842D-02
  0.444798146733D-03 -0.444795861619D-03 -0.636117414629D-03 -0.636112860114D-03
  0.393499793958D-03 -0.393502345232D-03 -0.161293410287D-02 -0.161293040738D-02
 -0.428254171725D-02 -0.428253409670D-02 -0.543283252426D-03 -0.543283873949D-03
  0.777742827453D-03  0.777750742387D-03 -0.176057935546D-02 -0.176057164683D-02
 -0.280679691781D-02  0.390689973606D+00  0.482624620684D-03  0.116810782374D-02
  0.368060221257D-03  0.527465223715D-03 -0.236278812550D-03  0.827510690774D-03
  0.116808550148D-02  0.482635378648D-03 -0.816897392702D-03 -0.130749413383D-02
  0.827513863726D-03 -0.816909330510D-03  0.527473139371D-03  0.392975241706D-03
 -0.489190030538D-03 -0.130748852891D-02 -0.236274882244D-03  0.392978960389D-03
  0.368041027300D-03 -0.489198655171D-03 -0.232232014985D-02 -0.232231561621D-02
 -0.236524080868D-02 -0.236523737189D-02 -0.442395479182D-02 -0.442395102402D-02
 -0.314021704171D-04  0.314011313177D-04 -0.174930413901D-03 -0.174930733045D-03
  0.317984704688D-03 -0.317991525775D-03 -0.255669381269D-02 -0.255668451660D-02
  0.199084373842D-02  0.199084423288D-02  0.382651794370D-03  0.382637599818D-03
 -0.407310914019D-02 -0.407311189925D-02 -0.107759236788D-02 -0.107750579031D-02
  0.128498777319D-02  0.128498765864D-02  0.393604048117D+00  0.482636032975D-03
  0.116809970582D-02  0.368049859773D-03  0.527494874401D-03 -0.236280795778D-03
  0.827528248360D-03  0.116807736358D-02  0.482646804681D-03 -0.816934039398D-03
 -0.130754346072D-02  0.827531421830D-03 -0.816945977943D-03  0.527502793107D-03
  0.392975041008D-03 -0.489224876697D-03 -0.130753785661D-02 -0.236276867623D-03
  0.392978757673D-03  0.368030655932D-03 -0.489233497778D-03 -0.232232406443D-02
 -0.232231952975D-02 -0.236522634101D-02 -0.236522290407D-02 -0.442396253678D-02
 -0.442395877066D-02 -0.314351244964D-04  0.314340845383D-04 -0.174933416519D-03
 -0.174933736248D-03  0.317980403978D-03 -0.317987227962D-03 -0.255674570847D-02
 -0.255673641234D-02  0.199081446435D-02  0.199081495733D-02  0.382647982647D-03
  0.382633787082D-03 -0.407320614684D-02 -0.407320890715D-02 -0.107771717222D-02
 -0.107763057183D-02  0.128500492611D-02  0.128500481700D-02  0.559375471506D-03
  0.393604111368D+00 -0.714239271535D-03  0.270129485366D-03  0.170027771474D-03
  0.132606822503D-03  0.299579825177D-04  0.347918991079D-03  0.270094879840D-03
 -0.714216679101D-03 -0.259333573113D-03 -0.912183753689D-03  0.347920144648D-03
 -0.259339145805D-03  0.132612845486D-03 -0.113413537837D-03  0.256048597760D-03
 -0.912179316366D-03  0.299556266022D-04 -0.113416272444D-03  0.170009014524D-03
  0.256056760354D-03 -0.236194128611D-02 -0.236194097573D-02 -0.128649759222D-02
 -0.128649780242D-02 -0.443301754906D-02 -0.443302285522D-02 -0.282640406663D-03
  0.282637883562D-03  0.191612279377D-03  0.191609029138D-03 -0.941149943497D-04
  0.941098319927D-04  0.983427176565D-03  0.983428662207D-03  0.194698043129D-02
  0.194697482033D-02  0.412230305020D-03  0.412224766097D-03 -0.331519437879D-03
 -0.331525559190D-03  0.592690726758D-03  0.592746973349D-03  0.119547445369D-02
  0.119549534897D-02 -0.445696882173D-04 -0.445404264224D-04  0.332499925461D+00
 -0.714238109357D-03  0.270127595286D-03  0.170026124015D-03  0.132608777758D-03
  0.299573948150D-04  0.347919856388D-03  0.270092988297D-03 -0.714215515945D-03
 -0.259337387393D-03 -0.912187377957D-03  0.347921009987D-03 -0.259342960166D-03
  0.132614800986D-03 -0.113412911746D-03  0.256045331583D-03 -0.912182940733D-03
  0.299550387168D-04 -0.113415646524D-03  0.170007366335D-03  0.256053494366D-03
 -0.236193580859D-02 -0.236193549812D-02 -0.128649404658D-02 -0.128649425674D-02
 -0.443300761808D-02 -0.443301292435D-02 -0.282641783254D-03  0.282639260095D-03
  0.191611212898D-03  0.191607962639D-03 -0.941140239819D-04  0.941088614105D-04
  0.983418878611D-03  0.983420364253D-03  0.194697389274D-02  0.194696828170D-02
  0.412228719806D-03  0.412223180810D-03 -0.331529118628D-03 -0.331535240008D-03
  0.592677689548D-03  0.592733937872D-03  0.119547371418D-02  0.119549460970D-02
 -0.445685671206D-04 -0.445393039268D-04 -0.333579785254D-03  0.332499931173D+00
  0.292134454503D-02 -0.341177864181D-03  0.327868496558D-03 -0.162301738162D-02
  0.116375157456D-02 -0.409424927563D-02 -0.341217601104D-03  0.292137057974D-02
  0.354453648507D-02  0.604826840622D-02 -0.409424742116D-02  0.354452729076D-02
 -0.162301345369D-02 -0.341154798613D-02  0.268545032358D-03  0.604827830453D-02
  0.116375023494D-02 -0.341154911558D-02  0.327847333469D-03  0.268553972233D-03
  0.689628824516D-02  0.689628726587D-02  0.744634400444D-02  0.744634080396D-02
  0.112806807994D-01  0.112806775809D-01 -0.162622043878D-03  0.162619627768D-03
  0.956982228228D-03  0.956977541070D-03  0.175455257938D-03 -0.175459655013D-03
  0.132143937812D-01  0.132143965376D-01 -0.477879796985D-02 -0.477880478357D-02
  0.656820034190D-03  0.656816389823D-03  0.156543292389D-01  0.156543268005D-01
  0.481830915381D-02  0.481835600957D-02 -0.319791813525D-02 -0.319789375687D-02
  0.584366263695D-02  0.584369628187D-02  0.130419796159D-02  0.130420062995D-02
  0.311895658328D+00  0.292134747024D-02 -0.341178825060D-03  0.327867028489D-03
 -0.162301251348D-02  0.116375119282D-02 -0.409424556750D-02 -0.341218564665D-03
  0.292137350683D-02  0.354453371032D-02  0.604826364858D-02 -0.409424371297D-02
  0.354452451599D-02 -0.162300858520D-02 -0.341154641128D-02  0.268539261806D-03
  0.604827354681D-02  0.116374985293D-02 -0.341154754098D-02  0.327845864093D-03
  0.268548202247D-03  0.689628974761D-02  0.689628876836D-02  0.744634659950D-02
  0.744634339902D-02  0.112806846448D-01  0.112806814259D-01 -0.162626230208D-03
  0.162623813979D-03  0.956981255992D-03  0.956976568732D-03  0.175454013454D-03
 -0.175458410916D-03  0.132143800969D-01  0.132143828534D-01 -0.477880548841D-02
 -0.477881230233D-02  0.656817912267D-03  0.656814267793D-03  0.156543131900D-01
  0.156543107516D-01  0.481829004702D-02  0.481833690561D-02 -0.319791765031D-02
 -0.319789327101D-02  0.584366478028D-02  0.584369842773D-02  0.130420205939D-02
  0.130420472788D-02 -0.209062483902D-01  0.311895672335D+00 -0.338505352903D-02
  0.688641231170D-03  0.437743291190D-03  0.470121642510D-03 -0.244075743880D-03
  0.202001363980D-02  0.688625950702D-03 -0.338504298404D-02 -0.138695318462D-02
 -0.433306305473D-02  0.202001197628D-02 -0.138695394448D-02  0.470124163296D-03
  0.662412682870D-03  0.130882554583D-02 -0.433305691418D-02 -0.244080558466D-03
  0.662406718862D-03  0.437738590572D-03  0.130884469461D-02 -0.868495068455D-02
 -0.868495637787D-02 -0.542256342313D-02 -0.542256587523D-02 -0.154667126849D-01
 -0.154667265507D-01 -0.700470340310D-03  0.700466725347D-03  0.567953902988D-03
  0.567947783108D-03 -0.730728670367D-03  0.730728695111D-03 -0.170124151545D-03
 -0.170129280594D-03  0.674860940861D-02  0.674859854336D-02  0.700241225031D-03
  0.700240454954D-03 -0.393553526341D-02 -0.393554757417D-02  0.154806899189D-02
  0.154808644541D-02  0.416538362896D-02  0.416542190774D-02 -0.263566495346D-02
 -0.263566970863D-02 -0.178228504722D-02 -0.178228179330D-02  0.824102927627D-02
  0.824102974533D-02  0.325928659026D+00 -0.338505743706D-02  0.688645430721D-03
  0.437746771063D-03  0.470117065976D-03 -0.244074842032D-03  0.202001053935D-02
  0.688630153136D-03 -0.338504689411D-02 -0.138695145964D-02 -0.433306131681D-02
  0.202000887576D-02 -0.138695221948D-02  0.470119586380D-03  0.662409288734D-03
  0.130883278286D-02 -0.433305517610D-02 -0.244079656309D-03  0.662403325023D-03
  0.437742071823D-03  0.130885193104D-02 -0.868496529900D-02 -0.868497099248D-02
 -0.542257305431D-02 -0.542257550642D-02 -0.154667411499D-01 -0.154667550154D-01
 -0.700468253664D-03  0.700464638820D-03  0.567956110210D-03  0.567949990412D-03
 -0.730729164169D-03  0.730729189319D-03 -0.170100852696D-03 -0.170105981712D-03
  0.674862883140D-02  0.674861796635D-02  0.700247177755D-03  0.700246407749D-03
 -0.393551719657D-02 -0.393552950714D-02  0.154809520555D-02  0.154811265618D-02
  0.416538891068D-02  0.416542718860D-02 -0.263566285113D-02 -0.263566760900D-02
 -0.178229036284D-02 -0.178228710909D-02  0.824102618193D-02  0.824102665053D-02
 -0.711404163093D-02  0.325928639716D+00  0.327744065876D-03 -0.354541101267D-03
 -0.541789367825D-03  0.643942871408D-03 -0.566348549749D-03  0.120289332310D-02
 -0.354458853914D-03  0.327689571458D-03 -0.130941808738D-02 -0.872188174764D-03
  0.120289212704D-02 -0.130940752657D-02  0.643930546040D-03  0.178751700863D-02
 -0.882578556912D-03 -0.872197819096D-03 -0.566339756232D-03  0.178752650047D-02
 -0.541748599570D-03 -0.882603959878D-03  0.139827882611D-02  0.139828070781D-02
 -0.114692473532D-02 -0.114692166717D-02  0.315553663192D-02  0.315555178910D-02
  0.732394750716D-03 -0.732388808932D-03 -0.935098718284D-03 -0.935089924642D-03
  0.477118529939D-03 -0.477108416544D-03 -0.835360182582D-02 -0.835360114935D-02
 -0.147871881902D-02 -0.147870356171D-02 -0.965998438762D-03 -0.965991748845D-03
 -0.721405149918D-02 -0.721403821750D-02 -0.395799574707D-02 -0.395809894048D-02
 -0.666133185942D-03 -0.666187150088D-03 -0.230203376306D-02 -0.230209688392D-02
  0.239292260574D-03  0.239284594454D-03  0.772602834965D-02  0.772601804593D-02
 -0.515286288509D-03 -0.515271984751D-03  0.327803823645D+00  0.327685552196D-03
 -0.354543207891D-03 -0.541780925190D-03  0.643929546662D-03 -0.566346289694D-03
  0.120290604871D-02 -0.354460955262D-03  0.327631054548D-03 -0.130938740702D-02
 -0.872201435108D-03  0.120290485242D-02 -0.130937684534D-02  0.643917220159D-03
  0.178752068520D-02 -0.882534551052D-03 -0.872211079216D-03 -0.566337495722D-03
  0.178753017746D-02 -0.541740153898D-03 -0.882559953740D-03  0.139819222732D-02
  0.139819410851D-02 -0.114695680617D-02 -0.114695373837D-02  0.315539678502D-02
  0.315541194212D-02  0.732391057774D-03 -0.732385115826D-03 -0.935079874377D-03
 -0.935071080820D-03  0.477090432023D-03 -0.477080317686D-03 -0.835353453222D-02
 -0.835353385621D-02 -0.147865817831D-02 -0.147864292096D-02 -0.966002261434D-03
 -0.965995570703D-03 -0.721397811313D-02 -0.721396483138D-02 -0.395789573748D-02
 -0.395799893991D-02 -0.666105994943D-03 -0.666159958802D-03 -0.230210037092D-02
 -0.230216349752D-02  0.239251103334D-03  0.239243436760D-03  0.772600416725D-02
  0.772599386303D-02 -0.515335058491D-03 -0.515320754505D-03 -0.446800403618D-02
  0.327803966128D+00 -0.439174976404D-03  0.144747180589D-03  0.700669603535D-03
 -0.118943572820D-02  0.106040944980D-02 -0.239170875660D-02  0.144637233140D-03
 -0.439102088696D-03  0.244785727060D-02  0.225289745452D-02 -0.239170681653D-02
  0.244784147553D-02 -0.118942036343D-02 -0.313746719713D-02  0.142032890235D-02
  0.225291421811D-02  0.106039856381D-02 -0.313747909153D-02  0.700614976144D-03
  0.142036454518D-02 -0.116084194202D-02 -0.116084580497D-02  0.279249082286D-02
  0.279248562009D-02 -0.330653420161D-02 -0.330655535155D-02 -0.983766941165D-03
  0.983758448239D-03  0.148409731869D-02  0.148408430393D-02 -0.449966178084D-03
  0.449953487365D-03  0.145795045132D-01  0.145795040609D-01  0.157347010111D-02
  0.157344806344D-02  0.151284702883D-02  0.151283780382D-02  0.131888521597D-01
  0.131888337210D-01  0.650969891444D-02  0.650983634432D-02  0.698581713005D-03
  0.698659840459D-03  0.383604217978D-02  0.383612406682D-02 -0.223830131822D-03
 -0.223820092049D-03 -0.147800786335D-01 -0.147800644418D-01  0.192673165441D-02
  0.192671297706D-02  0.793498965854D-02  0.793488898643D-02  0.317844306854D+00
 -0.439185391818D-03  0.144748561277D-03  0.700672003158D-03 -0.118943908747D-02
  0.106041012416D-02 -0.239170858619D-02  0.144638614812D-03 -0.439112504788D-03
  0.244785854338D-02  0.225289224880D-02 -0.239170664619D-02  0.244784274834D-02
 -0.118942372282D-02 -0.313746945682D-02  0.142033799951D-02  0.225290901243D-02
  0.106039923823D-02 -0.313748135118D-02  0.700617376280D-03  0.142037364222D-02
 -0.116086415757D-02 -0.116086802059D-02  0.279248092007D-02  0.279247571727D-02
 -0.330657403739D-02 -0.330659518739D-02 -0.983768280019D-03  0.983759787125D-03
  0.148410182672D-02  0.148408881198D-02 -0.449969980105D-03  0.449957289557D-03
  0.145795274926D-01  0.145795270403D-01  0.157349039667D-02  0.157346835903D-02
  0.151285061239D-02  0.151284138744D-02  0.131888676699D-01  0.131888492312D-01
  0.650972117940D-02  0.650985860810D-02  0.698590922634D-03  0.698669049909D-03
  0.383603691571D-02  0.383611880172D-02 -0.223837341975D-03 -0.223827302248D-03
 -0.147800819736D-01 -0.147800677821D-01  0.192671788638D-02  0.192669920913D-02
  0.793500433922D-02  0.793490366720D-02 -0.142007704873D-01  0.317844265158D+00
  0.363736807313D-03 -0.108985350329D-04  0.450475352494D-04  0.190781725676D-03
  0.320063488615D-03 -0.103262724375D-04 -0.108473297200D-04  0.363695825310D-03
  0.216305713506D-02  0.349618625042D-02 -0.103250726201D-04  0.216304664160D-02
  0.190780004049D-03 -0.472133060428D-03 -0.790922076645D-03  0.349619089002D-02
  0.320074940423D-03 -0.472121963212D-03  0.450631815382D-04 -0.790950653803D-03
  0.742932986636D-03  0.742935303188D-03 -0.267852563302D-03 -0.267847646485D-03
 -0.117718286250D-03 -0.117704037530D-03  0.378315851198D-03 -0.378313336531D-03
 -0.603554630765D-03 -0.603550394171D-03  0.745847990762D-03 -0.745844897728D-03
  0.266128708084D-02  0.266129821873D-02  0.554322084128D-03  0.554330866226D-03
  0.858060609886D-03  0.858047437940D-03  0.228485342085D-02  0.228485782252D-02
  0.920168169749D-03  0.920184695553D-03 -0.491281815994D-03 -0.491316620390D-03
  0.127450514556D-02  0.127447204005D-02  0.486978768993D-03  0.486974604454D-03
 -0.229946352705D-02 -0.229947113969D-02  0.650843916084D-03  0.650858914768D-03
  0.125058712175D-02  0.125053368140D-02 -0.159389549460D-02 -0.159389462169D-02
  0.204872065395D+00  0.363756494059D-03 -0.109501890606D-04  0.450090186274D-04
  0.190841139268D-03  0.320051569063D-03 -0.102695735494D-04 -0.108990204451D-04
  0.363715538504D-03  0.216304098978D-02  0.349613745727D-02 -0.102683728020D-04
  0.216303049685D-02  0.190839422367D-03 -0.472082892201D-03 -0.790995943878D-03
  0.349614209490D-02  0.320063016983D-03 -0.472071798588D-03  0.450246476255D-04
 -0.791024512415D-03  0.743058513283D-03  0.743060831736D-03 -0.267752754195D-03
 -0.267747837682D-03 -0.117446577357D-03 -0.117432332205D-03  0.378274419551D-03
 -0.378271906432D-03 -0.603574459840D-03 -0.603570224579D-03  0.745822947137D-03
 -0.745819859169D-03  0.266100101550D-02  0.266101215270D-02  0.554106974549D-03
  0.554115753689D-03  0.857981483469D-03  0.857968310997D-03  0.228463053451D-02
  0.228463493397D-02  0.919869550189D-03  0.919886110551D-03 -0.491331849495D-03
 -0.491366641520D-03  0.127444493542D-02  0.127441186386D-02  0.487028097709D-03
  0.487023935277D-03 -0.229941110107D-02 -0.229941870849D-02  0.650929937519D-03
  0.650944930478D-03  0.125043110177D-02  0.125037766014D-02 -0.159368447416D-02
 -0.159368360276D-02  0.348452533685D-02  0.204871617863D+00 -0.243514385256D-02
 -0.279626260908D-02 -0.158163054971D-02  0.131285603079D-02  0.224132078395D-03
  0.415500733990D-03 -0.279677364044D-02 -0.243481104600D-02 -0.367952998442D-02
 -0.229996108890D-02  0.415516179765D-03 -0.367959209153D-02  0.131294839038D-02
 -0.265921075209D-03 -0.141865647414D-02 -0.229996311030D-02  0.224081921541D-03
 -0.265971100121D-03 -0.158190477125D-02 -0.141860487770D-02 -0.118727588628D-02
 -0.118724681095D-02 -0.573338284163D-03 -0.573325344395D-03 -0.298240260919D-02
 -0.298243596648D-02 -0.155434247214D-02  0.155432026161D-02 -0.103739587028D-02
 -0.103740803293D-02 -0.881707243487D-04  0.880877832760D-04  0.944539908809D-03
  0.944560308935D-03  0.165544767226D-02  0.165541081651D-02  0.160794732054D-02
  0.160789049017D-02 -0.329297417126D-02 -0.329301018019D-02 -0.447470416093D-02
 -0.447395796435D-02  0.485511351692D-03  0.485626152945D-03  0.788188276689D-03
  0.788688132497D-03  0.181819781745D-02  0.181824040252D-02  0.134703897847D-02
  0.134709407592D-02 -0.100359973082D-02 -0.100365566365D-02 -0.810968953592D-03
 -0.811302265766D-03  0.360946287517D-02  0.360942411897D-02  0.690972968125D-02
  0.691026961432D-02  0.244513515129D+00 -0.243542532996D-02 -0.279620835355D-02
 -0.158151919668D-02  0.131254839382D-02  0.224154000320D-03  0.415383845862D-03
 -0.279671919058D-02 -0.243509265604D-02 -0.367910270437D-02 -0.229954936797D-02
  0.415399286266D-03 -0.367916480198D-02  0.131264072269D-02 -0.265898935970D-03
 -0.141821178603D-02 -0.229955138156D-02  0.224103863890D-03 -0.265948941749D-03
 -0.158179332057D-02 -0.141816022056D-02 -0.118747145304D-02 -0.118744238856D-02
 -0.573552664484D-03 -0.573539726969D-03 -0.298269501381D-02 -0.298272835633D-02
 -0.155405103220D-02  0.155402882988D-02 -0.103731408277D-02 -0.103732624033D-02
 -0.882133684835D-04  0.881304561775D-04  0.945173660189D-03  0.945194058394D-03
  0.165586554073D-02  0.165582869859D-02  0.160795768166D-02  0.160790086296D-02
 -0.329189540140D-02 -0.329193139908D-02 -0.447330101814D-02 -0.447255505360D-02
  0.485423077365D-03  0.485537830170D-03  0.787677480986D-03  0.788177151723D-03
  0.181781071249D-02  0.181785328372D-02  0.134666878708D-02  0.134672386059D-02
 -0.100368485973D-02 -0.100374076766D-02 -0.810201424140D-03 -0.810534672136D-03
  0.360844427509D-02  0.360840552865D-02  0.690983487482D-02  0.691037450123D-02
  0.385375921812D-01  0.244502510026D+00  0.398896340513D-02  0.251045563003D-02
  0.939948689843D-03  0.103021467323D-02  0.394413134981D-03 -0.562310137093D-03
  0.251000974986D-02  0.398924050700D-02  0.790829280430D-03  0.242565828838D-02
 -0.562289966456D-03  0.790747393209D-03  0.103030679808D-02 -0.198123420766D-02
 -0.275003591194D-02  0.242567050163D-02  0.394386730476D-03 -0.198126032026D-02
  0.939689554805D-03 -0.275002539361D-02  0.130994095472D-04  0.131340288164D-04
 -0.551637219402D-03 -0.551618411620D-03 -0.263791489335D-02 -0.263792512957D-02
 -0.836424062998D-03  0.836405099930D-03 -0.561490923518D-03 -0.561501232567D-03
  0.117455211805D-02 -0.117463185298D-02  0.412826446047D-02  0.412830691176D-02
  0.158746613237D-02  0.158744216825D-02  0.245141282946D-02  0.245133221470D-02
  0.176772973811D-03  0.176743882590D-03 -0.152194926612D-02 -0.152115574641D-02
  0.432876409573D-03  0.432949335105D-03  0.820509439503D-02  0.820555918034D-02
  0.227375559814D-02  0.227379106047D-02 -0.798107044597D-03 -0.798058739597D-03
 -0.110631247473D-03 -0.110662718208D-03 -0.950969087950D-03 -0.951391495769D-03
  0.589244720803D-03  0.589207001975D-03  0.388777355661D-02  0.388799119749D-02
  0.215557371523D-01  0.215502074582D-01  0.239022352383D+00  0.398890799800D-02
  0.251047679977D-02  0.939974284939D-03  0.103016479774D-02  0.394420970315D-03
 -0.562337610424D-03  0.251003094530D-02  0.398918508185D-02  0.790864040625D-03
  0.242568482653D-02 -0.562317440555D-03  0.790782153936D-03  0.103025691894D-02
 -0.198125754254D-02 -0.274995387063D-02  0.242569704085D-02  0.394394568308D-03
 -0.198128365281D-02  0.939715162520D-03 -0.274994335720D-02  0.129788720407D-04
  0.130134897879D-04 -0.551709503834D-03 -0.551690696090D-03 -0.263814188695D-02
 -0.263815212103D-02 -0.836398236149D-03  0.836379274138D-03 -0.561462589633D-03
 -0.561472897875D-03  0.117454474920D-02 -0.117462448039D-02  0.412847547167D-02
  0.412851792288D-02  0.158762255450D-02  0.158759859219D-02  0.245145004481D-02
  0.245136943112D-02  0.176966883889D-03  0.176937794141D-03 -0.152169692695D-02
 -0.152090343512D-02  0.432915967412D-03  0.432988885454D-03  0.820506564669D-02
  0.820553040751D-02  0.227369361311D-02  0.227372907387D-02 -0.798169900422D-03
 -0.798121598907D-03 -0.110703729019D-03 -0.110735196218D-03 -0.950821318418D-03
 -0.951243721797D-03  0.589040153560D-03  0.589002435847D-03  0.388785565468D-02
  0.388807324841D-02  0.215551250452D-01  0.215495955845D-01  0.371426827175D-01
  0.239021312812D+00  0.177028005488D-07 -0.110646595943D-07 -0.110832556641D-07
  0.157200892349D-07 -0.434129597930D-08  0.911433451512D-08 -0.110721685021D-07
  0.177080149478D-07 -0.153074134538D-07 -0.947800506885D-08  0.911454385625D-08
 -0.153076051284D-07  0.157211927400D-07  0.117086641550D-07 -0.285789433431D-07
 -0.947840129998D-08 -0.434207073610D-08  0.117079379433D-07 -0.110869531043D-07
 -0.285776568704D-07  0.564795260705D-07  0.564799820581D-07  0.289497046170D-07
  0.289497568241D-07  0.107401986325D-06  0.107401426188D-06 -0.510168544817D-08
  0.510139380129D-08 -0.129214226464D-07 -0.129216141460D-07  0.379385773325D-08
 -0.379495555499D-08 -0.890142449693D-07 -0.890142241066D-07 -0.638477792329D-07
 -0.638482550739D-07 -0.164799622317D-07 -0.164802518453D-07 -0.748039145109D-07
 -0.748042765102D-07 -0.921418934077D-07 -0.921337233169D-07 -0.213846607534D-07
 -0.213828068355D-07  0.220648639836D-08  0.221371758675D-08  0.217216061609D-07
  0.217220980173D-07  0.280865839927D-07  0.280875620455D-07  0.333361307660D-07
  0.333351499255D-07 -0.579081615189D-07 -0.579093527588D-07  0.839684934491D-07
  0.839682438770D-07 -0.310122710800D-07 -0.309991559665D-07  0.189192655511D-06
  0.189124131095D-06  0.146256364834D-06  0.146247508796D-06  0.436517941470D+00
  0.228441005955D-02  0.229565283206D-03  0.304995646690D-03 -0.794649029592D-03
 -0.137328625890D-03 -0.727298343518D-03  0.229596940428D-03  0.228439497270D-02
 -0.502622384672D-03  0.137838764303D-02 -0.727304141748D-03 -0.502609999621D-03
 -0.794655431165D-03 -0.355292128840D-03  0.104901741204D-03  0.137838650201D-02
 -0.137332220044D-03 -0.355296411088D-03  0.305019072619D-03  0.104921634931D-03
  0.103558275920D-02  0.103557817446D-02  0.331232572518D-02  0.331232043439D-02
  0.501392201559D-02  0.501391340359D-02 -0.138791366857D-02  0.138791501806D-02
 -0.550898432265D-03 -0.550901083623D-03 -0.167637424234D-02  0.167637728830D-02
  0.244555012897D-02  0.244553962136D-02 -0.165246064355D-02 -0.165246677502D-02
  0.158491490813D-03  0.158500882720D-03  0.306686952998D-02  0.306686206267D-02
  0.224739180763D-02  0.224731451529D-02 -0.239480336087D-02 -0.239477215363D-02
  0.460236830173D-03  0.460194154150D-03  0.651299804420D-03  0.651298021387D-03
 -0.348671105444D-03 -0.348671050224D-03  0.308350391428D-02  0.308349171589D-02
  0.119755089183D-02  0.119758965884D-02 -0.133020026329D-02 -0.133020549858D-02
  0.101047023290D-01  0.101047808871D-01 -0.146574066600D-01 -0.146568803711D-01
 -0.192439882513D-02 -0.192441220223D-02 -0.100809288105D-08  0.856711759523D-01
  0.130171563315D-07 -0.109265622603D-07 -0.925991828612D-08  0.775077445709D-08
 -0.448359893090D-08  0.648070479603D-08 -0.109275908079D-07  0.130179544489D-07
 -0.157213210854D-08  0.656415034490D-08  0.648074671412D-08 -0.157201188994D-08
  0.775083756533D-08  0.156747687900D-07 -0.193102845558D-07  0.656403053086D-08
 -0.448365749559D-08  0.156747103101D-07 -0.926037162385D-08 -0.193100556456D-07
  0.652808787276D-07  0.652809930709D-07  0.276960852305D-07  0.276960583935D-07
  0.126287279905D-06  0.126287236873D-06  0.677390701721D-08 -0.677391634200D-08
 -0.141148517069D-07 -0.141148780063D-07  0.526568031697D-08 -0.526582516895D-08
 -0.886705748129D-07 -0.886705936337D-07 -0.645233151641D-07 -0.645233150746D-07
 -0.202379107032D-07 -0.202378040245D-07 -0.521773853268D-07 -0.521773495753D-07
 -0.607944530737D-07 -0.607940617589D-07 -0.306954487227D-07 -0.306952302953D-07
 -0.165692539845D-07 -0.165681231036D-07  0.123564599080D-07  0.123564761880D-07
  0.225006422632D-07  0.225008381083D-07  0.392798607401D-07  0.392797332115D-07
 -0.438351618019D-07 -0.438340030978D-07  0.671843788070D-07  0.671844831000D-07
 -0.317684584327D-07 -0.317655793222D-07  0.186874278364D-07  0.186804911382D-07
 -0.348935511829D-07 -0.348945674234D-07  0.771721430504D-02  0.207102657131D-07
  0.468000410635D+00 -0.521294942401D-02  0.995981798630D-03  0.792786856036D-03
  0.601034195821D-03 -0.966716831052D-04  0.279475661706D-02  0.995919337615D-03
 -0.521290636954D-02 -0.644145268614D-03 -0.534529228012D-02  0.279475603176D-02
 -0.644148752252D-03  0.601042148134D-03  0.383660315012D-03  0.219276766561D-02
 -0.534528178810D-02 -0.966812072156D-04  0.383649399172D-03  0.792760482704D-03
  0.219280371895D-02 -0.137231994804D-01 -0.137232067684D-01 -0.761364475720D-02
 -0.761364878060D-02 -0.250794817321D-01 -0.250795056072D-01 -0.226163532023D-03
  0.226155645790D-03  0.104960990468D-02  0.104959819188D-02 -0.495185566210D-03
  0.495181955193D-03  0.315586771686D-02  0.315586121678D-02  0.102825209686D-01
  0.102825016991D-01  0.105980116275D-02  0.105979903614D-02 -0.322388643376D-02
 -0.322390598795D-02  0.299125927835D-02  0.299132516241D-02  0.717991915860D-02
  0.717998737787D-02 -0.396076189127D-02 -0.396073362547D-02 -0.291392655787D-02
 -0.291391999999D-02  0.995495651618D-02  0.995496292795D-02 -0.105586482459D-01
 -0.105586651598D-01  0.392598642389D-03  0.392518001176D-03 -0.415352745126D-03
 -0.415374692641D-03  0.103313270150D-03  0.103515991207D-03  0.227066776635D-02
  0.227019435643D-02 -0.104683502691D-02 -0.104699113463D-02  0.725525736550D-07
 -0.259735251988D-01  0.673244788510D-07  0.397959905692D+00  0.269643369999D-08
 -0.320189593303D-08 -0.328050587274D-08  0.283786088652D-08 -0.556999735287D-09
 -0.176010677465D-08 -0.320551987550D-08  0.269880319885D-08 -0.129522609301D-07
 -0.990685080343D-08 -0.176002625973D-08 -0.129525237114D-07  0.283852840595D-08
 -0.262866817434D-08 -0.566210302943D-08 -0.990712337890D-08 -0.557472871018D-09
 -0.262910250559D-08 -0.328235662945D-08 -0.566176372559D-08  0.563689635038D-08
  0.563710656590D-08  0.501676013874D-08  0.501688085599D-08  0.645575425041D-08
  0.645554755727D-08 -0.364603928763D-08  0.364589353303D-08 -0.124639979194D-09
 -0.124647894093D-09  0.437174982701D-08 -0.437229039481D-08 -0.304790029179D-08
 -0.304786013950D-08 -0.483251732717D-08 -0.483270341279D-08  0.147114408509D-08
  0.147088447455D-08 -0.153303135802D-07 -0.153304524013D-07 -0.238064982985D-07
 -0.238017856377D-07  0.294062788201D-08  0.294100017447D-08  0.107857154791D-07
  0.107891938824D-07  0.685682392697D-08  0.685714117219D-08  0.213512937085D-08
  0.213548557598D-08  0.287039103792D-08  0.287000240739D-08 -0.130450017672D-07
 -0.130466668428D-07  0.151842772171D-07  0.151841546796D-07  0.295985960982D-08
  0.296413454474D-08  0.125925347990D-06  0.125889308704D-06  0.122197803561D-06
  0.122194104553D-06 -0.191100070195D-01 -0.402136887650D-08  0.468270534896D-01
  0.493945296822D-08  0.397985659821D+00  0.398898276600D-03  0.277878885512D-02
  0.142202524884D-02  0.389025353205D-03 -0.489763807797D-04  0.620375191253D-03
  0.277858595793D-02  0.399030610482D-03 -0.342289724206D-02 -0.391359899893D-02
  0.620379159147D-03 -0.342293601435D-02  0.389067050968D-03 -0.911594260191D-03
  0.141372197570D-03 -0.391356665696D-02 -0.489906762483D-04 -0.911612453374D-03
  0.142191060779D-02  0.141429241516D-03 -0.767978739551D-02 -0.767978426516D-02
 -0.462935928581D-02 -0.462936273991D-02 -0.126642003676D-01 -0.126642357665D-01
 -0.564229782557D-02  0.564228480171D-02  0.660181891228D-03  0.660160047224D-03
 -0.354615932358D-02  0.354611892354D-02  0.290450741251D-02  0.290451697472D-02
  0.810601164165D-02  0.810597090376D-02  0.339680852859D-02  0.339676427853D-02
 -0.128085790120D-02 -0.128090753139D-02  0.485916703227D-02  0.485954271903D-02
  0.116695007178D-02  0.116711379888D-02  0.541412617179D-02  0.541430239768D-02
  0.317247073791D-03  0.317266766863D-03  0.391231991630D-02  0.391234628201D-02
 -0.540106267769D-02 -0.540110851950D-02  0.221769177716D-02  0.221739430402D-02
  0.134826589421D-02  0.134821008126D-02  0.937492016049D-02  0.937519081062D-02
 -0.627891678411D-02 -0.628138276555D-02  0.233669941017D-01  0.233665671220D-01
  0.112923865343D-06  0.345514442652D-01  0.715900356805D-07  0.907486373622D-01
  0.584029006883D-07  0.171185262407D+00 -0.680511889887D-08  0.110915304596D-07
  0.977305882626D-08 -0.158643108063D-07  0.310150894917D-08 -0.108225765492D-07
  0.111019074321D-07 -0.681231348387D-08  0.182240893579D-07  0.225617789773D-07
 -0.108228336186D-07  0.182243427301D-07 -0.158658628427D-07 -0.694519106801D-08
  0.217608134232D-07  0.225623401530D-07  0.310266921788D-08 -0.694410760289D-08
  0.977813001835D-08  0.217589315627D-07 -0.257876832030D-07 -0.257882419021D-07
 -0.204129929318D-07 -0.204130617976D-07 -0.511633028508D-07 -0.511624383907D-07
  0.129410071119D-07 -0.129405759077D-07  0.567252813831D-08  0.567280228586D-08
  0.108629280446D-08 -0.108480681848D-08  0.599583491587D-07  0.599583927778D-07
  0.421561094270D-07  0.421568442473D-07  0.120371455095D-07  0.120375454500D-07
  0.644415294726D-07  0.644420996040D-07  0.830515706029D-07  0.830402651572D-07
  0.491270046454D-08  0.491000989040D-08 -0.243800067387D-08 -0.244776646290D-08
 -0.172594147965D-07 -0.172601317360D-07 -0.206076912157D-07 -0.206090053062D-07
 -0.154468696220D-07 -0.154454488946D-07  0.459857988075D-07  0.459879689848D-07
 -0.624337392024D-07 -0.624333054545D-07  0.362773605708D-07  0.362589947333D-07
 -0.238751603649D-06 -0.238657821245D-06 -0.185604086502D-06 -0.185591624269D-06
 -0.125411355241D-01  0.856228603085D-08  0.490215727794D-02 -0.433723652163D-07
 -0.905578532045D-02 -0.959470428167D-07  0.462470714787D+00 -0.214651435823D-02
 -0.340879888201D-04 -0.212235045844D-03  0.948391272335D-03 -0.452239996593D-03
  0.209645190175D-02 -0.340950104790D-04 -0.214651287357D-02 -0.261583546974D-02
 -0.376044018013D-02  0.209645241561D-02 -0.261584232060D-02  0.948396893412D-03
  0.146765203555D-02  0.154151041644D-03 -0.376043868684D-02 -0.452240791345D-03
  0.146765110221D-02 -0.212243090481D-03  0.154145637485D-03 -0.573835823252D-02
 -0.573835720763D-02 -0.502891307478D-02 -0.502890961685D-02 -0.101182204768D-01
 -0.101182207528D-01 -0.158672813935D-03  0.158671772506D-03 -0.327136821125D-03
 -0.327135657912D-03 -0.281777506467D-03  0.281773952208D-03 -0.497494312008D-02
 -0.497493973696D-02  0.453347923214D-02  0.453347821917D-02  0.442065166623D-03
  0.442055590312D-03 -0.798430182384D-02 -0.798430657679D-02 -0.193864731816D-02
 -0.193859257702D-02  0.278818135357D-02  0.278818077181D-02 -0.261983932162D-02
 -0.261983110073D-02 -0.705142221366D-03 -0.705140269341D-03  0.111270476775D-01
  0.111270455069D-01 -0.581339215867D-02 -0.581339298503D-02 -0.323977358336D-02
 -0.323983612255D-02  0.702606487428D-02  0.702605789793D-02  0.400247372975D-02
  0.400241950583D-02  0.550372823490D-02  0.550346461200D-02  0.496258620597D-02
  0.496257232719D-02  0.207380697200D-08 -0.110095969835D-01 -0.641319866025D-08
 -0.565849089534D-02  0.136755320567D-07 -0.578186313437D-02  0.170155510423D-09
  0.456898661825D+00 -0.342655974152D-02  0.161900240019D-03 -0.899638842818D-04
 -0.251400497776D-03 -0.602677591472D-05  0.118821320266D-02  0.162013885658D-03
 -0.342663827319D-02  0.355742600392D-02  0.308018546568D-03  0.118821205364D-02
  0.355744501667D-02 -0.251422503502D-03  0.907134675297D-04  0.399549188358D-03
  0.307999766452D-03 -0.601670061467D-05  0.907237441612D-04 -0.898995072513D-04
  0.399511564279D-03 -0.225437287286D-02 -0.225437644037D-02 -0.477680495328D-03
 -0.477676259722D-03 -0.519900124451D-02 -0.519898215250D-02  0.111477402894D-02
 -0.111476827811D-02  0.995524051756D-04  0.995629653741D-04  0.576834741403D-02
 -0.576831956812D-02  0.699121532137D-03  0.699116756049D-03  0.139894778350D-02
  0.139897338398D-02 -0.175970089639D-02 -0.175967479836D-02  0.155748810012D-02
  0.155751987673D-02  0.104765628026D-03  0.104556817557D-03  0.332181411872D-02
  0.332170348164D-02 -0.550861572479D-02 -0.550871939332D-02 -0.244981158149D-02
 -0.244982197119D-02  0.190822378427D-02  0.190820611838D-02 -0.175865189672D-02
 -0.175861674529D-02 -0.127559931450D-02 -0.127544697290D-02 -0.224930679294D-02
 -0.224927269006D-02 -0.644589841866D-02 -0.644605421310D-02  0.742998530360D-02
  0.743134676718D-02 -0.769480557895D-02 -0.769454780867D-02 -0.465473073589D-07
  0.239460519016D-01 -0.292419067783D-07 -0.538650121529D-02 -0.414396532839D-07
  0.212647925113D-01  0.491943310156D-07  0.154040150048D-01  0.302258786731D+00
 -0.219652777616D-07  0.127249285129D-07  0.141356593101D-07 -0.288915586464D-07
  0.510458733363D-08 -0.191503022734D-07  0.127398897937D-07 -0.219757186863D-07
  0.258420950579D-07  0.279106212826D-07 -0.191507193675D-07  0.258424813202D-07
 -0.288937222484D-07 -0.135965806733D-07  0.431581501127D-07  0.279112297473D-07
  0.510609517508D-08 -0.135951590911D-07  0.141430144264D-07  0.431553231483D-07
 -0.518582110609D-07 -0.518590493918D-07 -0.327745226116D-07 -0.327745616348D-07
 -0.101433393494D-06 -0.101432143432D-06  0.195060335934D-07 -0.195054138611D-07
  0.150264109669D-07  0.150268923709D-07  0.209606539215D-08 -0.209388989197D-08
  0.114795001050D-06  0.114794977370D-06  0.754708468642D-07  0.754719421007D-07
  0.188337592167D-07  0.188343863493D-07  0.114735881714D-06  0.114736765140D-06
  0.138958962266D-06  0.138942616603D-06  0.165791158604D-07  0.165747661372D-07
 -0.121396319306D-07 -0.121538337636D-07 -0.325714017803D-07 -0.325723665398D-07
 -0.459618225802D-07 -0.459638136300D-07 -0.294066717993D-07 -0.294046065367D-07
  0.815992323273D-07  0.816021667512D-07 -0.117617569314D-06 -0.117616880775D-06
  0.490723361813D-07  0.490452575449D-07 -0.350588453055D-06 -0.350452257359D-06
 -0.297148047872D-06 -0.297129465560D-06 -0.250231793941D-01  0.423956254217D-07
  0.169447610749D-01 -0.859467933575D-07 -0.227682628259D-01 -0.151481821812D-06
 -0.857195255229D-02  0.343322959119D-08  0.531363099707D-07  0.477060094309D+00
  0.294216333040D-07 -0.103788501874D-07 -0.120260635202D-07  0.259205520969D-07
 -0.400190615188D-08  0.186785922423D-07 -0.103895085257D-07  0.294293637596D-07
 -0.240704140030D-08 -0.639735360480D-09  0.186789410713D-07 -0.240697181446D-08
  0.259218520589D-07  0.184094327036D-07 -0.416232007716D-07 -0.640046577267D-09
 -0.400279180884D-08  0.184086008664D-07 -0.120311901036D-07 -0.416206892733D-07
  0.688188232222D-07  0.688194473426D-07  0.388808547470D-07  0.388807228982D-07
  0.135283915111D-06  0.135282942441D-06 -0.963441648134D-08  0.963397657552D-08
 -0.168736412396D-07 -0.168741134461D-07 -0.690581412314D-09  0.689052451572D-09
 -0.125437588793D-06 -0.125437612996D-06 -0.912543194495D-07 -0.912551692274D-07
 -0.257925577229D-07 -0.257928292803D-07 -0.956548937036D-07 -0.956555787327D-07
 -0.121528200064D-06 -0.121517821291D-06 -0.297191695353D-07 -0.297151732994D-07
 -0.390863866368D-09 -0.380740659585D-09  0.280537323579D-07  0.280542528263D-07
  0.330107918934D-07  0.330124285001D-07  0.426034224879D-07  0.426017997440D-07
 -0.717824307556D-07 -0.717827106733D-07  0.102861218374D-06  0.102860728766D-06
 -0.564558868178D-07 -0.564329570232D-07  0.199829653868D-06  0.199737716116D-06
  0.135520630070D-06  0.135506407628D-06 -0.220634447616D-01  0.227174980094D-07
 -0.783368117579D-02  0.892725615899D-07  0.703296167576D-01  0.186864743562D-06
  0.263633313589D-01 -0.814248789208D-08 -0.111974005703D-06 -0.439032074492D-01
  0.324487952885D+00  0.235162113751D-02  0.365427225631D-03 -0.172406061260D-03
  0.280766571616D-03 -0.437549746111D-03  0.160210729863D-03  0.365501821637D-03
  0.235156694250D-02 -0.115829185777D-02  0.347544416186D-03  0.160210047475D-03
 -0.115829115209D-02  0.280760195055D-03  0.100621399879D-02 -0.111288610610D-02
  0.347537169202D-03 -0.437541115947D-03  0.100622357757D-02 -0.172374258467D-03
 -0.111292023134D-02  0.308394541964D-02  0.308394882474D-02  0.294236520022D-03
  0.294242049672D-03  0.626689871699D-02  0.626691714512D-02  0.252429582468D-03
 -0.252423654594D-03 -0.758858010856D-03 -0.758848089464D-03  0.301196487012D-03
 -0.301190165777D-03 -0.642465156613D-02 -0.642464614677D-02 -0.241632190223D-02
 -0.241630636106D-02 -0.526211258000D-03 -0.526213391085D-03 -0.488520762434D-02
 -0.488519504996D-02 -0.296470857026D-02 -0.296476166510D-02 -0.170145165144D-02
 -0.170151213813D-02  0.334404456613D-03  0.334353516863D-03  0.869548622393D-03
  0.869543285659D-03  0.464853431153D-02  0.464852320257D-02  0.128428480903D-02
  0.128430068344D-02 -0.355720986423D-02 -0.355718769142D-02  0.622574098716D-02
  0.622575330953D-02  0.267320595806D-02  0.267297628275D-02 -0.355197221135D-02
 -0.355146374653D-02  0.454582949291D-02  0.454597438818D-02 -0.595902927688D-07
 -0.209563005931D-01 -0.530194406562D-07  0.341127097640D-02 -0.418420653041D-10
 -0.228431198602D-01  0.466483948070D-07  0.565323745270D-01  0.234566764785D-01
  0.882389006210D-07 -0.881073519303D-07  0.424118242698D+00  0.143264925340D-07
 -0.359560677696D-08 -0.449583809175D-08  0.114521899535D-07 -0.160581277816D-08
  0.953248119725D-08 -0.359894627104D-08  0.143290474875D-07  0.548434182218D-08
  0.599565570297D-08  0.953261516131D-08  0.548450311577D-08  0.114524804711D-07
  0.102517198306D-07 -0.186047167174D-07  0.599565273949D-08 -0.160598984743D-08
  0.102515487218D-07 -0.449739723888D-08 -0.186036787106D-07  0.338711950579D-07
  0.338713978459D-07  0.179044860751D-07  0.179043610207D-07  0.679236317953D-07
  0.679232735479D-07 -0.233392968925D-08  0.233379107283D-08 -0.880399649481D-08
 -0.880422240023D-08 -0.151504984002D-08  0.151457781286D-08 -0.611786323611D-07
 -0.611786528563D-07 -0.444445301815D-07 -0.444448438425D-07 -0.134923963310D-07
 -0.134924050461D-07 -0.394460798137D-07 -0.394463390135D-07 -0.492553360146D-07
 -0.492526541189D-07 -0.172206682211D-07 -0.172189160373D-07 -0.443174217576D-08
 -0.442856879524D-08  0.111735902166D-07  0.111736768226D-07  0.142512978057D-07
  0.142519168848D-07  0.213874801270D-07  0.213868960063D-07 -0.295755870165D-07
 -0.295748746321D-07  0.439152802096D-07  0.439151068308D-07 -0.282867405282D-07
 -0.282778202029D-07  0.390940626786D-07  0.390674655770D-07  0.851958918860D-08
  0.851455745141D-08 -0.132387300733D-01  0.160200593850D-07 -0.114707308572D-01
  0.425796640181D-07  0.569243281139D-01  0.751464714746D-07 -0.534712967725D-01
 -0.862324375910D-08 -0.460398696819D-07 -0.706924438641D-02 -0.671121551397D-01
 -0.432050216730D-07  0.393101877766D+00  0.158958910075D-02  0.434291312417D-04
 -0.213543561308D-03 -0.304812467608D-03 -0.223779962941D-03 -0.402775997502D-03
  0.435826357325D-04  0.158948350680D-02 -0.439109937742D-03  0.101474802668D-02
 -0.402779530482D-03 -0.439098790722D-03 -0.304833856436D-03  0.451376085732D-03
 -0.468256444736D-03  0.101474030644D-02 -0.223765661645D-03  0.451391264375D-03
 -0.213467728343D-03 -0.468297700728D-03  0.294030854966D-02  0.294030551300D-02
  0.140582781596D-02  0.140583121871D-02  0.619668332077D-02  0.619670543031D-02
 -0.198790409253D-03  0.198799199452D-03 -0.456895471251D-03 -0.456883318335D-03
  0.127791408781D-02 -0.127789294308D-02 -0.333409458928D-02 -0.333409446049D-02
 -0.216921172787D-02 -0.216919107859D-02 -0.625517967923D-03 -0.625508815921D-03
 -0.115203693992D-02 -0.115201774643D-02 -0.971660414253D-03 -0.971838571561D-03
 -0.145687383405D-02 -0.145695522782D-02 -0.478328871274D-03 -0.478462079032D-03
  0.316038316626D-03  0.316026952319D-03  0.126286130675D-02  0.126284057861D-02
  0.205409366034D-02  0.205411902995D-02 -0.162465075524D-02 -0.162457488508D-02
  0.254462273367D-02  0.254464202560D-02  0.387486531535D-02  0.387456250733D-02
 -0.377881009952D-02 -0.377739139344D-02  0.893849586565D-03  0.894095118650D-03
 -0.812882660325D-07 -0.703853664706D-01 -0.468413441828D-07  0.337654669271D-02
 -0.198546025559D-07 -0.727995830149D-01  0.801700706540D-07 -0.187617686503D-01
  0.188588045306D-01  0.135269265792D-06 -0.121678153524D-06 -0.419917598311D-01
 -0.513819404204D-07  0.331045684412D+00 -0.642327428144D-08  0.179268999852D-08
  0.805537202660D-09 -0.936625359965D-09  0.987609190676D-09 -0.598301052928D-08
  0.178897704191D-08 -0.642106450153D-08 -0.229443167436D-07 -0.237663749684D-07
 -0.598295677929D-08 -0.229448865584D-07 -0.935766728737D-09 -0.126368724360D-07
  0.401090148723D-08 -0.237666615908D-07  0.987020828616D-09 -0.126374207366D-07
  0.803534055320D-09  0.401090945484D-08 -0.319154998326D-07 -0.319153144661D-07
 -0.122693786773D-07 -0.122691490750D-07 -0.675930592268D-07 -0.675932263581D-07
 -0.900759052576D-08  0.900743055508D-08  0.669666113362D-08  0.669671779619D-08
  0.318211240833D-08 -0.318268705507D-08  0.459789703275D-07  0.459790702964D-07
  0.350452752169D-07  0.350451031301D-07  0.149956737372D-07  0.149952302975D-07
  0.324339457004D-08  0.324325200645D-08  0.168820826957D-08  0.169414753419D-08
  0.234981077868D-07  0.234979874038D-07  0.243726524520D-07  0.243761967901D-07
  0.212541973353D-08  0.212586215018D-08 -0.195930575746D-08 -0.195908970789D-08
 -0.215453052514D-07 -0.215455970200D-07  0.419661909364D-08  0.419328819487D-08
 -0.108527734484D-07 -0.108529569571D-07  0.265177559031D-07  0.265193860361D-07
  0.171813593982D-06  0.171772137983D-06  0.204414367566D-06  0.204411063256D-06
 -0.222671994599D-01 -0.426932802577D-07  0.285603829116D-01 -0.308366616194D-07
 -0.731652273251D-01  0.674514768870D-08 -0.165794318991D-01  0.198558605608D-07
  0.945424291555D-09 -0.613391893140D-01  0.450920807779D-02  0.291757597958D-07
  0.358170750518D-01  0.238631371647D-08  0.353146801981D+00 -0.122074069024D-02
 -0.136790732912D-02 -0.554734281495D-03 -0.294657313459D-03  0.592647851055D-03
 -0.633858094583D-03 -0.136792666985D-02 -0.122072526048D-02  0.210701582783D-02
  0.258187717965D-02 -0.633855067432D-03  0.210701840412D-02 -0.294661079687D-03
 -0.970862449387D-03  0.101944094307D-03  0.258187825142D-02  0.592650081416D-03
 -0.970860259173D-03 -0.554741492060D-03  0.101945841497D-03  0.729062643019D-03
  0.729062852847D-03  0.250211760523D-02  0.250211647325D-02  0.753350229353D-03
  0.753350787747D-03 -0.355937454702D-03  0.355936107679D-03 -0.921161078631D-04
 -0.921174951380D-04  0.333115627934D-02 -0.333115353590D-02  0.490736072899D-02
  0.490736154384D-02 -0.828351058003D-03 -0.828349087024D-03 -0.469815905995D-03
 -0.469809301865D-03  0.578428370283D-02  0.578429056830D-02  0.581611486768D-03
  0.581597030861D-03  0.107282914719D-02  0.107282302936D-02 -0.179323944526D-02
 -0.179322109268D-02 -0.423229075225D-03 -0.423230780565D-03 -0.681267851931D-02
 -0.681267487643D-02  0.201785962206D-02  0.201786570113D-02  0.242799541517D-02
  0.242804013130D-02 -0.581707601482D-02 -0.581706832248D-02  0.379005004185D-02
  0.379011766478D-02  0.167760369031D-01  0.167759924604D-01  0.885925076106D-03
  0.885926255254D-03  0.174243299143D-07 -0.665594399583D-01  0.846359556690D-08
  0.296161008129D-01 -0.162657462402D-07 -0.753812221576D-01 -0.126267552289D-07
 -0.340100930685D-01 -0.878004198931D-01 -0.482723993736D-07  0.156510683836D-07
  0.139762571358D-01  0.111162610993D-07 -0.913405199555D-01 -0.101946317076D-07
  0.355112708852D+00  0.858491571573D-08 -0.163264831469D-07 -0.154196182025D-07
  0.338948530226D-07 -0.310693849479D-08  0.220797920241D-07 -0.163511744996D-07
  0.860204996112D-08 -0.400647616681D-07 -0.576054818472D-07  0.220804122623D-07
 -0.400654156942D-07  0.338985543843D-07  0.398230868495D-08 -0.384429877553D-07
 -0.576066774671D-07 -0.310967079567D-08  0.397976275055D-08 -0.154317126459D-07
 -0.384383885577D-07  0.500718584387D-08  0.500846795076D-08  0.253349961072D-07
  0.253351386731D-07  0.131880159917D-07  0.131858932350D-07 -0.380307047464D-07
  0.380296435749D-07 -0.177786054110D-08 -0.177856493364D-08 -0.750367105656D-08
  0.750013276802D-08 -0.729410843775D-07 -0.729411670410D-07 -0.483387169507D-07
 -0.483405687910D-07 -0.120408248713D-07 -0.120418936125D-07 -0.114001200118D-06
 -0.114002680621D-06 -0.152342690065D-06 -0.152315374580D-06  0.144577733974D-07
  0.144645744285D-07  0.216190125127D-07  0.216421011392D-07  0.323392759003D-07
  0.323409743456D-07  0.324750266779D-07  0.324781685530D-07  0.266418690144D-08
  0.266074434098D-08 -0.748876738128D-07 -0.748937299541D-07  0.951890313199D-07
  0.951878315410D-07 -0.612713511980D-07 -0.612275860138D-07  0.566067720152D-06
  0.565843393444D-06  0.482017421476D-06  0.481987146135D-06  0.333655427693D-01
 -0.248912693015D-07 -0.146385626793D-01  0.452736638501D-07  0.133908471451D-01
  0.193962010645D-06  0.551666204506D-01  0.479390706609D-08 -0.122144959887D-06
  0.218674672751D-01  0.162479443966D-01 -0.699671280507D-07  0.546582783930D-01
 -0.160657974647D-06  0.218854887806D-01  0.172761328168D-07  0.426993456504D+00
 -0.898355516110D-03 -0.170417728988D-02 -0.463665397471D-03 -0.923229507501D-03
  0.108320389330D-03 -0.114355652464D-02 -0.170406337598D-02 -0.898423194667D-03
  0.469409469530D-03  0.118071901474D-02 -0.114356666567D-02  0.469437649205D-03
 -0.923252738907D-03 -0.938420973089D-04  0.957906949756D-03  0.118070990188D-02
  0.108317539141D-03 -0.938452002099D-04 -0.463592823441D-03  0.957920138073D-03
  0.413452472557D-02  0.413451238950D-02  0.291409524953D-02  0.291408708938D-02
  0.821836768518D-02  0.821836209857D-02  0.216585049955D-03 -0.216579862585D-03
  0.251494914943D-03  0.251496809565D-03 -0.317689951185D-02  0.317691907118D-02
  0.242446516625D-02  0.242444438033D-02 -0.303721443490D-02 -0.303721457374D-02
 -0.252103824327D-03 -0.252076227854D-03  0.499587632301D-02  0.499587784710D-02
  0.258992084127D-02  0.258968573116D-02 -0.374746680124D-02 -0.374746482356D-02
 -0.228313759444D-03 -0.228444297328D-03  0.314494069891D-03  0.314487837123D-03
 -0.754592637565D-02 -0.754593827964D-02  0.394431323983D-02  0.394430895660D-02
  0.370079146175D-02  0.370091777767D-02 -0.425098791648D-02 -0.425098202284D-02
 -0.481554813558D-02 -0.481552753941D-02 -0.142867050493D-01 -0.142850934625D-01
 -0.205722743929D-01 -0.205721663312D-01 -0.352640173296D-07  0.219067256309D-01
  0.287944214070D-07 -0.216397917916D-02 -0.233208331195D-07  0.157811690258D-01
  0.403479460712D-07 -0.573509531848D-01  0.800940483167D-01  0.959760953577D-07
 -0.220965385747D-07  0.642500802587D-01  0.271849971262D-08  0.483032233166D-01
 -0.660386034143D-07  0.327790418742D-01 -0.117310331224D-06  0.380863438434D+00
  0.194443029868D-07 -0.824695574861D-08 -0.919324293400D-08  0.166581233771D-07
 -0.291588689779D-08  0.987408904799D-08 -0.825557211616D-08  0.194504117921D-07
 -0.100208588658D-07 -0.654702827302D-08  0.987434355276D-08 -0.100209399680D-07
  0.166593082534D-07  0.987201139327D-08 -0.274765129039D-07 -0.654740708228D-08
 -0.291672126498D-08  0.987123776543D-08 -0.919743744389D-08 -0.274747648200D-07
  0.445190496646D-07  0.445195514063D-07  0.261028101927D-07  0.261028014419D-07
  0.857864110348D-07  0.857856924087D-07 -0.839015956162D-08  0.838980581070D-08
 -0.959043297753D-08 -0.959071665520D-08  0.428478615046D-09 -0.429725641738D-09
 -0.777755447311D-07 -0.777755536698D-07 -0.573508786744D-07 -0.573515071165D-07
 -0.144540749635D-07 -0.144543824937D-07 -0.664749112097D-07 -0.664754112644D-07
 -0.853685008541D-07 -0.853594687586D-07 -0.171943183691D-07 -0.171916701221D-07
  0.590541025496D-08  0.591359394510D-08  0.207294995889D-07  0.207300024121D-07
  0.216399688889D-07  0.216411739482D-07  0.272425695396D-07  0.272413355967D-07
 -0.500645088241D-07 -0.500656184933D-07  0.708745289547D-07  0.708741606846D-07
 -0.304128053993D-07 -0.303961998500D-07  0.182556170211D-06  0.182479420810D-06
  0.147878198617D-06  0.147867374111D-06 -0.444251262289D-02 -0.325953000719D-08
  0.560141125805D-02  0.612326583012D-07  0.572241829850D-03  0.120991032661D-06
  0.457860821519D-01  0.988591811671D-09 -0.607243373657D-07 -0.147182111706D-01
 -0.540713990643D-01 -0.556476458498D-07  0.275782389856D-01 -0.821907973745D-07
 -0.164740427846D-01  0.133865698716D-07 -0.326303507160D-01 -0.365353940678D-07
  0.438795910269D+00 -0.577618690758D-03  0.319682247571D-02  0.214619370037D-02
 -0.757407428486D-03 -0.130400007569D-03  0.372262605355D-03  0.319691219788D-02
 -0.577670696464D-03  0.133939451748D-02 -0.217732222434D-02  0.372252642385D-03
  0.133941194959D-02 -0.757425211250D-03 -0.714823125844D-03  0.196418880590D-02
 -0.217730551288D-02 -0.130397908572D-03 -0.714824361860D-03  0.214625168442D-02
  0.196423547215D-02 -0.549790132605D-02 -0.549791937251D-02 -0.305445140553D-02
 -0.305446666159D-02 -0.942576349765D-02 -0.942578843521D-02 -0.870646662659D-03
  0.870646424840D-03  0.165876327373D-02  0.165874834660D-02 -0.556283085708D-02
  0.556284554030D-02  0.542745322498D-02  0.542743435409D-02  0.487023393018D-02
  0.487021357443D-02  0.139447273229D-02  0.139448694291D-02  0.378031179524D-02
  0.378028763248D-02  0.795317873292D-02  0.795301450849D-02  0.858629075849D-04
  0.859573822268D-04  0.302746755621D-02  0.302733995467D-02 -0.137416436706D-02
 -0.137416842319D-02 -0.555927046236D-03 -0.555931440623D-03 -0.363763646208D-02
 -0.363765661322D-02  0.422254878061D-02  0.422256079898D-02 -0.521203444526D-02
 -0.521205814252D-02 -0.104220895680D-01 -0.104219545556D-01 -0.382481855345D-01
 -0.382469558392D-01 -0.150955696600D-01 -0.150956291233D-01  0.144250728088D-07
 -0.408152338077D-01  0.862256623752D-07  0.178627459173D-01 -0.264051262737D-07
 -0.513077752776D-01  0.252827217898D-07 -0.704111610876D-02  0.165792175341D+00
  0.451312531503D-07  0.815426225303D-07 -0.103560133489D-01  0.599336764380D-07
  0.192759177916D-01 -0.118854123294D-06  0.563962252449D-01 -0.118256912749D-06
 -0.526162801125D-01  0.177885749964D-07  0.284413358474D+00 -0.634112206776D-07
  0.195724743140D-07  0.317322715907D-07 -0.868768906968D-07  0.647784598343D-08
 -0.417880212908D-07  0.196267528967D-07 -0.634485016470D-07  0.107003451392D-06
  0.117877578991D-06 -0.417895105938D-07  0.107005743640D-06 -0.868852642484D-07
 -0.728912871044D-09  0.118401400195D-06  0.117879740341D-06  0.648352758287D-08
 -0.723586765981D-09  0.317593426101D-07  0.118392193322D-06 -0.440344691849D-07
 -0.440374451781D-07 -0.584127054232D-07 -0.584131853683D-07 -0.705344431284D-07
 -0.705301273739D-07  0.821208840235D-07 -0.821185757002D-07  0.209398377688D-07
  0.209413710395D-07 -0.479549697533D-08  0.480346128958D-08  0.187241241243D-06
  0.187240878772D-06  0.119508818372D-06  0.119512738839D-06  0.121760977365D-07
  0.121790877210D-07  0.298588123320D-06  0.298591347068D-06  0.386143180752D-06
  0.386079926079D-06 -0.260346834616D-07 -0.260490217045D-07 -0.114142335800D-06
 -0.114193795981D-06 -0.991949175901D-07 -0.991986971236D-07 -0.104493991964D-06
 -0.104500810184D-06 -0.183049798639D-07 -0.182978306301D-07  0.207906303594D-06
  0.207922589614D-06 -0.274904606934D-06 -0.274901865665D-06  0.665618401930D-07
  0.664723163988D-07 -0.145995210590D-05 -0.145944210544D-05 -0.140526196750D-05
 -0.140519585986D-05  0.718335907450D-01  0.984530869587D-07 -0.334202325301D-01
 -0.119420781264D-06  0.409725762385D-01 -0.659043872875D-06 -0.550718598252D-02
 -0.501113075863D-07  0.399480355957D-06  0.349798359071D-01  0.520298103694D-01
  0.152293214995D-06  0.142051544482D-01  0.397854138614D-06  0.232874216021D-01
 -0.923522186989D-08 -0.209081506425D-01  0.381672092837D-06  0.138563204795D-01
  0.282630930955D-06  0.364296173205D+00 -0.145189475119D-02  0.146875026205D-02
  0.356714421763D-03  0.219745398689D-03 -0.836952965635D-04  0.885699489521D-04
  0.146857621573D-02 -0.145178996728D-02 -0.418933904711D-03 -0.298393091399D-02
  0.885802802185D-04 -0.418972136645D-03  0.219783379055D-03 -0.101596657634D-02
 -0.752531173100D-03 -0.298392619195D-02 -0.837022735217D-04 -0.101597414581D-02
  0.356609599177D-03 -0.752542084552D-03 -0.259636898905D-02 -0.259635327045D-02
 -0.145460105413D-02 -0.145458994969D-02 -0.677487305046D-02 -0.677487059697D-02
  0.104695573462D-02 -0.104696331793D-02  0.190397077258D-03  0.190395567749D-03
  0.183131042050D-02 -0.183134020559D-02  0.255048054301D-02  0.255050202717D-02
  0.302736306113D-02  0.302735969127D-02  0.897787299376D-03  0.897752490368D-03
 -0.113483823538D-02 -0.113484311760D-02 -0.671667437275D-03 -0.671335463301D-03
  0.170571243752D-02  0.170571141801D-02  0.221631515154D-02  0.221650279319D-02
 -0.734680060561D-04 -0.734551437139D-04  0.445857891634D-02  0.445859643310D-02
 -0.280007937815D-02 -0.280008148967D-02 -0.202298477014D-02 -0.202316386076D-02
  0.824273389459D-03  0.824263434765D-03 -0.960722164471D-02 -0.960719914914D-02
  0.832409562552D-02  0.832181136813D-02  0.985016911213D-02  0.985000166372D-02
  0.569183369040D-07 -0.925391231940D-02 -0.255926578857D-07  0.571173915738D-01
  0.469952828705D-07  0.608047800004D-01 -0.697498818886D-07  0.125018845534D-02
 -0.243452648359D-01 -0.125073593026D-06  0.273759416138D-07  0.182303408855D-01
 -0.116460907534D-07  0.585825521518D-01  0.103206317168D-06 -0.158981370867D-01
  0.187543019356D-06  0.136375663813D-01  0.507567603635D-07  0.135533732691D-02
 -0.556978700109D-06  0.237632039572D+00
$end
