$coord
    0.00000000000000     -0.00000000000000      0.00000000000000  mo
   -0.00000000000000      0.00000000000000     -6.40113187008516  dy
   -0.00000000000000     -0.00000000000000      6.40113187008516  dy
    2.40919348866813      2.40919348866813     -2.52770989395719  s
   -2.40919348866813     -2.40919348866813     -2.52770989395719  s
    2.40919348866813     -2.40919348866813      2.52770989395719  s
   -2.40919348866813      2.40919348866813      2.52770989395719  s
    4.63361939552700     -1.56679064343434     -7.63018543083450  c
    3.56682567269609     -3.56682567269609     -6.19815896207447  c
    1.56679064343434     -4.63361939552700     -7.63018543083450  c
    1.38396540685849     -3.28504198844170     -9.94401307990780  c
    3.28504198844170     -1.38396540685849     -9.94401307990780  c
   -1.56679064343434      4.63361939552700     -7.63018543083450  c
   -3.56682567269609      3.56682567269609     -6.19815896207447  c
   -4.63361939552700      1.56679064343434     -7.63018543083450  c
   -3.28504198844170      1.38396540685849     -9.94401307990780  c
   -1.38396540685849      3.28504198844170     -9.94401307990780  c
    1.56679064343434      4.63361939552700      7.63018543083450  c
    1.38396540685849      3.28504198844170      9.94401307990780  c
    3.28504198844170      1.38396540685849      9.94401307990780  c
    4.63361939552700      1.56679064343434      7.63018543083450  c
    3.56682567269609      3.56682567269609      6.19815896207447  c
   -4.63361939552700     -1.56679064343434      7.63018543083450  c
   -3.28504198844170     -1.38396540685849      9.94401307990780  c
   -1.38396540685849     -3.28504198844170      9.94401307990780  c
   -1.56679064343434     -4.63361939552700      7.63018543083450  c
   -3.56682567269609     -3.56682567269609      6.19815896207447  c
    0.35489120560375     -6.19044139509039     -7.02755536530838  h
    0.04136421136328     -3.65679164533437    -11.46632092614626  h
    4.12950447475247     -4.12950447475247     -4.29596948992596  h
    3.65679164533437     -0.04136421136328    -11.46632092614626  h
    6.19044139509039     -0.35489120560375     -7.02755536530838  h
   -0.04136421136328      3.65679164533437    -11.46632092614626  h
   -0.35489120560374      6.19044139509039     -7.02755536530838  h
   -4.12950447475247      4.12950447475247     -4.29596948992596  h
   -6.19044139509039      0.35489120560374     -7.02755536530838  h
   -3.65679164533437      0.04136421136328    -11.46632092614626  h
   -0.35489120560374     -6.19044139509039      7.02755536530838  h
   -4.12950447475247     -4.12950447475247      4.29596948992596  h
   -6.19044139509039     -0.35489120560374      7.02755536530838  h
   -3.65679164533437     -0.04136421136328     11.46632092614626  h
   -0.04136421136328     -3.65679164533437     11.46632092614626  h
    0.04136421136328      3.65679164533437     11.46632092614626  h
    0.35489120560375      6.19044139509039      7.02755536530838  h
    4.12950447475247      4.12950447475247      4.29596948992596  h
    3.65679164533437      0.04136421136328     11.46632092614626  h
    6.19044139509039      0.35489120560375      7.02755536530838  h
$user-defined bonds
$end
