$coord
    0.00000000000000      0.00000000000000      0.00000000000000  mo
   -0.00000000000000     -0.00000000000000     -6.56238702976822  y
    2.36449760885317      2.36504088064808     -2.60777753773994  s
   -2.36449760885317     -2.36504088064808     -2.60777753773994  s
    2.36449760885317     -2.36504088064808      2.60777753773994  s
   -2.36449760885317      2.36504088064808      2.60777753773994  s
    4.68104465345215     -1.59784174706027     -7.51677957521163  c
    3.54813867154085     -3.54775616807402     -6.04183137670370  c
    1.59884132295918     -4.68132043170461     -7.51711048561510  c
    1.54745820673356     -3.45852629188436     -9.92290082657991  c
    3.45844312839228     -1.54670664645033     -9.92268939830215  c
   -1.59884132295918      4.68132043170461     -7.51711048561510  c
   -3.54813867154085      3.54775616807402     -6.04183137670370  c
   -4.68104465345215      1.59784174706027     -7.51677957521163  c
   -3.45844312839228      1.54670664645033     -9.92268939830215  c
   -1.54745820673356      3.45852629188436     -9.92290082657991  c
    0.04544978131728     -6.93743688148627     -6.76498020856184  c
    0.10804352309421     -4.39250732964150    -12.18474915674543  c
    4.39451981336329     -4.39410498541112     -3.47486578940009  c
    4.39260856593726     -0.10735955325369    -12.18450107168524  c
    6.93740753470407     -0.04472369795049     -6.76476356871439  c
   -0.10804352309421      4.39250732964150    -12.18474915674543  c
   -4.39451981336329      4.39410498541112     -3.47486578940009  c
   -6.93740753470407      0.04472369795049     -6.76476356871439  c
   -4.39260856593726      0.10735955325369    -12.18450107168524  c
    5.86866149835278     -5.86811006761291     -3.62692459813336  h
    2.82242701503878     -5.18002332853483     -2.36758270406489  h
   -2.82242701503878      5.18002332853483     -2.36758270406489  h
   -5.86866149835278      5.86811006761291     -3.62692459813336  h
    5.18020339435145     -2.82203340734823     -2.36744524150956  h
   -5.18020339435145      2.82203340734823     -2.36744524150956  h
    6.94105966420180      1.81551394103811     -7.69888059439468  h
    8.71964415941144     -1.00374835280884     -7.28888451098743  h
    6.96839459633370      0.29374101036631     -4.71438070633801  h
   -6.94105966420180     -1.81551394103811     -7.69888059439468  h
   -8.71964415941144      1.00374835280884     -7.28888451098743  h
   -6.96839459633370     -0.29374101036631     -4.71438070633801  h
   -0.04544978131728      6.93743688148627     -6.76498020856184  c
   -1.00385026752350      8.71997294739152     -7.28908408822037  h
    1.81484314242700      6.94060306479671     -7.69902584950067  h
    0.29278218420244      6.96828468566842     -4.71455283399836  h
    1.00385026752350     -8.71997294739152     -7.28908408822037  h
   -1.81484314242700     -6.94060306479671     -7.69902584950067  h
    2.94971273403744      0.02745341092690    -13.67204253331922  h
   -2.94971273403744     -0.02745341092690    -13.67204253331922  h
   -1.05599749202866      6.05649437429178    -13.02370083394596  h
    1.05599749202866     -6.05649437429178    -13.02370083394596  h
   -0.29278218420244     -6.96828468566842     -4.71455283399836  h
   -0.00000000000000      0.00000000000000      6.56238702976822  y
    1.59884132295918      4.68132043170461      7.51711048561510  c
   -1.59884132295918     -4.68132043170461      7.51711048561510  c
    4.68104465345215      1.59784174706027      7.51677957521163  c
   -4.68104465345215     -1.59784174706027      7.51677957521163  c
    3.54813867154085      3.54775616807402      6.04183137670370  c
   -3.54813867154085     -3.54775616807402      6.04183137670370  c
    3.45844312839228      1.54670664645033      9.92268939830215  c
   -3.45844312839228     -1.54670664645033      9.92268939830215  c
    1.54745820673356      3.45852629188436      9.92290082657991  c
   -1.54745820673356     -3.45852629188436      9.92290082657991  c
    6.93740753470407      0.04472369795049      6.76476356871439  c
   -6.93740753470407     -0.04472369795049      6.76476356871439  c
    0.04544978131728      6.93743688148627      6.76498020856184  c
   -0.04544978131728     -6.93743688148627      6.76498020856184  c
    4.39260856593726      0.10735955325369     12.18450107168524  c
   -4.39260856593726     -0.10735955325369     12.18450107168524  c
    0.10804352309421      4.39250732964150     12.18474915674543  c
   -0.10804352309421     -4.39250732964150     12.18474915674543  c
    4.39451981336329      4.39410498541112      3.47486578940009  c
   -4.39451981336329     -4.39410498541112      3.47486578940009  c
    5.86866149835278      5.86811006761291      3.62692459813336  h
   -5.86866149835278     -5.86811006761291      3.62692459813336  h
    5.18020339435145      2.82203340734823      2.36744524150956  h
   -5.18020339435145     -2.82203340734823      2.36744524150956  h
    2.82242701503878      5.18002332853483      2.36758270406489  h
   -2.82242701503878     -5.18002332853483      2.36758270406489  h
   -1.81484314242700      6.94060306479671      7.69902584950067  h
    1.81484314242700     -6.94060306479671      7.69902584950067  h
    6.94105966420180     -1.81551394103811      7.69888059439468  h
   -6.94105966420180      1.81551394103811      7.69888059439468  h
    1.00385026752350      8.71997294739152      7.28908408822037  h
   -1.00385026752350     -8.71997294739152      7.28908408822037  h
    8.71964415941144      1.00374835280884      7.28888451098743  h
   -8.71964415941144     -1.00374835280884      7.28888451098743  h
   -0.29278218420244      6.96828468566842      4.71455283399836  h
    0.29278218420244     -6.96828468566842      4.71455283399836  h
    6.96839459633370     -0.29374101036631      4.71438070633801  h
   -6.96839459633370      0.29374101036631      4.71438070633801  h
    4.98093096796048     -1.82943045667425     11.70420496643834  h
   -1.82869892657526     -4.98097715109921    -11.70429001354542  h
    1.82869892657526      4.98097715109921    -11.70429001354542  h
   -0.02689851344842      2.94950221826921     13.67215629072757  h
    0.02689851344842     -2.94950221826921     13.67215629072757  h
    2.94971273403744     -0.02745341092690     13.67204253331922  h
   -0.02689851344842     -2.94950221826921    -13.67215629072757  h
   -2.94971273403744      0.02745341092690     13.67204253331922  h
    0.02689851344842      2.94950221826921    -13.67215629072757  h
   -4.98093096796048      1.82943045667425     11.70420496643834  h
    1.82869892657526     -4.98097715109921     11.70429001354542  h
   -4.98093096796048     -1.82943045667425    -11.70420496643834  h
   -1.82869892657526      4.98097715109921     11.70429001354542  h
    4.98093096796048      1.82943045667425    -11.70420496643834  h
   -6.05669550775840     -1.05541906993696     13.02316817907703  h
    6.05669550775840      1.05541906993696     13.02316817907703  h
   -1.05599749202866     -6.05649437429178     13.02370083394596  h
   -6.05669550775840      1.05541906993696    -13.02316817907703  h
    1.05599749202866      6.05649437429178     13.02370083394596  h
    6.05669550775840     -1.05541906993696    -13.02316817907703  h
$user-defined bonds
$redundant
     number_of_atoms           107
     degrees_of_freedom         79
     internal_coordinates       97
     frozen_coordinates          0
# definitions of redundant internals
   1 k  1.0000000000000 stre   19   26           val=   2.09155
   2 k  1.0000000000000 stre   21   34           val=   2.07890
   3 k  1.0000000000000 stre   17   48           val=   2.07890
   4 k  1.0000000000000 stre   17   43           val=   2.08183
   5 k  1.0000000000000 stre   20   44           val=   2.07743
   6 k  1.0000000000000 stre   20  101           val=   2.08109
   7 k  1.0000000000000 stre   18   94           val=   2.07743
   8 k  1.0000000000000 stre   18   89           val=   2.08109
   9 k  1.0000000000000 stre   18   47           val=   2.09173
  10 k  1.0000000000000 stre    9   17           val=   2.84539
  11 k  1.0000000000000 stre   10   18           val=   2.84425
  12 k  1.0000000000000 stre   11   20           val=   2.84425
  13 k  1.0000000000000 stre    7   21           val=   2.84539
  14 k  1.0000000000000 stre   19   30           val=   2.07787
  15 k  1.0000000000000 stre   17   42           val=   2.09156
  16 k  1.0000000000000 stre   21   32           val=   2.08183
  17 k  1.0000000000000 stre   21   33           val=   2.09156
  18 k  1.0000000000000 stre    8   19           val=   2.83790
  19 k  1.0000000000000 stre   20  107           val=   2.09173
  20 k  1.0000000000000 stre   19   27           val=   2.07787
  21 k  0.4460607661045 bend   89   94   18      val=   1.90554
        0.4136115875334 bend   47   94   18
        0.4111755028194 bend   47   89   18
       -0.3916414182406 bend   10   94   18
       -0.3917223252516 bend   10   89   18
       -0.3925055068397 bend   10   47   18
  22 k  0.4460607661045 bend  101   44   20      val=   1.90554
        0.4136115875334 bend  107   44   20
        0.4111755028194 bend  107  101   20
       -0.3916414182406 bend   11   44   20
       -0.3917223252516 bend   11  101   20
       -0.3925055068397 bend   11  107   20
  23 k  0.4158935058555 bend   30   27   19      val=   1.70913
        0.4249578398157 bend   26   27   19
        0.4249578398157 bend   26   30   19
       -0.3988580539013 bend    8   27   19
       -0.3988580539013 bend    8   30   19
       -0.3842899507165 bend    8   26   19
  24 k  0.4241803180908 bend   43   48   17      val=   1.71158
        0.4274768183148 bend   42   48   17
        0.4142063824082 bend   42   43   17
       -0.3939974836606 bend    9   48   17
       -0.3983276145665 bend    9   43   17
       -0.3897034701705 bend    9   42   17
  25 k  0.4241803180908 bend   32   34   21      val=   1.71158
        0.4274768183148 bend   33   34   21
        0.4142063824082 bend   33   32   21
       -0.3939974836606 bend    7   34   21
       -0.3983276145665 bend    7   32   21
       -0.3897034701705 bend    7   33   21
  26 k  1.0000000000000 tors   48   17    9    2 val=  62.34247
        1.0000000000000 tors   48   17    9    8
        1.0000000000000 tors   48   17    9   10
        1.0000000000000 tors   43   17    9    2
        1.0000000000000 tors   43   17    9    8
        1.0000000000000 tors   43   17    9   10
        1.0000000000000 tors   42   17    9    2
        1.0000000000000 tors   42   17    9    8
        1.0000000000000 tors   42   17    9   10
  27 k  1.0000000000000 tors   34   21    7    2 val=  57.65753
        1.0000000000000 tors   34   21    7    8
        1.0000000000000 tors   34   21    7   11
        1.0000000000000 tors   32   21    7    2
        1.0000000000000 tors   32   21    7    8
        1.0000000000000 tors   32   21    7   11
        1.0000000000000 tors   33   21    7    2
        1.0000000000000 tors   33   21    7    8
        1.0000000000000 tors   33   21    7   11
  28 k  1.0000000000000 tors   94   18   10    2 val=  69.17091
        1.0000000000000 tors   94   18   10    9
        1.0000000000000 tors   94   18   10   11
        1.0000000000000 tors   89   18   10    2
        1.0000000000000 tors   89   18   10    9
        1.0000000000000 tors   89   18   10   11
        1.0000000000000 tors   47   18   10    2
        1.0000000000000 tors   47   18   10    9
        1.0000000000000 tors   47   18   10   11
  29 k  1.0000000000000 tors   44   20   11    2 val=  90.82909
        1.0000000000000 tors   44   20   11    7
        1.0000000000000 tors   44   20   11   10
        1.0000000000000 tors  101   20   11    2
        1.0000000000000 tors  101   20   11    7
        1.0000000000000 tors  101   20   11   10
        1.0000000000000 tors  107   20   11    2
        1.0000000000000 tors  107   20   11    7
        1.0000000000000 tors  107   20   11   10
  30 k  1.0000000000000 tors   27   19    8    2 val=  60.00000
        1.0000000000000 tors   27   19    8    7
        1.0000000000000 tors   27   19    8    9
        1.0000000000000 tors   30   19    8    2
        1.0000000000000 tors   30   19    8    7
        1.0000000000000 tors   30   19    8    9
        1.0000000000000 tors   26   19    8    2
        1.0000000000000 tors   26   19    8    7
        1.0000000000000 tors   26   19    8    9
  31 k  0.5970738609086 bend   26   27   19      val=   0.00000
       -0.5970738609086 bend   26   30   19
        0.3788176403228 bend    8   27   19
       -0.3788176403228 bend    8   30   19
  32 k -0.6822192926455 bend   30   27   19      val=   0.26381
        0.3344343719606 bend   26   27   19
        0.3344343719606 bend   26   30   19
       -0.2215450297665 bend    8   27   19
       -0.2215450297665 bend    8   30   19
        0.4612155006246 bend    8   26   19
  33 k -0.0011404696442 bend   32   34   21      val=   0.01831
       -0.5890631806242 bend   33   34   21
        0.6035538096620 bend   33   32   21
       -0.3862868708482 bend    7   34   21
        0.3734972781697 bend    7   32   21
        0.0028816687137 bend    7   33   21
  34 k -0.0011404696441 bend   43   48   17      val=   0.01831
       -0.5890631806242 bend   42   48   17
        0.6035538096620 bend   42   43   17
       -0.3862868708482 bend    9   48   17
        0.3734972781697 bend    9   43   17
        0.0028816687137 bend    9   42   17
  35 k -0.1685952242259 bend   89   94   18      val=   0.16938
       -0.4813268267807 bend   47   94   18
        0.6621187401961 bend   47   89   18
       -0.4329565914031 bend   10   94   18
        0.3202409502670 bend   10   89   18
        0.1072065007509 bend   10   47   18
  36 k -0.1685952242259 bend  101   44   20      val=   0.16938
       -0.4813268267807 bend  107   44   20
        0.6621187401961 bend  107  101   20
       -0.4329565914031 bend   11   44   20
        0.3202409502670 bend   11  101   20
        0.1072065007509 bend   11  107   20
  37 k -0.6769541959647 bend   32   34   21      val=   0.22484
        0.3460759388109 bend   33   34   21
        0.3330793716924 bend   33   32   21
       -0.2233934744211 bend    7   34   21
       -0.2290593310529 bend    7   32   21
        0.4567819739642 bend    7   33   21
  38 k -0.6769541959647 bend   43   48   17      val=   0.22484
        0.3460759388109 bend   42   48   17
        0.3330793716924 bend   42   43   17
       -0.2233934744211 bend    9   48   17
       -0.2290593310529 bend    9   43   17
        0.4567819739642 bend    9   42   17
  39 k -0.6430671113365 bend  101   44   20      val=   0.95715
        0.4880906185460 bend  107   44   20
        0.1972701393143 bend  107  101   20
       -0.1222457162891 bend   11   44   20
       -0.3238204965616 bend   11  101   20
        0.4353309102226 bend   11  107   20
  40 k -0.6430671113365 bend   89   94   18      val=   0.95715
        0.4880906185460 bend   47   94   18
        0.1972701393143 bend   47   89   18
       -0.1222457162891 bend   10   94   18
       -0.3238204965616 bend   10   89   18
        0.4353309102226 bend   10   47   18
  41 k  0.7071067811865 bend    7   19    8      val=   0.00000
       -0.7071067811865 bend    9   19    8
  42 k  0.7071384497482 bend    8   17    9      val=   0.49598
       -0.7070515361590 bend   10   17    9
        0.0057739157367 bend    2   17    9
  43 k  0.7071384497482 bend    8   21    7      val=   0.49598
       -0.7070515361590 bend   11   21    7
        0.0057739157367 bend    2   21    7
  44 k  0.7067919156568 bend    9   18   10      val=   0.73381
       -0.7072286879834 bend   11   18   10
        0.0165157759573 bend    2   18   10
  45 k  0.7067919156568 bend    7   20   11      val=   0.73381
       -0.7072286879834 bend   10   20   11
        0.0165157759573 bend    2   20   11
  46 k  0.0386189593362 bend  101   44   20      val=   0.24183
        0.3675765884079 bend  107   44   20
       -0.4078575150348 bend  107  101   20
       -0.6198891767843 bend   11   44   20
        0.5550555753229 bend   11  101   20
        0.0685491930831 bend   11  107   20
  47 k  0.0386189593362 bend   89   94   18      val=   0.24183
        0.3675765884079 bend   47   94   18
       -0.4078575150349 bend   47   89   18
       -0.6198891767843 bend   10   94   18
        0.5550555753229 bend   10   89   18
        0.0685491930831 bend   10   47   18
  48 k -0.4518296666637 bend   30   27   19      val=   0.83696
        0.2310436336688 bend   26   27   19
        0.2310436336688 bend   26   30   19
        0.3376903020173 bend    8   27   19
        0.3376903020173 bend    8   30   19
       -0.6789831742037 bend    8   26   19
  49 k -0.3788176403228 bend   26   27   19      val=   0.00000
        0.3788176403228 bend   26   30   19
        0.5970738609086 bend    8   27   19
       -0.5970738609086 bend    8   30   19
  50 k -0.0586571256407 bend   32   34   21      val=   0.50558
        0.4057660894872 bend   33   34   21
       -0.3471084291548 bend   33   32   21
       -0.5451615482196 bend    7   34   21
        0.6375384784693 bend    7   32   21
       -0.0881619841957 bend    7   33   21
  51 k -0.0586571256407 bend   43   48   17      val=   0.50558
        0.4057660894872 bend   42   48   17
       -0.3471084291548 bend   42   43   17
       -0.5451615482196 bend    9   48   17
        0.6375384784693 bend    9   43   17
       -0.0881619841957 bend    9   42   17
  52 k  0.4445331316807 bend   89   94   18      val=  -0.38233
       -0.2718844724318 bend   47   94   18
       -0.1903379094525 bend   47   89   18
       -0.2784772652386 bend   10   94   18
       -0.3860212445193 bend   10   89   18
        0.6824064919379 bend   10   47   18
  53 k  0.4445331316807 bend  101   44   20      val=  -0.38233
       -0.2718844724318 bend  107   44   20
       -0.1903379094525 bend  107  101   20
       -0.2784772652386 bend   11   44   20
       -0.3860212445193 bend   11  101   20
        0.6824064919379 bend   11  107   20
  54 k -0.4488181860095 bend   43   48   17      val=   0.24302
        0.1773178227328 bend   42   48   17
        0.2797856523768 bend   42   43   17
        0.4108777927089 bend    9   48   17
        0.2563148057187 bend    9   43   17
       -0.6740346980687 bend    9   42   17
  55 k -0.4488181860095 bend   32   34   21      val=   0.24302
        0.1773178227328 bend   33   34   21
        0.2797856523768 bend   33   32   21
        0.4108777927089 bend    7   34   21
        0.2563148057187 bend    7   32   21
       -0.6740346980688 bend    7   33   21
  56 k -0.0596705403054 bend    7   19    8      val=  95.13977
       -0.0596705403054 bend    9   19    8
        0.9964330651074 bend    2   19    8
  57 k -0.1353214716022 bend    9   18   10      val=  76.57913
       -0.1122488619566 bend   11   18   10
        0.9844228219179 bend    2   18   10
  58 k -0.1353214716022 bend    7   20   11      val=  76.57913
       -0.1122488619566 bend   10   20   11
        0.9844228219179 bend    2   20   11
  59 k -0.0736161357584 bend    8   17    9      val=  91.30352
       -0.0654987381700 bend   10   17    9
        0.9951334482642 bend    2   17    9
  60 k -0.0736161357584 bend    8   21    7      val=  91.30352
       -0.0654987381700 bend   11   21    7
        0.9951334482642 bend    2   21    7
  61 k  1.0000000000000 tors    2    3    1    4 val= 120.00000
        1.0000000000000 tors    2    3    1    5
        1.0000000000000 tors    2    3    1    6
  62 k  1.0000000000000 tors    1    3    2    4 val=  98.18182
        1.0000000000000 tors    1    3    2    7
        1.0000000000000 tors    1    3    2    8
        1.0000000000000 tors    1    3    2    9
        1.0000000000000 tors    1    3    2   10
        1.0000000000000 tors    1    3    2   11
        1.0000000000000 tors    1    3    2   12
        1.0000000000000 tors    1    3    2   13
        1.0000000000000 tors    1    3    2   14
        1.0000000000000 tors    1    3    2   15
        1.0000000000000 tors    1    3    2   16
  63 k  1.0000000000000 tors    8    7    2    3 val=  62.76513
        1.0000000000000 tors    8    7    2    4
        1.0000000000000 tors    8    7    2    9
        1.0000000000000 tors    8    7    2   10
        1.0000000000000 tors    8    7    2   12
        1.0000000000000 tors    8    7    2   13
        1.0000000000000 tors    8    7    2   15
        1.0000000000000 tors    8    7    2   16
        1.0000000000000 tors   11    7    2    3
        1.0000000000000 tors   11    7    2    4
        1.0000000000000 tors   11    7    2    9
        1.0000000000000 tors   11    7    2   10
        1.0000000000000 tors   11    7    2   12
        1.0000000000000 tors   11    7    2   13
        1.0000000000000 tors   11    7    2   15
        1.0000000000000 tors   11    7    2   16
  64 k  1.0000000000000 tors    8    9    2    3 val=  94.73487
        1.0000000000000 tors    8    9    2    4
        1.0000000000000 tors    8    9    2    7
        1.0000000000000 tors    8    9    2   11
        1.0000000000000 tors    8    9    2   13
        1.0000000000000 tors    8    9    2   14
        1.0000000000000 tors    8    9    2   15
        1.0000000000000 tors    8    9    2   16
        1.0000000000000 tors   10    9    2    3
        1.0000000000000 tors   10    9    2    4
        1.0000000000000 tors   10    9    2    7
        1.0000000000000 tors   10    9    2   11
        1.0000000000000 tors   10    9    2   13
        1.0000000000000 tors   10    9    2   14
        1.0000000000000 tors   10    9    2   15
        1.0000000000000 tors   10    9    2   16
  65 k  1.0000000000000 tors    7    8    2    3 val=  45.00000
        1.0000000000000 tors    7    8    2    4
        1.0000000000000 tors    7    8    2   10
        1.0000000000000 tors    7    8    2   11
        1.0000000000000 tors    7    8    2   12
        1.0000000000000 tors    7    8    2   14
        1.0000000000000 tors    7    8    2   15
        1.0000000000000 tors    7    8    2   16
        1.0000000000000 tors    9    8    2    3
        1.0000000000000 tors    9    8    2    4
        1.0000000000000 tors    9    8    2   10
        1.0000000000000 tors    9    8    2   11
        1.0000000000000 tors    9    8    2   12
        1.0000000000000 tors    9    8    2   14
        1.0000000000000 tors    9    8    2   15
        1.0000000000000 tors    9    8    2   16
  66 k  1.0000000000000 tors    7   11    2    3 val=  83.15073
        1.0000000000000 tors    7   11    2    4
        1.0000000000000 tors    7   11    2    8
        1.0000000000000 tors    7   11    2    9
        1.0000000000000 tors    7   11    2   12
        1.0000000000000 tors    7   11    2   13
        1.0000000000000 tors    7   11    2   14
        1.0000000000000 tors    7   11    2   15
        1.0000000000000 tors    7   11    2   16
        1.0000000000000 tors   10   11    2    3
        1.0000000000000 tors   10   11    2    4
        1.0000000000000 tors   10   11    2    8
        1.0000000000000 tors   10   11    2    9
        1.0000000000000 tors   10   11    2   12
        1.0000000000000 tors   10   11    2   13
        1.0000000000000 tors   10   11    2   14
        1.0000000000000 tors   10   11    2   15
        1.0000000000000 tors   10   11    2   16
  67 k  1.0000000000000 tors    9   10    2    3 val=  96.84927
        1.0000000000000 tors    9   10    2    4
        1.0000000000000 tors    9   10    2    7
        1.0000000000000 tors    9   10    2    8
        1.0000000000000 tors    9   10    2   12
        1.0000000000000 tors    9   10    2   13
        1.0000000000000 tors    9   10    2   14
        1.0000000000000 tors    9   10    2   15
        1.0000000000000 tors    9   10    2   16
        1.0000000000000 tors   11   10    2    3
        1.0000000000000 tors   11   10    2    4
        1.0000000000000 tors   11   10    2    7
        1.0000000000000 tors   11   10    2    8
        1.0000000000000 tors   11   10    2   12
        1.0000000000000 tors   11   10    2   13
        1.0000000000000 tors   11   10    2   14
        1.0000000000000 tors   11   10    2   15
        1.0000000000000 tors   11   10    2   16
  68 k  1.0000000000000 stre    1    3           val=   4.25271
  69 k -0.8013635996368 bend    4    3    1      val=   7.70102
        0.4229754018717 bend    5    3    1
        0.4229754018717 bend    6    3    1
  70 k  1.0000000000000 stre    2    3           val=   5.21974
  71 k  1.0000000000000 stre    2    7           val=   5.08885
  72 k  1.0000000000000 stre    2    9           val=   5.08885
  73 k  1.0000000000000 stre    2    8           val=   5.09074
  74 k  1.0000000000000 stre    7    8           val=   2.69790
  75 k  1.0000000000000 stre    9    8           val=   2.69790
  76 k  1.0000000000000 stre    2   11           val=   5.12516
  77 k  1.0000000000000 stre    7   11           val=   2.70248
  78 k  1.0000000000000 stre    2   10           val=   5.12516
  79 k  1.0000000000000 stre    9   10           val=   2.70248
  80 k  1.0000000000000 stre   11   10           val=   2.70626
  81 k -0.2219591000546 bend    4    3    2      val=  54.62362
       -0.0918808857825 bend    7    3    2
       -0.1679611236205 bend    7    4    2
       -0.1679611236205 bend    9    3    2
       -0.0918808857825 bend    9    4    2
        0.0219315073080 bend    9    7    2
        0.1483533985159 bend   12    7    2
        0.0919702229637 bend   13    7    2
       -0.1470276983902 bend    8    3    2
       -0.1470276983902 bend    8    4    2
        0.0919702229637 bend    8   12    2
       -0.0378777306395 bend   11    3    2
       -0.0587020461116 bend   11    4    2
        0.0593170289812 bend   11    9    2
        0.0347892615840 bend   11    8    2
       -0.0587020461116 bend   10    3    2
       -0.0378777306395 bend   10    4    2
        0.0593170289812 bend   10    7    2
        0.3289872763442 bend   10   12    2
        0.0347892615840 bend   10    8    2
        0.3289872763442 bend   15    7    2
        0.2517215483513 bend   15    9    2
        0.2983568963331 bend   15    8    2
        0.3017295690219 bend   15   11    2
        0.2688126638993 bend   15   10    2
        0.2517215483513 bend   16    7    2
        0.2983568963331 bend   16    8    2
        0.3017295690219 bend   16   10    2
  82 k -0.2532601938985 bend    7    3    2      val=   0.00000
        0.2999113903137 bend    7    4    2
       -0.2999113903137 bend    9    3    2
        0.2532601938985 bend    9    4    2
       -0.0053963234945 bend   13    7    2
       -0.2950775043656 bend    8    3    2
        0.2950775043656 bend    8    4    2
        0.0053963234945 bend    8   12    2
       -0.1875311612663 bend   11    3    2
        0.3796800106833 bend   11    4    2
        0.0947170469667 bend   11    9    2
        0.1051023279506 bend   11    8    2
       -0.3796800106833 bend   10    3    2
        0.1875311612663 bend   10    4    2
       -0.0947170469667 bend   10    7    2
        0.0949899564839 bend   10   12    2
       -0.1051023279506 bend   10    8    2
       -0.0949899564839 bend   15    7    2
       -0.0887328270160 bend   15    9    2
       -0.1056465341533 bend   15    8    2
       -0.1772346364849 bend   15   11    2
        0.0887328270160 bend   16    7    2
        0.1056465341533 bend   16    8    2
        0.1772346364849 bend   16   10    2
  83 k -0.1643584178720 bend    7    3    2      val=   0.00000
        0.1322106105317 bend    7    4    2
       -0.1322106105317 bend    9    3    2
        0.1643584178720 bend    9    4    2
        0.0404434060921 bend   13    7    2
       -0.1812969821137 bend    8    3    2
        0.1812969821137 bend    8    4    2
       -0.0404434060921 bend    8   12    2
       -0.2318726499602 bend   11    3    2
       -0.0215763433502 bend   11    4    2
       -0.1616536237319 bend   11    9    2
       -0.2241390426911 bend   11    8    2
        0.0215763433502 bend   10    3    2
        0.2318726499602 bend   10    4    2
        0.1616536237319 bend   10    7    2
       -0.2236737421672 bend   10   12    2
        0.2241390426911 bend   10    8    2
        0.2236737421672 bend   15    7    2
        0.1588497810247 bend   15    9    2
        0.2223317212251 bend   15    8    2
        0.4070714201119 bend   15   11    2
       -0.1588497810247 bend   16    7    2
       -0.2223317212251 bend   16    8    2
       -0.4070714201119 bend   16   10    2
  84 k -0.4385544644849 bend    4    3    2      val=   7.42367
        0.0517216666795 bend    7    3    2
       -0.1504243565378 bend    7    4    2
       -0.1504243565378 bend    9    3    2
        0.0517216666795 bend    9    4    2
       -0.0737906732010 bend    9    7    2
        0.1559779650385 bend   12    7    2
        0.1190720015883 bend   13    7    2
       -0.1701491932908 bend    8    3    2
       -0.1701491932908 bend    8    4    2
        0.1190720015883 bend    8   12    2
        0.2126146922556 bend   11    3    2
        0.1868001982522 bend   11    4    2
        0.1351414289638 bend   11    9    2
        0.3336131591422 bend   11    8    2
        0.1868001982522 bend   10    3    2
        0.2126146922556 bend   10    4    2
        0.1351414289638 bend   10    7    2
       -0.0267347332530 bend   10   12    2
        0.3336131591422 bend   10    8    2
       -0.0267347332530 bend   15    7    2
       -0.0231114871525 bend   15    9    2
        0.0483707386133 bend   15    8    2
       -0.2605136555013 bend   15   11    2
       -0.2807138823772 bend   15   10    2
       -0.0231114871525 bend   16    7    2
        0.0483707386133 bend   16    8    2
       -0.2605136555013 bend   16   10    2
  85 k  0.0752342190748 bend    4    3    2      val= -13.48158
       -0.2237768383457 bend    7    3    2
        0.1091887062593 bend    7    4    2
        0.1091887062593 bend    9    3    2
       -0.2237768383457 bend    9    4    2
        0.5133861923744 bend    9    7    2
       -0.4064657976284 bend   12    7    2
       -0.1922189854960 bend   13    7    2
       -0.1060608338710 bend    8    3    2
       -0.1060608338710 bend    8    4    2
       -0.1922189854960 bend    8   12    2
       -0.0897514444553 bend   11    3    2
        0.0571584255553 bend   11    4    2
        0.3093505373363 bend   11    9    2
        0.1655888371247 bend   11    8    2
        0.0571584255553 bend   10    3    2
       -0.0897514444553 bend   10    4    2
        0.3093505373363 bend   10    7    2
        0.0731881530976 bend   10   12    2
        0.1655888371247 bend   10    8    2
        0.0731881530976 bend   15    7    2
       -0.1483338313253 bend   15    9    2
        0.0880166140860 bend   15    8    2
        0.0181393405283 bend   15   11    2
       -0.0736137230963 bend   15   10    2
       -0.1483338313253 bend   16    7    2
        0.0880166140860 bend   16    8    2
        0.0181393405283 bend   16   10    2
  86 k  0.6897607664082 bend    4    3    2      val=  11.73851
       -0.1577176676584 bend    7    3    2
       -0.0559185809122 bend    7    4    2
       -0.0559185809122 bend    9    3    2
       -0.1577176676584 bend    9    4    2
       -0.2110771378923 bend    9    7    2
        0.2704131773955 bend   12    7    2
        0.1689392196114 bend   13    7    2
       -0.0991038550289 bend    8    3    2
       -0.0991038550289 bend    8    4    2
        0.1689392196114 bend    8   12    2
       -0.2205127084129 bend   11    3    2
       -0.0244405409886 bend   11    4    2
        0.0517730545144 bend   11    9    2
        0.2246130653924 bend   11    8    2
       -0.0244405409886 bend   10    3    2
       -0.2205127084129 bend   10    4    2
        0.0517730545144 bend   10    7    2
        0.0347922599588 bend   10   12    2
        0.2246130653924 bend   10    8    2
        0.0347922599588 bend   15    7    2
        0.0488869141937 bend   15    9    2
        0.0608836014411 bend   15    8    2
       -0.1202036950039 bend   15   11    2
       -0.1600124368047 bend   15   10    2
        0.0488869141937 bend   16    7    2
        0.0608836014411 bend   16    8    2
       -0.1202036950039 bend   16   10    2
  87 k  0.0484234321872 bend    7    3    2      val=   0.00000
       -0.2507426215241 bend    7    4    2
        0.2507426215241 bend    9    3    2
       -0.0484234321872 bend    9    4    2
        0.5192340146023 bend   13    7    2
       -0.1657383383498 bend    8    3    2
        0.1657383383498 bend    8    4    2
       -0.5192340146023 bend    8   12    2
       -0.0325608458362 bend   11    3    2
        0.0513845134026 bend   11    4    2
        0.1477820235581 bend   11    9    2
       -0.0562071801832 bend   11    8    2
       -0.0513845134026 bend   10    3    2
        0.0325608458362 bend   10    4    2
       -0.1477820235581 bend   10    7    2
       -0.1394147981522 bend   10   12    2
        0.0562071801832 bend   10    8    2
        0.1394147981522 bend   15    7    2
       -0.2913425629561 bend   15    9    2
        0.0674107890498 bend   15    8    2
       -0.0122315306983 bend   15   11    2
        0.2913425629561 bend   16    7    2
       -0.0674107890498 bend   16    8    2
        0.0122315306983 bend   16   10    2
  88 k  0.0609005303971 bend    4    3    2      val=   7.03818
        0.1789305981861 bend    7    3    2
        0.2025038713678 bend    7    4    2
        0.2025038713678 bend    9    3    2
        0.1789305981861 bend    9    4    2
       -0.0254243758823 bend    9    7    2
       -0.2055155442820 bend   12    7    2
        0.0206132466782 bend   13    7    2
       -0.2302368997604 bend    8    3    2
       -0.2302368997604 bend    8    4    2
        0.0206132466782 bend    8   12    2
        0.0377251634171 bend   11    3    2
       -0.1203724238203 bend   11    4    2
       -0.2858698318523 bend   11    9    2
        0.2084562707260 bend   11    8    2
       -0.1203724238203 bend   10    3    2
        0.0377251634171 bend   10    4    2
       -0.2858698318523 bend   10    7    2
       -0.2343863301742 bend   10   12    2
        0.2084562707260 bend   10    8    2
       -0.2343863301742 bend   15    7    2
       -0.0981383708117 bend   15    9    2
        0.3603326502924 bend   15    8    2
        0.0465234058725 bend   15   11    2
        0.1586550172482 bend   15   10    2
       -0.0981383708117 bend   16    7    2
        0.3603326502924 bend   16    8    2
        0.0465234058725 bend   16   10    2
  89 k -0.2836371777068 bend    7    3    2      val=   0.00000
       -0.2252393431603 bend    7    4    2
        0.2252393431603 bend    9    3    2
        0.2836371777068 bend    9    4    2
       -0.2246062688762 bend   13    7    2
        0.1687614483162 bend    8    3    2
       -0.1687614483163 bend    8    4    2
        0.2246062688762 bend    8   12    2
       -0.0758643039773 bend   11    3    2
        0.0739021756742 bend   11    4    2
       -0.1676816713261 bend   11    9    2
        0.1228405532100 bend   11    8    2
       -0.0739021756742 bend   10    3    2
        0.0758643039773 bend   10    4    2
        0.1676816713261 bend   10    7    2
       -0.3434605969280 bend   10   12    2
       -0.1228405532100 bend   10    8    2
        0.3434605969280 bend   15    7    2
       -0.3078997951043 bend   15    9    2
       -0.1476526781927 bend   15    8    2
        0.0299355944489 bend   15   11    2
        0.3078997951043 bend   16    7    2
        0.1476526781927 bend   16    8    2
       -0.0299355944489 bend   16   10    2
  90 k -0.2475652198239 bend    7    3    2      val=  -0.00000
       -0.0211771050446 bend    7    4    2
        0.0211771050446 bend    9    3    2
        0.2475652198239 bend    9    4    2
        0.1183787820338 bend   13    7    2
       -0.1722253307503 bend    8    3    2
        0.1722253307503 bend    8    4    2
       -0.1183787820338 bend    8   12    2
        0.2820673798344 bend   11    3    2
       -0.1192808900366 bend   11    4    2
       -0.4274682203044 bend   11    9    2
       -0.0707886895944 bend   11    8    2
        0.1192808900366 bend   10    3    2
       -0.2820673798344 bend   10    4    2
        0.4274682203044 bend   10    7    2
        0.0222084423458 bend   10   12    2
        0.0707886895944 bend   10    8    2
       -0.0222084423458 bend   15    7    2
        0.0592497413495 bend   15    9    2
        0.1148988927835 bend   15    8    2
       -0.3096002806913 bend   15   11    2
       -0.0592497413495 bend   16    7    2
       -0.1148988927835 bend   16    8    2
        0.3096002806913 bend   16   10    2
  91 k -0.1303257289802 bend    4    3    2      val=  10.40501
        0.2402754292348 bend    7    3    2
        0.0612761170714 bend    7    4    2
        0.0612761170714 bend    9    3    2
        0.2402754292348 bend    9    4    2
       -0.2429774067948 bend    9    7    2
        0.0534114127640 bend   12    7    2
        0.0700961948568 bend   13    7    2
       -0.0193193545214 bend    8    3    2
       -0.0193193545214 bend    8    4    2
        0.0700961948568 bend    8   12    2
       -0.3368740018914 bend   11    3    2
        0.2537245995130 bend   11    4    2
        0.1030661133703 bend   11    9    2
        0.0577683328587 bend   11    8    2
        0.2537245995130 bend   10    3    2
       -0.3368740018914 bend   10    4    2
        0.1030661133703 bend   10    7    2
        0.0311793786125 bend   10   12    2
        0.0577683328587 bend   10    8    2
        0.0311793786125 bend   15    7    2
       -0.2923082763018 bend   15    9    2
       -0.0601420474777 bend   15    8    2
        0.3246594342028 bend   15   11    2
       -0.1142915435904 bend   15   10    2
       -0.2923082763018 bend   16    7    2
       -0.0601420474777 bend   16    8    2
        0.3246594342028 bend   16   10    2
  92 k  1.0000000000000 bend    2    1    3      val=  88.75450
  93 k  1.0000000000000 bend   11    8    7      val= 108.12136
  94 k  1.0000000000000 bend    9    7    8      val= 107.99880
  95 k  1.0000000000000 bend   10    8    9      val= 108.12136
  96 k  1.0000000000000 bend   11    9   10      val= 107.87507
  97 k  1.0000000000000 bend   10    7   11      val= 107.87507
        79 non zero eigenvalues  of BmBt
           1           3.651798464    1    0
         1
           2           3.634571333    2    0
         2
           3           3.567241783    3    0
         3
           4           3.517254629    4    0
         4
           5           3.503082801    5    0
         5
           6           3.482332020    6    0
         6
           7           3.451310773    7    0
         7
           8           3.442697542    8    0
         8
           9           3.394546944    9    0
         9
          10           3.381204499   10    0
        10
          11           3.197633895   11    0
        11
          12           3.180195089   12    0
        12
          13           3.174231045   13    0
        13
          14           3.152528976   14    0
        14
          15           3.151307539   15    0
        15
          16           2.064723972   16    0
        16
          17           1.831890255   17    0
        17
          18           1.425242672   18    0
        18
          19           1.425086113   19    0
        19
          20           1.413156235   20    0
        20
          21           1.240012061   21    0
        21
          22           1.222424192   22    0
        22
          23           1.034488184   23    0
        23
          24           1.024831759   24    0
        24
          25           1.010593417   25    0
        25
          26           0.908784238   26    0
        26
          27           0.902439911   27    0
        27
          28           0.776184123   28    0
        28
          29           0.772675677   29    0
        29
          30           0.740842860   30    0
        30
          31           0.737268229   31    0
        31
          32           0.679853987   32    0
        32
          33           0.677908222   33    0
        33
          34           0.676977708   34    0
        34
          35           0.675098980   35    0
        35
          36           0.675063157   36    0
        36
          37           0.673534613   37    0
        37
          38           0.672817034   38    0
        38
          39           0.672159357   39    0
        39
          40           0.671885875   40    0
        40
          41           0.669513903   41    0
        41
          42           0.667752397   42    0
        42
          43           0.663754820   43    0
        43
          44           0.643803379   44    0
        44
          45           0.636012064   45    0
        45
          46           0.629939809   46    0
        46
          47           0.476475420   47    0
        47
          48           0.474700068   48    0
        48
          49           0.454975017   49    0
        49
          50           0.446646202   50    0
        50
          51           0.240801982   51    0
        51
          52           0.198106792   52    0
        52
          53           0.197716438   53    0
        53
          54           0.127312498   54    0
        54
          55           0.108258996   55    0
        55
          56           0.105807985   56    0
        56
          57           0.087104007   57    0
        57
          58           0.079977297   58    0
        58
          59           0.076024825   59    0
        59
          60           0.064747430   60    0
        60
          61           3.034463737    0    0
         0.000000000         0.000000000         0.000000000         0.000000000
         0.000000000         0.000000000         0.000000000         0.000000000
         0.000000000         0.000000000         0.000000000         0.000000000
         0.000000000         0.000000000         0.000000000         0.000000000
         0.000000000         0.000000000         0.000000000         0.000000000
         0.000000000         0.000000000         0.000000000         0.000000000
         0.000000000         0.000000000         0.000000000         0.000000000
         0.000000000         0.000000000         0.000000000         0.000000000
         0.000000000         0.000000000         0.000000000         0.000000000
         0.000000000         0.000000000         0.000000000         0.000000000
         0.000000000         0.000000000         0.000000000         0.000000000
         0.000000000         0.000000000         0.000000000         0.000000000
         0.000000000         0.000000000         0.000000000         0.000000000
         0.000000000         0.000000000         0.000000000         0.000000000
         0.000000000         0.000000000         0.000000000         0.000000000
        -0.000000000        -0.000000000         0.161743960        -0.161743960
         0.000000000        -0.006344225         0.006344225         0.010817349
         0.084191401        -0.583798640         0.032415936         0.032415936
        -0.221511489         0.028527180         0.028527180         0.431846180
         0.017495843         0.431846180         0.017495843        -0.015070776
        -0.411187798        -0.000000000        -0.000000000        -0.030131319
         0.017543380         0.005165783        -0.000000000         0.043519801
        -0.000000000        -0.000000000        -0.014481118        -0.015768247
        -0.007573249        -0.002757329        -0.007573249         0.008964797
         0.008964797
          62           1.217131009    0    0
         0.000000000         0.000000000         0.000000000         0.000000000
         0.000000000         0.000000000         0.000000000         0.000000000
         0.000000000         0.000000000         0.000000000         0.000000000
         0.000000000         0.000000000         0.000000000         0.000000000
         0.000000000         0.000000000         0.000000000         0.000000000
         0.000000000         0.000000000         0.000000000         0.000000000
         0.000000000         0.000000000         0.000000000         0.000000000
         0.000000000         0.000000000         0.000000000         0.000000000
         0.000000000         0.000000000         0.000000000         0.000000000
         0.000000000         0.000000000         0.000000000         0.000000000
         0.000000000         0.000000000         0.000000000         0.000000000
         0.000000000         0.000000000         0.000000000         0.000000000
         0.000000000         0.000000000         0.000000000         0.000000000
         0.000000000         0.000000000         0.000000000         0.000000000
         0.000000000         0.000000000         0.000000000         0.000000000
         0.000000000        -0.000000000        -0.010666032         0.010666032
         0.000000000         0.050332303        -0.050332303        -0.856652239
         0.115394783        -0.238709721        -0.011665647        -0.011665647
         0.041101090        -0.012316886        -0.012316886        -0.073378882
         0.000927643        -0.073378882         0.000927643        -0.010982241
         0.117033642         0.000000000         0.000000000         0.207822330
        -0.086740502        -0.235796173        -0.000000000        -0.013423082
        -0.000000000        -0.000000000         0.024337060         0.237511256
         0.007676120        -0.007235233         0.007676120        -0.004080431
        -0.004080431
          63           0.971086252    0    0
         0.000000000         0.000000000         0.000000000         0.000000000
         0.000000000         0.000000000         0.000000000         0.000000000
         0.000000000         0.000000000         0.000000000         0.000000000
         0.000000000         0.000000000         0.000000000         0.000000000
         0.000000000         0.000000000         0.000000000         0.000000000
         0.000000000         0.000000000         0.000000000         0.000000000
         0.000000000         0.000000000         0.000000000         0.000000000
         0.000000000         0.000000000         0.000000000         0.000000000
         0.000000000         0.000000000         0.000000000         0.000000000
         0.000000000         0.000000000         0.000000000         0.000000000
         0.000000000         0.000000000         0.000000000         0.000000000
         0.000000000         0.000000000         0.000000000         0.000000000
         0.000000000         0.000000000         0.000000000         0.000000000
         0.000000000         0.000000000         0.000000000         0.000000000
         0.000000000         0.000000000         0.000000000         0.000000000
        -0.000000000         0.000000000         0.119166202        -0.119166202
        -0.000000000         0.021339958        -0.021339958        -0.325132393
        -0.364680931         0.661166327         0.025882435         0.025882435
        -0.145601179         0.014178722         0.014178722         0.290257984
         0.036842486         0.290257984         0.036842486         0.025592988
        -0.231589754        -0.000000000        -0.000000000         0.074896281
        -0.016299260        -0.098817180        -0.000000000         0.016135308
        -0.000000000        -0.000000000         0.002524579        -0.174131934
        -0.004289980         0.011403483        -0.004289980        -0.001396719
        -0.001396719
          64           0.839445434    0    0
         0.000000000         0.000000000         0.000000000         0.000000000
         0.000000000         0.000000000         0.000000000         0.000000000
         0.000000000         0.000000000         0.000000000         0.000000000
         0.000000000         0.000000000         0.000000000         0.000000000
         0.000000000         0.000000000         0.000000000         0.000000000
         0.000000000         0.000000000         0.000000000         0.000000000
         0.000000000         0.000000000         0.000000000         0.000000000
         0.000000000         0.000000000         0.000000000         0.000000000
         0.000000000         0.000000000         0.000000000         0.000000000
         0.000000000         0.000000000         0.000000000         0.000000000
         0.000000000         0.000000000         0.000000000         0.000000000
         0.000000000         0.000000000         0.000000000         0.000000000
         0.000000000         0.000000000         0.000000000         0.000000000
         0.000000000         0.000000000         0.000000000         0.000000000
         0.000000000         0.000000000         0.000000000         0.000000000
        -0.335311566         0.715725882         0.003831962         0.003831962
        -0.022128496         0.131515952         0.131515952        -0.000000000
         0.000000000         0.000000000        -0.008050276         0.008050276
         0.000000000        -0.029468874         0.029468874        -0.017335755
        -0.007860472         0.017335755         0.007860472         0.000000000
        -0.000000000        -0.540542535        -0.209350625         0.000000000
         0.000000000         0.000000000         0.028016423        -0.000000000
         0.001741688        -0.012935286        -0.000000000        -0.000000000
         0.000369567         0.000000000        -0.000369567        -0.017750309
         0.017750309
          65           0.512076890    0    0
         0.000000000         0.000000000         0.000000000         0.000000000
         0.000000000         0.000000000         0.000000000         0.000000000
         0.000000000         0.000000000         0.000000000         0.000000000
         0.000000000         0.000000000         0.000000000         0.000000000
         0.000000000         0.000000000         0.000000000         0.000000000
         0.000000000         0.000000000         0.000000000         0.000000000
         0.000000000         0.000000000         0.000000000         0.000000000
         0.000000000         0.000000000         0.000000000         0.000000000
         0.000000000         0.000000000         0.000000000         0.000000000
         0.000000000         0.000000000         0.000000000         0.000000000
         0.000000000         0.000000000         0.000000000         0.000000000
         0.000000000         0.000000000         0.000000000         0.000000000
         0.000000000         0.000000000         0.000000000         0.000000000
         0.000000000         0.000000000         0.000000000         0.000000000
         0.000000000         0.000000000         0.000000000         0.000000000
        -0.000000000         0.000000000        -0.167544171         0.167544171
        -0.000000000         0.198268526        -0.198268526         0.050001917
        -0.002357044        -0.001467661        -0.151613727        -0.151613727
         0.215753067        -0.117760330        -0.117760330         0.095713016
         0.429628616         0.095713016         0.429628616        -0.481090796
        -0.051708340         0.000000000        -0.000000000         0.167210204
        -0.106662066         0.101162231        -0.000000000         0.012039323
        -0.000000000        -0.000000000        -0.105366150        -0.012197041
         0.122886678        -0.160549236         0.122886678        -0.044282530
        -0.044282530
          66           0.503847162    0    0
         0.000000000         0.000000000         0.000000000         0.000000000
         0.000000000         0.000000000         0.000000000         0.000000000
         0.000000000         0.000000000         0.000000000         0.000000000
         0.000000000         0.000000000         0.000000000         0.000000000
         0.000000000         0.000000000         0.000000000         0.000000000
         0.000000000         0.000000000         0.000000000         0.000000000
         0.000000000         0.000000000         0.000000000         0.000000000
         0.000000000         0.000000000         0.000000000         0.000000000
         0.000000000         0.000000000         0.000000000         0.000000000
         0.000000000         0.000000000         0.000000000         0.000000000
         0.000000000         0.000000000         0.000000000         0.000000000
         0.000000000         0.000000000         0.000000000         0.000000000
         0.000000000         0.000000000         0.000000000         0.000000000
         0.000000000         0.000000000         0.000000000         0.000000000
         0.000000000         0.000000000         0.000000000         0.000000000
        -0.027442524         0.055915537         0.241698399         0.241698399
        -0.191091461        -0.134284604        -0.134284604        -0.000000000
         0.000000000        -0.000000000        -0.134553098         0.134553098
        -0.000000000         0.453336703        -0.453336703         0.171769391
        -0.272604577        -0.171769391         0.272604577         0.000000000
         0.000000000         0.026347395        -0.138519211        -0.000000000
         0.000000000        -0.000000000        -0.141385598        -0.000000000
        -0.040529607        -0.144618633         0.000000000         0.000000000
         0.108773837         0.000000000        -0.108773837         0.181297783
        -0.181297783
          67           0.414587945    0    0
         0.000000000         0.000000000         0.000000000         0.000000000
         0.000000000         0.000000000         0.000000000         0.000000000
         0.000000000         0.000000000         0.000000000         0.000000000
         0.000000000         0.000000000         0.000000000         0.000000000
         0.000000000         0.000000000         0.000000000         0.000000000
         0.000000000         0.000000000         0.000000000         0.000000000
         0.000000000         0.000000000         0.000000000         0.000000000
         0.000000000         0.000000000         0.000000000         0.000000000
         0.000000000         0.000000000         0.000000000         0.000000000
         0.000000000         0.000000000         0.000000000         0.000000000
         0.000000000         0.000000000         0.000000000         0.000000000
         0.000000000         0.000000000         0.000000000         0.000000000
         0.000000000         0.000000000         0.000000000         0.000000000
         0.000000000         0.000000000         0.000000000         0.000000000
         0.000000000         0.000000000         0.000000000         0.000000000
        -0.000000000         0.000000000         0.218243817        -0.218243817
        -0.000000000         0.098904217        -0.098904217         0.022593766
        -0.020619779         0.006403631        -0.303529127        -0.303529127
        -0.363520647        -0.401808031        -0.401808031        -0.148237743
        -0.216903895        -0.148237743        -0.216903895        -0.262293350
        -0.078989955         0.000000000        -0.000000000        -0.048508461
        -0.152680147        -0.011594500         0.000000000        -0.022278304
        -0.000000000        -0.000000000        -0.006028631        -0.022757476
         0.017624015         0.039284347         0.017624015        -0.037400348
        -0.037400348
          68           0.345029778    0    0
         0.000000000         0.000000000         0.000000000         0.000000000
         0.000000000         0.000000000         0.000000000         0.000000000
         0.000000000         0.000000000         0.000000000         0.000000000
         0.000000000         0.000000000         0.000000000         0.000000000
         0.000000000         0.000000000         0.000000000         0.000000000
         0.000000000         0.000000000         0.000000000         0.000000000
         0.000000000         0.000000000         0.000000000         0.000000000
         0.000000000         0.000000000         0.000000000         0.000000000
         0.000000000         0.000000000         0.000000000         0.000000000
         0.000000000         0.000000000         0.000000000         0.000000000
         0.000000000         0.000000000         0.000000000         0.000000000
         0.000000000         0.000000000         0.000000000         0.000000000
         0.000000000         0.000000000         0.000000000         0.000000000
         0.000000000         0.000000000         0.000000000         0.000000000
         0.000000000         0.000000000         0.000000000         0.000000000
        -0.003558190         0.021865648         0.182990686         0.182990686
        -0.272588288        -0.082101995        -0.082101995        -0.000000000
         0.000000000        -0.000000000        -0.157526361         0.157526361
         0.000000000        -0.365560960         0.365560960         0.124305252
         0.188971670        -0.124305252        -0.188971670         0.000000000
         0.000000000         0.080173183        -0.152997093         0.000000000
         0.000000000        -0.000000000         0.153398502         0.000000000
        -0.008496013        -0.009163901        -0.000000000         0.000000000
         0.238625533         0.000000000        -0.238625533         0.359250530
        -0.359250530
          69           0.306360687    0    0
         0.000000000         0.000000000         0.000000000         0.000000000
         0.000000000         0.000000000         0.000000000         0.000000000
         0.000000000         0.000000000         0.000000000         0.000000000
         0.000000000         0.000000000         0.000000000         0.000000000
         0.000000000         0.000000000         0.000000000         0.000000000
         0.000000000         0.000000000         0.000000000         0.000000000
         0.000000000         0.000000000         0.000000000         0.000000000
         0.000000000         0.000000000         0.000000000         0.000000000
         0.000000000         0.000000000         0.000000000         0.000000000
         0.000000000         0.000000000         0.000000000         0.000000000
         0.000000000         0.000000000         0.000000000         0.000000000
         0.000000000         0.000000000         0.000000000         0.000000000
         0.000000000         0.000000000         0.000000000         0.000000000
         0.000000000         0.000000000         0.000000000         0.000000000
         0.000000000         0.000000000         0.000000000         0.000000000
        -0.000000000         0.000000000         0.036652484        -0.036652484
         0.000000000         0.236856227        -0.236856227         0.035764797
         0.000771878        -0.002345293        -0.187563882        -0.187563882
         0.285431585         0.059553048         0.059553048         0.082021542
        -0.214234465         0.082021542        -0.214234465         0.406336779
        -0.029370203         0.000000000        -0.000000000         0.072599308
        -0.048937017         0.067062961         0.000000000         0.065238872
         0.000000000        -0.000000000         0.093224298        -0.006621230
         0.342785206        -0.383168888         0.342785206        -0.152816848
        -0.152816848
          70           0.247097452    0    0
         0.000000000         0.000000000         0.000000000         0.000000000
         0.000000000         0.000000000         0.000000000         0.000000000
         0.000000000         0.000000000         0.000000000         0.000000000
         0.000000000         0.000000000         0.000000000         0.000000000
         0.000000000         0.000000000         0.000000000         0.000000000
         0.000000000         0.000000000         0.000000000         0.000000000
         0.000000000         0.000000000         0.000000000         0.000000000
         0.000000000         0.000000000         0.000000000         0.000000000
         0.000000000         0.000000000         0.000000000         0.000000000
         0.000000000         0.000000000         0.000000000         0.000000000
         0.000000000         0.000000000         0.000000000         0.000000000
         0.000000000         0.000000000         0.000000000         0.000000000
         0.000000000         0.000000000         0.000000000         0.000000000
         0.000000000         0.000000000         0.000000000         0.000000000
         0.000000000         0.000000000         0.000000000         0.000000000
         0.000000000        -0.000000000        -0.407013141         0.407013141
        -0.000000000        -0.221576737         0.221576737        -0.068432349
        -0.065774253         0.001662113        -0.189499565        -0.189499565
        -0.169384120         0.161620057         0.161620057         0.096152989
        -0.284032028         0.096152989        -0.284032028        -0.339764415
        -0.027408209         0.000000000         0.000000000        -0.064607143
        -0.012538006        -0.037830258         0.000000000         0.182942628
        -0.000000000        -0.000000000        -0.028937809        -0.048177727
         0.038211466        -0.234692447         0.038211466         0.078431289
         0.078431289
          71           0.245105564    0    0
         0.000000000         0.000000000         0.000000000         0.000000000
         0.000000000         0.000000000         0.000000000         0.000000000
         0.000000000         0.000000000         0.000000000         0.000000000
         0.000000000         0.000000000         0.000000000         0.000000000
         0.000000000         0.000000000         0.000000000         0.000000000
         0.000000000         0.000000000         0.000000000         0.000000000
         0.000000000         0.000000000         0.000000000         0.000000000
         0.000000000         0.000000000         0.000000000         0.000000000
         0.000000000         0.000000000         0.000000000         0.000000000
         0.000000000         0.000000000         0.000000000         0.000000000
         0.000000000         0.000000000         0.000000000         0.000000000
         0.000000000         0.000000000         0.000000000         0.000000000
         0.000000000         0.000000000         0.000000000         0.000000000
         0.000000000         0.000000000         0.000000000         0.000000000
         0.000000000         0.000000000         0.000000000         0.000000000
        -0.050643633         0.089201521         0.112317473         0.112317473
         0.585567886        -0.315426801        -0.315426801        -0.000000000
        -0.000000000         0.000000000        -0.010497312         0.010497312
        -0.000000000         0.152108916        -0.152108916         0.010953026
         0.372975184        -0.010953026        -0.372975184        -0.000000000
        -0.000000000        -0.013846684        -0.133011578        -0.000000000
        -0.000000000        -0.000000000        -0.050120645         0.000000000
         0.113108035         0.053481363        -0.000000000        -0.000000000
        -0.132789294        -0.000000000         0.132789294         0.114234161
        -0.114234161
          72           0.217154960    0    0
         0.000000000         0.000000000         0.000000000         0.000000000
         0.000000000         0.000000000         0.000000000         0.000000000
         0.000000000         0.000000000         0.000000000         0.000000000
         0.000000000         0.000000000         0.000000000         0.000000000
         0.000000000         0.000000000         0.000000000         0.000000000
         0.000000000         0.000000000         0.000000000         0.000000000
         0.000000000         0.000000000         0.000000000         0.000000000
         0.000000000         0.000000000         0.000000000         0.000000000
         0.000000000         0.000000000         0.000000000         0.000000000
         0.000000000         0.000000000         0.000000000         0.000000000
         0.000000000         0.000000000         0.000000000         0.000000000
         0.000000000         0.000000000         0.000000000         0.000000000
         0.000000000         0.000000000         0.000000000         0.000000000
         0.000000000         0.000000000         0.000000000         0.000000000
         0.000000000         0.000000000         0.000000000         0.000000000
         0.033970108         0.026861779        -0.088916292        -0.088916292
         0.073301174        -0.173675163        -0.173675163        -0.000000000
        -0.000000000        -0.000000000        -0.538868768         0.538868768
        -0.000000000        -0.066807095         0.066807095        -0.366981465
        -0.133413186         0.366981465         0.133413186        -0.000000000
        -0.000000000        -0.006416262        -0.038603984        -0.000000000
        -0.000000000        -0.000000000        -0.046031961         0.000000000
        -0.008411224         0.047721013        -0.000000000        -0.000000000
         0.022551312        -0.000000000        -0.022551312        -0.086495984
         0.086495984
          73           0.117489280    0    0
         0.000000000         0.000000000         0.000000000         0.000000000
         0.000000000         0.000000000         0.000000000         0.000000000
         0.000000000         0.000000000         0.000000000         0.000000000
         0.000000000         0.000000000         0.000000000         0.000000000
         0.000000000         0.000000000         0.000000000         0.000000000
         0.000000000         0.000000000         0.000000000         0.000000000
         0.000000000         0.000000000         0.000000000         0.000000000
         0.000000000         0.000000000         0.000000000         0.000000000
         0.000000000         0.000000000         0.000000000         0.000000000
         0.000000000         0.000000000         0.000000000         0.000000000
         0.000000000         0.000000000         0.000000000         0.000000000
         0.000000000         0.000000000         0.000000000         0.000000000
         0.000000000         0.000000000         0.000000000         0.000000000
         0.000000000         0.000000000         0.000000000         0.000000000
         0.000000000         0.000000000         0.000000000         0.000000000
         0.000000000        -0.000000000        -0.240552041         0.240552041
         0.000000000         0.100684638        -0.100684638         0.045858175
         0.101498231         0.034084300        -0.075746319        -0.075746319
        -0.703399951        -0.009078347        -0.009078347         0.006023669
         0.195510885         0.006023669         0.195510885         0.396349784
         0.145680688        -0.000000000         0.000000000         0.178048204
         0.129366438         0.061147505        -0.000000000         0.020486945
         0.000000000         0.000000000         0.038017277         0.091815683
         0.066285340         0.050727518         0.066285340        -0.087599456
        -0.087599456
          74           0.116704171    0    0
         0.000000000         0.000000000         0.000000000         0.000000000
         0.000000000         0.000000000         0.000000000         0.000000000
         0.000000000         0.000000000         0.000000000         0.000000000
         0.000000000         0.000000000         0.000000000         0.000000000
         0.000000000         0.000000000         0.000000000         0.000000000
         0.000000000         0.000000000         0.000000000         0.000000000
         0.000000000         0.000000000         0.000000000         0.000000000
         0.000000000         0.000000000         0.000000000         0.000000000
         0.000000000         0.000000000         0.000000000         0.000000000
         0.000000000         0.000000000         0.000000000         0.000000000
         0.000000000         0.000000000         0.000000000         0.000000000
         0.000000000         0.000000000         0.000000000         0.000000000
         0.000000000         0.000000000         0.000000000         0.000000000
         0.000000000         0.000000000         0.000000000         0.000000000
         0.000000000         0.000000000         0.000000000         0.000000000
        -0.012269224         0.046346668         0.160493663         0.160493663
        -0.352749300        -0.209846648        -0.209846648         0.000000000
         0.000000000         0.000000000         0.333370334        -0.333370334
        -0.000000000         0.035189414        -0.035189414        -0.478166607
         0.026280399         0.478166607        -0.026280399         0.000000000
         0.000000000         0.077190096        -0.194204947         0.000000000
         0.000000000         0.000000000         0.048047275         0.000000000
        -0.049874873        -0.035108349         0.000000000         0.000000000
        -0.009630613         0.000000000         0.009630613         0.013741102
        -0.013741102
          75           0.101200661    0    0
         0.000000000         0.000000000         0.000000000         0.000000000
         0.000000000         0.000000000         0.000000000         0.000000000
         0.000000000         0.000000000         0.000000000         0.000000000
         0.000000000         0.000000000         0.000000000         0.000000000
         0.000000000         0.000000000         0.000000000         0.000000000
         0.000000000         0.000000000         0.000000000         0.000000000
         0.000000000         0.000000000         0.000000000         0.000000000
         0.000000000         0.000000000         0.000000000         0.000000000
         0.000000000         0.000000000         0.000000000         0.000000000
         0.000000000         0.000000000         0.000000000         0.000000000
         0.000000000         0.000000000         0.000000000         0.000000000
         0.000000000         0.000000000         0.000000000         0.000000000
         0.000000000         0.000000000         0.000000000         0.000000000
         0.000000000         0.000000000         0.000000000         0.000000000
         0.000000000         0.000000000         0.000000000         0.000000000
         0.000000000         0.000000000        -0.081214737         0.081214737
        -0.000000000         0.281397486        -0.281397486         0.013902789
        -0.061090990        -0.025813994         0.505604808         0.505604808
        -0.224630967        -0.023326093        -0.023326093        -0.100241745
        -0.148755070        -0.100241745        -0.148755070        -0.222235054
        -0.063601489        -0.000000000        -0.000000000         0.043242840
        -0.235369612         0.093758623         0.000000000         0.144804922
         0.000000000        -0.000000000         0.035094215        -0.064197829
         0.098171660        -0.177713937         0.098171660        -0.001168218
        -0.001168218
          76           0.080995641    0    0
         0.000000000         0.000000000         0.000000000         0.000000000
         0.000000000         0.000000000         0.000000000         0.000000000
         0.000000000         0.000000000         0.000000000         0.000000000
         0.000000000         0.000000000         0.000000000         0.000000000
         0.000000000         0.000000000         0.000000000         0.000000000
         0.000000000         0.000000000         0.000000000         0.000000000
         0.000000000         0.000000000         0.000000000         0.000000000
         0.000000000         0.000000000         0.000000000         0.000000000
         0.000000000         0.000000000         0.000000000         0.000000000
         0.000000000         0.000000000         0.000000000         0.000000000
         0.000000000         0.000000000         0.000000000         0.000000000
         0.000000000         0.000000000         0.000000000         0.000000000
         0.000000000         0.000000000         0.000000000         0.000000000
         0.000000000         0.000000000         0.000000000         0.000000000
         0.000000000         0.000000000         0.000000000         0.000000000
         0.013218137        -0.083731449         0.447935031         0.447935031
         0.419441059         0.351509399         0.351509399         0.000000000
        -0.000000000        -0.000000000        -0.011807750         0.011807750
        -0.000000000        -0.052602334         0.052602334        -0.189134695
        -0.106376218         0.189134695         0.106376218        -0.000000000
        -0.000000000         0.046734315         0.059614185         0.000000000
         0.000000000        -0.000000000         0.090645433        -0.000000000
         0.161738070        -0.131960085         0.000000000        -0.000000000
         0.072012494        -0.000000000        -0.072012494         0.017130301
        -0.017130301
          77           0.064641830    0    0
         0.000000000         0.000000000         0.000000000         0.000000000
         0.000000000         0.000000000         0.000000000         0.000000000
         0.000000000         0.000000000         0.000000000         0.000000000
         0.000000000         0.000000000         0.000000000         0.000000000
         0.000000000         0.000000000         0.000000000         0.000000000
         0.000000000         0.000000000         0.000000000         0.000000000
         0.000000000         0.000000000         0.000000000         0.000000000
         0.000000000         0.000000000         0.000000000         0.000000000
         0.000000000         0.000000000         0.000000000         0.000000000
         0.000000000         0.000000000         0.000000000         0.000000000
         0.000000000         0.000000000         0.000000000         0.000000000
         0.000000000         0.000000000         0.000000000         0.000000000
         0.000000000         0.000000000         0.000000000         0.000000000
         0.000000000         0.000000000         0.000000000         0.000000000
         0.000000000         0.000000000         0.000000000         0.000000000
        -0.000000000        -0.000000000        -0.106730746         0.106730746
         0.000000000        -0.066830800         0.066830800         0.024880939
         0.091276069         0.043799102         0.111983789         0.111983789
         0.108117451        -0.308690018        -0.308690018         0.369653482
        -0.077379899         0.369653482        -0.077379899         0.066091683
         0.553319393        -0.000000000        -0.000000000        -0.198183596
        -0.255578427        -0.020296380         0.000000000        -0.020799077
         0.000000000        -0.000000000        -0.011099655         0.087847103
         0.012838699         0.107303251         0.012838699        -0.067630363
        -0.067630363
          78           0.006905907    0    0
         0.000000000         0.000000000         0.000000000         0.000000000
         0.000000000         0.000000000         0.000000000         0.000000000
         0.000000000         0.000000000         0.000000000         0.000000000
         0.000000000         0.000000000         0.000000000         0.000000000
         0.000000000         0.000000000         0.000000000         0.000000000
         0.000000000         0.000000000         0.000000000         0.000000000
         0.000000000         0.000000000         0.000000000         0.000000000
         0.000000000         0.000000000         0.000000000         0.000000000
         0.000000000         0.000000000         0.000000000         0.000000000
         0.000000000         0.000000000         0.000000000         0.000000000
         0.000000000         0.000000000         0.000000000         0.000000000
         0.000000000         0.000000000         0.000000000         0.000000000
         0.000000000         0.000000000         0.000000000         0.000000000
         0.000000000         0.000000000         0.000000000         0.000000000
         0.000000000         0.000000000         0.000000000         0.000000000
        -0.000000000        -0.000000000        -0.069106302         0.069106302
         0.000000000        -0.014332410         0.014332410        -0.254537371
        -0.533367369        -0.325172741        -0.021175843        -0.021175843
         0.013820563        -0.077131833        -0.077131833        -0.078697315
         0.067505931        -0.078697315         0.067505931         0.129058889
         0.147443030        -0.000000000        -0.000000000        -0.258103723
         0.098332737         0.352958866        -0.000000000        -0.030515123
         0.000000000         0.000000000        -0.022901368        -0.503046932
         0.022498218         0.043288403         0.022498218        -0.044061324
        -0.044061324
          79           0.000995653    0    0
         0.000000000         0.000000000         0.000000000         0.000000000
         0.000000000         0.000000000         0.000000000         0.000000000
         0.000000000         0.000000000         0.000000000         0.000000000
         0.000000000         0.000000000         0.000000000         0.000000000
         0.000000000         0.000000000         0.000000000         0.000000000
         0.000000000         0.000000000         0.000000000         0.000000000
         0.000000000         0.000000000         0.000000000         0.000000000
         0.000000000         0.000000000         0.000000000         0.000000000
         0.000000000         0.000000000         0.000000000         0.000000000
         0.000000000         0.000000000         0.000000000         0.000000000
         0.000000000         0.000000000         0.000000000         0.000000000
         0.000000000         0.000000000         0.000000000         0.000000000
         0.000000000         0.000000000         0.000000000         0.000000000
         0.000000000         0.000000000         0.000000000         0.000000000
         0.000000000         0.000000000         0.000000000         0.000000000
         0.939551170         0.262767844         0.014183110         0.014183110
         0.003894576         0.024294608         0.024294608         0.000000000
        -0.000000000        -0.000000000         0.016037172        -0.016037172
        -0.000000000         0.013153683        -0.013153683         0.009576471
         0.016715584        -0.009576471        -0.016715584        -0.000000000
         0.000000000        -0.192002121        -0.088487928         0.000000000
         0.000000000        -0.000000000         0.004764862         0.000000000
         0.002879751        -0.006319764        -0.000000000        -0.000000000
        -0.004899159        -0.000000000         0.004899159         0.009544280
        -0.009544280
$end
