$energy      SCF               SCFKIN            SCFPOT
     1 -3297.527381276      3176.365994386     -6473.893375662
     2 -3297.527636364      3176.388179138     -6473.915815502
     3 -3297.528558679      3176.563637921     -6474.092196599
     4 -3297.528674586      3176.599496891     -6474.128171477
     5 -3297.528732291      3176.611580386     -6474.140312678
     6 -3297.528848548      3176.612641117     -6474.141489664
     7 -3297.528898121      3176.616079317     -6474.144977438
     8 -3297.528982871      3176.639248160     -6474.168231031
     9 -3297.529167474      3176.706807477     -6474.235974951
    10 -3297.529370094      3176.801187586     -6474.330557680
    11 -3297.529543624      3176.860558985     -6474.390102609
    12 -3297.529751813      3176.881187005     -6474.410938818
    13 -3297.529809614      3176.848855917     -6474.378665531
    14 -3297.529866645      3176.814196312     -6474.344062958
    15 -3297.529977479      3176.753481394     -6474.283458873
    16 -3297.530033785      3176.731678049     -6474.261711835
    17 -3297.530069286      3176.736568081     -6474.266637367
    18 -3297.530119133      3176.745515211     -6474.275634344
    19 -3297.530155930      3176.743483156     -6474.273639085
    20 -3297.530186202      3176.728894449     -6474.259080651
    21 -3297.530225586      3176.709785896     -6474.240011482
    22 -3297.530256987      3176.708618395     -6474.238875382
    23 -3297.530277674      3176.726887463     -6474.257165137
    24 -3297.541175045      3176.707860551     -6474.249035596
    25 -3297.540318165      3177.006325292     -6474.546643457
    26 -3297.541195449      3176.740327378     -6474.281522826
    27 -3297.541199388      3176.737650990     -6474.278850378
    28 -3297.541249703      3176.704233255     -6474.245482958
    29 -3297.541281351      3176.695256582     -6474.236537932
    30 -3297.541333434      3176.689443630     -6474.230777064
    31 -3297.541381065      3176.698283930     -6474.239664995
    32 -3297.541441190      3176.725448186     -6474.266889376
    33 -3297.541467331      3176.731356971     -6474.272824303
    34 -3297.541504053      3176.734351060     -6474.275855113
    35 -3297.541572639      3176.722804255     -6474.264376894
    36 -3297.541625390      3176.708604892     -6474.250230282
    37 -3297.541645147      3176.708743828     -6474.250388974
    38 -3297.541678690      3176.718743495     -6474.260422186
    39 -3297.541713904      3176.736871194     -6474.278585098
    40 -3297.541734292      3176.745396840     -6474.287131132
    41 -3297.541765315      3176.750040795     -6474.291806110
    42 -3297.541813412      3176.748847601     -6474.290661013
    43 -3297.541860879      3176.743583268     -6474.285444148
    44 -3297.541895126      3176.740280973     -6474.282176099
    45 -3297.541979358      3176.737818339     -6474.279797697
    46 -3297.542105844      3176.732546590     -6474.274652433
    47 -3297.542178763      3176.725711495     -6474.267890258
    48 -3297.542275977      3176.710360920     -6474.252636897
    49 -3297.542296582      3176.707110176     -6474.249406757
    50 -3297.542312255      3176.704907751     -6474.247220006
    51 -3297.542329384      3176.704289737     -6474.246619120
    52 -3297.542342208      3176.706149346     -6474.248491554
    53 -3297.542359268      3176.710001797     -6474.252361065
    54 -3297.542384877      3176.719626906     -6474.262011784
    55 -3297.542404209      3176.726774134     -6474.269178342
    56 -3297.542417822      3176.729832804     -6474.272250626
    57 -3297.542439824      3176.731123414     -6474.273563238
    58 -3297.542469793      3176.730364192     -6474.272833985
    59 -3297.542475815      3176.733358110     -6474.275833925
    60 -3297.542479642      3176.738291301     -6474.280770943
    61 -3297.542483682      3176.744664194     -6474.287147876
    62 -3297.542485871      3176.745145119     -6474.287630990
    63 -3297.542487379      3176.740809686     -6474.283297066
    64 -3297.542488626      3176.734864797     -6474.277353423
    65 -3297.542489665      3176.731693565     -6474.274183230
    66 -3297.542492138      3176.728622268     -6474.271114405
    67 -3297.542498135      3176.731999746     -6474.274497881
    68 -3297.542504759      3176.740300355     -6474.282805114
    69 -3297.542510164      3176.745500769     -6474.288010933
    70 -3297.542516510      3176.745404972     -6474.287921482
    71 -3297.542517865      3176.741202365     -6474.283720230
    72 -3297.542518145      3176.739990935     -6474.282509080
    73 -3297.542518648      3176.739142283     -6474.281660930
    74 -3297.542519630      3176.739320371     -6474.281840002
    75 -3297.542522011      3176.741499800     -6474.284021811
    76 -3297.542525596      3176.745284875     -6474.287810471
    77 -3297.542527694      3176.746658709     -6474.289186403
    78 -3297.542528384      3176.747274508     -6474.289802892
    79 -3297.542529414      3176.746446754     -6474.288976168
    80 -3297.542529660      3176.745996094     -6474.288525754
    81 -3297.542529743      3176.745985249     -6474.288514992
$end
