$dipgrad          cartesian dipole gradients
  0.68777850610327D+00  -.18483866782764D-15  -.12202356660764D-16
  -.21665826161567D-15  0.68777850610330D+00  -.13191182895277D-15
  0.23437401740999D-16  -.47086561647726D-16  0.20067052770755D+01
  0.10684335894330D+01  -.71691051668751D+00  0.60706173703358D-15
  -.71691051668751D+00  0.10684335894329D+01  -.31663425645258D-15
  -.12926649217387D-16  0.62520507688465D-16  0.28309674242240D+01
  0.10684335894330D+01  0.71691051668751D+00  -.24226419789211D-15
  0.71691051668751D+00  0.10684335894329D+01  -.43701221979725D-15
  -.72221126047115D-16  -.24902001025668D-16  0.28309674242240D+01
  -.44165146100617D+00  -.29422771281587D+00  0.45338315280605D+00
  -.29422771281587D+00  -.44165146100616D+00  0.45338315280605D+00
  0.19210096973840D+00  0.19210096973840D+00  -.15925188379345D+01
  -.44165146100617D+00  -.29422771281587D+00  -.45338315280605D+00
  -.29422771281587D+00  -.44165146100617D+00  -.45338315280605D+00
  -.19210096973840D+00  -.19210096973840D+00  -.15925188379345D+01
  -.44165146100618D+00  0.29422771281587D+00  -.45338315280605D+00
  0.29422771281587D+00  -.44165146100617D+00  0.45338315280605D+00
  -.19210096973840D+00  0.19210096973841D+00  -.15925188379345D+01
  -.44165146100618D+00  0.29422771281588D+00  0.45338315280605D+00
  0.29422771281587D+00  -.44165146100618D+00  -.45338315280605D+00
  0.19210096973840D+00  -.19210096973840D+00  -.15925188379345D+01
  -.19324419448028D+00  0.85515608032080D-01  0.20828353516347D+00
  0.13326025155486D+00  -.17123379953276D+00  -.15355108974034D+00
  0.99057011070775D-01  -.13733112614266D+00  -.12797585290161D+00
  -.19795567735389D+00  0.20302908472574D+00  0.12066608157393D+00
  0.20302908472573D+00  -.19795567735389D+00  -.12066608157392D+00
  0.61365044927817D-01  -.61365044927817D-01  -.25076066302659D+00
  -.17123379953276D+00  0.13326025155486D+00  0.15355108974034D+00
  0.85515608032082D-01  -.19324419448028D+00  -.20828353516347D+00
  0.13733112614265D+00  -.99057011070773D-01  -.12797585290161D+00
  -.14546010200099D+00  0.14394042511633D+00  0.16112842415538D+00
  0.15636802330882D+00  -.16138889993334D+00  -.25057157285375D+00
  0.67896936863970D-01  -.11757670811416D+00  -.11464443309737D+00
  -.16138889993334D+00  0.15636802330883D+00  0.25057157285375D+00
  0.14394042511633D+00  -.14546010200098D+00  -.16112842415538D+00
  0.11757670811416D+00  -.67896936863970D-01  -.11464443309737D+00
  -.17123379953277D+00  0.13326025155487D+00  -.15355108974034D+00
  0.85515608032081D-01  -.19324419448028D+00  0.20828353516347D+00
  -.13733112614265D+00  0.99057011070774D-01  -.12797585290162D+00
  -.19795567735389D+00  0.20302908472573D+00  -.12066608157392D+00
  0.20302908472573D+00  -.19795567735389D+00  0.12066608157392D+00
  -.61365044927818D-01  0.61365044927815D-01  -.25076066302658D+00
  -.19324419448028D+00  0.85515608032080D-01  -.20828353516347D+00
  0.13326025155486D+00  -.17123379953277D+00  0.15355108974034D+00
  -.99057011070775D-01  0.13733112614265D+00  -.12797585290161D+00
  -.16138889993334D+00  0.15636802330882D+00  -.25057157285376D+00
  0.14394042511633D+00  -.14546010200099D+00  0.16112842415538D+00
  -.11757670811416D+00  0.67896936863975D-01  -.11464443309737D+00
  -.14546010200099D+00  0.14394042511634D+00  -.16112842415538D+00
  0.15636802330881D+00  -.16138889993334D+00  0.25057157285375D+00
  -.67896936863973D-01  0.11757670811416D+00  -.11464443309737D+00
  -.17123379953277D+00  -.13326025155487D+00  -.15355108974034D+00
  -.85515608032083D-01  -.19324419448028D+00  -.20828353516347D+00
  -.13733112614265D+00  -.99057011070773D-01  -.12797585290161D+00
  -.14546010200099D+00  -.14394042511633D+00  -.16112842415538D+00
  -.15636802330882D+00  -.16138889993334D+00  -.25057157285375D+00
  -.67896936863970D-01  -.11757670811416D+00  -.11464443309736D+00
  -.16138889993334D+00  -.15636802330882D+00  -.25057157285375D+00
  -.14394042511634D+00  -.14546010200099D+00  -.16112842415538D+00
  -.11757670811416D+00  -.67896936863971D-01  -.11464443309737D+00
  -.19324419448028D+00  -.85515608032081D-01  -.20828353516347D+00
  -.13326025155486D+00  -.17123379953277D+00  -.15355108974034D+00
  -.99057011070773D-01  -.13733112614266D+00  -.12797585290161D+00
  -.19795567735390D+00  -.20302908472573D+00  -.12066608157393D+00
  -.20302908472573D+00  -.19795567735390D+00  -.12066608157393D+00
  -.61365044927815D-01  -.61365044927814D-01  -.25076066302659D+00
  -.19324419448028D+00  -.85515608032077D-01  0.20828353516347D+00
  -.13326025155487D+00  -.17123379953277D+00  0.15355108974034D+00
  0.99057011070774D-01  0.13733112614266D+00  -.12797585290161D+00
  -.16138889993334D+00  -.15636802330883D+00  0.25057157285375D+00
  -.14394042511633D+00  -.14546010200099D+00  0.16112842415538D+00
  0.11757670811416D+00  0.67896936863973D-01  -.11464443309737D+00
  -.14546010200099D+00  -.14394042511634D+00  0.16112842415538D+00
  -.15636802330882D+00  -.16138889993334D+00  0.25057157285375D+00
  0.67896936863969D-01  0.11757670811416D+00  -.11464443309736D+00
  -.17123379953277D+00  -.13326025155487D+00  0.15355108974034D+00
  -.85515608032082D-01  -.19324419448028D+00  0.20828353516347D+00
  0.13733112614265D+00  0.99057011070775D-01  -.12797585290161D+00
  -.19795567735390D+00  -.20302908472573D+00  0.12066608157393D+00
  -.20302908472573D+00  -.19795567735390D+00  0.12066608157392D+00
  0.61365044927819D-01  0.61365044927815D-01  -.25076066302658D+00
  0.54906997275980D-01  -.11375982188483D+00  -.28432770846210D-01
  -.73387915788631D-01  0.47617049838557D-01  0.92835394682670D-01
  -.15659272978998D-02  0.78548083303763D-01  0.85929808032018D-01
  0.39399753144889D-01  -.71968918740753D-01  -.15386793962134D+00
  -.58723892758557D-01  0.10659195353749D+00  0.34101750243211D-01
  -.88912946719470D-01  0.59069532624466D-03  -.75371858788883D-02
  0.10625695926579D+00  -.58717970226469D-01  -.77280705881604D-01
  -.58717970226468D-01  0.10625695926579D+00  0.77280705881604D-01
  -.67247740302202D-01  0.67247740302204D-01  0.45747972673201D-02
  0.10659195353749D+00  -.58723892758557D-01  -.34101750243211D-01
  -.71968918740754D-01  0.39399753144889D-01  0.15386793962134D+00
  -.59069532624378D-03  0.88912946719471D-01  -.75371858788883D-02
  0.47617049838559D-01  -.73387915788633D-01  -.92835394682670D-01
  -.11375982188483D+00  0.54906997275979D-01  0.28432770846210D-01
  -.78548083303759D-01  0.15659272978999D-02  0.85929808032018D-01
  0.39399753144888D-01  -.71968918740755D-01  0.15386793962135D+00
  -.58723892758557D-01  0.10659195353749D+00  -.34101750243212D-01
  0.88912946719471D-01  -.59069532624324D-03  -.75371858788882D-02
  0.54906997275981D-01  -.11375982188483D+00  0.28432770846210D-01
  -.73387915788632D-01  0.47617049838557D-01  -.92835394682670D-01
  0.15659272978998D-02  -.78548083303762D-01  0.85929808032018D-01
  0.10625695926580D+00  -.58717970226468D-01  0.77280705881604D-01
  -.58717970226468D-01  0.10625695926579D+00  -.77280705881604D-01
  0.67247740302202D-01  -.67247740302201D-01  0.45747972673241D-02
  0.47617049838559D-01  -.73387915788631D-01  0.92835394682670D-01
  -.11375982188483D+00  0.54906997275979D-01  -.28432770846211D-01
  0.78548083303760D-01  -.15659272978998D-02  0.85929808032018D-01
  0.10659195353749D+00  -.58723892758557D-01  0.34101750243210D-01
  -.71968918740753D-01  0.39399753144889D-01  -.15386793962134D+00
  0.59069532624319D-03  -.88912946719473D-01  -.75371858788883D-02
  0.54906997275980D-01  0.11375982188483D+00  -.28432770846212D-01
  0.73387915788631D-01  0.47617049838559D-01  -.92835394682670D-01
  -.15659272978998D-02  -.78548083303759D-01  0.85929808032018D-01
  0.10625695926579D+00  0.58717970226467D-01  -.77280705881604D-01
  0.58717970226468D-01  0.10625695926579D+00  -.77280705881604D-01
  -.67247740302201D-01  -.67247740302202D-01  0.45747972673333D-02
  0.47617049838560D-01  0.73387915788632D-01  -.92835394682669D-01
  0.11375982188483D+00  0.54906997275980D-01  -.28432770846211D-01
  -.78548083303760D-01  -.15659272978999D-02  0.85929808032018D-01
  0.10659195353749D+00  0.58723892758557D-01  -.34101750243211D-01
  0.71968918740754D-01  0.39399753144887D-01  -.15386793962135D+00
  -.59069532624320D-03  -.88912946719472D-01  -.75371858788882D-02
  0.39399753144889D-01  0.71968918740751D-01  -.15386793962134D+00
  0.58723892758558D-01  0.10659195353749D+00  -.34101750243212D-01
  -.88912946719472D-01  -.59069532624226D-03  -.75371858788881D-02
  0.39399753144888D-01  0.71968918740752D-01  0.15386793962134D+00
  0.58723892758558D-01  0.10659195353749D+00  0.34101750243211D-01
  0.88912946719472D-01  0.59069532623925D-03  -.75371858788873D-02
  0.54906997275979D-01  0.11375982188483D+00  0.28432770846207D-01
  0.73387915788629D-01  0.47617049838561D-01  0.92835394682670D-01
  0.15659272978998D-02  0.78548083303760D-01  0.85929808032019D-01
  0.10625695926579D+00  0.58717970226471D-01  0.77280705881604D-01
  0.58717970226468D-01  0.10625695926580D+00  0.77280705881604D-01
  0.67247740302199D-01  0.67247740302203D-01  0.45747972673299D-02
  0.10659195353749D+00  0.58723892758551D-01  0.34101750243211D-01
  0.71968918740754D-01  0.39399753144888D-01  0.15386793962134D+00
  0.59069532624312D-03  0.88912946719470D-01  -.75371858788869D-02
  0.47617049838560D-01  0.73387915788632D-01  0.92835394682670D-01
  0.11375982188483D+00  0.54906997275979D-01  0.28432770846211D-01
  0.78548083303761D-01  0.15659272978998D-02  0.85929808032018D-01
$end
