$energy      SCF               SCFKIN            SCFPOT
     1 -4206.596149595      3943.502841609     -8150.098991204
     2 -4206.596188104      3942.119792140     -8148.715980244
     3 -4206.599764461      3942.582783413     -8149.182547874
     4 -4206.601969470      3943.464963543     -8150.066933013
     5 -4206.602190257      3943.403476676     -8150.005666933
     6 -4206.602299867      3943.344325320     -8149.946625186
     7 -4206.602714362      3943.196738349     -8149.799452711
     8 -4206.602865138      3943.169942262     -8149.772807399
     9 -4206.602927093      3943.200745829     -8149.803672923
    10 -4206.602969614      3943.218659413     -8149.821629027
    11 -4206.603036707      3943.238822452     -8149.841859159
    12 -4206.603134103      3943.248307809     -8149.851441912
    13 -4206.603421596      3943.312114781     -8149.915536377
    14 -4206.603917824      3943.448404780     -8150.052322604
    15 -4206.604041057      3943.581309508     -8150.185350565
    16 -4206.604085943      3943.630783053     -8150.234868997
    17 -4206.604123050      3943.633300192     -8150.237423241
    18 -4206.604140142      3943.631343258     -8150.235483400
    19 -4206.604144790      3943.614059951     -8150.218204741
    20 -4206.604156652      3943.615064424     -8150.219221076
    21 -4206.604171076      3943.610929279     -8150.215100355
    22 -4206.604180807      3943.610909153     -8150.215089960
    23 -4206.604187971      3943.597696676     -8150.201884647
    24 -4206.604208305      3943.610176561     -8150.214384866
    25 -4206.604221741      3943.605983146     -8150.210204886
    26 -4206.604239677      3943.597010584     -8150.201250261
    27 -4206.604254922      3943.591998536     -8150.196253458
    28 -4206.604260010      3943.657680205     -8150.261940215
    29 -4206.604265239      3943.581718623     -8150.185983862
    30 -4206.604275326      3943.582739382     -8150.187014708
    31 -4206.604294844      3943.584203569     -8150.188498412
    32 -4206.604305419      3943.580311234     -8150.184616653
    33 -4206.604307499      3943.788071047     -8150.392378546
    34 -4206.604301681      3942.018130532     -8148.622432213
    35 -4206.604325666      3943.557842566     -8150.162168232
    36 -4206.604333782      3943.559217239     -8150.163551021
    37 -4206.604370874      3943.626455825     -8150.230826698
    38 -4206.604380668      3943.648137195     -8150.252517863
    39 -4206.604387237      3943.640794503     -8150.245181740
    40 -4206.604390078      3943.637118595     -8150.241508673
    41 -4206.604394962      3943.623195805     -8150.227590767
    42 -4206.604396366      3943.620455933     -8150.224852299
    43 -4206.604396374      3943.370593789     -8149.974990163
    44 -4206.604397109      3943.702640079     -8150.307037188
$end
