$dipgrad          cartesian dipole gradients
  0.66865023747978D+00  0.40223900599212D-16  0.32988968680240D-16
  -.21250362580716D-16  0.66865023747977D+00  0.21842544489965D-16
  -.27362128811629D-16  0.12798667833012D-17  0.24301025976480D+01
  0.10455328067812D+01  -.71317602278867D+00  0.15433279112152D-15
  -.71317602278868D+00  0.10455328067812D+01  0.29983611080087D-15
  0.47244109666056D-16  -.13532198365335D-15  0.28221345341221D+01
  0.10455328067812D+01  0.71317602278865D+00  -.55700886611443D-17
  0.71317602278872D+00  0.10455328067812D+01  -.85868812060852D-16
  -.32718341653592D-16  -.42696389772248D-16  0.28221345341221D+01
  -.42488675448131D+00  -.25114383491944D+00  0.34168440837356D+00
  -.25114383491944D+00  -.42488675448130D+00  0.34168440837356D+00
  0.20919189869858D+00  0.20919189869857D+00  -.16175398484483D+01
  -.42488675448130D+00  -.25114383491944D+00  -.34168440837356D+00
  -.25114383491944D+00  -.42488675448130D+00  -.34168440837356D+00
  -.20919189869857D+00  -.20919189869858D+00  -.16175398484484D+01
  -.42488675448131D+00  0.25114383491945D+00  -.34168440837356D+00
  0.25114383491944D+00  -.42488675448131D+00  0.34168440837356D+00
  -.20919189869858D+00  0.20919189869857D+00  -.16175398484483D+01
  -.42488675448131D+00  0.25114383491944D+00  0.34168440837356D+00
  0.25114383491943D+00  -.42488675448130D+00  -.34168440837356D+00
  0.20919189869858D+00  -.20919189869858D+00  -.16175398484484D+01
  -.16650186190139D+00  0.85044744803275D-01  0.19023245220919D+00
  0.11868381565599D+00  -.16736790455725D+00  -.21539293959489D+00
  0.10621765108624D+00  -.13644306307152D+00  -.16288849695835D+00
  -.18850865413666D+00  0.18426325269601D+00  0.14574446557281D+00
  0.18426325269601D+00  -.18850865413666D+00  -.14574446557281D+00
  0.57870619530697D-01  -.57870619530696D-01  -.25674515980710D+00
  -.16736790455724D+00  0.11868381565600D+00  0.21539293959489D+00
  0.85044744803271D-01  -.16650186190140D+00  -.19023245220919D+00
  0.13644306307150D+00  -.10621765108623D+00  -.16288849695835D+00
  -.16688707684795D+00  0.14655051240762D+00  0.16200611031630D+00
  0.15820339281759D+00  -.17090506578357D+00  -.24447919652957D+00
  0.77209203081812D-01  -.11378862667537D+00  -.12712390455382D+00
  -.17090506578358D+00  0.15820339281760D+00  0.24447919652957D+00
  0.14655051240762D+00  -.16688707684796D+00  -.16200611031630D+00
  0.11378862667537D+00  -.77209203081811D-01  -.12712390455382D+00
  -.16736790455725D+00  0.11868381565599D+00  -.21539293959489D+00
  0.85044744803269D-01  -.16650186190140D+00  0.19023245220919D+00
  -.13644306307151D+00  0.10621765108623D+00  -.16288849695835D+00
  -.18850865413666D+00  0.18426325269601D+00  -.14574446557281D+00
  0.18426325269601D+00  -.18850865413667D+00  0.14574446557281D+00
  -.57870619530694D-01  0.57870619530695D-01  -.25674515980710D+00
  -.16650186190139D+00  0.85044744803278D-01  -.19023245220919D+00
  0.11868381565599D+00  -.16736790455725D+00  0.21539293959489D+00
  -.10621765108623D+00  0.13644306307152D+00  -.16288849695835D+00
  -.17090506578357D+00  0.15820339281760D+00  -.24447919652957D+00
  0.14655051240764D+00  -.16688707684796D+00  0.16200611031630D+00
  -.11378862667537D+00  0.77209203081808D-01  -.12712390455381D+00
  -.16688707684796D+00  0.14655051240763D+00  -.16200611031630D+00
  0.15820339281760D+00  -.17090506578357D+00  0.24447919652957D+00
  -.77209203081810D-01  0.11378862667537D+00  -.12712390455382D+00
  -.16736790455725D+00  -.11868381565599D+00  -.21539293959489D+00
  -.85044744803270D-01  -.16650186190140D+00  -.19023245220919D+00
  -.13644306307151D+00  -.10621765108623D+00  -.16288849695835D+00
  -.16688707684796D+00  -.14655051240763D+00  -.16200611031630D+00
  -.15820339281760D+00  -.17090506578357D+00  -.24447919652957D+00
  -.77209203081811D-01  -.11378862667537D+00  -.12712390455382D+00
  -.17090506578357D+00  -.15820339281760D+00  -.24447919652957D+00
  -.14655051240762D+00  -.16688707684796D+00  -.16200611031630D+00
  -.11378862667536D+00  -.77209203081812D-01  -.12712390455383D+00
  -.16650186190140D+00  -.85044744803282D-01  -.19023245220920D+00
  -.11868381565599D+00  -.16736790455724D+00  -.21539293959489D+00
  -.10621765108623D+00  -.13644306307151D+00  -.16288849695835D+00
  -.18850865413667D+00  -.18426325269601D+00  -.14574446557281D+00
  -.18426325269601D+00  -.18850865413666D+00  -.14574446557281D+00
  -.57870619530700D-01  -.57870619530695D-01  -.25674515980710D+00
  -.16650186190140D+00  -.85044744803272D-01  0.19023245220920D+00
  -.11868381565599D+00  -.16736790455725D+00  0.21539293959489D+00
  0.10621765108623D+00  0.13644306307151D+00  -.16288849695835D+00
  -.17090506578357D+00  -.15820339281760D+00  0.24447919652957D+00
  -.14655051240764D+00  -.16688707684796D+00  0.16200611031630D+00
  0.11378862667536D+00  0.77209203081812D-01  -.12712390455382D+00
  -.16688707684796D+00  -.14655051240764D+00  0.16200611031630D+00
  -.15820339281760D+00  -.17090506578357D+00  0.24447919652957D+00
  0.77209203081812D-01  0.11378862667537D+00  -.12712390455382D+00
  -.16736790455724D+00  -.11868381565599D+00  0.21539293959489D+00
  -.85044744803277D-01  -.16650186190140D+00  0.19023245220919D+00
  0.13644306307152D+00  0.10621765108623D+00  -.16288849695835D+00
  -.18850865413666D+00  -.18426325269601D+00  0.14574446557281D+00
  -.18426325269601D+00  -.18850865413667D+00  0.14574446557281D+00
  0.57870619530695D-01  0.57870619530693D-01  -.25674515980710D+00
  0.59432409076399D-01  -.10211619356448D+00  -.24295570603236D-01
  -.76375155654786D-01  0.40583480184374D-01  0.87562119099661D-01
  -.21646663778097D-02  0.68299515483209D-01  0.96961399869357D-01
  0.37576282289176D-01  -.61648811026740D-01  -.14503126822172D+00
  -.53951943966022D-01  0.10425398858048D+00  0.27635769785159D-01
  -.91636976417165D-01  0.15644022157597D-02  -.83462490261404D-02
  0.10328219485430D+00  -.46288162838028D-01  -.82848445566328D-01
  -.46288162838029D-01  0.10328219485431D+00  0.82848445566328D-01
  -.61060785180352D-01  0.61060785180353D-01  0.84865931560141D-02
  0.10425398858048D+00  -.53951943966021D-01  -.27635769785158D-01
  -.61648811026739D-01  0.37576282289176D-01  0.14503126822172D+00
  -.15644022157623D-02  0.91636976417164D-01  -.83462490261387D-02
  0.40583480184373D-01  -.76375155654787D-01  -.87562119099661D-01
  -.10211619356449D+00  0.59432409076401D-01  0.24295570603237D-01
  -.68299515483207D-01  0.21646663778097D-02  0.96961399869357D-01
  0.37576282289175D-01  -.61648811026740D-01  0.14503126822172D+00
  -.53951943966018D-01  0.10425398858048D+00  -.27635769785158D-01
  0.91636976417165D-01  -.15644022157609D-02  -.83462490261392D-02
  0.59432409076399D-01  -.10211619356448D+00  0.24295570603238D-01
  -.76375155654787D-01  0.40583480184376D-01  -.87562119099661D-01
  0.21646663778097D-02  -.68299515483206D-01  0.96961399869357D-01
  0.10328219485431D+00  -.46288162838028D-01  0.82848445566328D-01
  -.46288162838030D-01  0.10328219485431D+00  -.82848445566328D-01
  0.61060785180352D-01  -.61060785180349D-01  0.84865931560137D-02
  0.40583480184375D-01  -.76375155654786D-01  0.87562119099661D-01
  -.10211619356448D+00  0.59432409076398D-01  -.24295570603238D-01
  0.68299515483209D-01  -.21646663778097D-02  0.96961399869357D-01
  0.10425398858048D+00  -.53951943966023D-01  0.27635769785158D-01
  -.61648811026740D-01  0.37576282289175D-01  -.14503126822172D+00
  0.15644022157640D-02  -.91636976417165D-01  -.83462490261407D-02
  0.59432409076403D-01  0.10211619356449D+00  -.24295570603238D-01
  0.76375155654788D-01  0.40583480184375D-01  -.87562119099661D-01
  -.21646663778097D-02  -.68299515483204D-01  0.96961399869357D-01
  0.10328219485431D+00  0.46288162838028D-01  -.82848445566328D-01
  0.46288162838028D-01  0.10328219485430D+00  -.82848445566328D-01
  -.61060785180350D-01  -.61060785180352D-01  0.84865931560161D-02
  0.40583480184373D-01  0.76375155654785D-01  -.87562119099661D-01
  0.10211619356449D+00  0.59432409076398D-01  -.24295570603237D-01
  -.68299515483205D-01  -.21646663778097D-02  0.96961399869357D-01
  0.10425398858048D+00  0.53951943966022D-01  -.27635769785158D-01
  0.61648811026740D-01  0.37576282289177D-01  -.14503126822172D+00
  -.15644022157602D-02  -.91636976417165D-01  -.83462490261420D-02
  0.37576282289176D-01  0.61648811026740D-01  -.14503126822172D+00
  0.53951943966020D-01  0.10425398858048D+00  -.27635769785160D-01
  -.91636976417168D-01  -.15644022157613D-02  -.83462490261411D-02
  0.37576282289174D-01  0.61648811026739D-01  0.14503126822172D+00
  0.53951943966021D-01  0.10425398858048D+00  0.27635769785158D-01
  0.91636976417167D-01  0.15644022157579D-02  -.83462490261397D-02
  0.59432409076401D-01  0.10211619356449D+00  0.24295570603236D-01
  0.76375155654790D-01  0.40583480184372D-01  0.87562119099661D-01
  0.21646663778097D-02  0.68299515483199D-01  0.96961399869357D-01
  0.10328219485430D+00  0.46288162838029D-01  0.82848445566328D-01
  0.46288162838027D-01  0.10328219485429D+00  0.82848445566328D-01
  0.61060785180349D-01  0.61060785180353D-01  0.84865931560177D-02
  0.10425398858048D+00  0.53951943966016D-01  0.27635769785158D-01
  0.61648811026738D-01  0.37576282289175D-01  0.14503126822172D+00
  0.15644022157592D-02  0.91636976417163D-01  -.83462490261364D-02
  0.40583480184374D-01  0.76375155654787D-01  0.87562119099660D-01
  0.10211619356448D+00  0.59432409076399D-01  0.24295570603240D-01
  0.68299515483207D-01  0.21646663778097D-02  0.96961399869356D-01
$end
