$energy      SCF               SCFKIN            SCFPOT
     1 -3965.922763620      3462.359035428     -7428.281799049
     2 -3965.922799973      3462.237316813     -7428.160116787
     3 -3965.922812269      3462.087907204     -7428.010719473
     4 -3965.999553994      3481.965095636     -7447.964649629
     5 -3966.042035021      3479.718073834     -7445.760108855
     6 -3966.048434912      3478.887717053     -7444.936151965
     7 -3966.124445048      3473.839816453     -7439.964261502
     8 -3965.973981363      3462.576838213     -7428.550819577
     9 -3966.065781087      3458.805784223     -7424.871565309
$end
