$hessapprox internal
  0.421341677426D+00 -0.779791107038D-02  0.424934341282D+00 -0.758440710824D-02
 -0.610028445784D-02  0.423724466123D+00  0.152027785403D-01  0.556209836115D-02
  0.141070301430D-01  0.217474475376D+00 -0.541897427797D-02 -0.307741031209D-02
 -0.501556738913D-02  0.471477586404D-01  0.329339145794D+00  0.619790444945D-02
  0.666941188299D-02  0.711347776460D-02 -0.634114785279D-02  0.652229043089D-02
  0.192150919417D+00 -0.116326575281D-02 -0.312602639499D-02 -0.320191226983D-02
  0.399324311096D-01 -0.175831051114D-01 -0.631054927451D-02  0.189448010349D+00
  0.397652128619D-02  0.334178821430D-02  0.365627506717D-02 -0.100826774946D-02
  0.334633466379D-02 -0.111388702901D-01 -0.452836750868D-02  0.188149201765D+00
  0.139460134605D-01  0.498576715935D-02  0.104372512156D-01 -0.107600858077D-01
 -0.114406750958D-01  0.393035903144D-01 -0.289962252500D-01  0.220833843705D-01
  0.948973462405D-01 -0.111363529872D-01 -0.220297195738D-02 -0.553623023901D-02
 -0.504619110147D-01  0.146573871750D-01  0.955980934501D-02  0.152999551178D-02
  0.466366381898D-02 -0.240953297006D-02  0.241598041467D+00  0.694813562614D-02
  0.508336648001D-02  0.614898505790D-02  0.142840123280D-01 -0.300752835592D-02
  0.924546361774D-02  0.638053974469D-02  0.973277606732D-02  0.280983503982D-05
 -0.141568305364D-02  0.467555311455D+00  0.805592885298D-02  0.661897803497D-02
  0.806500905653D-02  0.700476439524D-02  0.267606148801D-02  0.137142703406D-01
  0.180282336200D-01  0.155387417539D-01  0.130001963252D-02 -0.293201785483D-01
 -0.937621069052D-01  0.347404364670D+00 -0.103551483899D-01 -0.633182903441D-02
 -0.838169238302D-02 -0.455597435665D-03  0.144015666295D-01  0.181306262389D-02
  0.509566949870D-02  0.212490409933D-02  0.433510177937D-02  0.436787044697D-01
  0.396845973274D-01  0.632390782383D-01  0.206998415762D+00  0.178948588148D-02
  0.124627626268D-02  0.315160921537D-02 -0.334905112691D-01  0.103430301147D-01
  0.145006922013D-02  0.761719803429D-02  0.330846359511D-03  0.250300771377D-02
 -0.460302557937D-03 -0.215902127655D-01  0.389017960231D-01 -0.423290842340D-01
  0.379288566354D+00 -0.216667553582D-01 -0.117789708961D-01 -0.177326192478D-01
  0.368989051356D-01  0.549422168538D-02 -0.301082669205D-01  0.271200965683D-01
 -0.140397134645D-01 -0.483810273777D-01  0.110546232401D-01 -0.285975395400D-01
 -0.282005996770D-01  0.115453250738D+00  0.401848486295D-01  0.346595962551D+00
 -0.593903747124D-02 -0.779788227151D-03 -0.565012566374D-02  0.104445541543D-01
  0.241444239292D-01 -0.397992995582D-01  0.480701049081D-01 -0.162039671735D-01
 -0.834557136185D-01  0.938255734389D-01  0.118007304041D-01  0.218270128275D-01
 -0.586339691138D-01 -0.233220635132D-01 -0.953674501832D-01  0.252512446822D+00
  0.126237264578D-03 -0.919931233105D-03 -0.188948665557D-02  0.100309971446D-01
  0.330792269317D-02 -0.107401026959D-01  0.102748230287D-01 -0.372550244390D-02
 -0.157064979365D-01  0.144180303914D-01  0.971879645335D-02 -0.128549096736D-01
 -0.443517710507D-01  0.879465838452D-01 -0.151645484438D-01 -0.312065842260D-01
  0.400295338434D+00  0.551846328759D-03  0.146422604073D-02  0.288794290866D-02
 -0.298290086110D-01 -0.959918727149D-02 -0.255386393970D-02  0.126428964052D-02
 -0.650837219139D-02  0.157230819565D-01  0.124820289119D+00  0.111654340282D-01
  0.215226749139D-01  0.105302515383D+00  0.469134151225D-02  0.554594561259D-01
 -0.215252822428D-01 -0.417104342427D-02  0.145786707457D+00  0.173902043215D-01
  0.791124917566D-02  0.140284223165D-01  0.700328556346D-01 -0.232007357992D-01
 -0.249981371965D-01  0.110377932970D-01 -0.140194724741D-01  0.206858875947D-01
 -0.534203480710D-01  0.128104389069D-01  0.217298280096D-01  0.330270302032D-01
  0.109898013173D-01  0.116882532339D-01  0.581821696186D-02  0.213421780605D-02
  0.109353145892D-01  0.232138952184D+00
$end
