$hessapprox internal
  0.416188471868D+00 -0.784827748516D-04  0.413959095407D+00 -0.175809219580D-03
  0.115290951741D-03  0.406171712563D+00 -0.583782304032D-03 -0.129030748774D-03
 -0.207741072338D-03  0.415636756262D+00  0.709832549921D-04 -0.245284839002D-03
  0.151739342607D-03 -0.908277259634D-04  0.414091918766D+00 -0.535907442033D-03
 -0.736915747620D-04  0.163199198794D-03 -0.514310797265D-03 -0.188008744125D-03
  0.420680248811D+00  0.153164817759D-04  0.489946706588D-04 -0.289911517996D-03
 -0.718759488121D-04  0.717770602725D-04  0.215746040584D-03  0.406355350172D+00
 -0.400629007816D-03 -0.750712171438D-04 -0.872621544077D-04 -0.656758538845D-03
 -0.349680963223D-04  0.344244912104D-03 -0.690731906304D-04  0.413993581676D+00
  0.336753823747D-03 -0.101538406562D-03 -0.993465636911D-04  0.333095275360D-03
 -0.177823105470D-03 -0.758449068453D-04 -0.470379609577D-05  0.537053833931D-03
  0.405684757644D+00  0.247457986344D-03  0.375730840440D-03  0.971877285796D-03
  0.415271074044D-03  0.296868712722D-03  0.112605999363D-02  0.182378373649D-03
  0.436812013739D-03  0.889900606191D-03  0.406832338928D+00  0.109371016812D-02
 -0.277535993158D-03  0.149293000955D-02  0.317748109238D-03 -0.460274022484D-03
  0.112039785945D-02  0.380087360703D-03 -0.238170153510D-03  0.367489314086D-03
  0.905963550721D-03  0.410886821364D+00  0.257953789774D-03  0.115626693599D-04
  0.104644141190D-02  0.761934808613D-03 -0.911375045543D-04  0.802154782807D-03
  0.458719561715D-03  0.133174865051D-02 -0.320176143254D-03  0.568629868799D-03
  0.192383545042D-02  0.408241892338D+00 -0.653293573848D-04 -0.486090792848D-04
 -0.494059550802D-04 -0.856399102079D-04 -0.524127205852D-04 -0.807044900498D-04
 -0.109486523069D-03  0.430987098161D-03 -0.217922894215D-03  0.152248723390D-02
  0.748690942693D-03  0.133846619623D-02  0.419569278287D+00 -0.267007908826D-03
 -0.336813155297D-05  0.105745326150D-03 -0.797655607521D-04  0.413567311694D-04
 -0.244744947295D-03  0.913787047942D-04  0.456985792031D-04  0.502033077976D-04
 -0.147090944477D-03  0.113914919460D-02 -0.247798659867D-03 -0.950592842371D-04
  0.417281676712D+00 -0.158943540037D-03  0.742286099639D-04 -0.547198929928D-03
 -0.152782524853D-03  0.644146236965D-04 -0.183260937571D-04 -0.212924999078D-03
  0.247704777107D-04 -0.229573005589D-03  0.953514632717D-03  0.151646584795D-02
  0.772426044291D-03 -0.117561463322D-03  0.279883000739D-04  0.406268575055D+00
  0.131100573373D-02  0.429348567923D-03  0.210395767736D-02  0.169570329292D-02
  0.252276847447D-03  0.161920536154D-02  0.977343910224D-03  0.146311900641D-02
  0.331361977039D-03 -0.388117046694D-03 -0.144881926135D-02 -0.637437832107D-03
  0.467274497252D-03  0.390651425285D-03  0.209173939204D-02  0.401039740847D+00
 -0.172401926693D-03  0.451044003357D-03 -0.700553061158D-03  0.301480499204D-03
  0.547671202787D-03  0.534977265746D-03 -0.233186468189D-03  0.315578202753D-03
  0.161220336215D-03 -0.464636581320D-04  0.262562271585D-02 -0.144041210125D-03
 -0.165538154076D-03  0.522431724326D-04 -0.512696048369D-03  0.114098094906D-02
  0.404641310319D+00 -0.761859861328D-04 -0.196461515798D-04  0.104580532259D-03
 -0.132667813919D-03 -0.751526581881D-06 -0.519954105803D-04 -0.516637860164D-06
  0.114634775234D-03  0.749618607003D-04  0.937092769836D-03  0.155049550670D-03
  0.859538387226D-03  0.862663857753D-03 -0.110015931789D-04  0.797413417169D-04
 -0.292439109507D-04 -0.521413435082D-04  0.415505869382D+00 -0.262846722461D-03
 -0.582826491016D-04  0.136861683915D-03 -0.395394728657D-03  0.652767479558D-05
 -0.459852564585D-03  0.102673456578D-03 -0.649611088568D-04  0.146952343510D-03
 -0.137624905491D-03  0.130488373037D-02  0.169581334406D-04 -0.194653030175D-03
 -0.676380911322D-04  0.127621640795D-05  0.920282562784D-03  0.174469711464D-03
 -0.930376332989D-04  0.417331569768D+00  0.126250989925D-02  0.352096120105D-03
  0.169646840369D-02  0.189746362929D-02  0.299735712548D-03  0.173756614867D-02
  0.725304118418D-03  0.134492058054D-02  0.550515259058D-03 -0.116680181203D-02
 -0.797593446957D-03 -0.789596892335D-03  0.769694609986D-03  0.346809247678D-03
  0.188623520762D-02 -0.530800170247D-02  0.394059754479D-03  0.481953796508D-03
  0.104298325504D-02  0.401675640594D+00  0.107729890815D-02  0.550016864029D-03
  0.181151281115D-02  0.233624042801D-02  0.517978699784D-03  0.203560537954D-02
  0.838133260151D-03  0.163469497098D-02  0.834216819102D-03 -0.435620246164D-02
 -0.398786830643D-03 -0.453602597402D-02  0.417874578507D-03 -0.455177149223D-05
  0.181165791851D-02 -0.678594901172D-02 -0.145775024367D-02 -0.642819417175D-04
  0.525237972438D-03 -0.764391288496D-02  0.311378040935D+00  0.106793745423D-02
  0.274705351496D-03  0.140192959443D-02  0.160638269407D-02  0.119941043659D-03
  0.240469297450D-02  0.645520254368D-03  0.106253309039D-02  0.715756257058D-03
 -0.369837322587D-02 -0.154165323561D-02 -0.357168652655D-02  0.199622295723D-04
  0.468749543060D-03  0.152063540838D-02 -0.528027177728D-02 -0.463718382483D-03
 -0.268782307393D-03  0.594627901452D-03 -0.591862049422D-02 -0.103787243238D-01
  0.317049360284D+00  0.384973767415D-02 -0.165931165306D-02  0.122022995230D-02
  0.790675647909D-03 -0.208997837908D-02 -0.159611983199D-02 -0.351464915003D-03
 -0.186755225126D-02 -0.201181336531D-02  0.149295106624D-02 -0.168203083146D-01
 -0.384277330091D-03  0.890831240214D-03  0.418373300248D-02  0.138311052862D-02
 -0.759205430460D-02  0.669948411815D-02 -0.548999516555D-03  0.371686668515D-02
 -0.248965633134D-02  0.425610605062D-02 -0.178426564528D-02  0.266450547980D+00
  0.312071807924D-02  0.158949628178D-02  0.432610647467D-02  0.456202590962D-02
  0.130709115876D-02  0.214757622910D-02  0.169311548071D-02  0.282771271672D-02
  0.879142138884D-03 -0.933203708027D-02 -0.426079562495D-02 -0.734117558777D-02
  0.121094176219D-02 -0.476722819680D-05  0.395975985858D-02 -0.157435382827D-01
 -0.335540531475D-04  0.393289945003D-03  0.538948721824D-03 -0.142324663855D-01
 -0.230803915910D-01 -0.167504960998D-01 -0.286004975944D-02  0.272176741837D+00
  0.355154094208D-02  0.935788691859D-03  0.314948793168D-02  0.403085230059D-02
  0.689081849286D-03  0.200186359726D-02  0.865622455932D-03  0.162042566260D-02
  0.534780375914D-03 -0.754153123695D-02 -0.783529066280D-02 -0.565560635890D-02
  0.138689967063D-02  0.140695097176D-02  0.341122752852D-02 -0.133956023604D-01
  0.557858885163D-03  0.253991494947D-03  0.175138964417D-02 -0.126994557577D-01
 -0.181339203492D-01 -0.145018428426D-01 -0.147940327556D-01 -0.420733177189D-01
  0.287185409769D+00 -0.112719166083D-02  0.290342214310D-04  0.209159184668D-04
 -0.766709772821D-04  0.354501445728D-03  0.290822061107D-03  0.201993647934D-03
  0.284445116773D-03  0.421327078270D-03 -0.179080585952D-03 -0.414737417151D-03
 -0.304220075673D-03  0.938016855715D-04 -0.551390992535D-03  0.258428602806D-03
 -0.764721748243D-03 -0.404884495606D-03  0.323659747065D-03 -0.757548558205D-03
 -0.382780635253D-03  0.505895615879D-04  0.268728973777D-03  0.753068051887D-03
 -0.456341472322D-03 -0.343466272358D-03  0.130653059521D-01  0.610155638933D-04
 -0.816765129160D-03 -0.370849521622D-03  0.143729437158D-02 -0.920131215336D-04
  0.204291584434D-03 -0.515651748899D-04  0.103054302208D-03 -0.731540637443D-04
  0.247878520571D-03 -0.829767389263D-03  0.336376286456D-03  0.103191702591D-03
 -0.798206609171D-04 -0.287474828590D-04 -0.482198073310D-03  0.127194891355D-03
  0.585857505958D-04 -0.104278067609D-03 -0.198335165714D-03  0.105788718341D-03
 -0.209488170669D-03 -0.813989780398D-03  0.530627037875D-03 -0.719149944770D-03
  0.216470357004D-02  0.614750807308D-02 -0.341864113886D-03 -0.146542470951D-03
 -0.103033018414D-03 -0.208678831089D-03  0.594657977061D-04  0.254251909888D-04
  0.496908850450D-04 -0.841627617715D-03  0.687731888647D-03 -0.889502274856D-03
 -0.873319952888D-03 -0.147661666476D-03 -0.288686595815D-03 -0.398455733239D-03
  0.790682644515D-04  0.208495173945D-03  0.256254710071D-03 -0.286478581468D-05
  0.211745303390D-03  0.453550838462D-03  0.131847001173D-02  0.708799934423D-03
 -0.367343261378D-02  0.131656832648D-02 -0.717690129816D-04 -0.191011844464D-01
 -0.355968294170D-02  0.444098816463D-01 -0.228366815912D-03  0.856731132494D-04
  0.178665885456D-03 -0.103875070411D-03 -0.611944536529D-05  0.474296676393D-03
  0.328735035602D-03  0.769387543484D-04  0.397036459675D-04 -0.331119270400D-03
  0.104145676184D-03 -0.159739305341D-03  0.172748390441D-03 -0.529080229595D-03
 -0.845436111762D-04  0.348067604677D-03  0.852548507475D-04  0.131901123473D-04
 -0.814789418551D-03  0.341149455257D-04  0.756455180127D-03  0.102174058148D-02
  0.758712562469D-03 -0.350343049329D-03  0.604020638766D-03  0.594655215431D-02
  0.224200414573D-02 -0.108145969840D-01  0.719309560808D-02  0.329613686993D-03
  0.562841666028D-04 -0.221483839113D-03 -0.127911881603D-04 -0.155102752342D-05
  0.446054007857D-03 -0.844020290554D-04 -0.465969823013D-03  0.543746309407D-03
 -0.942602314890D-03 -0.954807600660D-03  0.300488661709D-03 -0.132541900912D-03
 -0.681781862062D-03 -0.114429125628D-04 -0.336041924316D-03 -0.117641231102D-03
  0.200449357557D-03  0.787502081886D-03 -0.215928010214D-03 -0.250205429332D-03
 -0.418009974371D-03 -0.398113684648D-03  0.141210947165D-03 -0.403755472542D-03
  0.103471743255D-01  0.231271990961D-02 -0.225107294571D-01  0.621548424636D-02
  0.154222809384D-01  0.211929265653D-03  0.301530705106D-03  0.301431296983D-03
  0.985133039321D-03 -0.592935459576D-04  0.392558090531D-03  0.849227591240D-06
  0.803176536581D-03 -0.365317280013D-03 -0.606669754249D-03  0.405794286605D-03
 -0.867443737709D-03 -0.354882041559D-03 -0.245590908165D-03  0.468642249086D-04
 -0.132499652404D-02 -0.612024410455D-03 -0.363015395409D-03  0.175890173561D-03
 -0.561352942060D-03 -0.286337062963D-02 -0.950412419972D-03  0.441909049132D-02
 -0.389577118788D-02 -0.243574906400D-02 -0.107288042666D-02 -0.190067767533D-03
  0.265051363590D-03  0.837313924629D-03 -0.174549465981D-02  0.314614580156D+00
 -0.679854833133D-03 -0.136445426538D-02  0.354131007634D-02 -0.200787667917D-02
 -0.162006845260D-02 -0.365025972805D-02  0.152711379617D-02 -0.104797281657D-02
  0.219945845449D-03 -0.107171866054D-02 -0.452655692588D-02  0.568737761397D-03
 -0.125691969192D-03 -0.203320586067D-02  0.235293309590D-02 -0.173465162333D-02
  0.798850967878D-02  0.351268886462D-03 -0.299734378069D-02  0.714952437022D-03
  0.545579758503D-02  0.313689369912D-02 -0.607037801123D-02 -0.119474461974D-02
  0.290545633349D-02  0.377983454432D-03 -0.683312222424D-03 -0.122669912744D-03
 -0.184234655003D-02  0.408142180928D-03  0.202529708619D-02  0.281712947599D+00
 -0.221650573015D-02  0.846469786633D-03 -0.936695423536D-03 -0.130921560484D-02
  0.949711641504D-03  0.313153390895D-04 -0.342034172126D-04 -0.312181328021D-03
  0.151571105280D-02  0.122974139683D-03  0.584405264629D-02  0.185033329335D-02
 -0.572272722652D-03 -0.163064421684D-02 -0.762016925160D-03  0.354360052189D-02
 -0.249128354654D-02 -0.324551531252D-03 -0.172663911076D-02  0.274559196409D-02
  0.160760438708D-02  0.307351816593D-02  0.237051132891D-01  0.663132707606D-02
  0.101997354066D-01 -0.647338228249D-04  0.254773134474D-03  0.131377369099D-02
 -0.927967536443D-04  0.284378671406D-03 -0.175342460183D-02  0.180819907144D-02
  0.307930265467D+00 -0.191504919673D-02  0.450390293584D-03 -0.969529674603D-03
 -0.202548302448D-02  0.768194921414D-03 -0.946190405992D-03 -0.238299048897D-03
 -0.124539675327D-02  0.123415430159D-02  0.610010027270D-03  0.334634316368D-02
  0.356802731752D-02  0.391331999020D-04 -0.145274325487D-02 -0.938119002260D-03
  0.445010140242D-02 -0.689449088896D-03  0.337405909277D-03 -0.179796382831D-02
  0.382453675711D-02  0.647331630044D-02  0.614710367172D-02  0.149481873363D-01
  0.981614094980D-02  0.116433499983D-01  0.931250983243D-03  0.157474923232D-02
  0.775449848955D-04 -0.772230931255D-03 -0.715013170630D-03  0.150734268502D-02
 -0.465697153766D-02 -0.896468452950D-02  0.309870509234D+00  0.584616141408D-03
 -0.260271317873D-03  0.232809317431D-03 -0.380074194044D-03 -0.676537395035D-03
  0.712163914890D-04  0.343474707953D-05 -0.504954239430D-03 -0.422139556599D-03
 -0.265899109576D-03 -0.225506132859D-02  0.678596949754D-04 -0.338808507409D-03
  0.636975065101D-03  0.655249990804D-04  0.492817688697D-03  0.225127988454D-02
 -0.968501165572D-04  0.902816436229D-04  0.150745269691D-02  0.318099458915D-02
  0.768602418353D-03 -0.112039562728D-01  0.176416663223D-02 -0.515519662803D-05
  0.748846823956D-05  0.391815363304D-03 -0.595520131092D-03 -0.391214600751D-03
  0.798578436360D-03  0.238863426691D-02 -0.623193060612D-02  0.434434226366D-02
  0.105648135623D-02  0.316321778821D+00  0.119533627770D-03 -0.331185260757D-03
  0.156611825724D-03  0.354367631061D-03 -0.247470372906D-03 -0.647024799463D-03
 -0.304075082807D-04  0.471476125454D-03 -0.957366332867D-03  0.858523729195D-03
 -0.574862541804D-03 -0.144557462940D-03  0.999580072377D-04 -0.454664944644D-03
 -0.372931297213D-04 -0.146541712159D-04  0.516594220666D-03  0.319920293340D-03
 -0.221503390576D-03 -0.115858076523D-03  0.121760648787D-02  0.193118549387D-02
  0.383599722417D-03  0.713843998289D-03  0.842776390381D-03 -0.111382175344D-02
  0.217383509462D-03 -0.169989363686D-03  0.139916277050D-03 -0.557993717228D-04
 -0.200902238769D-02 -0.320762445038D-02  0.655624355077D-03  0.374907630586D-03
  0.661532068538D-03  0.318029509904D+00 -0.773502586732D-03 -0.807671428957D-03
  0.227532533296D-02 -0.838077947009D-03 -0.776138729492D-03 -0.217182775616D-03
  0.129832201998D-02 -0.413877119834D-03  0.131581524333D-02 -0.567206193177D-03
 -0.297846240837D-02 -0.106898359378D-02  0.177584072152D-04 -0.729179486032D-03
  0.212871244287D-02 -0.322263433453D-02  0.291653227658D-02 -0.403826887720D-03
 -0.109505371105D-02 -0.308530230592D-02 -0.287053319772D-02 -0.276769166650D-02
 -0.104580759280D-02 -0.336179876534D-02 -0.194431490246D-02  0.111384040224D-02
  0.242448807051D-05  0.163089202299D-03 -0.115917266967D-03 -0.351422922787D-03
  0.746993172433D-03 -0.146735682469D-01 -0.222873353438D-03  0.387477057427D-03
 -0.392897651329D-03  0.708109156025D-04  0.309015783045D+00 -0.102309755795D-02
 -0.118797682981D-02  0.260483841246D-02 -0.147823378942D-02 -0.127627979322D-02
 -0.119985412475D-02  0.124899730509D-02 -0.102559045472D-02  0.109148996789D-02
 -0.219916918693D-03 -0.377254530558D-02  0.228028766246D-04 -0.194467479899D-03
 -0.111643890020D-02  0.211936483314D-02 -0.208818320058D-02  0.480217992923D-02
 -0.532630359879D-03 -0.153161006680D-02 -0.456008703830D-03  0.101376167949D-02
  0.267413738870D-03 -0.475911233080D-02  0.706313996464D-03  0.177079158302D-02
  0.263892895137D-04 -0.206038379158D-02 -0.383237836298D-03 -0.855992798034D-03
  0.614008920242D-03 -0.580099850717D-03 -0.225795078176D-01  0.230944740191D-03
 -0.947116911984D-03 -0.201531211965D-02 -0.140836033854D-02 -0.128173466312D-01
  0.303707700730D+00 -0.100506069565D-02 -0.279893665780D-03  0.127843449140D-02
 -0.739886453111D-03 -0.194216240454D-03  0.194107969020D-03  0.101600911136D-02
 -0.126997404384D-03  0.625952968529D-03  0.671050196008D-03 -0.277776691261D-04
 -0.459636284398D-03  0.412527982896D-03 -0.104459391426D-02  0.954339891296D-03
 -0.124497771108D-02  0.153559704294D-02  0.170454406912D-03 -0.102707471121D-02
 -0.821921303678D-03 -0.440752685666D-03  0.332520206811D-04  0.980562462384D-03
 -0.233591494301D-02  0.529294633132D-03 -0.880403394267D-04  0.108822569948D-02
 -0.106668378780D-02 -0.191732984301D-02  0.101126523294D-02  0.244946223005D-02
 -0.966406872372D-02 -0.734390098741D-03 -0.148702632012D-02 -0.659673646888D-03
  0.424893376605D-03 -0.637576048574D-02 -0.645956867040D-02  0.314821272819D+00
 -0.245442984416D-02  0.475634597515D-03  0.211546993702D-04 -0.319719096276D-02
  0.917348720519D-03  0.292334723184D-03 -0.102070131004D-03 -0.371900239642D-02
  0.464491027471D-02 -0.107916722172D-02 -0.124257903621D-02  0.560760433254D-02
  0.832522212118D-03 -0.283539491918D-03  0.751217676106D-03  0.161890390764D-02
  0.519315409372D-04 -0.882045843272D-03 -0.832128038739D-03  0.250307532988D-02
  0.306025359253D-02  0.200383299799D-02  0.425174364240D-02  0.715943958949D-02
  0.549291389448D-02  0.114986680047D-02  0.981648451146D-03 -0.162308250610D-02
  0.107277328465D-02 -0.121607427691D-02  0.178103094495D-02 -0.228963540963D-02
 -0.927814133991D-02 -0.942300322328D-02  0.124026299422D-02  0.459931498365D-02
 -0.534218389127D-02 -0.690474352210D-02 -0.220795456743D-02  0.290666018645D+00
 -0.627343092607D-04 -0.270630405944D-03 -0.266786703158D-03  0.516690800068D-03
  0.151077125016D-02 -0.174198356310D-03  0.486608725002D-03 -0.368050140112D-03
  0.897545458875D-03  0.169449666339D-02  0.337334889746D-03 -0.652409182914D-03
  0.114159442520D-02  0.344978893615D-03 -0.244958910121D-04 -0.418797935349D-02
 -0.208368155676D-02  0.480917689619D-03  0.157981898380D-02 -0.581931337753D-02
 -0.320740402104D-02 -0.620593080064D-03 -0.201120734686D-02 -0.421035821631D-02
 -0.217459101749D-02 -0.196879097289D-03 -0.324685059661D-03  0.219958259592D-02
 -0.455737007886D-03  0.101863392294D-01  0.880980453896D-02  0.986037634486D-02
  0.284570220583D-02  0.121218962442D-03  0.301394945313D-02  0.244318282076D-02
  0.114298512141D-02  0.630637484797D-02 -0.610571788130D-02 -0.260923181299D-02
  0.352779835538D+00 -0.374657498842D-03 -0.584359628946D-03 -0.168072989736D-02
 -0.242707294265D-02 -0.141339425747D-02 -0.577293009730D-03 -0.854539519707D-03
 -0.165049552068D-02 -0.141643822321D-03  0.343951168165D-02 -0.165958357438D-02
  0.341316872997D-02 -0.161997698869D-02  0.201418108946D-02 -0.896656309183D-03
  0.461378898165D-02  0.230117613245D-02 -0.173389997199D-02  0.502420045863D-03
  0.850784720992D-02  0.113136594862D-01  0.359109478150D-02 -0.174761841685D-01
  0.240435801438D-01  0.148830894933D-01 -0.251951853043D-02 -0.102136295999D-01
 -0.963024382663D-03  0.189507684130D-02  0.254033670479D-02  0.228498798390D-02
 -0.106745248927D-02  0.111717822433D-02  0.386729946819D-03 -0.687773107494D-02
  0.393248874564D-02  0.994408997059D-04 -0.311287816136D-02  0.335578677216D-02
 -0.782175366308D-02  0.182531995973D-01  0.353705996712D+00 -0.206237172516D-02
 -0.370070190110D-03 -0.109508337116D-02 -0.195007935754D-02  0.111715384697D-02
 -0.181021629690D-02  0.239621035760D-03 -0.155110927072D-02  0.544074982879D-03
  0.461229603955D-02  0.249627187350D-02  0.259467663741D-02  0.545452695072D-03
 -0.159228925869D-02 -0.103104333350D-02  0.327482528516D-02 -0.860280829667D-03
  0.286641321394D-03 -0.294121967031D-03  0.307113022323D-02  0.772537148262D-02
  0.883676725046D-02  0.306838754421D-02  0.117177498899D-01  0.128631139289D-01
  0.108842286721D-01  0.249886632875D-02  0.106998302880D-02 -0.390188979565D-03
 -0.274468457532D-02  0.607972100551D-02  0.188002731348D-03 -0.328343193300D-02
 -0.747300457449D-02  0.215722810645D-02  0.113653062076D-03  0.133826184119D-02
  0.182352773328D-02 -0.623492074639D-02 -0.708004121902D-02 -0.254638355437D-01
  0.107663491492D-01  0.362907590818D+00  0.107600268762D-02 -0.692253596440D-03
 -0.767652023455D-03 -0.120965245035D-02 -0.204416853519D-02  0.977862538565D-02
 -0.323439654367D-03 -0.646363417908D-03  0.757912140767D-03 -0.214714829378D-02
 -0.461848434516D-02 -0.105915713751D-02 -0.265244191192D-02  0.375833573256D-02
  0.364987277861D-03  0.418504178026D-02  0.226577191893D-02 -0.218968799714D-02
  0.165198151352D-02  0.202869077138D-02  0.241143467320D-02 -0.394343932757D-02
 -0.268529629551D-01  0.110219250430D-01 -0.169682939970D-02  0.443165110485D-03
  0.110608702240D-02 -0.275983628001D-02 -0.726055020105D-02  0.131748850275D-02
  0.539531513872D-02  0.206545578258D-02  0.917264606961D-02  0.805012002163D-02
 -0.768815352896D-02  0.596682335304D-02 -0.186660325669D-02 -0.135504908707D-03
  0.597966663881D-02 -0.242862077540D-02  0.191391184810D-01 -0.343442250073D-01
  0.242032081691D-01  0.355591214958D+00  0.710038425492D-03 -0.196036963217D-02
  0.799176796307D-03 -0.324497021023D-03 -0.106486895955D-02 -0.294001059441D-02
 -0.101947928074D-02 -0.302548971369D-02 -0.147007688754D-02  0.430913920659D-02
 -0.123580328446D-01  0.441919629306D-02  0.404318930136D-02  0.685242608786D-03
  0.555217594688D-03  0.170119035312D-02  0.431159400693D-02  0.170050257646D-02
  0.158800812598D-02  0.218921159571D-02  0.873557866921D-02  0.923424162219D-02
 -0.343346210885D-01  0.486190817615D-02 -0.520727541780D-02  0.251974242972D-02
  0.131640668551D-02 -0.330910395862D-03  0.235925698959D-02  0.195737467507D-02
 -0.241929372413D-02 -0.735488904150D-02  0.128542254335D-01  0.390126958060D-02
 -0.744214695146D-03 -0.813382703358D-02  0.117772766409D-02 -0.683926572114D-02
  0.179852044426D-02 -0.178508757549D-02 -0.981867472986D-02  0.152293056983D-01
 -0.179563623710D-01  0.178727381754D-01  0.311115793713D+00  0.184227827839D-02
 -0.173702701853D-02 -0.401829159751D-03  0.111104071535D-02 -0.120538779174D-02
 -0.175499313273D-02 -0.634002197165D-03 -0.624884227303D-03 -0.306005104600D-02
  0.549814080657D-02 -0.811169400614D-02  0.185783640011D-03  0.696199718641D-03
  0.185927303881D-02 -0.462746430218D-03 -0.182062757070D-02  0.264484400869D-02
  0.175015185175D-03  0.312348808986D-02 -0.581377357586D-03  0.669334828905D-02
  0.600196381944D-02 -0.316286464592D-01  0.871216170898D-02 -0.407150958251D-04
 -0.877248498128D-03 -0.493703463830D-03 -0.333660979132D-02 -0.738288966475D-04
 -0.872629761291D-03  0.808067511845D-03  0.231175521392D-02  0.144257197484D-01
  0.797053669963D-02 -0.115687541004D-02 -0.583297866580D-02  0.341431585852D-02
  0.404518125644D-03  0.970433087947D-03  0.104208343666D-01 -0.150970821307D-01
  0.680516690203D-02 -0.147835013834D-01  0.984464789277D-02 -0.490373921306D-01
  0.290624530777D+00  0.648697145142D-03 -0.147789493675D-03 -0.269446736980D-03
 -0.340133467833D-03 -0.922691017061D-03  0.192894422467D-02  0.660871215055D-04
  0.152755535194D-03 -0.136654454367D-03 -0.735498107895D-03 -0.623270142173D-03
 -0.166363745642D-02 -0.946692353243D-03  0.140314146271D-02  0.303509148229D-04
  0.139586795980D-02  0.824002918705D-03 -0.556714631276D-03  0.336609143341D-03
  0.123277626008D-02 -0.469873193471D-03 -0.476235370426D-02 -0.112144169381D-01
  0.290028803708D-02 -0.747036804308D-03 -0.536832716902D-03  0.196708521676D-04
 -0.170746757015D-04  0.565911419927D-02  0.295106702785D-03  0.418859923896D-02
  0.183266955141D-02  0.465992034664D-02  0.553258177814D-02 -0.628016119860D-02
  0.526889929657D-02 -0.118844465963D-02  0.160694892512D-02  0.652119937205D-03
  0.315261529735D-02  0.870380686963D-02 -0.210110425728D-01  0.135618264515D-01
 -0.299383394309D-01  0.260342117283D-01  0.112396586331D-01  0.309001428615D+00
  0.544874486394D-03  0.192279327513D-02 -0.425930496170D-02  0.395808471859D-03
  0.196733989541D-02  0.106801629348D-02 -0.211205564837D-02 -0.756854851628D-03
 -0.235623081554D-03  0.215794975620D-02  0.368966857609D-02  0.451168650336D-02
  0.157358021495D-03  0.194930432965D-02 -0.361474353058D-02  0.262400542933D-02
 -0.570752636077D-02 -0.210006367949D-03  0.252644785642D-02  0.488308560427D-02
  0.577400920916D-02  0.517631595761D-02 -0.683610577853D-03  0.854013225379D-02
  0.549357764419D-02  0.915686101687D-03 -0.625778332317D-04 -0.652440400016D-03
  0.798407755509D-03 -0.106005949811D-02 -0.700640154187D-04  0.297361907545D-01
 -0.324395723567D-02 -0.362390300614D-02  0.144987125790D-02  0.334949841944D-02
  0.191936979665D-01  0.212051395931D-01  0.931795780071D-02 -0.577566723077D-02
 -0.880824739719D-02 -0.598986844658D-02 -0.848824013648D-02  0.390124422706D-02
  0.403570657829D-03 -0.379229638978D-02  0.240397017300D-02  0.289418854130D+00
  0.126351498445D-02 -0.456805016675D-03 -0.127306602867D-02  0.913237631778D-03
 -0.102732255582D-02  0.119629725394D-02 -0.851097559321D-03  0.147132218494D-02
 -0.211461190418D-02  0.162774751322D-02 -0.183487398911D-02 -0.300899978097D-03
 -0.691696422713D-03  0.138842840995D-02 -0.708406019319D-03  0.103608824925D-02
 -0.360145207370D-03 -0.752505138284D-04  0.746219583880D-03 -0.515488947830D-03
  0.195850312651D-02 -0.649807607671D-04 -0.294970030751D-02  0.874547839796D-02
  0.232564837110D-02 -0.995903442040D-03 -0.119567450303D-02  0.135363964572D-02
  0.844142393283D-03  0.538543195982D-03 -0.332179293954D-02  0.502306598709D-02
  0.206683020487D-02  0.480497008829D-02 -0.474956177066D-03 -0.210491394993D-02
  0.203237841351D-02  0.249347167894D-02  0.704201687708D-02  0.106192145121D-01
  0.185854139410D-01 -0.126324536171D-01  0.172009998833D-01 -0.172511522786D-01
  0.679713497342D-02 -0.348851773719D-03 -0.780787198709D-02  0.315234098740D-02
  0.313032503859D+00  0.171066464960D-03  0.266845746657D-03  0.144177430742D-02
  0.115485920304D-02  0.117851813468D-02  0.162099504709D-02  0.592468944853D-03
 -0.695768948569D-03  0.265326894750D-02 -0.370939107543D-02 -0.256095426593D-02
 -0.178020100766D-02  0.135645015484D-02  0.185137024220D-03  0.186346082885D-02
 -0.561050448116D-02 -0.163053670569D-02 -0.234133593092D-04  0.991932320285D-03
 -0.755035974638D-02 -0.111871984838D-01 -0.674732839065D-02  0.143073692057D-02
 -0.181749173187D-01 -0.157339456207D-01  0.194409561861D-02 -0.247971147735D-02
 -0.592230473379D-03  0.415520269576D-03 -0.115500269668D-02  0.614702701530D-03
  0.719416305448D-02  0.739868584581D-03  0.204105441255D-02  0.539732221983D-02
  0.138779800797D-02 -0.344765863158D-02  0.210203256284D-03 -0.253289700640D-02
 -0.949863706416D-02 -0.198385377667D-01  0.196447175949D-01 -0.875760725777D-02
  0.137361221730D-01 -0.136633856490D-01 -0.402202620218D-02  0.100827793909D-01
  0.295412831218D-03  0.125221539799D-01  0.309070048620D+00  0.213835607869D-02
 -0.134116943345D-03  0.719928639116D-03  0.121476372769D-02 -0.526909566922D-03
  0.196122513589D-02 -0.172043717998D-03  0.295275469283D-03  0.597910604117D-03
 -0.293317327037D-02 -0.590796385770D-02 -0.160013059189D-02  0.314202793470D-03
  0.230501265168D-02  0.155863279043D-02 -0.530084241550D-02  0.514518894718D-03
 -0.506291314752D-03  0.164689737785D-02 -0.552707953651D-02 -0.731260552125D-02
 -0.901679496408D-02 -0.148328839992D-01 -0.981861071595D-02 -0.147817351057D-01
  0.263934969649D-02 -0.110425231940D-02  0.632595252035D-03  0.127219184820D-02
 -0.167548297475D-02 -0.494396160361D-03  0.561023304158D-02  0.673623287223D-02
  0.901150194944D-02 -0.198957647691D-02  0.274724352193D-02 -0.238844618246D-02
  0.107734696286D-05  0.441534264072D-02 -0.620714818382D-03  0.870521195802D-02
 -0.109650415395D-01  0.176805153397D-01 -0.259036801897D-01  0.810610496412D-02
  0.380436889954D-02 -0.124112233643D-01  0.350194423050D-02 -0.105382433438D-01
 -0.186166863667D-02  0.312803459609D+00 -0.108436878146D-02 -0.644659291764D-03
 -0.227314611778D-03 -0.266575798427D-02 -0.287969253103D-03 -0.505502135383D-03
 -0.606033268865D-03 -0.401743834021D-02  0.276654483970D-02  0.256198183140D-03
 -0.650087316307D-02  0.507579819006D-02  0.278805856323D-03  0.950028745286D-03
  0.639183756162D-03  0.208568371455D-02  0.227362821797D-02 -0.101359513000D-02
  0.516436944601D-03  0.237296522471D-02  0.717861382486D-02  0.446478762285D-02
 -0.125278538849D-01  0.136800420104D-01  0.535760641088D-02  0.235887052701D-02
  0.384639639734D-03 -0.115572805968D-02  0.211915645016D-02 -0.106647216608D-02
  0.140148869691D-02 -0.423741253089D-02 -0.106641078443D-02 -0.443075924911D-02
 -0.828945392958D-03  0.110894950102D-02 -0.433941387152D-02 -0.810813545705D-02
  0.506454546948D-03 -0.227869684441D-01  0.110527312094D-02 -0.100269007275D-01
 -0.466582736219D-02 -0.744382700969D-02 -0.239127140680D-01 -0.686536298959D-02
  0.416495571787D-02 -0.227569047654D-02  0.227392192259D-02 -0.575723932730D-02
 -0.411573809419D-02  0.305636894632D+00 -0.133918670477D-02 -0.341339626096D-03
  0.826620372863D-03 -0.421885118724D-03 -0.702654594089D-04  0.628221284928D-03
  0.100673505811D-02  0.186019401635D-03  0.125187141917D-02 -0.528103385499D-03
  0.220405117345D-02 -0.260851483876D-02 -0.330663834570D-03 -0.973184415457D-03
  0.960910504355D-03  0.158370662885D-03 -0.773236298958D-03 -0.303158548290D-03
 -0.865369052575D-03 -0.239836071852D-02 -0.535815096661D-02 -0.399677247211D-02
  0.103633154478D-01 -0.159500188195D-02  0.435382686239D-03  0.829431236936D-03
  0.696819737133D-03  0.270980938934D-03 -0.343979401005D-03  0.101492232994D-02
  0.219662505808D-02 -0.443497334206D-03 -0.303035383253D-02  0.394143197788D-03
  0.229410677101D-02  0.177912736237D-02 -0.740451418754D-02 -0.363870416276D-02
 -0.549872719453D-02 -0.194953846517D-02 -0.633041212380D-02  0.427258768806D-02
 -0.192771919847D-02 -0.180649881883D-02  0.117080739478D-01  0.735064777986D-02
 -0.358725182541D-02  0.121981861069D-01  0.232594896752D-02 -0.585120178208D-02
 -0.589663995513D-03  0.272211679363D-02  0.320027481832D+00  0.295719394590D-02
  0.980667494553D-03 -0.100905494709D-02  0.256688594375D-02  0.675636856243D-03
 -0.214782199111D-05 -0.918019787252D-03  0.187442757183D-02 -0.269548712275D-02
 -0.105186661967D-02 -0.186689185980D-04 -0.920875685298D-03  0.375801543260D-03
  0.128463581520D-02 -0.125514386289D-02 -0.235753085923D-02 -0.126930919267D-02
  0.102407792735D-02  0.147951813239D-02 -0.962385225089D-03 -0.680033772542D-03
 -0.972816867855D-03 -0.970316803395D-02 -0.116219350298D-01 -0.106831886608D-01
  0.352224484758D-03 -0.740431869896D-03  0.280775130344D-03 -0.802915938829D-03
  0.217973702687D-03  0.319250422511D-03  0.960039233245D-02  0.753855295492D-02
  0.444307189644D-02 -0.287200060935D-02 -0.681883523745D-03  0.128541076497D-01
  0.137470894303D-01  0.600463094330D-02  0.157282026157D-01 -0.174802915098D-02
  0.337593329993D-02  0.278558760281D-02  0.415032975667D-04  0.753924077787D-03
 -0.575890348295D-02 -0.203091491587D-02 -0.160589245344D-01 -0.228640725102D-02
  0.475454896197D-02 -0.986703932480D-03  0.127984945987D-01  0.106398923168D-01
  0.308007662216D+00  0.180072085274D-02  0.143020016444D-02 -0.184877006298D-02
  0.216810619245D-02  0.137745794401D-02  0.976618919014D-03 -0.120010874532D-02
  0.773892239081D-03 -0.913328046323D-03 -0.968528166752D-03  0.112302268333D-02
  0.227690128690D-03  0.339852222437D-03  0.138998060879D-02 -0.157670485768D-02
 -0.143815862180D-02 -0.374364429848D-02  0.279908005385D-03  0.206289490209D-02
 -0.714906208379D-03 -0.228889021586D-02 -0.866587937260D-03 -0.258569630858D-02
 -0.792429722631D-02 -0.805659258721D-02 -0.162518136081D-03 -0.692626104291D-03
  0.107369926620D-03  0.133358295358D-03 -0.496100705352D-03 -0.201538829538D-02
  0.206573583426D-01  0.198246443620D-02  0.231562955452D-02  0.152806451728D-02
  0.708325475404D-03  0.136208743903D-01  0.158110081113D-01  0.729905211242D-02
  0.446048833184D-02 -0.543206698870D-02  0.462557802849D-02 -0.627286382061D-03
  0.488300056464D-02 -0.293239517665D-02 -0.458076601185D-02  0.302607470957D-02
 -0.250313420986D-01  0.610029679876D-03 -0.302273747313D-02 -0.681284910856D-03
  0.493872522931D-02  0.895076310096D-02 -0.166594265345D-01  0.312117399035D+00
 -0.429709936175D-03  0.314168744086D-03  0.324053902630D-03  0.147155310619D-03
  0.193276719013D-04 -0.201476701835D-02 -0.299340024358D-04 -0.524222621518D-03
  0.615370118356D-04 -0.447740355509D-04  0.152348608575D-02 -0.120076452229D-02
  0.323191548621D-03 -0.541051096228D-03  0.752187363452D-03  0.255404111232D-02
  0.254148668846D-04  0.254025700916D-03 -0.894302901234D-03  0.396303440921D-02
 -0.532735654078D-03 -0.668465979835D-03 -0.269804880542D-02 -0.626908596826D-03
 -0.507060205022D-03 -0.839057458554D-03  0.212753780300D-03 -0.241139560438D-02
 -0.711959148277D-03 -0.637339751170D-03 -0.112129876748D-02  0.608961811854D-02
  0.967861383846D-03  0.166335452880D-02  0.775291627937D-03  0.271102659528D-03
  0.192433053798D-02  0.229690598241D-02  0.159359709613D-03 -0.202970955452D-03
 -0.210389753952D-02  0.194372465927D-04 -0.345612121388D-02 -0.439288322914D-02
 -0.309665225032D-02 -0.275492037793D-02 -0.310606434069D-03 -0.601203444089D-02
  0.740516449296D-03 -0.144535191199D-02  0.438670971437D-03  0.541562930965D-04
  0.240681802916D-03 -0.328256573517D-03 -0.244367823539D-02  0.211908177744D+00
  0.184500361360D-02  0.731271231185D-03 -0.184399155655D-03  0.117730202447D-02
  0.999854931385D-03 -0.127048975271D-01 -0.108200915996D-03 -0.162807389460D-02
 -0.994093101338D-04 -0.292285518540D-02 -0.408501673395D-02 -0.264305217181D-02
 -0.370032190146D-02  0.633727826844D-03  0.133904809305D-03 -0.697657099017D-02
  0.228579644798D-03 -0.254706612837D-02  0.157743104069D-02 -0.215215993659D-02
 -0.124768984709D-02 -0.267888524992D-02 -0.534893302967D-02 -0.472584134793D-02
 -0.421222251050D-02 -0.159350998850D-02 -0.123070630037D-02  0.314944095571D-02
 -0.163583616328D-02 -0.790687049161D-03 -0.176272221821D-02  0.751881201230D-02
  0.158719829716D-02  0.772053217473D-03 -0.417091982853D-03 -0.643112692217D-04
  0.367554280030D-02  0.294677663357D-02 -0.718223825091D-03 -0.405500206008D-02
 -0.137801955618D-02 -0.675958706624D-03 -0.160745735286D-02 -0.170545471204D-01
 -0.876999454755D-02 -0.306903548018D-02  0.117507417930D-02 -0.127121150903D-01
 -0.575980565848D-03 -0.149034269198D-02 -0.169521381743D-02 -0.611871644097D-03
  0.839473937790D-02 -0.581587660221D-02 -0.689480149856D-02  0.661903338749D-02
  0.251413915053D+00 -0.414389313157D-04  0.135428344905D-03 -0.434103233205D-03
  0.366519138512D-04  0.505843272472D-03 -0.439563854773D-03  0.877333882598D-03
 -0.126286418686D-02  0.116755505619D-02 -0.608297059370D-02 -0.693647818152D-03
 -0.585911450694D-02 -0.592421978904D-02 -0.561570428278D-03  0.261275024941D-03
  0.114904972300D-02  0.136566136788D-03 -0.246001776927D-02 -0.204266837339D-03
 -0.362376862530D-02 -0.773465484689D-03 -0.837128840699D-03  0.418832292578D-02
  0.388475681614D-03  0.496963555078D-03  0.331236752589D-02  0.215223108909D-02
  0.526218488771D-02  0.235582425335D-02  0.130447815130D-02  0.528938015383D-02
 -0.120195604479D-03  0.344560375610D-03 -0.104159983023D-02 -0.114199884053D-02
  0.301319291783D-02 -0.516346515011D-03  0.363872430160D-02 -0.285846867261D-02
  0.392342895935D-03 -0.363400751173D-02  0.376667389240D-03  0.260705251499D-02
 -0.288969563604D-02  0.680532472774D-02  0.725336386466D-02 -0.589227575214D-02
  0.217867200779D-02  0.223393765050D-03  0.215317079126D-03 -0.130864235185D-02
  0.601939523618D-02 -0.273276855103D-02 -0.185056524905D-02  0.155505978633D-02
  0.275407035846D-02  0.234880882020D-01  0.225761772030D+00 -0.914520580521D-04
  0.208049215346D-03 -0.759617558758D-03  0.279514106766D-03 -0.765356170787D-04
  0.118877179858D-02 -0.412981663145D-03  0.547344031020D-03 -0.436991403474D-03
 -0.632480884146D-03  0.143468597810D-02 -0.174422125105D-04  0.792331022348D-03
  0.270745869949D-03 -0.253459629685D-03  0.475588265109D-02 -0.619424355452D-03
  0.955641402765D-03 -0.222846240135D-03  0.155248273954D-02  0.579416208049D-03
  0.962150935218D-04  0.121557000337D-02 -0.501123310841D-03 -0.161088906817D-02
 -0.521209257954D-03  0.883563273990D-03 -0.142444977925D-02  0.137050654156D-02
  0.449429945937D-03  0.231104437858D-02  0.143060540630D-02  0.152522202312D-02
 -0.191113710135D-03 -0.174725189607D-02  0.736336649065D-03  0.424659126026D-02
  0.521266628521D-02  0.219915068271D-02  0.501321085291D-02  0.929389446712D-03
  0.136266715906D-02  0.261533620229D-02 -0.325596463455D-02  0.261858269458D-02
  0.232100294174D-02 -0.364987419368D-02 -0.783256074474D-03 -0.763457570742D-03
  0.208810432805D-02 -0.558017721041D-04  0.390368721934D-02  0.667426175591D-03
 -0.675649301723D-02 -0.305224100034D-02  0.527707675687D-03 -0.658721753356D-04
 -0.650695190180D-02  0.200090180397D+00 -0.363796315447D-05  0.370503153711D-03
  0.269894789387D-04  0.317207588645D-03  0.268530633642D-03 -0.386064677601D-04
 -0.911148549082D-04  0.765769846639D-03 -0.947156149484D-03  0.584529823434D-03
  0.326254388848D-02 -0.297806131200D-03  0.173871296731D-03  0.759856288991D-04
 -0.307990813696D-03  0.962479798290D-03 -0.613218937992D-03 -0.123845791405D-05
  0.401577525641D-03  0.367680446086D-02  0.118890358660D-03  0.137184110658D-02
  0.891348707778D-03 -0.326220383397D-02 -0.156218871178D-02 -0.159691281387D-02
 -0.344001527322D-03 -0.216977598569D-03 -0.826958611259D-03 -0.673784332065D-03
 -0.291270127288D-02  0.266351978351D-02 -0.571683321726D-03 -0.188161918077D-03
  0.102877807525D-02 -0.197157564683D-02  0.466264144328D-02  0.256952241456D-02
  0.194371499449D-02  0.342335008370D-02  0.448230278014D-02  0.263366129858D-02
 -0.105520816507D-02  0.102027458739D-01 -0.688326378114D-02 -0.221238584214D-02
  0.437025194226D-02 -0.620237077272D-02  0.107121685398D-02  0.222161776851D-02
  0.352213858136D-02  0.307805660687D-02  0.423751304795D-02 -0.530536289888D-02
 -0.515156945050D-02 -0.650844933452D-02 -0.560271214761D-02  0.284940196586D-02
  0.137662851080D-02  0.194768792861D+00 -0.751873587098D-03  0.336390549573D-03
 -0.567839445348D-03 -0.860668489280D-03 -0.186800959697D-03  0.125569443013D-02
 -0.277115213230D-03 -0.614138009752D-03  0.261457613606D-03  0.184976994232D-02
 -0.346537012602D-02  0.366163428661D-02  0.513327433278D-03 -0.215563687879D-03
  0.115520013601D-03  0.121509820849D-02 -0.640123191868D-03  0.183171538749D-03
 -0.109721268418D-02  0.969963876065D-03  0.151122475154D-02  0.405290308617D-03
  0.209869165038D-02  0.169737485168D-02 -0.866657643254D-03 -0.526205971513D-02
 -0.192506976644D-02  0.986581765874D-02 -0.218237559835D-02 -0.519371558191D-02
  0.383926364302D-02  0.354932941492D-02 -0.167140812363D-02 -0.431399493151D-02
 -0.291437810418D-03  0.137836867551D-02  0.101037819503D-02  0.273633489691D-02
 -0.373448135494D-03 -0.664197939555D-02 -0.166745925206D-02 -0.163151175635D-02
 -0.311840660953D-02 -0.284194499267D-02 -0.454761363395D-02  0.564959870559D-02
 -0.977342077786D-03 -0.138645089832D-02  0.130774131398D-02 -0.106343891517D-03
 -0.621517226559D-03 -0.681016347660D-02 -0.257763740075D-02  0.276513965213D-03
  0.180877609272D-03  0.168896032759D-01 -0.850244751221D-02 -0.104420276124D-01
  0.191586963065D-02  0.428740718126D-02  0.577504062019D-01 -0.268477804674D-02
  0.274631056757D-03  0.856004426553D-03 -0.148756383870D-03  0.113187799900D-02
  0.440214396455D-02  0.106409815472D-02 -0.120033610655D-02  0.524261108474D-02
 -0.328527443780D-02  0.431368650718D-02 -0.455166943572D-02 -0.533743903628D-04
 -0.472737329704D-03  0.183475841806D-02 -0.641306644852D-03 -0.571652306234D-02
 -0.200841588456D-02  0.678527457060D-03 -0.480615358891D-02 -0.187825304857D-01
 -0.131117786272D-01  0.159186048661D-01 -0.803747779724D-02 -0.683814294969D-02
  0.224390671999D-02  0.284380925863D-02 -0.826396303332D-03  0.343517982329D-02
 -0.172885986348D-02 -0.202396965241D-02  0.260250007933D-01 -0.754301892490D-02
  0.541862033424D-02  0.991677954473D-02  0.774889480331D-02 -0.811472510412D-02
  0.128262828783D-02 -0.322203683953D-02 -0.200543726563D-01 -0.183123057914D-01
  0.686551604166D-02 -0.221086466196D-02 -0.264165993324D-02  0.140908329805D-01
  0.114616370302D-01 -0.293807234217D-02  0.136509777183D-02  0.100306703786D-01
 -0.280120356316D-01 -0.936509825913D-02 -0.721275890432D-02 -0.207984973553D-01
  0.230665258329D-01  0.248316455718D-02 -0.543967832137D-02  0.285953937739D-02
  0.265362796588D-02  0.486872341005D-02  0.340465490555D-02 -0.128663054141D-01
  0.342371923256D+00 -0.114754136269D-02  0.660328140855D-03 -0.828727665030D-03
  0.941168442986D-04  0.477322341623D-03  0.305922159631D-02  0.359069740462D-03
 -0.777903389808D-03  0.197683696489D-02 -0.368398039979D-03 -0.397527630656D-03
  0.118117973486D-02  0.318634437562D-04  0.466574134018D-03  0.272518709541D-03
  0.573224253586D-03 -0.253433057429D-02 -0.546818437000D-03  0.286667546992D-02
 -0.270775506950D-02 -0.506705305610D-02 -0.456340831205D-02  0.550336833249D-02
 -0.142121025673D-02 -0.489800373961D-02 -0.298702392767D-02 -0.643477755547D-03
  0.516532776350D-02 -0.268556273875D-04 -0.402670637650D-02  0.296444599097D-02
  0.107775050467D-01 -0.318544886701D-02 -0.109330706047D-02  0.333200684720D-02
  0.391010661075D-02 -0.145814867920D-02  0.322198122492D-02 -0.420753900414D-03
 -0.106749345635D-01 -0.472437736900D-02  0.117007730584D-02 -0.386677418489D-02
 -0.278782884685D-02  0.223252564772D-03  0.799275895500D-02 -0.263649413261D-02
 -0.690521888846D-02  0.302172162598D-02 -0.937234753670D-02 -0.464091182295D-02
 -0.675524562730D-02 -0.762593328905D-02  0.833357938196D-02  0.584832918458D-03
 -0.144967668182D-02 -0.424401144012D-02 -0.890688502366D-02  0.609117350509D-02
  0.891922376078D-02 -0.375557297507D-03  0.682372419651D-01  0.103457546151D+00
 -0.645161375228D-03  0.219060429529D-03 -0.139948446516D-03 -0.688924160383D-03
  0.205707028830D-03  0.897124517434D-03  0.216308419781D-03 -0.843421052195D-03
  0.719247029939D-03  0.424941508904D-03 -0.485027221514D-04  0.753111192451D-03
 -0.352602511435D-03  0.115568296353D-02  0.274446920421D-03 -0.279840224932D-02
 -0.185525820228D-03 -0.341076370286D-03  0.209016407872D-03  0.145934371474D-02
  0.781692335900D-03 -0.653851227037D-03 -0.502606349451D-02  0.108826846816D-02
  0.340698706335D-02 -0.923313042236D-03  0.505197724085D-04  0.326680271034D-03
 -0.147916541067D-02  0.898237653680D-03  0.255342019024D-02  0.304896546640D-02
 -0.930348190330D-03 -0.139517106157D-02  0.658430017396D-03  0.167544986940D-02
 -0.414995954512D-02  0.272696634841D-03 -0.752572128137D-03 -0.518919338896D-02
 -0.441181587040D-02 -0.404363260297D-02  0.152005721590D-03 -0.583097462312D-03
  0.351297046744D-02  0.229289747890D-03 -0.116981338821D-02 -0.772857827219D-02
 -0.209254346066D-02 -0.246038848819D-02 -0.119235449940D-02 -0.359219468809D-02
 -0.106811784324D-02  0.630371229662D-02  0.848573935464D-03 -0.115182837184D-01
 -0.486536922200D-02  0.396454064398D-02  0.162187575722D-01 -0.860222250974D-02
  0.373459940181D-02 -0.568819584557D-02  0.114570730313D-02  0.286607687614D-01
 -0.236301166912D-02  0.880776750077D-03 -0.190712061111D-02 -0.239664532957D-02
  0.978870841929D-03  0.268301449699D-02 -0.403063829336D-03 -0.663705414672D-03
  0.149131938679D-02  0.164627229610D-03  0.869729327744D-02  0.413879284308D-02
 -0.908178820695D-03 -0.118864969605D-02 -0.200758946183D-02  0.778897090141D-02
 -0.239012053117D-02 -0.784140157176D-04 -0.154454080479D-02  0.676856331857D-02
  0.713478740479D-02  0.666626013270D-02  0.203439722362D-01  0.121195330728D-01
  0.149723340244D-01  0.756366031950D-03 -0.794506450132D-03  0.507361480662D-04
  0.591465565501D-03 -0.704882149032D-03  0.237338828169D-02 -0.285271379468D-03
 -0.114503732945D-01 -0.122104724432D-01  0.713764096439D-03  0.203714724020D-02
  0.430148604093D-02  0.396248775607D-02  0.533124527464D-03 -0.943784162791D-02
  0.266195430880D-02 -0.431549726421D-02 -0.469290380270D-02  0.105194779664D-01
  0.159095552408D-01  0.167802540482D-01  0.574768411919D-03 -0.977225862211D-02
  0.463842389904D-02  0.587485039260D-02  0.874250024232D-02 -0.837458071599D-03
  0.258249995913D-03  0.789294149631D-03 -0.126689292756D-02 -0.474282612487D-02
 -0.643739109847D-02 -0.318916025808D-02 -0.233443983473D-02  0.128640651739D-02
  0.430282961237D-02 -0.135185196516D-02 -0.374405166360D-03 -0.366888931053D-03
  0.443765284115D+00  0.470640724959D-03  0.427164778801D-03 -0.163049359096D-03
  0.286873914300D-03  0.964794448149D-04 -0.136736821240D-03 -0.299383519512D-03
  0.580936417395D-03 -0.270751999951D-03 -0.200440459897D-02  0.270886214248D-03
  0.771194136438D-03 -0.147177766562D-03 -0.499177305291D-03 -0.272900733281D-03
  0.649214271043D-03  0.149468137209D-03  0.658539892388D-03 -0.108036156090D-02
 -0.100455142803D-02  0.874088838711D-03  0.891499017854D-03  0.101732818600D-01
 -0.177796395084D-02 -0.531073320560D-03  0.151222758335D-02  0.409508748407D-03
 -0.640053248255D-04 -0.826182837706D-04 -0.236182044429D-02 -0.242025035518D-02
 -0.592961880948D-02 -0.360451709814D-02 -0.357280261613D-02 -0.499605356384D-04
 -0.175362981848D-02  0.908060384012D-03 -0.351798536022D-03  0.280509248952D-02
  0.253154582208D-02  0.138598710531D-01  0.609312665095D-03  0.961969687311D-02
 -0.334600560569D-03  0.708575281771D-02  0.950817071659D-02  0.123031104843D-02
  0.374656366083D-02 -0.660635062531D-02  0.652407727185D-02 -0.788836255430D-03
  0.229987767252D-02  0.333569783238D-02 -0.278250702641D-02  0.526064443400D-03
  0.383566652041D-02  0.191173103925D-02 -0.172919146826D-02 -0.381522725209D-02
  0.140916734605D-02 -0.471595182042D-02  0.170449801130D-01  0.601587473328D-03
  0.278786188735D-01 -0.573020417383D-02  0.426097608730D+00  0.579135515577D-03
  0.113615631860D-03 -0.470158371738D-04  0.134292052270D-02 -0.304250787363D-03
 -0.473921273324D-03  0.869642518905D-04  0.419479380626D-03 -0.434248246937D-03
  0.221531236061D-02 -0.575558001714D-02  0.162456819147D-02  0.824173970491D-03
  0.845398569657D-04  0.816681900659D-04 -0.247102797533D-02  0.221395087844D-04
  0.854101413857D-03  0.463083701888D-03 -0.484401903649D-02 -0.170431265224D-02
 -0.128623428683D-02 -0.208904915077D-03  0.320590061640D-02 -0.140034737312D-03
 -0.380496372127D-02 -0.748928104533D-03  0.729884728699D-02 -0.983695320321D-04
 -0.419298308329D-02 -0.352793043917D-02  0.324096692812D-02 -0.134475915888D-05
  0.119092425126D-02  0.361549356960D-02 -0.107622003981D-02 -0.234227130408D-02
 -0.165634933503D-02  0.382591309412D-02  0.282936498870D-02  0.115364046183D-02
  0.201753714306D-02  0.101570949754D-02  0.763013548021D-03 -0.435245279079D-02
 -0.474378016866D-02  0.545048598011D-02 -0.318325461632D-03 -0.640291436012D-02
 -0.177676268996D-02 -0.164038740088D-02 -0.834539586369D-03  0.280116783445D-02
  0.410133768920D-02  0.997429794119D-03  0.392062051075D-02 -0.155324598402D-01
 -0.148437946108D-01 -0.257538130858D-02 -0.353083918243D-02 -0.119536567816D-01
 -0.973569564899D-02 -0.221055295667D-01 -0.775754137229D-03  0.192942167817D-01
 -0.500737180370D-02  0.300450123895D+00  0.417011586055D-03  0.550943807302D-03
  0.101783649626D-02  0.127009419565D-02  0.174579976592D-03 -0.119429900614D-02
  0.980030599297D-03  0.234378067413D-02 -0.116307751651D-02 -0.715965718005D-04
  0.274495882353D-02 -0.279791264129D-02 -0.630300709560D-03 -0.951466537256D-03
  0.402377222640D-03 -0.519093451583D-02 -0.956107896109D-04 -0.196260809785D-03
 -0.613060335296D-03 -0.197923129632D-02 -0.444947042709D-02 -0.315850035188D-02
  0.657613207436D-02 -0.108990004223D-01 -0.394591329501D-02 -0.237242988570D-02
 -0.714681332563D-03  0.317953167189D-02 -0.164283728823D-02  0.538050313147D-03
 -0.145009644375D-02 -0.340177495977D-02 -0.670988184509D-03  0.127176322445D-02
  0.882985248136D-04 -0.688184448743D-03 -0.122899391295D-02 -0.357146822049D-03
 -0.329704900821D-02  0.871624161472D-02  0.660725067852D-03  0.411313807022D-02
  0.235297773259D-02  0.436194272728D-02  0.154756880529D-01  0.650692974477D-02
 -0.181877328173D-02  0.406399409777D-02  0.552192175551D-03  0.339814228593D-02
  0.244294148884D-02  0.134666031068D-01 -0.169478475744D-02 -0.435575652919D-02
  0.519329549204D-03  0.893422673073D-03  0.284221562869D-02  0.139784179080D-02
  0.321989767171D-02 -0.429031180920D-02  0.205916319619D-02  0.580691169597D-02
  0.349478065321D-02 -0.143972284092D-02  0.548573151378D-02  0.865638004753D-01
  0.958198366518D-03  0.404043193856D+00 -0.211826248366D-02  0.114664339845D-02
  0.357112090470D-03 -0.144413798953D-02  0.111157334689D-02  0.327729769522D-03
  0.455554501293D-04 -0.160425600451D-02  0.252367402002D-02 -0.569256331270D-02
  0.497074881645D-02  0.315682315673D-03 -0.184127707205D-04 -0.221553470072D-02
  0.405164640458D-03  0.767176793488D-02 -0.162719157903D-02  0.454618848590D-03
 -0.280437395639D-02  0.430133916297D-02 -0.177132693796D-02 -0.137834266886D-03
  0.186136090561D-01 -0.846448836356D-02 -0.483459233104D-02  0.591760506625D-03
  0.497930083896D-03 -0.100409124771D-02 -0.181701900301D-03  0.121176219627D-02
  0.124615783919D-03 -0.170671295089D-02 -0.850649857861D-02 -0.812814245300D-02
  0.113880886209D-02  0.142417691808D-02  0.794151910331D-03  0.130376490024D-02
 -0.130019668495D-02 -0.990853152216D-02  0.751199363353D-02  0.820023281186D-02
  0.903662123357D-03  0.295722939568D-02  0.136585975945D-02  0.182379650379D-01
  0.257194271242D-02  0.116467780448D-02  0.624598012328D-02 -0.497875568019D-02
  0.384011766351D-02 -0.234624793610D-02 -0.311927875805D-02  0.245145489957D-02
  0.396221893530D-03 -0.117805002914D-02  0.102578473719D-01  0.917747366852D-04
 -0.928185195628D-02 -0.444435791037D-02  0.493423586795D-02  0.445493736608D-02
  0.592367129158D-02  0.601481849831D-02  0.446049935385D-01 -0.106557039065D-01
  0.300582849628D-01  0.329076036226D-02  0.396787132961D+00 -0.885351994469D-03
  0.211866279011D-03 -0.305687299325D-03 -0.615429121333D-03  0.147706040218D-03
  0.230642395364D-03  0.308671812851D-03 -0.799473180905D-03  0.106814167974D-02
 -0.102306339516D-02  0.448260931305D-02  0.355963097788D-03 -0.202499450517D-02
 -0.429843685186D-04  0.227925823807D-03  0.276991877929D-02 -0.105274751663D-02
 -0.857733699244D-03  0.205552104480D-03  0.136795165963D-02  0.137853625892D-02
  0.427907319943D-03  0.703658327719D-02  0.407793925195D-03 -0.950755707529D-03
  0.172707742725D-02 -0.275781426072D-02 -0.207427959196D-02  0.113914186475D-02
  0.150375618470D-02  0.546479017063D-02  0.356550733687D-02 -0.357824927803D-02
 -0.504238039376D-02  0.522951347886D-03  0.803875986313D-03 -0.110236932338D-02
  0.157244018773D-02 -0.456005024903D-02 -0.665053372943D-02 -0.510495463816D-02
  0.346132341569D-02 -0.652413469346D-02 -0.320284417833D-02  0.827979069292D-03
  0.715260460623D-02 -0.235332333860D-02 -0.774948392673D-03  0.562712846443D-03
 -0.343608397418D-02 -0.110908748325D-02 -0.361589723546D-02 -0.768643308347D-02
  0.256133222332D-02  0.291614413974D-02 -0.736906889541D-02  0.142126334336D-01
  0.761535047226D-03 -0.880049370956D-02 -0.186578792374D-02  0.250529721031D-01
  0.130280926098D-01  0.158631950841D-01  0.957355781106D-03 -0.285931920072D-01
  0.127467791577D-02  0.333934470088D-01  0.534360101438D-02 -0.610022496400D-01
  0.262192042350D+00  0.486315741815D-03  0.206448302597D-02  0.201344276337D-02
 -0.543588383279D-03  0.156768728761D-02 -0.200231034732D-03  0.995647601793D-03
 -0.149114118377D-02  0.326710099171D-02 -0.507275926622D-02 -0.262303997826D-02
  0.279106120074D-02 -0.116013148101D-02  0.861084424455D-04  0.190714148436D-02
 -0.969857604431D-02  0.319038456425D-02 -0.149101112900D-02 -0.331435018682D-03
 -0.143744516843D-02 -0.471605335876D-03 -0.765240784657D-03 -0.102064212393D-01
 -0.217393883024D-01 -0.129585439484D-01 -0.118982745525D-02 -0.378609528117D-04
  0.219450232793D-02 -0.239336814416D-02 -0.165259175794D-02 -0.655181929432D-05
 -0.140010143410D-01 -0.300319722690D-02 -0.656651089020D-02 -0.541625831200D-02
  0.525702968550D-02 -0.128064591656D-03 -0.469662357657D-02 -0.338944049832D-02
 -0.212011861696D-01  0.431718334079D-02 -0.961174219931D-02  0.295843904350D-02
  0.845707586944D-02  0.750819526972D-02  0.165535111813D-01  0.221059651701D-02
 -0.165290474749D-01  0.179866842026D-01 -0.145486705369D-02 -0.618084088368D-03
 -0.753363032547D-02  0.131583538962D-01 -0.679503167672D-02 -0.977881504521D-02
 -0.878553440750D-03 -0.115968884226D-01  0.736146080566D-02  0.458491832187D-02
 -0.175089937346D-02 -0.260259093020D-02  0.225136376543D-01  0.313397779507D-02
  0.142672717803D-01 -0.142030112880D-01 -0.206660777403D-01  0.695332360358D-02
 -0.180948446284D-01 -0.145806787155D-01  0.114044285118D-02  0.221606786121D+00
  0.857574738027D-03  0.146931374441D-02  0.887006702608D-03 -0.944044845472D-03
  0.135631966726D-02 -0.121903927767D-02  0.294959743039D-03 -0.671048213308D-03
  0.175909783829D-02 -0.490103369067D-02 -0.113599548760D-02  0.341157126972D-02
 -0.563899918146D-03 -0.621498360997D-03  0.316086372500D-03 -0.704304725275D-02
  0.116089626900D-02 -0.169002683870D-02  0.371093754873D-03  0.164713022203D-02
  0.138438385277D-02 -0.189834004002D-02 -0.318745349949D-02 -0.965891136231D-02
 -0.748749516929D-02 -0.184662957908D-02 -0.462261736205D-03  0.453995293164D-02
 -0.171714722268D-02 -0.318936203729D-02  0.432723623349D-02 -0.699822502816D-02
  0.151437304330D-03 -0.783687862151D-02 -0.338300521728D-02  0.174055732088D-02
  0.267842401266D-02 -0.209448701158D-02 -0.138111053295D-02 -0.157880346590D-01
 -0.619206993952D-02  0.247893484242D-02 -0.810712266036D-02 -0.461923150490D-02
  0.293823742368D-02  0.874638722360D-02 -0.206921323697D-02 -0.657247400101D-02
  0.105925736236D-01 -0.411362162811D-02 -0.174512332438D-02 -0.769996148988D-02
  0.483419825157D-02 -0.112477327978D-01  0.525497470682D-03  0.139745366856D-02
 -0.572360052030D-02  0.142913678425D-01  0.565982781954D-02 -0.152779544821D-01
  0.286268977074D-02  0.508503695789D-02  0.592929174618D-02  0.497860691552D-02
 -0.213829424246D-02  0.137816883445D-01  0.189882973383D-02 -0.206879465220D-01
 -0.200903417350D-02 -0.947483496313D-02  0.878205414974D-01  0.926920930028D-01
 -0.109928378973D-02  0.183503012004D-03  0.578150007479D-03 -0.294284808942D-03
  0.230094764458D-03 -0.358249723380D-02 -0.288189872631D-03  0.149096495503D-03
 -0.826503607443D-03 -0.239718427333D-02  0.635783090569D-02 -0.193397325127D-02
 -0.679058943978D-03 -0.318077305709D-02 -0.449562290518D-03  0.531742020584D-02
  0.847970309145D-03  0.335904395422D-03 -0.202795126598D-02  0.571891514213D-02
  0.810594794652D-03  0.232164398488D-02  0.131357696462D-01  0.158390583341D-02
  0.806401273795D-02  0.859422473932D-03  0.107909384931D-02 -0.133865992018D-02
 -0.553866956806D-03 -0.633875372312D-03 -0.709847890185D-02 -0.854766259813D-02
 -0.395031152884D-02 -0.114244257678D-02 -0.759473476604D-03 -0.237251009137D-02
  0.275911521842D-02 -0.229927629955D-02  0.142713203643D-02  0.688353217248D-02
  0.142713682662D-01  0.522773957410D-03  0.713466463981D-02  0.452723633139D-02
  0.657956335244D-02  0.447329092642D-02  0.412062141483D-02  0.408836653718D-02
 -0.140422647694D-03  0.911244778461D-02  0.881914100196D-02  0.860923954082D-02
  0.556621964026D-02 -0.972006919543D-03  0.113910566588D-03  0.814549711414D-02
  0.160010524729D-01  0.155426824205D-01  0.402662406284D-02 -0.553020579675D-02
 -0.258358895128D-01  0.283707899786D-01 -0.259143785845D-01 -0.108345026643D-01
  0.323257797707D-01  0.794592682320D-02  0.859454639254D-01 -0.178425777311D-01
  0.147240963659D-04  0.144507488841D+00  0.221344079288D-01 -0.606799943804D-02
  0.283586468913D+00  0.235953349192D-03  0.495899173847D-03  0.938778562667D-03
  0.311058918473D-03  0.764794670882D-03  0.308297870593D-02  0.826781002599D-03
 -0.737593128387D-03  0.144793212316D-02 -0.246307847915D-02 -0.751392018444D-03
 -0.219840927956D-02 -0.393618134145D-03  0.224735435396D-03  0.627710167521D-03
 -0.303136904311D-02  0.113423826933D-03 -0.548396477518D-03  0.983389761065D-03
 -0.280606190266D-02 -0.471228947021D-02 -0.364069725116D-02 -0.993411326728D-02
 -0.107840491542D-01 -0.807507665465D-02  0.207012754268D-02  0.142173010875D-02
 -0.445234346908D-02  0.829515972040D-03  0.399196869256D-02  0.431276286168D-02
  0.271366079252D-02  0.423551173439D-02  0.302118772785D-02 -0.171800104103D-02
  0.434880886575D-02  0.841468960925D-04  0.261378282969D-02 -0.362771622017D-02
 -0.408841340013D-02 -0.177494789239D-01  0.260730627390D-02 -0.804270211401D-02
  0.718625350875D-02  0.292689847632D-02 -0.153803145693D-02 -0.376073099596D-02
 -0.597238876571D-02  0.140728772754D-01 -0.903606211972D-02  0.102658830554D-02
  0.197761438761D-02 -0.223895617225D-02 -0.423178363626D-02 -0.415729551090D-02
 -0.391908743655D-02 -0.763969776697D-02  0.293242546430D-02  0.366985224684D-03
  0.363999585001D-02 -0.551476665541D-02 -0.105103154865D-01 -0.822960489241D-02
 -0.118806872642D-01  0.735277486102D-02 -0.616583306023D-01  0.162460843850D-01
  0.733718190034D-01  0.328862683590D-02  0.256172198940D-01  0.108194494482D-01
  0.530021523137D-02 -0.154127095882D-01  0.372696626052D+00  0.118226533459D-02
 -0.264660656755D-03  0.135800786196D-02  0.164954153284D-02 -0.242041271369D-04
  0.314840096675D-02  0.806094069780D-03  0.203671761618D-02 -0.657124681809D-03
  0.882577683517D-04 -0.911504116154D-03 -0.272880606010D-02 -0.483055770678D-03
  0.178039738971D-03  0.139092242632D-02 -0.719391902925D-02  0.115018964255D-02
 -0.583411516243D-03  0.131669323721D-02 -0.693623632406D-02 -0.477187432680D-02
 -0.293057544399D-02 -0.574080701094D-02 -0.102917297215D-01 -0.782562465418D-02
  0.252328117278D-04  0.142544739667D-02 -0.196967524600D-02 -0.262678191863D-04
  0.168926836562D-02  0.240468432837D-03 -0.498426856972D-02  0.433524294892D-02
  0.522183612363D-02 -0.622490482216D-04 -0.927201357366D-03 -0.370283372075D-02
 -0.205721853692D-02 -0.312663131861D-02  0.726531206337D-02 -0.718371791151D-02
  0.512856604735D-02  0.193678292268D-02  0.931845649618D-02  0.454110514291D-02
 -0.538183973153D-02 -0.711302383329D-04  0.965906796837D-02  0.778525947881D-04
 -0.189487419730D-02 -0.249725971037D-02  0.632150404421D-02 -0.294968177470D-02
 -0.238505806310D-02  0.139812276548D-02  0.138874765852D-03 -0.496179338488D-02
  0.621203997083D-02  0.696275362640D-02  0.672235801825D-02 -0.531788808346D-02
 -0.902920277635D-03 -0.378315942513D-02  0.783516366240D-02 -0.498809250658D-01
  0.686385675417D-02  0.612851069597D-01 -0.744710312653D-02  0.786474377564D-01
  0.556853257266D-01  0.111812304037D-01 -0.640956299456D-02 -0.480539698140D-01
 -0.890506820774D-02  0.366243172111D+00 -0.901983201895D-03 -0.728132904605D-03
 -0.982275229875D-03  0.226987187809D-03 -0.540170389959D-03 -0.636211558750D-03
 -0.371867699914D-03  0.532890685668D-03 -0.427360209618D-03  0.284154612025D-02
  0.417799485632D-03 -0.457986625653D-03  0.176642884765D-02 -0.166491884119D-03
 -0.438407710606D-03  0.311849492312D-02 -0.176837263618D-02  0.943247525610D-03
  0.210978487020D-03 -0.175051417275D-04 -0.128488288080D-02 -0.150403166107D-02
  0.652425515822D-03  0.632918218071D-02  0.489402028698D-02 -0.273542972775D-02
  0.232597465461D-02  0.121192684683D-01 -0.183399008930D-03 -0.550762434897D-02
 -0.374441280961D-03  0.925207012421D-02  0.870992647185D-03  0.516302852032D-02
 -0.531956759808D-03  0.196623074509D-02 -0.859741887301D-03  0.314208463045D-02
  0.662688296508D-04  0.480471819830D-02  0.954365322363D-04 -0.453916994864D-02
  0.354837417641D-02 -0.186975940964D-01  0.447570597671D-02 -0.331168269070D-02
 -0.495869750602D-02  0.258494984682D-02 -0.377987414462D-02 -0.270272278341D-02
 -0.225356534636D-02  0.235950682870D-02 -0.557743083558D-02  0.711684239093D-02
 -0.106322204337D-02  0.309906071304D-03  0.513028172867D-02 -0.105954691147D-01
  0.316042970658D-02 -0.136126754939D-02  0.133756692822D-02 -0.149828716716D-01
 -0.459248401633D-02 -0.345008949664D-02 -0.225507984834D-02  0.431645626389D-02
  0.109764007155D-01 -0.999017974814D-02 -0.319170883639D-04  0.380385689605D-02
 -0.673548204312D-01 -0.332370852274D-01 -0.654274003681D-02  0.901930144888D-01
 -0.724396683269D-02  0.680672845770D-01 -0.257841132169D-03  0.215114628453D-03
  0.630723214953D-03 -0.211594417259D-04  0.527992214100D-04  0.726838486671D-02
  0.521969472416D-03  0.277648421724D-02 -0.540438106553D-03  0.532815539482D-03
  0.461979515256D-02  0.349165080676D-03  0.335588083297D-02 -0.566301595653D-03
  0.400109229682D-04  0.262105674789D-02  0.582376931360D-03  0.225694755384D-02
 -0.479546970631D-03  0.246105253886D-02 -0.321660587031D-02 -0.167140956424D-02
  0.176254261048D-02 -0.576068940578D-02 -0.606819129149D-03 -0.275989204787D-02
  0.140344595820D-02  0.360488910096D-02 -0.448011825535D-02 -0.287155853815D-02
 -0.121454977328D-02 -0.908589766719D-02  0.572935522545D-03  0.699554503525D-03
  0.393164411758D-03  0.120577901484D-02  0.855217722524D-03 -0.112040416236D-02
  0.502859358574D-02  0.999984368669D-02  0.627752976931D-02 -0.283072667577D-02
  0.431993270064D-02  0.191222196242D-01  0.162778370658D-01  0.808487774160D-02
 -0.623427545181D-03  0.441967618937D-02  0.396536144068D-02  0.579021928955D-02
  0.239806953695D-02  0.121241298349D-01  0.447049943710D-02 -0.543429844951D-02
 -0.545223522446D-03 -0.128361248576D-01 -0.518593149760D-01 -0.285973602364D-01
 -0.370361258827D-02 -0.726195364199D-02 -0.128536667737D-02  0.677943582540D-02
 -0.479869367325D-02 -0.301018351471D-02  0.912378119270D-02 -0.143469622136D-02
 -0.164529453330D+00 -0.936173019437D-02  0.216691534958D-01  0.461073260036D-01
 -0.527880549666D-02 -0.165252284438D-01  0.475991954339D-02  0.556195549149D-02
  0.496843060003D-01  0.376704413851D-02  0.223984654466D+00 -0.148461979786D-03
 -0.216882307975D-03 -0.116834900738D-02  0.176188197279D-02  0.143242662697D-03
  0.369548011120D-03 -0.325564934745D-03  0.489989402520D-03 -0.691494129666D-03
 -0.241553019275D-03  0.520980400807D-02 -0.224548581010D-02  0.308640114400D-03
 -0.978646488106D-03 -0.973974503285D-03  0.246512880140D-03 -0.141451111625D-02
 -0.559680814872D-04  0.536767116866D-02 -0.226810682860D-02 -0.318677017178D-02
 -0.206511851894D-02  0.291706673802D-02  0.645005893673D-03 -0.689657884689D-03
  0.214337745112D-02  0.509108700088D-03 -0.364447322945D-02  0.126394478387D-02
 -0.175378484017D-02 -0.303353969632D-02  0.914999271336D-02 -0.118900479534D-02
  0.430767806921D-02 -0.754136105802D-05  0.910387085796D-04  0.150217833264D-02
  0.915435678762D-03 -0.102528135940D-02  0.264057284968D-02  0.386046104006D-02
 -0.193738833288D-02  0.145482338005D-02 -0.304160761325D-02 -0.323550786179D-03
 -0.483600494073D-02 -0.133869466102D-02  0.121839239312D-02 -0.904931072117D-03
 -0.716190725477D-03  0.654329392418D-03  0.247980319070D-03 -0.407207200825D-02
  0.371350041090D-02 -0.205665381073D-02 -0.319844306619D-01  0.528194887888D-02
  0.167686309352D-03 -0.404743405387D-02 -0.882417854726D-02  0.570833354416D-03
  0.448719158684D-01  0.513599996277D-01 -0.778356541496D-02  0.134625290545D-01
  0.695764866808D-02  0.322762632325D-02 -0.232112832361D-04 -0.113169420477D-01
 -0.469139998530D-01  0.494846697392D-02  0.585909905168D-02 -0.337790577350D-01
 -0.606265245057D-02 -0.125150327329D-01 -0.831224209175D-03 -0.563600832611D-02
  0.211528958723D+00
$end
