$coord
    0.02999066775792     -0.00838834683499     -0.00004790476737      mo
   -0.00366053144973      0.00323443193490     -6.48716122127781      y
    0.81628006067711      3.27118458281528     -2.56453903253797      s
   -0.72517062781727     -3.29414134587852     -2.56888380785746      s
    3.30156448678385     -0.77360818106173      2.58230792932324      s
   -3.26377911266338      0.76794732018880      2.55092983854151      s
    4.63209366674710      1.31099531744630     -7.89168559637989      c
    4.99046479383543     -0.66116280390391     -6.08465077420370      c
    4.04356307033665     -2.94541492248596     -7.14957664079635      c
    3.12185839585795     -2.40078665693874     -9.62961794932432      c
    3.51124764111353      0.23455584095867    -10.10085521994732      c
   -4.12826328396995      2.88759382828803     -6.94667576221304      c
   -5.01528508182693      0.52104692625560     -6.02120456576476      c
   -4.61246399340770     -1.32967054104046     -7.94491238196587      c
   -3.53299813916532     -0.09251846160349    -10.08948745136485      c
   -3.19865362122342      2.51585762209374     -9.45612267532852      c
    4.24102963656066     -5.53153050074525     -5.99106399276050      c
    2.30911610894468     -4.37047108283037    -11.51286142370001      c
    6.32860323966857     -0.42209446342477     -3.59659420904742      c
    3.28888255798127      1.55394866245302    -12.60652261139136      c
    5.48324629093470      4.00634478335598     -7.58596749947959      c
   -2.40981969251947      4.60878260802795    -11.21318471825834      c
   -6.36659176277743      0.09791409600305     -3.56503331390396      c
   -5.38529016435382     -4.06115652856877     -7.78732266348545      c
   -3.30676414865890     -1.23477335387061    -12.67982464310165      c
    8.38572548585410     -0.71436350585327     -3.83056675185559      h
    5.64421040629457     -1.81878772762402     -2.21874077133140      h
   -5.77686060785882      1.46310290813188     -2.11456612528828      h
   -8.43317370639174      0.29154700850692     -3.81922729710821      h
    6.03715251517247      1.45037293775592     -2.74254877107912      h
   -5.98771733713773     -1.79462191714070     -2.79249079116706      h
    4.31393081791439      5.31817774806897     -8.70551255983852      h
    7.46213198315116      4.25883932378051     -8.21111612364758      h
    5.36304908612728      4.60708341686847     -5.59766485079028      h
   -4.22422360680972     -5.26620638368858     -9.02888812347142      h
   -7.37841278966188     -4.32916712121693     -8.35841462857826      h
   -5.18224771422489     -4.78399292068890     -5.84618142143331      h
   -4.38718387936367      5.39352090374413     -5.63396282423513      c
   -6.20693764411668      6.30197489760870     -6.12088843158295      h
   -2.86844811481388      6.70880785250930     -6.17480145248904      h
   -4.30467826300270      5.17960305829921     -3.56840207802494      h
    6.02975982981848     -6.46143735292635     -6.54776286843432      h
    2.68185092190405     -6.77056918887292     -6.59499481645416      h
    1.77320402643070      0.76688103220076    -13.79085261086859      h
   -1.79365252187817     -0.36216102196102    -13.80607366909161      h
   -4.04280738392959      5.80682671934883    -11.72766205155158      h
    3.92327564411481     -5.57475720201088    -12.07023865826895      h
    4.18132694149097     -5.43777111166220     -3.91579823112087      h
    0.00148060419634      0.00021998550589      6.48717266795257      y
   -1.32518800610044      4.62219245233626      7.91204126430219      c
    1.31564861731244     -4.62239592917178      7.92449564143342      c
    2.91486956728973      4.08754905852303      7.05485642329503      c
   -2.91867873463586     -4.08442061011336      7.04131491613729      c
    0.59174947027805      5.00265332189436      6.05196475827151      c
   -0.59060958248109     -5.00318576165030      6.05351607300112      c
    2.44962993069199      3.16295928099027      9.54896425829150      c
   -2.46747763850376     -3.15767250353844      9.53719040605562      c
   -0.17428266476817      3.52392890113801     10.09330222263615      c
    0.15277809945567     -3.52036386170405     10.09748332797197      c
    5.46457786815949      4.31703025165852      5.82663376405701      c
   -5.46143768310165     -4.31140029326702      5.79813885857674      c
   -4.03864144170505      5.43223300423878      7.67131682020706      c
    4.02944422402642     -5.43628206130101      7.70173627417842      c
    4.47591787898315      2.36346946867220     11.37563676373127      c
   -4.50415176750630     -2.35563838711281     11.35120351585656      c
   -1.41272307715816      3.30113449035594     12.63807393272776      c
    1.37621828378102     -3.29451378962697     12.64922977363236      c
    0.26774229564489      6.34571404792264      3.57771352590258      c
   -0.25231950608260     -6.34956585707701      3.58301394007213      c
    0.51316207055725      8.40742651128413      3.82036419621394      h
   -0.49273181564165     -8.41156206385506      3.82825646321703      h
    1.65082722300385      5.70529098846618      2.16706630225444      h
   -1.63131870242128     -5.71589341825167      2.16530717865866      h
   -1.61357612842790      6.01255060212984      2.76060062101428      h
    1.63158476227311     -6.01236502341355      2.77342071240915      h
   -5.30009453844811      4.26740205715482      8.84937238537563      h
    5.28520556266511     -4.27064387585497      8.88510381348522      h
    6.74111652766485      2.77892409441093      6.40297545582487      h
   -6.73940539630532     -2.77160502413165      6.36681892212745      h
   -4.30197632470364      7.41873480800556      8.26649147053683      h
    4.28647509029325     -7.42186445385482      8.30277806996975      h
    6.38117973417059      6.12196027018491      6.35087143020555      h
   -6.38338116407603     -6.11500614318755      6.31749892794922      h
   -4.69432463507949      5.26811129085475      5.70449869939484      h
    4.69746567392307     -5.27713810246768      5.73867721587966      h
    5.31665946782827      4.24568148142718      3.75561184126603      h
   -5.30165241170250     -4.24053542483655      3.72796826812562      h
    5.74982894010217      0.92216561790771     10.57228681565361      h
    0.84729366914774     -5.64819785069316    -10.75241461482154      h
   -0.98861999680597      5.87287074845921    -10.35861872268846      h
   -0.58746708144439      1.78656951627419     13.79661508197471      h
    0.54162565922019     -1.78030373185323     13.80151585781014      h
    3.67094520205478      1.58341605454086     13.12256341559677      h
    1.55170765837545     -3.51217877128321    -13.24515984012381      h
   -3.70914605603403     -1.57505184811245     13.10243228064702      h
   -1.60660517755012      3.86718385625334    -12.97874268592731      h
   -5.77232335804758     -0.91395729769471     10.53953193257865      h
    3.41551034328400     -2.92379468921178     12.50379569982408      h
   -2.93563015229915     -3.27834109809810    -12.60050183950432      h
   -3.45167496418201      2.93354960675924     12.48068159302063      h
    2.92178981914378      3.58822782223467    -12.38303980001894      h
   -5.70746790040268     -3.97869498992066     11.88402983786963      h
    5.67504111924929      3.98758382036276     11.91466923873698      h
    1.15552773069395     -5.07275487461680     13.72642739766370      h
   -5.08575396239753     -0.97904260982108    -13.74847699735071      h
   -1.19573382869806      5.07980500015945     13.71532518814202      h
    5.06677893814222      1.37203737729962    -13.69210734926838      h
$end