$coord
   -0.00000000000000      0.00000000000000      0.00000000000000  mo
   -0.00000000000000     -0.00000000000000     -6.61200742091004  dy
   -0.00000000000000      0.00000000000000      6.61200742091004  dy
    2.33109051717540      2.33109051717540     -2.60966624635668  s
   -2.33109051717540     -2.33109051717540     -2.60966624635668  s
    2.33109051717540     -2.33109051717540      2.60966624635668  s
   -2.33109051717540      2.33109051717540      2.60966624635668  s
    4.63950515107055     -1.57509958410814     -7.84040697902138  c
    3.57402009186969     -3.57402009186969     -6.40659165554331  c
    1.57509958410814     -4.63950515107055     -7.84040697902138  c
    1.41146146691920     -3.30855476141931    -10.16855968668842  c
    3.30855476141931     -1.41146146691920    -10.16855968668842  c
   -1.57509958410814      4.63950515107055     -7.84040697902138  c
   -3.57402009186969      3.57402009186969     -6.40659165554331  c
   -4.63950515107055      1.57509958410814     -7.84040697902138  c
   -3.30855476141931      1.41146146691920    -10.16855968668842  c
   -1.41146146691920      3.30855476141931    -10.16855968668842  c
    1.57509958410814      4.63950515107055      7.84040697902138  c
    1.41146146691920      3.30855476141931     10.16855968668842  c
    3.30855476141931      1.41146146691920     10.16855968668842  c
    4.63950515107055      1.57509958410814      7.84040697902138  c
    3.57402009186969      3.57402009186969      6.40659165554331  c
   -4.63950515107055     -1.57509958410814      7.84040697902138  c
   -3.30855476141931     -1.41146146691920     10.16855968668842  c
   -1.41146146691920     -3.30855476141931     10.16855968668842  c
   -1.57509958410814     -4.63950515107055      7.84040697902138  c
   -3.57402009186969     -3.57402009186969      6.40659165554331  c
    0.36128396570779     -6.19578727644815     -7.23916462484499  h
    0.07168438276077     -3.68566360966720    -11.69212557397749  h
    4.13319268520953     -4.13319268520953     -4.50226324444096  h
    3.68566360966720     -0.07168438276077    -11.69212557397749  h
    6.19578727644815     -0.36128396570779     -7.23916462484499  h
   -0.07168438276077      3.68566360966720    -11.69212557397749  h
   -0.36128396570778      6.19578727644815     -7.23916462484499  h
   -4.13319268520953      4.13319268520953     -4.50226324444096  h
   -6.19578727644815      0.36128396570778     -7.23916462484499  h
   -3.68566360966720      0.07168438276077    -11.69212557397749  h
   -0.36128396570778     -6.19578727644815      7.23916462484499  h
   -4.13319268520953     -4.13319268520953      4.50226324444096  h
   -6.19578727644815     -0.36128396570778      7.23916462484499  h
   -3.68566360966720     -0.07168438276077     11.69212557397749  h
   -0.07168438276077     -3.68566360966720     11.69212557397749  h
    0.07168438276077      3.68566360966720     11.69212557397749  h
    0.36128396570779      6.19578727644815      7.23916462484499  h
    4.13319268520953      4.13319268520953      4.50226324444096  h
    3.68566360966720      0.07168438276077     11.69212557397749  h
    6.19578727644815      0.36128396570779      7.23916462484499  h
$user-defined bonds
$end
