$dipgrad          cartesian dipole gradients
  0.60973903406869D+00  0.40494951142334D-16  0.34776419957183D-16
  -.41795993749316D-16  0.60973903406867D+00  0.62404596523589D-16
  0.61925519982578D-17  -.11611932322262D-15  0.97227396394037D+00
  0.95467272285252D+00  -.71293372945280D+00  0.59756480362896D-15
  -.71293372945279D+00  0.95467272285250D+00  0.21684043449710D-18
  -.21806016194115D-16  0.33095271315120D-16  0.15137395514730D+01
  0.95467272285250D+00  0.71293372945276D+00  0.99367129108296D-16
  0.71293372945279D+00  0.95467272285247D+00  -.55057141571530D-16
  -.76088969651854D-16  0.17075337183699D-16  0.15137395514730D+01
  -.36854484389873D+00  -.24205856101912D+00  0.31550147930881D+00
  -.24205856101912D+00  -.36854484389873D+00  0.31550147930881D+00
  0.21856576229504D+00  0.21856576229503D+00  -.40898735688991D+00
  -.36854484389872D+00  -.24205856101911D+00  -.31550147930882D+00
  -.24205856101911D+00  -.36854484389871D+00  -.31550147930881D+00
  -.21856576229503D+00  -.21856576229503D+00  -.40898735688989D+00
  -.36854484389871D+00  0.24205856101910D+00  -.31550147930882D+00
  0.24205856101912D+00  -.36854484389871D+00  0.31550147930882D+00
  -.21856576229502D+00  0.21856576229505D+00  -.40898735688988D+00
  -.36854484389870D+00  0.24205856101910D+00  0.31550147930882D+00
  0.24205856101911D+00  -.36854484389869D+00  -.31550147930881D+00
  0.21856576229503D+00  -.21856576229502D+00  -.40898735688986D+00
  -.15984225853407D+00  0.79936732469658D-01  0.18464015998620D+00
  0.10298795610742D+00  -.14777852278407D+00  -.27506062430350D+00
  0.11551583033932D+00  -.12971758151184D+00  -.21075283900155D+00
  -.19450619426075D+00  0.18622540147428D+00  0.23075841739599D+00
  0.18622540147429D+00  -.19450619426075D+00  -.23075841739599D+00
  0.38379822619231D-01  -.38379822619224D-01  -.27475355571086D+00
  -.14777852278408D+00  0.10298795610742D+00  0.27506062430350D+00
  0.79936732469655D-01  -.15984225853407D+00  -.18464015998621D+00
  0.12971758151185D+00  -.11551583033932D+00  -.21075283900155D+00
  -.16308560388341D+00  0.15427422890907D+00  0.26988644646381D+00
  0.15936521735114D+00  -.18632279168358D+00  -.30185420207673D+00
  0.69434144922619D-01  -.11204312854389D+00  -.15157957561508D+00
  -.18632279168358D+00  0.15936521735114D+00  0.30185420207673D+00
  0.15427422890907D+00  -.16308560388341D+00  -.26988644646381D+00
  0.11204312854389D+00  -.69434144922615D-01  -.15157957561508D+00
  -.14777852278407D+00  0.10298795610741D+00  -.27506062430348D+00
  0.79936732469654D-01  -.15984225853406D+00  0.18464015998620D+00
  -.12971758151185D+00  0.11551583033932D+00  -.21075283900155D+00
  -.19450619426075D+00  0.18622540147428D+00  -.23075841739599D+00
  0.18622540147429D+00  -.19450619426075D+00  0.23075841739599D+00
  -.38379822619231D-01  0.38379822619227D-01  -.27475355571087D+00
  -.15984225853405D+00  0.79936732469651D-01  -.18464015998620D+00
  0.10298795610741D+00  -.14777852278407D+00  0.27506062430348D+00
  -.11551583033932D+00  0.12971758151185D+00  -.21075283900155D+00
  -.18632279168359D+00  0.15936521735115D+00  -.30185420207673D+00
  0.15427422890907D+00  -.16308560388341D+00  0.26988644646381D+00
  -.11204312854389D+00  0.69434144922617D-01  -.15157957561509D+00
  -.16308560388341D+00  0.15427422890906D+00  -.26988644646381D+00
  0.15936521735114D+00  -.18632279168358D+00  0.30185420207673D+00
  -.69434144922615D-01  0.11204312854388D+00  -.15157957561509D+00
  -.14777852278407D+00  -.10298795610742D+00  -.27506062430350D+00
  -.79936732469655D-01  -.15984225853407D+00  -.18464015998621D+00
  -.12971758151185D+00  -.11551583033932D+00  -.21075283900155D+00
  -.16308560388342D+00  -.15427422890907D+00  -.26988644646382D+00
  -.15936521735113D+00  -.18632279168358D+00  -.30185420207673D+00
  -.69434144922618D-01  -.11204312854389D+00  -.15157957561507D+00
  -.18632279168358D+00  -.15936521735115D+00  -.30185420207673D+00
  -.15427422890906D+00  -.16308560388341D+00  -.26988644646382D+00
  -.11204312854388D+00  -.69434144922613D-01  -.15157957561508D+00
  -.15984225853407D+00  -.79936732469655D-01  -.18464015998620D+00
  -.10298795610742D+00  -.14777852278407D+00  -.27506062430350D+00
  -.11551583033932D+00  -.12971758151185D+00  -.21075283900155D+00
  -.19450619426075D+00  -.18622540147428D+00  -.23075841739599D+00
  -.18622540147429D+00  -.19450619426074D+00  -.23075841739599D+00
  -.38379822619236D-01  -.38379822619231D-01  -.27475355571087D+00
  -.15984225853406D+00  -.79936732469651D-01  0.18464015998620D+00
  -.10298795610741D+00  -.14777852278407D+00  0.27506062430348D+00
  0.11551583033932D+00  0.12971758151185D+00  -.21075283900155D+00
  -.18632279168358D+00  -.15936521735113D+00  0.30185420207673D+00
  -.15427422890907D+00  -.16308560388342D+00  0.26988644646382D+00
  0.11204312854389D+00  0.69434144922608D-01  -.15157957561508D+00
  -.16308560388342D+00  -.15427422890907D+00  0.26988644646381D+00
  -.15936521735113D+00  -.18632279168360D+00  0.30185420207673D+00
  0.69434144922616D-01  0.11204312854389D+00  -.15157957561508D+00
  -.14777852278407D+00  -.10298795610741D+00  0.27506062430348D+00
  -.79936732469651D-01  -.15984225853407D+00  0.18464015998620D+00
  0.12971758151186D+00  0.11551583033932D+00  -.21075283900155D+00
  -.19450619426075D+00  -.18622540147429D+00  0.23075841739599D+00
  -.18622540147428D+00  -.19450619426075D+00  0.23075841739599D+00
  0.38379822619231D-01  0.38379822619220D-01  -.27475355571087D+00
  0.56156668946774D-01  -.10247645747367D+00  -.30765306739606D-01
  -.76330686979910D-01  0.38035049684332D-01  0.68379232112914D-01
  0.66494693612347D-03  0.66867758940017D-01  0.93374242459825D-01
  0.39113506918104D-01  -.63561892012114D-01  -.15240318112162D+00
  -.54401109707653D-01  0.10440655475439D+00  0.30250771073282D-01
  -.90384482805715D-01  -.56494160697358D-03  -.16953128599542D-01
  0.10259731476953D+00  -.46117637851300D-01  -.72427190221776D-01
  -.46117637851299D-01  0.10259731476953D+00  0.72427190221776D-01
  -.58604112901501D-01  0.58604112901504D-01  0.56252473677889D-02
  0.10440655475439D+00  -.54401109707657D-01  -.30250771073281D-01
  -.63561892012115D-01  0.39113506918105D-01  0.15240318112162D+00
  0.56494160697644D-03  0.90384482805716D-01  -.16953128599541D-01
  0.38035049684331D-01  -.76330686979906D-01  -.68379232112914D-01
  -.10247645747367D+00  0.56156668946773D-01  0.30765306739609D-01
  -.66867758940016D-01  -.66494693612345D-03  0.93374242459825D-01
  0.39113506918102D-01  -.63561892012119D-01  0.15240318112162D+00
  -.54401109707657D-01  0.10440655475439D+00  -.30250771073282D-01
  0.90384482805717D-01  0.56494160697596D-03  -.16953128599541D-01
  0.56156668946768D-01  -.10247645747366D+00  0.30765306739593D-01
  -.76330686979904D-01  0.38035049684331D-01  -.68379232112909D-01
  -.66494693612262D-03  -.66867758940017D-01  0.93374242459828D-01
  0.10259731476953D+00  -.46117637851299D-01  0.72427190221776D-01
  -.46117637851301D-01  0.10259731476953D+00  -.72427190221776D-01
  0.58604112901501D-01  -.58604112901502D-01  0.56252473677889D-02
  0.38035049684330D-01  -.76330686979905D-01  0.68379232112909D-01
  -.10247645747366D+00  0.56156668946774D-01  -.30765306739594D-01
  0.66867758940017D-01  0.66494693612261D-03  0.93374242459829D-01
  0.10440655475439D+00  -.54401109707654D-01  0.30250771073283D-01
  -.63561892012114D-01  0.39113506918100D-01  -.15240318112162D+00
  -.56494160697435D-03  -.90384482805718D-01  -.16953128599542D-01
  0.56156668946772D-01  0.10247645747366D+00  -.30765306739597D-01
  0.76330686979902D-01  0.38035049684330D-01  -.68379232112908D-01
  0.66494693612264D-03  -.66867758940016D-01  0.93374242459828D-01
  0.10259731476953D+00  0.46117637851299D-01  -.72427190221776D-01
  0.46117637851297D-01  0.10259731476953D+00  -.72427190221776D-01
  -.58604112901500D-01  -.58604112901501D-01  0.56252473677885D-02
  0.38035049684330D-01  0.76330686979906D-01  -.68379232112908D-01
  0.10247645747366D+00  0.56156668946769D-01  -.30765306739590D-01
  -.66867758940015D-01  0.66494693612263D-03  0.93374242459828D-01
  0.10440655475439D+00  0.54401109707651D-01  -.30250771073282D-01
  0.63561892012111D-01  0.39113506918104D-01  -.15240318112162D+00
  0.56494160697684D-03  -.90384482805715D-01  -.16953128599540D-01
  0.39113506918102D-01  0.63561892012113D-01  -.15240318112162D+00
  0.54401109707655D-01  0.10440655475439D+00  -.30250771073280D-01
  -.90384482805719D-01  0.56494160697162D-03  -.16953128599540D-01
  0.39113506918104D-01  0.63561892012111D-01  0.15240318112162D+00
  0.54401109707655D-01  0.10440655475438D+00  0.30250771073280D-01
  0.90384482805717D-01  -.56494160697873D-03  -.16953128599542D-01
  0.56156668946769D-01  0.10247645747367D+00  0.30765306739614D-01
  0.76330686979909D-01  0.38035049684337D-01  0.68379232112913D-01
  -.66494693612347D-03  0.66867758940010D-01  0.93374242459826D-01
  0.10259731476953D+00  0.46117637851302D-01  0.72427190221776D-01
  0.46117637851302D-01  0.10259731476953D+00  0.72427190221776D-01
  0.58604112901502D-01  0.58604112901503D-01  0.56252473677889D-02
  0.10440655475439D+00  0.54401109707652D-01  0.30250771073283D-01
  0.63561892012114D-01  0.39113506918108D-01  0.15240318112162D+00
  -.56494160697656D-03  0.90384482805711D-01  -.16953128599542D-01
  0.38035049684334D-01  0.76330686979907D-01  0.68379232112912D-01
  0.10247645747367D+00  0.56156668946772D-01  0.30765306739608D-01
  0.66867758940014D-01  -.66494693612348D-03  0.93374242459825D-01
$end
