$energy      SCF               SCFKIN            SCFPOT
     1 -4205.122351488      3939.902618824     -8145.024970312
     2 -4205.118228416      3938.973469357     -8144.091697773
     3 -4205.150483138      3939.110711807     -8144.261194945
     4 -4205.118790982      3923.093126046     -8128.211917028
     5 -4205.150088777      3939.371060303     -8144.521149080
     6 -4205.150399149      3938.990055378     -8144.140454527
     7 -4205.150434272      3937.605394886     -8142.755829158
     8 -4205.152176171      3937.090936488     -8142.243112659
     9 -4205.153411230      3936.530319658     -8141.683730888
    10 -4205.153447262      3936.613473918     -8141.766921180
    11 -4205.153459559      3937.116933268     -8142.270392826
    12 -4205.153498378      3936.549956882     -8141.703455260
    13 -4205.153507742      3937.451122508     -8142.604630250
    14 -4205.153517661      3936.458464467     -8141.611982128
    15 -4205.153528633      3936.478925982     -8141.632454614
    16 -4205.153539771      3936.481563090     -8141.635102861
    17 -4205.153552815      3936.498802525     -8141.652355340
    18 -4205.153580741      3936.474603109     -8141.628183849
    19 -4205.153602899      3936.486619006     -8141.640221906
    20 -4205.153615718      3936.488622975     -8141.642238694
    21 -4205.153620708      3936.476373314     -8141.629994022
    22 -4205.153621019      3937.134905765     -8142.288526784
    23 -4205.153613185      3936.331554763     -8141.485167947
    24 -4205.153618098      3936.430327165     -8141.583945262
    25 -4205.153621729      3936.427926693     -8141.581548422
    26 -4205.153623476      3936.433967359     -8141.587590835
    27 -4205.153624482      3936.452068921     -8141.605693403
    28 -4205.153625643      3936.454829716     -8141.608455359
    29 -4205.153627271      3936.435671230     -8141.589298502
    30 -4205.153630035      3936.430390352     -8141.584020387
    31 -4205.153631067      3936.414285852     -8141.567916919
    32 -4205.153632399      3936.428819701     -8141.582452099
    33 -4205.153398925      3936.481523828     -8141.634922753
    34 -4205.152460909      3936.640636989     -8141.793097898
    35 -4205.153629819      3936.523275088     -8141.676904907
    36 -4205.153632700      3936.485669715     -8141.639302416
    37 -4205.153636224      3936.480747195     -8141.634383418
    38 -4205.153640193      3936.477415273     -8141.631055465
    39 -4205.153642011      3936.456040594     -8141.609682604
    40 -4205.153642096      3936.447486527     -8141.601128623
    41 -4205.153643089      3936.469415298     -8141.623058387
$end
