$dipgrad          cartesian dipole gradients
  0.11038938458957D+01  -.10892598680914D-01  -.35263676177079D-16
  0.10892273423929D-01  0.11038979456138D+01  -.36435969362489D-16
  0.13823576975407D-16  -.12809171124276D-15  0.25983491718372D+01
  0.99670215951014D+00  -.76947945499744D+00  -.54297869178545D-16
  -.75287706419419D+00  0.11183094237926D+01  -.29897780172750D-15
  -.86622704471133D-16  0.64141500447660D-16  0.20269153187184D+01
  -.54733311354914D+00  -.23431153971973D+00  0.39631470799493D+00
  -.23891888632743D+00  -.49118209048291D+00  0.34086550828704D+00
  0.26284895155576D+00  0.22128709013786D+00  -.15100579203332D+01
  -.54733311354917D+00  -.23431153971972D+00  -.39631470799489D+00
  -.23891888632743D+00  -.49118209048291D+00  -.34086550828705D+00
  -.26284895155575D+00  -.22128709013786D+00  -.15100579203332D+01
  -.49118140752707D+00  0.23891855598149D+00  -.34086499160014D+00
  0.23431203018333D+00  -.54733435896438D+00  0.39631392638393D+00
  -.22128590173925D+00  0.26285000369041D+00  -.15100564730311D+01
  -.49118140752706D+00  0.23891855598150D+00  0.34086499160016D+00
  0.23431203018332D+00  -.54733435896438D+00  -.39631392638396D+00
  0.22128590173926D+00  -.26285000369042D+00  -.15100564730311D+01
  -.45834110138685D-01  0.84797659664289D-01  0.11610295190266D+00
  0.74062308054130D-01  -.24991238589492D+00  -.17622716841126D+00
  0.14772253782912D-01  -.13397851765749D+00  -.90950869283070D-01
  -.10668559170603D+00  0.68881510453794D-01  0.18735660883570D+00
  0.74366799297758D-01  -.14388310869349D+00  -.19981334690729D+00
  0.74685172002627D-01  -.90406069872129D-01  -.17227706884128D+00
  -.19817178303189D+00  0.85999427509256D-01  0.17428856337998D+00
  0.65967249687054D-01  -.23068547017776D-01  -.13467030318888D+00
  0.92369229061751D-01  -.47556681380432D-01  -.10972619379652D+00
  -.25686221945049D+00  0.82988680262689D-01  0.11816417564644D-01
  0.13537578596500D+00  -.96692693950660D-01  -.33756786537469D-01
  0.80286367523226D-01  -.34048537613815D-01  -.40018649510585D-01
  -.58015101052835D-01  0.16792483384926D+00  -.32347350171339D-02
  0.11279957014482D+00  -.21863040464891D+00  0.99492638527172D-01
  0.37980693770492D-01  -.34897541157905D-01  -.22843753706124D-01
  -.19817178303190D+00  0.85999427509245D-01  -.17428856337996D+00
  0.65967249687060D-01  -.23068547017786D-01  0.13467030318888D+00
  -.92369229061740D-01  0.47556681380422D-01  -.10972619379652D+00
  -.10668559170603D+00  0.68881510453799D-01  -.18735660883571D+00
  0.74366799297754D-01  -.14388310869349D+00  0.19981334690729D+00
  -.74685172002621D-01  0.90406069872128D-01  -.17227706884127D+00
  -.45834110138686D-01  0.84797659664290D-01  -.11610295190264D+00
  0.74062308054121D-01  -.24991238589493D+00  0.17622716841125D+00
  -.14772253782913D-01  0.13397851765749D+00  -.90950869283081D-01
  -.58015101052836D-01  0.16792483384926D+00  0.32347350171370D-02
  0.11279957014482D+00  -.21863040464890D+00  -.99492638527174D-01
  -.37980693770491D-01  0.34897541157908D-01  -.22843753706121D-01
  -.25686221945048D+00  0.82988680262687D-01  -.11816417564632D-01
  0.13537578596499D+00  -.96692693950663D-01  0.33756786537476D-01
  -.80286367523228D-01  0.34048537613820D-01  -.40018649510595D-01
  0.12324265776970D+00  0.35076788287085D-01  -.16160344104095D-02
  -.72109299765520D-01  0.13595613851091D+00  0.44444021211118D-01
  -.85372589318258D-02  0.11419000778723D-01  0.60800262503112D-01
  0.12408407975390D+00  0.23298647285256D-01  0.64909649930826D-01
  -.61941680797975D-01  0.13481536768696D+00  0.20822352194230D-01
  -.12757993535816D-01  0.71024265492073D-01  0.16508263003727D+00
  0.91777348912244D-01  -.82933778924510D-01  -.26145432309718D-01
  -.49179352260988D-01  0.60290909673346D-01  0.32743382891112D-01
  0.44141021083002D-01  -.25428318925413D-01  0.67343052264387D-01
  0.13352981682229D+00  -.69102960847226D-01  -.19689728651078D-02
  -.22945791952291D-02  0.11689542295893D+00  -.89903413078932D-01
  -.50272915097900D-01  0.38418500873906D-01  0.19848116743101D+00
  0.13145206876278D+00  -.86477035332974D-01  -.35121019392755D-01
  0.32851793149439D-01  0.12371706996789D+00  -.49158780171228D-01
  -.19494328561370D-01  -.20854973814703D-01  0.78979754377260D-01
  0.12408407975390D+00  0.23298647285258D-01  -.64909649930806D-01
  -.61941680797975D-01  0.13481536768695D+00  -.20822352194237D-01
  0.12757993535815D-01  -.71024265492064D-01  0.16508263003728D+00
  0.91777348912247D-01  -.82933778924507D-01  0.26145432309716D-01
  -.49179352260979D-01  0.60290909673351D-01  -.32743382891113D-01
  -.44141021082998D-01  0.25428318925413D-01  0.67343052264381D-01
  0.13145206876278D+00  -.86477035332983D-01  0.35121019392769D-01
  0.32851793149442D-01  0.12371706996789D+00  0.49158780171221D-01
  0.19494328561376D-01  0.20854973814707D-01  0.78979754377273D-01
  0.13352981682230D+00  -.69102960847230D-01  0.19689728651195D-02
  -.22945791952277D-02  0.11689542295893D+00  0.89903413078943D-01
  0.50272915097898D-01  -.38418500873897D-01  0.19848116743101D+00
  -.11428894035389D+00  0.15280520605121D+00  -.28629324770186D-01
  0.16712344317607D+00  -.76375870131648D-01  0.64907285870562D-03
  -.25658280435571D-02  -.10589711075663D-01  -.52764329262649D-01
  -.23407606252102D-01  -.31762798687758D-01  0.50342360516425D-01
  -.47827856281684D-01  0.67748460966055D-01  0.92368523276791D-01
  -.17029391131882D-01  0.59040947531638D-01  -.83728651144461D-02
  -.23407606252101D-01  -.31762798687762D-01  -.50342360516422D-01
  -.47827856281686D-01  0.67748460966052D-01  -.92368523276787D-01
  0.17029391131882D-01  -.59040947531637D-01  -.83728651144420D-02
  -.11428894035390D+00  0.15280520605121D+00  0.28629324770187D-01
  0.16712344317608D+00  -.76375870131650D-01  -.64907285871046D-03
  0.25658280435581D-02  0.10589711075662D-01  -.52764329262652D-01
  0.66172370458231D-01  -.46381467621883D-01  -.96120710826907D-01
  -.71236747717885D-01  -.27628638649595D-01  -.38858404430656D-01
  -.54963388109380D-01  0.14791702005528D-01  0.11928769659912D-01
  0.66172370458231D-01  -.46381467621883D-01  0.96120710826908D-01
  -.71236747717887D-01  -.27628638649592D-01  0.38858404430652D-01
  0.54963388109385D-01  -.14791702005526D-01  0.11928769659915D-01
  0.29254073738504D-01  0.24225028602366D-01  -.26467000363147D-01
  -.48860278531699D-01  -.79209058599762D-01  0.99244227950955D-01
  0.19552307160216D-01  0.97549207627889D-01  -.16725545632380D-01
  -.24573344830404D+00  0.68708689775691D-02  0.74307609455979D-01
  0.77908019109947D-01  -.44414933503331D-02  -.46703048511093D-01
  0.72859895023960D-01  -.12145254758682D-01  0.12231177219935D-01
  0.76785283894932D-01  -.77001566998715D-03  -.73296578654922D-01
  -.44612057382348D-01  0.29654160344394D-01  -.36908730995923D-02
  -.71703412861732D-01  -.44252994993303D-01  -.38437742335129D-01
  0.29254073738504D-01  0.24225028602366D-01  0.26467000363150D-01
  -.48860278531701D-01  -.79209058599763D-01  -.99244227950950D-01
  -.19552307160214D-01  -.97549207627889D-01  -.16725545632380D-01
  -.24573344830404D+00  0.68708689775677D-02  -.74307609455979D-01
  0.77908019109947D-01  -.44414933503345D-02  0.46703048511092D-01
  -.72859895023956D-01  0.12145254758680D-01  0.12231177219935D-01
  0.76785283894934D-01  -.77001566998807D-03  0.73296578654921D-01
  -.44612057382348D-01  0.29654160344393D-01  0.36908730995933D-02
  0.71703412861733D-01  0.44252994993302D-01  -.38437742335130D-01
  0.12324265776970D+00  0.35076788287071D-01  0.16160344104315D-02
  -.72109299765524D-01  0.13595613851091D+00  -.44444021211133D-01
  0.85372589318307D-02  -.11419000778737D-01  0.60800262503109D-01
  0.37710037316428D-02  0.94023575151586D-01  -.63457324431468D-01
  0.31806571162708D-01  -.25377014668267D+00  0.36794481754858D-01
  -.34307524107136D-01  0.60994876389041D-01  -.46554545742798D-02
  -.10068565739671D+00  -.67714952645168D-01  0.34242232688050D-01
  0.92968915595464D-02  0.24541331432018D-01  -.30806701973039D-01
  0.55754447402819D-01  -.37720390340230D-02  0.51064307344267D-01
  0.38585183346141D-01  -.52437329063537D-01  0.45753369094030D-01
  -.35866027267271D-02  0.80504684853855D-01  -.43504190998174D-01
  -.71295690415214D-02  -.41750162697404D-01  -.83381629075120D-01
  0.37710037316435D-02  0.94023575151584D-01  0.63457324431468D-01
  0.31806571162707D-01  -.25377014668267D+00  -.36794481754858D-01
  0.34307524107135D-01  -.60994876389039D-01  -.46554545742904D-02
  -.10068565739672D+00  -.67714952645169D-01  -.34242232688046D-01
  0.92968915595464D-02  0.24541331432016D-01  0.30806701973042D-01
  -.55754447402820D-01  0.37720390340251D-02  0.51064307344262D-01
  -.54727791015755D-01  0.27962415206450D-01  -.14174561871512D+00
  -.11221036432760D-01  0.49753989515488D-01  0.52532580265129D-01
  -.61331518305996D-01  0.40665429910918D-01  -.68754087547978D-01
  -.54727791015756D-01  0.27962415206451D-01  0.14174561871512D+00
  -.11221036432763D-01  0.49753989515486D-01  -.52532580265127D-01
  0.61331518305997D-01  -.40665429910919D-01  -.68754087547988D-01
  0.85143714503905D-02  0.57342047801910D-01  0.12939786549177D-01
  0.45640132008677D-02  -.19256615750418D+00  0.18790099548799D+00
  0.36591712850633D-01  0.94760864826603D-01  -.55163229998392D-01
  0.85143714503903D-02  0.57342047801909D-01  -.12939786549175D-01
  0.45640132008666D-02  -.19256615750418D+00  -.18790099548799D+00
  -.36591712850632D-01  -.94760864826600D-01  -.55163229998398D-01
  0.38585183346141D-01  -.52437329063537D-01  -.45753369094023D-01
  -.35866027267291D-02  0.80504684853854D-01  0.43504190998171D-01
  0.71295690415230D-02  0.41750162697406D-01  -.83381629075121D-01
  0.11183104276045D+01  0.75287882262215D+00  0.12868548051161D-16
  0.76947949907500D+00  0.99670154770447D+00  0.11037686335671D-16
  0.23335492999060D-16  -.32843967227582D-16  0.20269136411184D+01
  -.24991239772116D+00  -.74062284747112D-01  -.17622742702845D+00
  -.84797287002994D-01  -.45834040452709D-01  -.11610250030237D+00
  -.13397853336067D+00  -.14772386271212D-01  -.90951093920096D-01
  -.24991239772117D+00  -.74062284747111D-01  0.17622742702846D+00
  -.84797287002996D-01  -.45834040452709D-01  0.11610250030234D+00
  0.13397853336067D+00  0.14772386271211D-01  -.90951093920103D-01
  -.23068754475613D-01  -.65967415039800D-01  -.13466995535742D+00
  -.85999487316570D-01  -.19817197600109D+00  -.17428875536335D+00
  -.47556442136970D-01  -.92368999436394D-01  -.10972590168459D+00
  -.23068754475617D-01  -.65967415039799D-01  0.13466995535742D+00
  -.85999487316575D-01  -.19817197600109D+00  0.17428875536333D+00
  0.47556442136962D-01  0.92368999436399D-01  -.10972590168459D+00
  -.14388321723987D+00  -.74366932205660D-01  -.19981316427804D+00
  -.68881485108304D-01  -.10668574183903D+00  -.18735646010840D+00
  -.90406289013011D-01  -.74685209937456D-01  -.17227717250131D+00
  -.14388321723987D+00  -.74366932205661D-01  0.19981316427804D+00
  -.68881485108305D-01  -.10668574183903D+00  0.18735646010838D+00
  0.90406289013009D-01  0.74685209937463D-01  -.17227717250131D+00
  -.96692549279325D-01  -.13537567651086D+00  -.33757574929884D-01
  -.82988867228401D-01  -.25686197699474D+00  -.11815845727190D-01
  -.34048414992074D-01  -.80286134737197D-01  -.40018661512386D-01
  -.96692549279329D-01  -.13537567651086D+00  0.33757574929904D-01
  -.82988867228402D-01  -.25686197699475D+00  0.11815845727170D-01
  0.34048414992080D-01  0.80286134737190D-01  -.40018661512382D-01
  -.21863040107804D+00  -.11279964204898D+00  0.99493510240816D-01
  -.16792505475145D+00  -.58015156686273D-01  0.32340355255779D-02
  -.34897861744707D-01  -.37980686876912D-01  -.22843485022095D-01
  -.21863040107804D+00  -.11279964204899D+00  -.99493510240802D-01
  -.16792505475146D+00  -.58015156686265D-01  -.32340355255900D-02
  0.34897861744702D-01  0.37980686876915D-01  -.22843485022091D-01
  0.13595589609370D+00  0.72109160318271D-01  0.44443914797575D-01
  -.35077045981442D-01  0.12324271961544D+00  0.16160466386325D-02
  0.11418765038787D-01  0.85372138592049D-02  0.60800164799333D-01
  0.13595589609370D+00  0.72109160318272D-01  -.44443914797565D-01
  -.35077045981443D-01  0.12324271961544D+00  -.16160466386596D-02
  -.11418765038787D-01  -.85372138592058D-02  0.60800164799329D-01
  0.12371738883540D+00  -.32851951618972D-01  -.49159062107987D-01
  0.86476910414580D-01  0.13145232691395D+00  0.35121061141707D-01
  -.20854801110419D-01  0.19494264926366D-01  0.78979585409675D-01
  0.12371738883540D+00  -.32851951618967D-01  0.49159062107994D-01
  0.86476910414581D-01  0.13145232691396D+00  -.35121061141731D-01
  0.20854801110423D-01  -.19494264926369D-01  0.78979585409670D-01
  0.13481523232417D+00  0.61941500377175D-01  0.20821637254754D-01
  -.23298964509942D-01  0.12408410848063D+00  -.64909849851755D-01
  0.71024527651726D-01  0.12758068257899D-01  0.16508236822814D+00
  0.13481523232417D+00  0.61941500377176D-01  -.20821637254748D-01
  -.23298964509944D-01  0.12408410848063D+00  0.64909849851734D-01
  -.71024527651725D-01  -.12758068257895D-01  0.16508236822814D+00
  0.11689540799992D+00  0.22945648563433D-02  -.89903874329072D-01
  0.69103009267814D-01  0.13352991924599D+00  0.19681886624852D-02
  0.38418648792981D-01  0.50273073934935D-01  0.19847998272027D+00
  0.11689540799992D+00  0.22945648563444D-02  0.89903874329079D-01
  0.69103009267805D-01  0.13352991924599D+00  -.19681886625039D-02
  -.38418648792982D-01  -.50273073934935D-01  0.19847998272027D+00
  0.60290853146155D-01  0.49179418670915D-01  0.32743221441421D-01
  0.82933617946802D-01  0.91777448400231D-01  0.26145527173429D-01
  -.25427853170965D-01  -.44141156626066D-01  0.67342690881547D-01
  0.60290853146153D-01  0.49179418670915D-01  -.32743221441413D-01
  0.82933617946802D-01  0.91777448400233D-01  -.26145527173441D-01
  0.25427853170965D-01  0.44141156626067D-01  0.67342690881541D-01
  -.76375887090409D-01  -.16712346823337D+00  0.64904625988469D-03
  -.15280517772032D+00  -.11428891217948D+00  0.28629222363692D-01
  -.10589754892194D-01  0.25658795810035D-02  -.52764691393524D-01
  -.76375887090410D-01  -.16712346823337D+00  -.64904625988354D-03
  -.15280517772032D+00  -.11428891217948D+00  -.28629222363692D-01
  0.10589754892194D-01  -.25658795810035D-02  -.52764691393525D-01
  0.67748427983252D-01  0.47827846640803D-01  0.92368624660046D-01
  0.31762806849213D-01  -.23407653038509D-01  -.50342279867385D-01
  0.59040927082427D-01  0.17029366247762D-01  -.83727606519452D-02
  0.67748427983251D-01  0.47827846640803D-01  -.92368624660045D-01
  0.31762806849213D-01  -.23407653038509D-01  0.50342279867384D-01
  -.59040927082427D-01  -.17029366247762D-01  -.83727606519456D-02
  -.27628728521543D-01  0.71236885440904D-01  -.38858234216038D-01
  0.46381493626804D-01  0.66172418847369D-01  0.96120653046897D-01
  0.14791593490326D-01  0.54963386761646D-01  0.11928871421311D-01
  -.27628728521543D-01  0.71236885440904D-01  0.38858234216039D-01
  0.46381493626804D-01  0.66172418847369D-01  -.96120653046898D-01
  -.14791593490326D-01  -.54963386761646D-01  0.11928871421310D-01
  -.79209072925944D-01  0.48860257653920D-01  0.99244198456394D-01
  -.24224927584574D-01  0.29254106272326D-01  0.26467017313437D-01
  0.97549293576110D-01  -.19552321888274D-01  -.16725505555957D-01
  -.79209072925944D-01  0.48860257653921D-01  -.99244198456393D-01
  -.24224927584574D-01  0.29254106272327D-01  -.26467017313439D-01
  -.97549293576111D-01  0.19552321888274D-01  -.16725505555957D-01
  0.24541474935376D-01  -.92969183553170D-02  0.30806660215511D-01
  0.67714958519988D-01  -.10068562843476D+00  0.34242208455149D-01
  0.37719543754255D-02  0.55754416350336D-01  0.51064265696926D-01
  0.24541474935376D-01  -.92969183553170D-02  -.30806660215510D-01
  0.67714958519985D-01  -.10068562843476D+00  -.34242208455149D-01
  -.37719543754258D-02  -.55754416350335D-01  0.51064265696926D-01
  -.44417966524864D-02  -.77907853294978D-01  -.46703025446022D-01
  -.68708728289819D-02  -.24573344588016D+00  -.74307654924476D-01
  -.12145264070108D-01  -.72859698857030D-01  0.12231167331949D-01
  -.44417966524864D-02  -.77907853294978D-01  0.46703025446021D-01
  -.68708728289819D-02  -.24573344588016D+00  0.74307654924475D-01
  0.12145264070108D-01  0.72859698857030D-01  0.12231167331949D-01
  -.25377007519850D+00  -.31806577468856D-01  -.36794528715738D-01
  -.94023532613772D-01  0.37710550687640D-02  -.63457307206736D-01
  -.60994815213902D-01  -.34307485614100D-01  -.46554476634510D-02
  -.25377007519850D+00  -.31806577468856D-01  0.36794528715738D-01
  -.94023532613770D-01  0.37710550687643D-02  0.63457307206735D-01
  0.60994815213902D-01  0.34307485614100D-01  -.46554476634513D-02
  0.29654192575207D-01  0.44612133142730D-01  -.36908324577735D-02
  0.76998941734593D-03  0.76785479006903D-01  0.73296606192133D-01
  -.44253201547933D-01  0.71703661146369D-01  -.38437566397492D-01
  0.29654192575206D-01  0.44612133142731D-01  0.36908324577743D-02
  0.76998941734585D-03  0.76785479006904D-01  -.73296606192135D-01
  0.44253201547933D-01  -.71703661146368D-01  -.38437566397492D-01
  0.80504659981000D-01  0.35865253423009D-02  0.43504204276518D-01
  0.52437314282437D-01  0.38585107904699D-01  0.45753356771998D-01
  0.41750273089690D-01  -.71296300001244D-02  -.83381515191780D-01
  0.80504659980999D-01  0.35865253423009D-02  -.43504204276517D-01
  0.52437314282438D-01  0.38585107904699D-01  -.45753356771999D-01
  -.41750273089691D-01  0.71296300001244D-02  -.83381515191780D-01
  0.46505691004957D-01  0.22171877173518D-01  -.14733184135932D-01
  0.55593668706524D-01  -.12179805395232D+00  0.21786214405628D-01
  -.96636004266347D-02  -.64736071436453D-01  0.41974184785006D-02
  -.12179801486408D+00  -.55593613502805D-01  -.21786207589084D-01
  -.22171813735012D-01  0.46505585857516D-01  -.14733242601770D-01
  0.64736056018133D-01  -.96636690548307D-02  0.41975557243639D-02
  -.12179801486408D+00  -.55593613502806D-01  0.21786207589085D-01
  -.22171813735012D-01  0.46505585857516D-01  0.14733242601771D-01
  -.64736056018133D-01  0.96636690548304D-02  0.41975557243643D-02
  0.49754021453183D-01  0.11221089004752D-01  0.52532779190524D-01
  -.27962438732914D-01  -.54727796935508D-01  0.14174560210417D+00
  0.40665415596170D-01  0.61331461915392D-01  -.68754053917890D-01
  0.49754021453182D-01  0.11221089004751D-01  -.52532779190523D-01
  -.27962438732914D-01  -.54727796935507D-01  -.14174560210417D+00
  -.40665415596170D-01  -.61331461915392D-01  -.68754053917891D-01
  0.24257580732603D-01  -.86536885981437D-02  0.12027394345294D+00
  0.32485582592560D-01  0.46306912125783D-01  0.25221683711788D-01
  0.42515519028944D-01  0.42530301675593D-01  -.11536050629223D+00
  0.46306911927973D-01  -.32485562720302D-01  -.25221596454143D-01
  0.86537382438023D-02  0.24257425716672D-01  0.12027379699689D+00
  -.42530283236761D-01  0.42515501854721D-01  -.11536052090049D+00
  0.24257580732603D-01  -.86536885981434D-02  -.12027394345294D+00
  0.32485582592560D-01  0.46306912125783D-01  -.25221683711787D-01
  -.42515519028944D-01  -.42530301675593D-01  -.11536050629223D+00
  0.46306911927973D-01  -.32485562720302D-01  0.25221596454144D-01
  0.86537382438023D-02  0.24257425716672D-01  -.12027379699689D+00
  0.42530283236761D-01  -.42515501854720D-01  -.11536052090049D+00
  0.46505691004956D-01  0.22171877173518D-01  0.14733184135933D-01
  0.55593668706525D-01  -.12179805395232D+00  -.21786214405631D-01
  0.96636004266348D-02  0.64736071436453D-01  0.41974184784988D-02
  -.80438404954517D-01  0.90781780083003D-01  -.63101638174011D-01
  0.78526509581161D-01  0.27136915783822D-01  0.16276595363960D-01
  0.31832113354256D-01  -.11047922624411D-01  0.17588600854701D-01
  0.27136796394522D-01  -.78526493866348D-01  -.16276776835697D-01
  -.90781837983909D-01  -.80438403066005D-01  -.63101671992708D-01
  0.11047929656394D-01  0.31832091108606D-01  0.17588529306111D-01
  -.80438404954517D-01  0.90781780083003D-01  0.63101638174011D-01
  0.78526509581161D-01  0.27136915783822D-01  -.16276595363961D-01
  -.31832113354256D-01  0.11047922624411D-01  0.17588600854701D-01
  0.27136796394522D-01  -.78526493866348D-01  0.16276776835698D-01
  -.90781837983909D-01  -.80438403066005D-01  0.63101671992708D-01
  -.11047929656394D-01  -.31832091108606D-01  0.17588529306111D-01
  -.19256609110378D+00  -.45640168209737D-02  0.18790111971754D+00
  -.57342024814671D-01  0.85141693750046D-02  -.12939907163426D-01
  0.94760771302611D-01  -.36591670579085D-01  -.55163397272972D-01
  -.19256609110378D+00  -.45640168209737D-02  -.18790111971754D+00
  -.57342024814673D-01  0.85141693750046D-02  0.12939907163425D-01
  -.94760771302611D-01  0.36591670579085D-01  -.55163397272972D-01
  -.24152209400510D-01  -.94359100497465D-01  0.81275481956770D-01
  -.64441342238274D-01  -.69211680654386D-01  0.17819604013397D+00
  0.11892510043198D-01  0.11142180966217D+00  -.19125145415655D+00
  -.69211640274086D-01  0.64441405782199D-01  -.17819653347499D+00
  0.94359109279523D-01  -.24152272419488D-01  0.81275854458563D-01
  -.11142177857978D+00  0.11892593426874D-01  -.19125184147224D+00
  -.24152209400510D-01  -.94359100497465D-01  -.81275481956768D-01
  -.64441342238274D-01  -.69211680654386D-01  -.17819604013398D+00
  -.11892510043198D-01  -.11142180966217D+00  -.19125145415655D+00
  -.69211640274086D-01  0.64441405782200D-01  0.17819653347499D+00
  0.94359109279522D-01  -.24152272419487D-01  -.81275854458562D-01
  0.11142177857978D+00  -.11892593426874D-01  -.19125184147224D+00
$end
