$hessapprox internal
  0.416459373315D+00 -0.149416256856D-03  0.414017887181D+00 -0.195666432434D-03
  0.962666268012D-04  0.406202209499D+00 -0.464345485530D-03 -0.180823825648D-03
 -0.217828315782D-03  0.415769292704D+00 -0.958854528974D-04 -0.148644311445D-03
  0.103041347606D-03 -0.120589618078D-03  0.414184183098D+00 -0.574815456594D-03
 -0.301975436476D-04  0.169627149656D-03 -0.585223753607D-03 -0.332692403035D-04
  0.420582661004D+00 -0.788173343559D-04  0.532890114871D-04 -0.249403359188D-03
 -0.583654495635D-04  0.733531047604D-04  0.207391012391D-03  0.406440276866D+00
 -0.305869956775D-03 -0.133766632070D-03 -0.243381319076D-04 -0.531563724363D-03
 -0.718271109471D-04  0.134438548189D-03  0.424685640023D-04  0.414287635325D+00
 -0.268530223326D-04  0.485045997540D-04 -0.164168696977D-03  0.137896052867D-03
  0.280989477163D-05  0.247013885714D-03 -0.550456312793D-04  0.213325210926D-03
  0.406319983962D+00  0.468188784218D-03  0.251333703477D-03  0.112439009607D-02
  0.604494968662D-03  0.149171727569D-03  0.729382247975D-03  0.392864323365D-03
  0.898382452570D-03  0.227398027188D-03  0.407897337611D+00  0.831450630694D-04
 -0.123469062711D-03  0.148944459733D-02  0.121016448645D-03 -0.164802891851D-03
  0.150759384451D-02  0.760472897775D-03  0.163914630572D-03  0.899556412532D-03
  0.920451204866D-03  0.414108909944D+00  0.429556861963D-03  0.285526122308D-04
  0.964745192726D-03  0.723097557413D-03 -0.758230937450D-04  0.839970672230D-03
  0.221437308320D-03  0.927112519528D-03 -0.808580462936D-04 -0.132264948129D-03
  0.100372347438D-02  0.408757902345D+00 -0.201597244278D-04 -0.306881804661D-04
 -0.787518055614D-04 -0.846740230482D-04 -0.855850185988D-04 -0.269825835473D-04
 -0.204011442009D-03  0.324931420827D-03 -0.202497999454D-03  0.132265995222D-02
  0.693768276269D-03  0.154587350811D-02  0.419524435203D+00 -0.107042861412D-03
 -0.560133004336D-04  0.544840900787D-04 -0.123639503059D-03 -0.259184788315D-04
 -0.220422583082D-03  0.170205158593D-04  0.175843593129D-04 -0.455882598697D-04
 -0.769113211947D-04  0.101104290507D-03  0.598541922330D-04  0.934922710731D-04
  0.417327769411D+00 -0.194059943403D-03  0.107286026866D-03 -0.556415990970D-03
 -0.190426581230D-03  0.917979228741D-04  0.361482107157D-04 -0.200713680165D-03
 -0.754581299550D-05 -0.172631293012D-03  0.960730538213D-03  0.147017403158D-02
  0.840806583268D-03 -0.131200158600D-03 -0.961409613882D-05  0.406286333666D+00
  0.112145520866D-02  0.510476128423D-03  0.198070803490D-02  0.152507873003D-02
  0.480452350742D-03  0.173121759982D-02  0.865760836287D-03  0.115123294097D-02
  0.907701341740D-03 -0.124031691491D-02 -0.868142833955D-03 -0.334296861750D-03
  0.743273702585D-03  0.277824570390D-03  0.205034935082D-02  0.401871082652D+00
  0.243684631837D-03  0.286795365113D-03 -0.666352222477D-03  0.454070091354D-03
  0.286140982770D-03  0.324527170363D-03 -0.325409409684D-03  0.364689535268D-03
 -0.354017390663D-03  0.275090127435D-03  0.128622211486D-02 -0.477256440985D-05
 -0.896835882941D-04  0.249618656457D-03 -0.535082287260D-03  0.706826409910D-03
  0.405431245549D+00 -0.352893281607D-05 -0.290033467166D-04  0.700632931143D-04
 -0.810184747306D-04 -0.380359668836D-04 -0.650684663957D-04 -0.654627935913D-04
  0.110770229125D-03 -0.241057149806D-04  0.817471463991D-03  0.225768732598D-03
  0.963116223252D-03  0.856750267885D-03  0.922851063076D-04  0.421786811376D-04
  0.182721792211D-03  0.563432475819D-04  0.415600870966D+00 -0.228746739436D-03
 -0.735428190596D-04  0.832534560137D-04 -0.320948958502D-03 -0.811446654842D-04
 -0.347283409185D-03  0.608811536191D-04 -0.598028375805D-04  0.134384370685D-04
 -0.897422581684D-04  0.403940498783D-03  0.143590700184D-03 -0.478301444766D-04
 -0.212614235065D-03  0.877816585957D-05  0.784374725156D-03  0.414177491426D-03
  0.297083225370D-04  0.417241564332D+00  0.114091790933D-02  0.289710832103D-03
  0.179210246304D-02  0.173374636389D-02  0.195754408652D-03  0.180013226353D-02
  0.770680620338D-03  0.127967020166D-02  0.633978536417D-03 -0.974013350875D-03
 -0.103805113845D-02 -0.804869430032D-03  0.758145797483D-03  0.329791812103D-03
  0.189318140889D-02 -0.546443427831D-02  0.449485834293D-03  0.331684992283D-03
  0.872271856550D-03  0.402162040030D+00  0.180198788944D-02  0.369101779833D-03
  0.177122960576D-02  0.255547714297D-02  0.223045705703D-03  0.167316541983D-02
  0.619523084840D-03  0.159900914660D-02  0.850936018479D-04 -0.399289877207D-02
 -0.279814019750D-02 -0.413627898792D-02  0.613622722531D-03  0.534637276874D-03
  0.181905550747D-02 -0.730341462037D-02 -0.303165472732D-03  0.179774856915D-03
  0.940501412288D-03 -0.774379158468D-02  0.313540578188D+00  0.134907969122D-02
  0.221743714882D-03  0.139025780405D-02  0.168096372034D-02  0.378141012168D-04
  0.223128525323D-02  0.599352965604D-03  0.108106680799D-02  0.377338166034D-03
 -0.338474108768D-02 -0.255968352705D-02 -0.343733675462D-02  0.941788813587D-04
  0.643421911300D-03  0.154426427862D-02 -0.560989685754D-02  0.118841569587D-04
 -0.185702781468D-03  0.759271074111D-03 -0.597856985484D-02 -0.938660091030D-02
  0.317560573571D+00  0.664229832844D-03 -0.619484504795D-03  0.871090845910D-03
 -0.143998706612D-03 -0.349451750360D-03  0.155386857918D-03  0.397650609778D-03
 -0.176604901643D-02  0.130184476329D-02 -0.797997233936D-03 -0.608288530634D-02
 -0.144013079229D-02  0.542444868148D-03  0.169790777607D-02  0.131093117086D-02
 -0.410664652582D-02  0.134236131413D-02 -0.712525476458D-03  0.192800829825D-02
 -0.374204852396D-02 -0.392903147409D-02 -0.538550852565D-02  0.305659063659D+00
  0.334175802541D-02  0.137792759765D-02  0.436798439355D-02  0.462965038737D-02
  0.118188134529D-02  0.182057327880D-02  0.164673629739D-02  0.270109683299D-02
  0.793144448119D-03 -0.947670110640D-02 -0.438470620750D-02 -0.749748291767D-02
  0.133907850825D-02  0.121656759451D-03  0.386295259594D-02 -0.156151249817D-01
  0.394950374955D-03  0.496891692380D-03  0.837103366987D-03 -0.137746339299D-01
 -0.227439681453D-01 -0.167092975682D-01 -0.510707845238D-02  0.273025685432D+00
  0.296972807022D-02  0.804674748073D-03  0.327665725479D-02  0.396481747347D-02
  0.684219903222D-03  0.198083689700D-02  0.119912184527D-02  0.201612565844D-02
  0.622410952073D-03 -0.726147172717D-02 -0.495273372417D-02 -0.666244411879D-02
  0.118818539937D-02  0.816600463663D-03  0.317235185329D-02 -0.128181444835D-01
 -0.273858986327D-04  0.248718217909D-03  0.154186020264D-02 -0.123368425585D-01
 -0.196923530233D-01 -0.152717770017D-01 -0.921250686061D-02 -0.409995347011D-01
  0.290994991055D+00 -0.328269507109D-03  0.217000799918D-03  0.189395590744D-03
  0.184358299336D-03  0.236408899546D-03  0.253031837863D-03 -0.156235938903D-04
  0.810075768066D-03 -0.222500265160D-03 -0.367423328232D-03  0.836997399168D-03
 -0.439541088306D-03 -0.191683712014D-04 -0.126550229171D-04  0.242767641341D-03
 -0.714242839705D-03 -0.451949844085D-03  0.211200551370D-03 -0.480627576151D-03
 -0.110186023278D-02 -0.149963944574D-02 -0.562851091384D-03  0.459124803607D-02
 -0.278608933528D-02 -0.193295806021D-02  0.448429663520D-01  0.239412372725D-03
 -0.892425776900D-05 -0.861086135904D-05  0.282259763068D-03 -0.233782101140D-04
  0.563747286842D-04  0.249504185314D-04  0.223377100131D-03 -0.128476015642D-03
 -0.173610681027D-03 -0.556447504337D-04 -0.220824459662D-03 -0.107701134232D-04
 -0.266982831265D-03 -0.686552797055D-04 -0.229013722332D-03 -0.106969145745D-03
  0.283034520052D-04  0.691953537780D-04 -0.224153174053D-03 -0.429130732444D-03
 -0.258689456890D-03  0.763896278763D-03 -0.736296242252D-03 -0.392809906903D-03
  0.810720173766D-02  0.687046234627D-01  0.175004981520D-03 -0.105567546565D-03
 -0.863616507406D-05  0.121286667918D-03  0.512742203740D-05 -0.677766966011D-04
  0.359955136628D-04 -0.133833603829D-03  0.383698551477D-04 -0.456658706350D-03
  0.124398595482D-03 -0.578356483989D-03 -0.309439389567D-03 -0.250940011445D-03
 -0.245082693168D-04  0.335752605241D-04 -0.295048268634D-04 -0.191317541073D-04
  0.157857777175D-03 -0.208256485220D-03 -0.831883805621D-04 -0.532456931460D-05
 -0.713996645912D-04 -0.200949423644D-03 -0.339961050725D-03  0.534570687386D-02
 -0.237137811085D-02  0.636686201195D-01  0.263556786809D-03  0.521654976532D-04
  0.274035042759D-03  0.684010335688D-04 -0.468651332343D-04  0.359576699247D-03
  0.162129958550D-03  0.816562199425D-04 -0.784170528294D-04 -0.401823575382D-03
  0.294921961240D-03 -0.436607519288D-04  0.179441430736D-03 -0.715759338784D-04
 -0.132344847169D-03  0.367476048588D-03  0.155698470417D-03 -0.194364197671D-03
 -0.614328522764D-03  0.107200596863D-03 -0.249344726759D-04  0.535566256814D-03
  0.152530651578D-02 -0.879244816621D-03  0.367126017333D-04  0.228519828974D-01
 -0.315588776104D-02  0.264425538184D-02  0.167340019989D-01  0.567488636700D-03
 -0.146196320303D-03 -0.259234023963D-03  0.579260175117D-03 -0.588206333490D-04
  0.324361130207D-03  0.536917633196D-04  0.262282780122D-03 -0.155288763922D-03
  0.188590666104D-03 -0.101631826796D-02 -0.186828127540D-03 -0.100222733838D-03
 -0.790838426841D-03 -0.167678188718D-03 -0.724362695231D-03 -0.228055700934D-03
  0.257442657235D-03  0.601765566310D-03 -0.717476350820D-03 -0.563680533772D-03
 -0.461041490183D-03 -0.482306966033D-04  0.288379463611D-04  0.203552764274D-03
  0.206115862029D-01 -0.106229309611D-01 -0.128965637793D-01  0.137007665974D-01
  0.240686257388D-01  0.407587060629D-03  0.201141607546D-03  0.597792829517D-04
  0.104119980606D-02  0.700208123282D-04  0.785826862087D-04 -0.867113397725D-04
  0.106558909488D-02 -0.684949766391D-03 -0.662702236989D-03  0.674168614533D-03
 -0.884784089134D-03  0.122136283328D-03 -0.340722904507D-03 -0.660047584938D-04
 -0.799938984671D-03 -0.662534261172D-03  0.394198046391D-03 -0.180032392050D-03
 -0.143547842655D-02 -0.216526210414D-02 -0.671819191439D-03  0.612504053043D-02
 -0.408907658415D-02 -0.218498638391D-02 -0.129705875310D-02 -0.843704075800D-03
 -0.364684689832D-03  0.686831939742D-04 -0.215718347964D-02  0.317578628631D+00
 -0.163113383528D-02 -0.930247892392D-03  0.344237003433D-02 -0.235450617350D-02
 -0.101544253503D-02 -0.293937951268D-02  0.171557545027D-02 -0.130900868895D-02
  0.154830189184D-02 -0.177619022587D-02 -0.270517274244D-02  0.535151986290D-03
 -0.300347136872D-03 -0.253735479723D-02  0.247813051589D-02 -0.110540274316D-02
  0.628380833570D-02 -0.119532390132D-03 -0.344495241799D-02  0.737970624537D-03
  0.302755895414D-02  0.213108073605D-02  0.345740601253D-02 -0.210571926066D-02
  0.328364489938D-02 -0.635594059138D-04 -0.521871063436D-04 -0.390627420976D-04
 -0.145213608156D-02  0.275535270129D-03  0.466253456938D-03  0.286208903434D+00
 -0.686732881753D-03  0.214186714709D-03 -0.817949342166D-03 -0.782177322701D-03
  0.140766118051D-03 -0.101446726655D-02 -0.339900384295D-03 -0.132348150359D-04
 -0.279059227663D-03  0.117821425723D-02  0.216473906991D-02  0.200510245814D-02
 -0.312641767480D-03 -0.699635262196D-03 -0.925007054787D-03  0.232113227060D-02
 -0.124668264161D-03  0.142460699914D-03 -0.102553440671D-02  0.290030200032D-02
  0.514349528897D-02  0.445439399345D-02  0.814065342680D-02  0.785031353965D-02
  0.900090901732D-02 -0.105108523515D-02  0.399933806349D-05  0.272289381907D-03
 -0.639213329419D-03  0.326473984996D-03 -0.904260150852D-03 -0.354806547053D-02
  0.315560699640D+00 -0.114268024671D-02  0.100101698645D-03 -0.688520537986D-03
 -0.156867155856D-02  0.201421772077D-03 -0.156750131855D-02 -0.198136068126D-03
 -0.878451567841D-03  0.942637214244D-04  0.178918706109D-02  0.176797864827D-02
  0.303473605436D-02 -0.247330573417D-03 -0.918489900587D-03 -0.999360438603D-03
  0.314928264374D-02  0.633365780903D-03  0.958127831010D-04 -0.125185058686D-02
  0.446853175453D-02  0.780807701652D-02  0.675763094559D-02  0.603029703684D-02
  0.105806023186D-01  0.116764721667D-01  0.209239113437D-03  0.299752089103D-03
  0.318595385790D-03 -0.812099970925D-03  0.760162471635D-03  0.537155433778D-03
 -0.676016362769D-02 -0.508370176822D-02  0.312880933712D+00 -0.290277739562D-03
  0.106139340534D-04  0.159174364495D-03 -0.765000192438D-03 -0.195043652107D-03
  0.596592601695D-03  0.221173107185D-03 -0.586623811919D-03  0.578066953150D-03
 -0.676430462877D-03 -0.142044541241D-03 -0.620642157750D-07 -0.388063433831D-03
  0.133547141455D-05  0.106531846650D-03  0.110290236451D-02  0.839721813064D-03
 -0.286005512666D-03 -0.469349170411D-03  0.141598753427D-02  0.114971015109D-02
 -0.138309107823D-03 -0.251960251250D-02  0.118990276801D-02  0.895329239935D-03
  0.982837771369D-03  0.169227369978D-03  0.148588077902D-03  0.366677772733D-03
  0.792774976753D-03  0.178246904328D-02 -0.331423476945D-02  0.826794886660D-04
 -0.673115560872D-03  0.318404177437D+00 -0.202411052549D-03 -0.200980483566D-03
  0.127507044161D-03  0.193071692659D-03 -0.770552462667D-04 -0.445859194957D-03
 -0.212475051506D-04  0.265303634855D-03 -0.456731104526D-03  0.415926923988D-03
  0.355725503272D-03 -0.103940315037D-03  0.683160398842D-04 -0.515162234510D-03
 -0.275009414908D-04  0.531259335868D-03  0.351973808733D-04  0.226860385551D-03
 -0.281961189838D-03 -0.161342911465D-04  0.451347480793D-03  0.163084569160D-02
  0.397023893754D-02  0.733297523677D-03  0.140411583228D-02 -0.152904608435D-02
 -0.134369753603D-03 -0.247706723208D-03 -0.747441063113D-04 -0.507381376222D-04
 -0.186093533711D-02 -0.205686527277D-02 -0.935256959102D-03 -0.834817097938D-03
  0.177130596472D-02  0.318350459802D+00 -0.301015582188D-03 -0.904342358546D-03
  0.219632642637D-02 -0.640387224255D-03 -0.911284081977D-03 -0.378370694526D-03
  0.107284340496D-02 -0.538882495481D-03  0.103558797684D-02 -0.852429562236D-03
 -0.418844566594D-02 -0.704153932143D-03  0.149617961444D-03 -0.437371445431D-03
  0.208032447563D-02 -0.314574862241D-02  0.352313109347D-02 -0.211402585975D-03
 -0.736690089812D-03 -0.327635435923D-02 -0.184670353547D-02 -0.240169762876D-02
 -0.481608424943D-02 -0.316818077408D-02 -0.282740758983D-02  0.892137961395D-03
  0.855000347043D-04 -0.203446061277D-03 -0.259828815043D-03 -0.505490221321D-03
  0.117426243189D-02 -0.158837994493D-01  0.159866069433D-02  0.873140562452D-03
 -0.147068589303D-02 -0.283813190345D-03  0.309786232797D+00 -0.988730295139D-03
 -0.104354547453D-02  0.240162640809D-02 -0.148396564812D-02 -0.100057911791D-02
 -0.119077615166D-02  0.119622808969D-02 -0.944991590183D-03  0.116660224742D-02
 -0.479243133579D-03 -0.336077308224D-02  0.155502161003D-03 -0.271973588601D-04
 -0.117220424616D-02  0.205187051103D-02 -0.156190884806D-02  0.440703686769D-02
 -0.246779337767D-03 -0.160884323539D-02 -0.117389483543D-02  0.106861955816D-02
  0.313145703325D-03 -0.196979354059D-02  0.147608184350D-03  0.140075312013D-02
  0.509632828345D-03  0.765488509640D-04  0.550530878958D-04 -0.142743734298D-02
  0.595055938573D-03  0.115613688279D-02 -0.222212359388D-01 -0.386332832745D-03
 -0.228969602593D-02 -0.169847741260D-02 -0.129786767910D-02 -0.126711521224D-01
  0.305145663650D+00 -0.336257445583D-03 -0.351800718335D-03  0.124463490751D-02
 -0.674186607186D-03 -0.327110866023D-03  0.663086156349D-04  0.579576323561D-03
 -0.750480875905D-03  0.797729051631D-03 -0.276409840782D-03 -0.206456117992D-02
  0.438607716425D-03  0.600138380530D-03 -0.286673949000D-03  0.976890441689D-03
 -0.111175947566D-02  0.219925831641D-02  0.111511486640D-03 -0.516099020966D-03
 -0.500578315007D-03  0.430738978445D-03  0.209999281945D-03 -0.409702679374D-02
 -0.227746385030D-02 -0.131690710446D-02  0.136622903647D-02  0.223085328013D-03
 -0.330683146184D-03 -0.704528057484D-03  0.976855409953D-03  0.172325210504D-02
 -0.100932686805D-01  0.846852429800D-03 -0.119163545907D-02 -0.134933906470D-02
  0.449191941359D-04 -0.547919757781D-02 -0.694327134578D-02  0.317102344748D+00
 -0.956854879537D-03 -0.277536968762D-03  0.298560677866D-03 -0.221103077421D-02
  0.107418240682D-03 -0.138787117521D-02  0.258900418331D-03 -0.187451098072D-02
  0.146809614541D-02  0.217289150670D-02 -0.190361200987D-02  0.389128275719D-02
  0.687367432802D-03 -0.348789301414D-04  0.360454260444D-03 -0.562988882098D-03
  0.219357633932D-02 -0.165942666525D-03 -0.362516105954D-03  0.181038360327D-02
  0.616568402578D-02  0.345191315437D-02 -0.715249962563D-02  0.781330155884D-02
  0.689351299890D-02  0.242299744913D-02  0.111252145654D-02  0.588085011819D-03
 -0.456022560534D-04  0.222132706478D-02  0.533241431296D-02 -0.893373903014D-02
 -0.118231438659D-02 -0.501521918399D-02 -0.299623951179D-02  0.233910824226D-02
 -0.433267472007D-02 -0.645744306606D-02 -0.476250663597D-02  0.308185029523D+00
  0.783380711428D-03  0.176242200615D-05  0.532023416414D-04  0.720152295265D-03
  0.922150860616D-03  0.154935334485D-03  0.117897481755D-03 -0.131352418830D-02
  0.790319392634D-03  0.148042053732D-02 -0.451227814231D-02  0.468699726441D-03
  0.473261264593D-03  0.179437095722D-02  0.388429451604D-03 -0.596622538148D-02
 -0.507601402046D-03 -0.768363039891D-03  0.297264750492D-02 -0.451624538722D-02
 -0.152324553994D-02  0.372810109128D-03 -0.159388946273D-01 -0.465930390392D-02
 -0.707393590458D-02 -0.699242468068D-03  0.301021632356D-02  0.205052871362D-02
 -0.583101989704D-03  0.939849263093D-02  0.421051973078D-02  0.108109326847D-01
  0.542717643472D-02  0.198377147287D-02  0.254991322724D-02  0.494407445823D-03
  0.198992641037D-02  0.371126906689D-02 -0.294707454689D-02 -0.806850558744D-02
  0.363610163754D+00 -0.140727931725D-02 -0.315637439613D-03 -0.198504033496D-02
 -0.309486154648D-02 -0.691609819416D-03 -0.163341329209D-03 -0.615354709505D-03
 -0.117586214814D-02  0.697399719981D-03  0.269821508148D-02  0.262811233917D-02
  0.336560339223D-02 -0.119886234905D-02  0.605471194897D-03 -0.116411761139D-02
  0.638992778467D-02  0.264550788136D-03 -0.899822755569D-03 -0.730354891086D-03
  0.691889668870D-02  0.895177879457D-02  0.224244187531D-02 -0.211407336360D-02
  0.231906505054D-01  0.171346646412D-01  0.204860601340D-02  0.511269348843D-03
  0.946094963059D-03  0.204947191587D-02  0.562926452249D-04  0.530787202808D-02
  0.208658961121D-03 -0.337886141650D-02 -0.275881981408D-02 -0.566213923404D-02
  0.574343238316D-02 -0.589509241494D-03 -0.311822427677D-03  0.187418562860D-02
 -0.788283050394D-02  0.127978861048D-01  0.359999052002D+00 -0.117992698280D-02
 -0.411591604473D-03 -0.793840154879D-03 -0.176019455855D-02  0.603664179729D-03
 -0.194767146566D-02 -0.184689163945D-03 -0.250678506364D-02  0.591255683659D-03
  0.387483195533D-02 -0.482079161919D-03  0.350249657950D-02  0.104807581962D-03
 -0.102168534223D-03 -0.823047392543D-03  0.233261648486D-02  0.576552597624D-03
 -0.530751162129D-03  0.971269312791D-03  0.440564960660D-02  0.900306797421D-02
  0.939839194426D-02 -0.718446162945D-02  0.118285864880D-01  0.992644241880D-02
  0.725566265980D-02 -0.561914786163D-03 -0.112350261532D-02 -0.227293830387D-02
 -0.353577789949D-02  0.391025546611D-02  0.558746875157D-04 -0.421673816405D-03
 -0.666162337542D-02  0.190855108942D-02 -0.167851315978D-02  0.219937927624D-02
 -0.541104799290D-03 -0.402931382790D-02 -0.113095823319D-01 -0.214711834298D-01
  0.910775989612D-02  0.363548635483D+00 -0.439906137178D-03 -0.548861637479D-03
 -0.735287967058D-03 -0.175647636892D-02 -0.134464377420D-02  0.100444777381D-01
  0.486717821690D-03  0.114132189570D-03  0.147973988410D-02 -0.120243877828D-02
  0.303185604535D-03 -0.221865191061D-02 -0.264690372840D-02  0.184340527570D-02
  0.328460406591D-03  0.441955536868D-02  0.246047296334D-03 -0.208792488399D-02
  0.284014567266D-03  0.160727787423D-02 -0.724000135372D-03 -0.526406400145D-02
 -0.124904371745D-01  0.103391732403D-01  0.173690071491D-02  0.576105928080D-02
 -0.348495498277D-03  0.842824561824D-03 -0.459044208258D-02  0.311984325327D-02
  0.513423626358D-02  0.435676879389D-02  0.307241561138D-02  0.692365878460D-02
 -0.571505985513D-02  0.799667174688D-02 -0.407938014612D-02  0.148978751003D-03
  0.298288626211D-02 -0.292099378625D-02  0.170191849972D-01 -0.341140148568D-01
  0.240196441545D-01  0.359154319881D+00 -0.111673314994D-02 -0.154307519901D-02
  0.946339558276D-03 -0.486201482975D-03 -0.324881366743D-03 -0.270152847432D-02
 -0.547368511850D-04 -0.194358830205D-02 -0.674177029671D-03  0.474976149429D-02
 -0.294631825498D-02  0.177131192460D-02  0.308814882306D-02 -0.545645883407D-03
  0.321176639336D-03  0.308687722641D-02  0.133258770006D-02  0.137524087954D-02
  0.887662140364D-03  0.191086621482D-02  0.348311990868D-02  0.727093290998D-02
 -0.911637057111D-02  0.409272711822D-02  0.170077974198D-02  0.184228658108D-03
  0.145821303346D-02  0.786793320674D-03 -0.796299589762D-03  0.400994638404D-02
  0.110189143661D-02 -0.268683660630D-02  0.500659565158D-02 -0.122195222328D-02
  0.533325707334D-02 -0.724526730252D-02 -0.204309487472D-02 -0.517363713583D-02
 -0.560211765046D-02 -0.109571993265D-02 -0.293892645573D-01  0.308433832078D-01
 -0.344667683245D-01  0.353299810891D-01  0.328841534442D+00 -0.130018742035D-03
 -0.934956122343D-03 -0.676830862583D-03  0.353959636809D-03 -0.117600290160D-03
 -0.321465604197D-03 -0.401520574484D-03 -0.111207322694D-02 -0.513365333703D-03
  0.342152394264D-02 -0.267869269939D-02  0.263660393929D-03  0.519377578589D-03
  0.779644688436D-03 -0.402115267698D-03  0.617172600896D-03 -0.732417203440D-03
 -0.161011681608D-03  0.213482634882D-02 -0.108296271775D-02  0.170841348143D-02
  0.382515052538D-02 -0.846763372442D-02  0.728588190964D-02  0.212514396360D-02
  0.171102324010D-02  0.318335746307D-03 -0.973403875118D-03  0.102922845159D-02
 -0.904671050291D-03  0.999424801528D-03  0.935961918058D-02  0.427863457484D-02
  0.180515595578D-02  0.478031766681D-02 -0.360767289301D-02  0.123365292165D-02
  0.195736682682D-02 -0.863420986597D-03 -0.454796367581D-03 -0.216440048676D-01
  0.155897449177D-01 -0.202435783477D-01  0.180934840355D-01 -0.378306845945D-01
  0.305463955105D+00  0.156024347136D-03  0.136503675654D-04 -0.317590666570D-03
 -0.740414319009D-03 -0.661694278967D-03  0.235302655472D-02  0.454140010735D-04
 -0.257503865796D-03  0.740557410477D-03 -0.153887654287D-02 -0.221369868477D-04
 -0.109562852413D-02 -0.816389858199D-03  0.104199389040D-02  0.126841986512D-03
  0.182260870750D-02  0.185544246001D-03 -0.591693885798D-03  0.214237956860D-04
  0.121692606686D-02 -0.140928706649D-02 -0.528342059674D-02 -0.729472331541D-02
  0.245714244782D-02 -0.121564167016D-02  0.342154656859D-03  0.195394541227D-03
 -0.324292315448D-03  0.594535472550D-02 -0.119775875811D-02  0.343801880547D-02
  0.313651745829D-02  0.230864910837D-02  0.434392119730D-02 -0.547002052743D-02
  0.597364410427D-02 -0.148422035896D-02  0.138852591940D-02  0.125978068854D-02
 -0.117880677193D-02  0.106654028357D-01 -0.212542049058D-01  0.157187526797D-01
 -0.304979910072D-01  0.275844387697D-01  0.145761119974D-01  0.310189257030D+00
  0.669082907927D-03  0.176235739767D-02 -0.425858269607D-02  0.560135471836D-03
  0.193846567573D-02  0.656658357932D-03 -0.194760970224D-02 -0.147791149863D-03
 -0.868338647170D-03  0.288339549939D-02  0.473051614330D-02  0.375995874386D-02
  0.265932745560D-03  0.172593285178D-02 -0.377521513218D-02  0.255003256503D-02
 -0.570778646214D-02  0.190457475482D-03  0.222723651085D-02  0.442575238968D-02
  0.582111072190D-02  0.522416326898D-02  0.107660952772D-02  0.863444066861D-02
  0.703182393099D-02  0.214991313014D-02  0.465386137842D-03  0.642423399001D-03
  0.432227519729D-03  0.808358290745D-04  0.177728405305D-02  0.285856684899D-01
 -0.246124118192D-02 -0.356035849473D-02  0.117529755972D-02  0.314861911212D-02
  0.191180892430D-01  0.220193970000D-01  0.777534265567D-02 -0.109924468232D-02
 -0.135812287077D-01 -0.316708891560D-02 -0.118832978344D-01  0.569431609435D-02
  0.451558908543D-02 -0.422971040671D-02  0.134869267930D-02  0.291306760745D+00
  0.953001711700D-04 -0.377386682436D-03 -0.133787501067D-02  0.539683211533D-03
 -0.737930081048D-03  0.171504604204D-02 -0.617285100060D-03  0.153139215268D-02
 -0.125294731380D-02  0.113186862725D-02  0.142883377042D-02 -0.778586274971D-03
 -0.691750630667D-03  0.423715408580D-03 -0.849395475568D-03  0.253512885485D-02
 -0.168746696406D-02  0.436580898698D-04  0.361350352167D-04 -0.521607467315D-03
 -0.240877663683D-03 -0.108343781106D-02  0.722673549995D-02  0.963217096184D-02
  0.580509940351D-02 -0.270473278011D-02 -0.251748860420D-03  0.216374611071D-04
  0.287808599717D-03 -0.238244579892D-03 -0.296460650994D-02  0.658180582665D-02
 -0.151158432296D-02  0.332653048270D-02  0.114892573087D-02 -0.585628338530D-03
  0.100987537751D-02  0.280968702712D-02  0.568906447531D-02  0.868869736814D-02
  0.143058192810D-01 -0.100549154871D-01  0.158865488788D-01 -0.144002313928D-01
  0.166462884820D-01  0.532439221691D-02 -0.747385627562D-02  0.421933614263D-02
  0.316768254075D+00  0.134684920808D-02 -0.679262579778D-04  0.171078562901D-02
  0.182175095826D-02  0.441963502916D-03  0.763320205840D-03  0.684584120701D-03
  0.396084649850D-04  0.639164775016D-03 -0.170609303317D-02 -0.499205096144D-02
 -0.249574689882D-02  0.986980080486D-03  0.822169221545D-03  0.181401595529D-02
 -0.757479093822D-02  0.392522894542D-03 -0.105743621971D-03  0.187653446838D-02
 -0.736059051817D-02 -0.844128984605D-02 -0.533805152685D-02 -0.117789210250D-01
 -0.176373883558D-01 -0.166373901168D-01  0.147052568642D-02  0.790229593487D-04
 -0.240258012930D-03 -0.478497677981D-03 -0.216754562767D-04  0.751548985611D-03
  0.342402202599D-02  0.677401306089D-02  0.574073456708D-02  0.242189476108D-02
 -0.576141307622D-03 -0.255989417570D-02 -0.553887543487D-03 -0.288908100854D-02
 -0.806867313637D-03 -0.181929008002D-01  0.164147720579D-01 -0.913757612958D-02
  0.120772219158D-01 -0.204260924784D-01 -0.136164221698D-01  0.789916129740D-02
  0.127352543163D-02  0.944784572415D-02  0.315598423449D+00  0.132110314943D-02
 -0.121646136596D-03  0.701422350979D-03  0.125634398516D-02 -0.354827746025D-03
  0.211608955875D-02  0.287051423165D-03  0.105113561791D-02  0.411373002677D-03
 -0.206669364688D-02 -0.286995607398D-02 -0.273947378947D-02  0.766521957358D-04
  0.130742790677D-02  0.138240543694D-02 -0.478344475188D-02 -0.301204095814D-03
 -0.345597489103D-03  0.119064419769D-02 -0.599874547533D-02 -0.850635858615D-02
 -0.939093471820D-02 -0.783534656869D-02 -0.922550758701D-02 -0.115342035268D-01
  0.592495846697D-03 -0.374609501777D-03 -0.119142652868D-03  0.467653969100D-05
 -0.842480361926D-03  0.842853239724D-03  0.588725060707D-02  0.495264689403D-02
  0.873620520659D-02 -0.135949300490D-02  0.347275163227D-02 -0.330230571872D-02
  0.743980649749D-03  0.170370109336D-02  0.288506803758D-02  0.343417660771D-02
 -0.886934302314D-02  0.144885558655D-01 -0.225786650028D-01  0.183111871699D-01
  0.634831815969D-02 -0.135693504361D-01  0.593236348962D-02 -0.798425448636D-02
 -0.179570595786D-02  0.316710063933D+00 -0.121440219289D-02 -0.959869812691D-03
 -0.333521607544D-04 -0.217664491103D-02 -0.422914116861D-03 -0.130991416266D-02
  0.189301965897D-03 -0.211491041668D-02  0.103669783430D-02  0.302992593134D-02
 -0.279246355921D-02  0.265623255741D-02 -0.172026921454D-03  0.103744725572D-03
  0.253871022340D-03  0.125896716095D-02  0.207723265315D-02 -0.644821706470D-03
  0.791180041381D-04  0.164855075976D-02  0.672504171925D-02  0.448309024762D-02
 -0.823020789950D-02  0.140311597621D-01  0.976308246355D-02  0.209440799615D-02
  0.117019651051D-02  0.496265126117D-03  0.331695384533D-03  0.203713461899D-02
  0.473052328458D-02 -0.623138371190D-02  0.190521177730D-03 -0.310495841439D-02
 -0.122063145950D-02  0.543175906226D-03 -0.531168702340D-02 -0.698706808154D-02
 -0.436763590822D-02 -0.105827267953D-01 -0.914807940405D-02 -0.553802147215D-02
 -0.124064003879D-01 -0.180615767353D-02 -0.119664337864D-01 -0.834339734104D-02
  0.115599191267D-02  0.277963217254D-02  0.471778404368D-02 -0.222577743354D-02
  0.249766788382D-02  0.319729228040D+00  0.291508568356D-04 -0.676442998163D-03
  0.904259001093D-03 -0.116850292218D-03 -0.752928786939D-03  0.157314115467D-03
  0.439540570206D-03 -0.368457911045D-03  0.380865997179D-03 -0.606768440739D-03
 -0.261122030589D-02 -0.149240435592D-02 -0.127878533521D-03  0.250674723932D-03
  0.101904625731D-02 -0.722481398158D-03  0.145435221841D-02 -0.292991019004D-03
  0.987097329765D-04 -0.182815043056D-02 -0.211114372602D-02 -0.270234196087D-02
 -0.561472826844D-02 -0.717204753101D-03 -0.274984047101D-02  0.737510450937D-03
  0.731776659897D-04 -0.531823957211D-03  0.883175442088D-04  0.407642161725D-03
  0.115832674665D-02 -0.390932955421D-02  0.296632828381D-02  0.325410402118D-02
 -0.100595199653D-02  0.380573504370D-03 -0.552476246175D-02 -0.498326639011D-02
 -0.219327942510D-02 -0.496091379145D-03  0.404964848975D-03 -0.165077564728D-02
  0.304597140474D-02 -0.839388331188D-02 -0.185117125269D-02 -0.134111664631D-02
 -0.413960690687D-02  0.103887496273D-01 -0.185709770697D-02 -0.208744400305D-02
 -0.490705734961D-02 -0.264866938865D-02  0.327560218141D+00  0.128980057190D-02
  0.147146149318D-02 -0.966938335130D-03  0.188889077679D-02  0.132441593445D-02
  0.103099798879D-02 -0.585207204286D-03  0.134225307854D-02 -0.697737260071D-03
 -0.211480295945D-02  0.346126051739D-02 -0.117924514547D-02  0.596340463249D-04
  0.373997698881D-03 -0.104304323522D-02 -0.131309244143D-02 -0.342703013131D-02
  0.303473396085D-03  0.821226542786D-03 -0.280104833971D-03 -0.445220958317D-02
 -0.254690487913D-02  0.399052278280D-02 -0.120140773598D-01 -0.868265754553D-02
 -0.795655467199D-03 -0.759798788071D-03 -0.484943349285D-03 -0.414082931456D-03
 -0.871570344676D-03 -0.230719104125D-02  0.150197922776D-01  0.522988203053D-04
  0.166137068020D-02  0.122081289168D-02  0.115197515522D-02  0.108268422167D-01
  0.130620929443D-01  0.499615623814D-02  0.607589249443D-02 -0.153748829275D-02
  0.508229142637D-02  0.261108695128D-02  0.510277815000D-02  0.801333251951D-02
  0.376723486725D-02  0.434809208620D-03 -0.177687124563D-01  0.146863729420D-02
 -0.944545557380D-03  0.761080232890D-04  0.100283247844D-01  0.575490004532D-02
  0.316830002816D+00  0.141062162864D-02  0.145681314993D-02 -0.180082920311D-02
  0.209527112170D-02  0.149549599578D-02  0.978881730997D-03 -0.945068716862D-03
  0.112714422680D-02 -0.884740732023D-03 -0.570583775287D-03  0.276059754463D-02
 -0.405608612616D-03  0.253002933245D-03  0.998259509069D-03 -0.160275101040D-02
 -0.142786279619D-02 -0.431449029360D-02  0.299652016622D-03  0.169008056339D-02
 -0.787820715732D-03 -0.323604413098D-02 -0.121306037083D-02  0.183634459887D-02
 -0.808212093631D-02 -0.658706595772D-02 -0.139774119285D-03 -0.237048841903D-03
  0.390259648686D-03 -0.294895592248D-04 -0.248132402707D-03 -0.162568669743D-02
  0.212304273979D-01  0.605427710693D-03  0.186226142220D-02  0.235587237726D-02
  0.104115017057D-02  0.129401359219D-01  0.161157381205D-01  0.588685255013D-02
  0.546040068400D-02 -0.809021847487D-02  0.650832704687D-02 -0.246428163675D-02
  0.742417932535D-02  0.201572290870D-02 -0.261408563208D-02  0.292871213682D-02
 -0.240633510193D-01  0.201855199778D-02 -0.349969402044D-02  0.115368893258D-02
  0.794297360629D-02  0.650795822782D-02 -0.155554615081D-01  0.313069212907D+00
 -0.169524390590D-03  0.267303146874D-03  0.230236257298D-03 -0.226527413976D-03
  0.318085046137D-03 -0.224486022301D-02 -0.110095218575D-03 -0.611830180314D-03
  0.359518848044D-03 -0.485732352008D-03  0.298412731146D-02 -0.163469527322D-03
  0.344309460705D-03 -0.350118580119D-03  0.461723142713D-03  0.324634064857D-02
 -0.132937509202D-03  0.427396073802D-03 -0.204005808612D-03  0.377724141595D-02
 -0.103985920356D-03 -0.960084265251D-03 -0.302860651608D-02 -0.807410189741D-03
 -0.122756938541D-02  0.630023230516D-03 -0.125493769897D-03 -0.176114253884D-02
  0.303832108264D-03 -0.134559699244D-02  0.139146222846D-02  0.479032116253D-02
  0.183951155354D-02  0.108142018126D-02 -0.275085461663D-03  0.636707054661D-03
  0.224064938055D-02  0.291430344572D-02  0.562721189087D-03 -0.498188373257D-04
 -0.346019498601D-02 -0.203303514844D-03 -0.327337371243D-02 -0.733467529560D-02
 -0.220386075562D-02 -0.219875743813D-02 -0.108900602921D-02 -0.410946887070D-02
  0.555960818067D-03 -0.193757833952D-02 -0.642462488583D-03 -0.218286965296D-03
  0.707625386777D-03 -0.187439930440D-02 -0.233217740054D-02  0.203641528148D+00
  0.122448528145D-02  0.828082406279D-03 -0.416136943889D-03  0.115377726110D-02
  0.115805924007D-02 -0.121712940818D-01  0.168648112458D-05 -0.123360369527D-02
  0.432713107615D-04 -0.314393694217D-02 -0.263120465543D-02 -0.286176256536D-02
 -0.346377616167D-02 -0.193282133113D-03  0.348129339265D-04 -0.623833735229D-02
 -0.648632864704D-03 -0.199571918406D-02  0.778370724027D-03 -0.323110850921D-02
 -0.231049901719D-02 -0.318313390988D-02  0.207227902951D-02 -0.490038852700D-02
 -0.272893521950D-02 -0.823603129261D-03  0.306707774495D-03  0.339024692622D-02
 -0.186209631186D-02 -0.120663526940D-02 -0.440696030734D-03  0.792442551971D-02
 -0.222071611865D-03 -0.533220611287D-03  0.266368412996D-03  0.618527764301D-03
  0.351722740471D-02  0.437908379302D-02 -0.163561662810D-02 -0.267484424472D-02
 -0.499146880577D-02  0.276816953287D-02 -0.274811270597D-02 -0.157072305089D-01
 -0.111240523158D-02  0.537493203593D-03  0.118957087923D-02 -0.114231334320D-01
  0.692903550621D-03 -0.275898434719D-02 -0.124331054469D-04  0.261968430675D-02
  0.536706535571D-02 -0.546808363970D-02 -0.610744707192D-02  0.938384328728D-02
  0.252205038373D+00  0.115805919998D-04  0.190830359150D-03  0.815614714351D-04
 -0.294495506541D-04  0.761964383914D-04 -0.313617753686D-03  0.107854598998D-02
 -0.161810775160D-02  0.122291065268D-02 -0.513874782133D-02 -0.262310163777D-02
 -0.612452716112D-02 -0.668816257815D-02 -0.496772153307D-04  0.612077258322D-03
 -0.978439355600D-03  0.884677373051D-03 -0.379931103413D-02  0.131944036757D-03
 -0.172475859835D-02 -0.916304148912D-03 -0.639809807198D-03 -0.325616769375D-02
  0.406900220223D-03 -0.102621495891D-02  0.312737935119D-03  0.537918467160D-03
  0.340877191193D-02  0.666422887961D-03  0.203256196577D-03  0.488238299840D-03
  0.173853762957D-02  0.735859806533D-03  0.108760063627D-02 -0.370058649439D-03
  0.174289473605D-02 -0.121033233368D-02  0.146960202024D-03 -0.208563340441D-02
 -0.400395498838D-02  0.361764574060D-02 -0.442854000005D-02  0.531007303756D-02
 -0.134096591768D-02 -0.309984896397D-02  0.341705212045D-02 -0.429561155299D-02
 -0.173410267096D-02 -0.120979377818D-02  0.125130754455D-02 -0.363423693800D-02
  0.561371395347D-03  0.521999855548D-04  0.147353161884D-02  0.831326097754D-03
  0.238628951886D-02  0.200456970449D-01  0.233829780115D+00  0.728065780359D-04
  0.116084249774D-03 -0.329554335293D-03  0.111098843237D-03  0.943915581033D-05
  0.608306926896D-03 -0.524570920727D-04  0.489635168151D-03 -0.222373544145D-03
 -0.142362418468D-03  0.259939521832D-02 -0.617365785854D-03  0.404600468560D-03
  0.357219947176D-03 -0.197525554091D-03  0.346039821952D-02 -0.608580062083D-03
  0.298452389208D-03  0.278737859633D-03  0.277189492875D-02 -0.333856636141D-03
 -0.301646867987D-03  0.410322449188D-03 -0.129502191659D-02 -0.131840452369D-02
 -0.964566847523D-03  0.242647135967D-03 -0.119066898074D-02  0.911173857776D-03
  0.926358644983D-03 -0.689257028322D-04  0.256259876255D-02  0.572424828690D-03
  0.681523855202D-03 -0.982988559782D-03  0.362302897461D-03  0.319859033901D-02
  0.318259748477D-02  0.119014249355D-02  0.289337241309D-02  0.342580639844D-02
 -0.217251438124D-03  0.254767395321D-02 -0.138476673163D-02  0.834422648853D-03
  0.217466776580D-02 -0.306383922193D-02 -0.190197131014D-02  0.266161407360D-03
  0.220692635399D-02  0.462106028952D-03  0.320803112250D-02  0.457107864915D-03
 -0.405623580497D-02 -0.266365563911D-02 -0.371514558692D-02  0.282530799665D-03
 -0.200858377402D-02  0.199827742511D+00 -0.379303548507D-06  0.355465669232D-03
 -0.254011730690D-03  0.224668031338D-03  0.545551328209D-03 -0.765156964543D-04
 -0.201328781958D-03  0.768513087063D-03 -0.672432697217D-03 -0.934909163372D-05
  0.354430886146D-02  0.262231172094D-04  0.713166815406D-03 -0.845647416096D-04
 -0.533915716181D-03  0.199602579693D-02 -0.119370238639D-02  0.563773952130D-03
 -0.469352666820D-05  0.308096933134D-02 -0.295450174484D-04  0.113531621761D-02
  0.419193662682D-02 -0.321901469271D-02 -0.796384869569D-03 -0.913292639855D-03
 -0.208562702659D-03  0.460977765124D-03  0.990408820330D-04  0.338351958426D-03
 -0.148858527799D-02  0.277254341751D-02 -0.119401022330D-02 -0.105156553828D-02
  0.977905091543D-03 -0.116925387688D-02  0.490078352566D-02  0.404030393164D-02
  0.217096099868D-02  0.359224557513D-02  0.227107447274D-02  0.380031833876D-02
 -0.140512979279D-02  0.831597188678D-02 -0.273995376363D-02  0.295495008905D-03
  0.353866911566D-02 -0.511822877007D-02  0.198185491725D-02  0.975000430520D-03
  0.420652165622D-02  0.431768451418D-02  0.316038880328D-02 -0.597284300100D-02
 -0.504692306587D-02 -0.594401200336D-02 -0.486654643758D-02 -0.384813450309D-03
 -0.728090512054D-03  0.196552262489D+00 -0.715616530958D-03 -0.568813642841D-04
 -0.346331049328D-03 -0.134975011003D-02 -0.373244637179D-03  0.449159041605D-03
 -0.264317475399D-03 -0.106085436914D-02  0.161843051278D-03  0.254351394410D-02
 -0.239615391200D-02  0.279926253615D-02  0.790255972781D-03 -0.302669605272D-03
 -0.137724251430D-03  0.274111957336D-02  0.649992479826D-03  0.602447712259D-04
 -0.570367288245D-03  0.320330127723D-02  0.233038112530D-02  0.884060057980D-03
 -0.411995792387D-02  0.613393439323D-02  0.423284347118D-02 -0.814867306343D-03
  0.228597457569D-02  0.132032967880D-01  0.251010402878D-02 -0.263071695158D-02
  0.325727186101D-02  0.589366806903D-03  0.429701537725D-03 -0.191646749099D-02
 -0.205686842839D-02  0.280583938590D-02  0.518616235021D-03  0.674717757310D-03
 -0.659202637721D-03 -0.562242438378D-02 -0.410408793786D-02 -0.681220974982D-02
 -0.491232076740D-02 -0.229379226362D-02 -0.320691161582D-02  0.187456837492D-02
 -0.369364742564D-02 -0.470201803793D-03  0.533548021845D-02  0.203274236133D-02
  0.195215554671D-02 -0.539995333927D-02 -0.736381364726D-03  0.163422861058D-02
  0.716504040368D-03  0.157621664142D-01 -0.117895112696D-01 -0.106273649602D-01
  0.110597600304D-02  0.443920594131D-02  0.968727053093D-01  0.139440609904D-02
 -0.740096383211D-03  0.911674749851D-03  0.146639671813D-02 -0.457162989535D-03
  0.212062210110D-02  0.347278215231D-03 -0.100756116870D-03  0.525196446990D-03
 -0.740146698448D-03 -0.496455317590D-02 -0.345008006057D-02  0.392067241783D-03
  0.191257710963D-02  0.166733954573D-02 -0.463879815891D-02 -0.348049375850D-03
 -0.637044360045D-03  0.268755623198D-02 -0.650272511516D-02 -0.940141781383D-02
 -0.905965544653D-02 -0.193516427264D-01 -0.906457192347D-02 -0.149810876883D-01
  0.289993518761D-02  0.450707074088D-03 -0.107065347319D-02  0.688405660348D-03
 -0.103121608480D-02  0.307366186858D-02  0.134284755120D-01  0.102020438659D-01
  0.118231207803D-01  0.362833759556D-03  0.243001692864D-02 -0.332648766508D-02
  0.204516043081D-02 -0.693281095290D-03  0.124679875121D-02 -0.142611607323D-01
  0.178139167995D-02  0.367171567350D-03 -0.143406793628D-01 -0.872146168608D-02
 -0.124234705531D-01 -0.702129964023D-02  0.388786069523D-02 -0.135256200669D-02
 -0.140119436020D-01 -0.140052253590D-01 -0.377611113296D-02 -0.770485048565D-02
  0.213692754138D-02 -0.810532131650D-03 -0.427669138695D-02  0.235100223251D-02
 -0.100590322067D-02 -0.900329743311D-03  0.242577619597D-02 -0.279125113405D-01
  0.398263090007D+00  0.252243858910D-03 -0.339581258928D-03 -0.541927275559D-03
 -0.443980801541D-03 -0.546007652672D-03  0.125008705044D-02 -0.121628092221D-03
 -0.104796869738D-02  0.298444341779D-03  0.182785239676D-02 -0.528104023316D-02
  0.970545337731D-03  0.141059315459D-02  0.213085990088D-02  0.104410638605D-04
  0.777342239228D-03  0.376165378368D-03  0.141048024001D-03  0.195191063520D-02
 -0.154437591463D-03 -0.639323000187D-03 -0.243990678918D-02 -0.142395290521D-01
  0.400392832320D-02 -0.113715017033D-02  0.189682053462D-02  0.349569315236D-03
  0.846402346871D-02  0.444836317205D-02 -0.316616868184D-03  0.439309794806D-02
  0.340124813969D-02  0.599068659595D-02  0.366717329601D-02 -0.148839052602D-02
  0.387457370484D-02 -0.190510382376D-03  0.195861752304D-02  0.149325685302D-02
 -0.250004309836D-02 -0.808407649555D-02 -0.562208035722D-02 -0.457952127073D-02
 -0.707927145563D-02 -0.595892861120D-02 -0.419472621867D-02 -0.727871671566D-02
 -0.583431089749D-02  0.381606585866D-02 -0.357114071063D-02 -0.404373620992D-02
 -0.424983649647D-02 -0.737971807649D-03  0.175836680479D-02 -0.312255913321D-03
  0.802579948477D-02 -0.117339957067D-01 -0.132274597719D-01  0.642168567881D-02
  0.118321462811D-01  0.408848849531D-01  0.722523807172D-01  0.153486107396D+00
 -0.509532558116D-03  0.966747183743D-04 -0.305914352086D-03 -0.125129075430D-02
  0.295177996024D-03  0.788956548013D-03 -0.743324278069D-04 -0.142062397561D-02
  0.979979870382D-03  0.130969713085D-03 -0.703827650333D-03  0.142635759937D-02
  0.213463898354D-03  0.126404571985D-02  0.149563064393D-03 -0.169375692563D-02
  0.297981590104D-03 -0.190055016303D-04  0.273847479808D-03  0.171555551445D-02
  0.183621235453D-02 -0.410069538582D-03 -0.805112389843D-02  0.297090112297D-02
  0.400246194721D-02  0.275972038066D-02  0.422617104092D-02  0.184873495835D-02
 -0.908338366037D-04  0.393996504876D-03  0.362376353036D-02  0.190591366240D-02
  0.203528526558D-03 -0.150762020004D-02 -0.494005525032D-03  0.233176141794D-02
 -0.370215459985D-02  0.371883208727D-03  0.418847610639D-03 -0.642972621417D-02
 -0.449832899124D-02 -0.600698456981D-02  0.243673759557D-03 -0.378591172808D-02
  0.271071459634D-02 -0.653228423531D-03 -0.237475018525D-02 -0.803966904379D-02
 -0.200902829563D-02 -0.213051343978D-02 -0.235639903102D-02 -0.588356042186D-02
  0.577915616561D-03  0.586660905240D-02  0.610647775268D-03 -0.965817545636D-02
 -0.616883256788D-02  0.194454759055D-02  0.143635440138D-01 -0.774873823986D-02
  0.161787622609D-01 -0.811626148688D-02  0.145106966988D-01  0.327428145630D-01
 -0.142563134748D-02  0.529346481456D-03 -0.160950131524D-02 -0.196969807299D-02
  0.393488805460D-03  0.182287013127D-02 -0.392912535041D-03 -0.371126234426D-03
  0.122908193628D-03  0.179776990335D-02  0.564659085945D-02  0.344823002688D-02
 -0.971002529547D-03 -0.635292147083D-03 -0.183307182694D-02  0.590347701367D-02
 -0.598267393030D-03 -0.282627137845D-03 -0.123480107516D-02  0.756200334425D-02
  0.930787088318D-02  0.787049347141D-02  0.814829762153D-02  0.127513864326D-01
  0.140230378202D-01  0.945897183642D-03 -0.154669142597D-03 -0.277735224472D-04
  0.955192608602D-03 -0.109685513675D-03  0.533887423223D-03 -0.297829639355D-02
 -0.709182022489D-02 -0.848969850314D-02 -0.170710267867D-02  0.853175644230D-03
  0.490109639988D-02  0.249916837752D-02  0.119452072621D-02 -0.468285228460D-02
  0.788423254616D-02 -0.989254103490D-02 -0.168907775085D-02  0.796364164771D-02
  0.966984870872D-02  0.896963279400D-02 -0.929437704991D-03 -0.105230828775D-01
  0.158719570584D-02  0.114405459871D-01  0.764944570745D-02 -0.311115703189D-03
  0.461413319644D-02 -0.256200195020D-02 -0.222368537232D-02 -0.325002357300D-02
 -0.999651594744D-02  0.108703823023D-02 -0.956381254042D-04 -0.111573205698D-02
  0.101595963198D-01  0.775413953486D-02  0.550474743730D-02  0.533646908149D-03
  0.448657953532D+00 -0.604221656100D-05  0.305919451324D-03  0.391658097961D-04
  0.385149724093D-03 -0.555175104184D-04 -0.169192253768D-03  0.746287333712D-04
  0.103099466352D-02 -0.516420125516D-03 -0.101824352037D-02  0.154606389845D-02
 -0.387470384004D-03 -0.513882630729D-03 -0.889721196212D-03 -0.307152491726D-03
  0.331527312918D-03 -0.390131991869D-04  0.349631455347D-03 -0.125727607740D-02
 -0.370146437332D-03  0.407762999731D-04  0.702399374224D-03  0.114487628076D-01
 -0.869628853000D-03  0.206823047310D-02 -0.223116789080D-02 -0.186882082101D-03
 -0.193417040894D-02 -0.109480932522D-02 -0.180909952462D-02 -0.362283312132D-02
 -0.550881733824D-02 -0.413716983049D-02 -0.225337864262D-02  0.396649185637D-03
 -0.150641832397D-02  0.363253052244D-04 -0.121273120154D-02  0.130316608943D-02
  0.433874299660D-02  0.129942796712D-01 -0.487062078384D-03  0.918397005068D-02
  0.206733531891D-02  0.113959233170D-01  0.938670262234D-02  0.545809773959D-03
  0.440049969765D-02 -0.512939560568D-02  0.753065154477D-02  0.142694606530D-02
  0.586610452486D-02  0.171496105219D-02 -0.120123398791D-02  0.143541709387D-02
  0.292357315031D-02  0.134612222041D-02  0.501550410728D-03 -0.134535714950D-02
  0.810526882943D-03  0.419670274467D-05  0.118995857990D-01  0.352457862562D-02
  0.278096256609D-01 -0.479725614415D-02  0.428821810289D+00  0.766419919941D-03
  0.327407425518D-05  0.261180134305D-05  0.112679000001D-02 -0.383141953917D-03
 -0.858181885105D-03 -0.207473790847D-04  0.219562640737D-03 -0.460123885768D-03
  0.184465583260D-02 -0.529165486907D-02  0.160278506312D-02  0.110659632454D-02
  0.300507209339D-03  0.224478103562D-04 -0.201864201032D-02  0.352574555133D-03
  0.116725497359D-02  0.460388439992D-03 -0.452212916007D-02 -0.138945064139D-02
 -0.122575965147D-02 -0.393833259433D-03  0.368681952215D-02  0.915550993997D-03
 -0.332254691065D-02  0.254508035611D-02  0.716601577783D-02 -0.524445269478D-03
 -0.523093491317D-02 -0.221715641865D-02  0.176361735793D-02  0.976339309014D-03
  0.571965027212D-03  0.328143073992D-02 -0.100725502129D-02 -0.221042766382D-02
 -0.152145136643D-02  0.342322380724D-02  0.374851562429D-02 -0.223330469501D-02
  0.462314705634D-02 -0.117218953744D-02  0.164046605193D-02 -0.437732105712D-02
 -0.531141927804D-02  0.559219415694D-02  0.321409107085D-03 -0.469425367466D-02
 -0.222076375582D-02 -0.625197496998D-03  0.274136278171D-04  0.283974481297D-02
  0.335045597138D-02  0.120307350321D-02  0.595027063297D-02 -0.148957651061D-01
 -0.178136282789D-01 -0.427391954063D-02 -0.276724481801D-02 -0.646596858811D-02
 -0.100515272081D-01 -0.155744762945D-01  0.217032907594D-02  0.187387164107D-01
 -0.499227059284D-02  0.302090213260D+00  0.701184131932D-03  0.649364173984D-03
  0.727440202190D-03  0.100367878927D-02  0.325715782872D-03 -0.787587208292D-03
  0.266725167384D-03  0.105840740882D-02 -0.408632763146D-04 -0.234477946752D-02
  0.367571232829D-03 -0.982916631010D-03 -0.379123396685D-05 -0.366515597754D-03
  0.471996617685D-03 -0.377920805171D-02  0.674236487238D-04 -0.110081079958D-04
 -0.367960700358D-03 -0.191362488470D-02 -0.386461135087D-02 -0.318276921183D-02
  0.445136331617D-02 -0.106242176961D-01 -0.624116382358D-02 -0.103185237515D-02
 -0.169432711532D-02  0.303083131646D-02  0.788857776974D-04 -0.703220404194D-03
 -0.217191209458D-02 -0.291666476701D-02 -0.849355526425D-03  0.736081320662D-05
 -0.148751586682D-03 -0.884739207372D-04 -0.615015569056D-04 -0.304351522362D-03
  0.246421333176D-03  0.167670277374D-02  0.479596814378D-02  0.250965473348D-02
  0.630066454863D-02 -0.282705545833D-03  0.859458167202D-02  0.774087793154D-02
 -0.416350633731D-03  0.154973629922D-02 -0.274264616360D-03  0.533051769343D-03
 -0.139452244108D-02  0.495246668913D-02  0.175753589005D-02 -0.384817103423D-02
 -0.147737838521D-02  0.219406702258D-02  0.143293984763D-02  0.134934545162D-02
  0.179785348331D-02 -0.336648012146D-02  0.328112164003D-02  0.430625241929D-02
  0.557677602005D-02  0.102630396282D-02  0.402901843390D-02  0.837421883580D-01
  0.140097361207D-02  0.410674440692D+00 -0.824806134794D-03  0.257592458945D-03
  0.103530726726D-02 -0.901605021280D-03  0.713595207714D-04 -0.151571671038D-02
  0.400212420971D-03 -0.612395851814D-03  0.142894808332D-03 -0.276698435331D-02
  0.411183755721D-02 -0.155830159025D-02 -0.408319847971D-03 -0.159654545900D-02
  0.219705172031D-03  0.527669743712D-02  0.979271618632D-03  0.284071520618D-03
 -0.205513474830D-02  0.606492863547D-02  0.614292855312D-03  0.950183906985D-03
  0.330400430352D-02 -0.631750564578D-02 -0.220431290427D-02 -0.914145502441D-03
  0.751813328982D-04 -0.146072112271D-02 -0.466392428773D-03  0.264589038557D-02
 -0.427928268451D-03 -0.755114405185D-02 -0.878356526026D-03 -0.219221551373D-02
 -0.264278523784D-02 -0.269341565320D-03  0.101683548169D-02 -0.138364743472D-02
 -0.260131937248D-02  0.163896437725D-02  0.722457293169D-02  0.306608325774D-02
  0.842848874313D-03  0.238420590000D-02 -0.204505998364D-02  0.640406409098D-02
 -0.592607614529D-03  0.319137167245D-02  0.555663902185D-02  0.302286985188D-02
  0.578307889837D-02  0.467131222725D-02  0.797005982493D-03 -0.281430620511D-02
  0.727431616384D-03 -0.248557644170D-02  0.817559513118D-02  0.364212710236D-02
 -0.823109081976D-02 -0.703575951767D-02  0.186550338081D-01  0.139860909411D-01
  0.251823524933D-01  0.913257209346D-02  0.524116142040D-01 -0.655888431807D-02
  0.314631020033D-01 -0.167236347266D-02  0.413050247860D+00 -0.744052752576D-03
 -0.364949584724D-03 -0.752501024538D-04 -0.144073260059D-02 -0.391882938538D-03
 -0.614371953842D-03  0.888509518281D-04 -0.176597651265D-02  0.864002587242D-03
  0.118912330082D-03  0.226354667297D-02  0.614950048457D-04 -0.132994670761D-02
  0.393876867739D-03  0.813869760962D-04  0.420168904596D-02  0.117711225531D-02
 -0.966260143827D-03  0.318019294075D-03  0.453229506518D-02  0.408030590409D-02
  0.190266865997D-02 -0.781546139259D-02  0.682867081497D-02  0.390149117349D-02
  0.313031258493D-03  0.117535299920D-02 -0.377046618224D-02  0.392207501203D-02
  0.204761563853D-02  0.392475150672D-02 -0.745778584529D-03  0.110014010515D-02
 -0.927859645577D-03 -0.290174092028D-02  0.225873253906D-02 -0.951805425082D-03
 -0.129631282520D-02 -0.310395742401D-02 -0.619323857579D-02 -0.406052712268D-02
 -0.737578553968D-02 -0.461285001482D-02 -0.689982258983D-02 -0.241253353393D-02
 -0.104808978538D-02 -0.599689872300D-02 -0.138986742056D-02  0.329948458612D-02
  0.421972229906D-03 -0.273010356049D-03 -0.514857936207D-02 -0.212914431658D-02
  0.282418961438D-02  0.230103686066D-02 -0.519959810783D-02  0.652158550245D-02
  0.283322293389D-02 -0.729214163022D-02 -0.199012355839D-02  0.735298327677D-01
  0.126379018372D-04  0.672819634557D-01  0.159195187705D-01 -0.206602753471D-01
  0.659278054008D-02  0.401904101079D-01  0.848326887603D-02 -0.424334357868D-01
  0.323691237863D+00  0.395850653850D-03  0.213789642986D-02  0.190417738900D-02
 -0.330069328494D-03  0.207365459816D-02 -0.669356800626D-03  0.142750581466D-02
 -0.394560478452D-03  0.283018966017D-02 -0.405024245058D-02  0.833788054840D-04
  0.152373110265D-02 -0.931008868827D-03 -0.564983029322D-03  0.161570145984D-02
 -0.947029078025D-02  0.204149251465D-02 -0.973507400100D-03 -0.106903566949D-02
 -0.261479012660D-02 -0.167934718095D-02 -0.109448652109D-02 -0.130651841243D-02
 -0.227596294414D-01 -0.105434720063D-01  0.397510033449D-02  0.905699766368D-03
  0.793200751553D-02 -0.863232491684D-03  0.310265858367D-02  0.273849699530D-02
 -0.132511899581D-01 -0.493627256649D-02 -0.780256816717D-02 -0.423180916188D-02
  0.552905487098D-02 -0.801271181217D-03 -0.242469743694D-02 -0.646762734967D-02
 -0.162311610789D-01 -0.405462406704D-02 -0.358414546327D-02 -0.461257059048D-02
  0.132203315287D-01  0.171839707952D-01  0.202413748043D-01  0.497949747386D-03
 -0.133274601477D-01  0.209284676837D-01 -0.184434960594D-02  0.453633838136D-02
  0.101510839880D-02  0.769407052858D-02 -0.738883029656D-02 -0.777844515938D-02
 -0.458528699957D-04 -0.846885743869D-02 -0.343342186174D-03  0.156682681712D-02
  0.128581895655D-02 -0.196456956098D-02  0.195283058490D-01  0.367790095330D-02
  0.135100287526D-01 -0.167522499207D-01 -0.192382609066D-01  0.665612565240D-02
 -0.220083758842D-01 -0.159159488474D-01 -0.133831765385D-02  0.229847867219D+00
  0.633375100616D-03  0.114643893212D-02  0.109537745774D-02 -0.966424744978D-03
  0.136442211581D-02 -0.174769234864D-02  0.608388622809D-03 -0.472118560681D-03
  0.160613846434D-02 -0.372954018382D-02 -0.110822322324D-03  0.236671377633D-02
 -0.517885830130D-03 -0.988868904796D-03  0.297663951663D-03 -0.729557685146D-02
  0.139185626620D-02 -0.185163178759D-02  0.118769220570D-03  0.265239407060D-02
  0.110407148944D-02 -0.186468168646D-02 -0.392283236904D-02 -0.816409708872D-02
 -0.469627727410D-02 -0.195519060003D-02 -0.813859018031D-02  0.516163084379D-02
 -0.730598127712D-04 -0.224837685109D-03  0.335420739242D-02 -0.763745533194D-02
  0.226774086489D-04 -0.614594790899D-02 -0.361550340702D-02  0.235944109865D-02
  0.188937359706D-02 -0.355801268658D-02 -0.255224203033D-02 -0.144289673442D-01
 -0.720334984226D-02 -0.131640438404D-02 -0.840164902444D-02 -0.281413110360D-02
  0.680818169014D-02  0.781035188042D-02 -0.342654317771D-02 -0.621154155236D-02
  0.125443528449D-01 -0.287333569502D-02  0.491629220574D-03 -0.491237437128D-02
  0.421450353063D-02 -0.974455192198D-02  0.129323307535D-02  0.780985495922D-03
 -0.733502063805D-02  0.159799108193D-01  0.674851027051D-02 -0.161241404512D-01
  0.160696754277D-01 -0.183483179764D-02  0.178833148836D-01  0.690665135243D-02
  0.364619808900D-04  0.171232080925D-01  0.269415694684D-02 -0.225662572803D-01
  0.451840442583D-02  0.631273753319D-02  0.883100736828D-01  0.990961156694D-01
 -0.670331694405D-03  0.523508524491D-03  0.426782491384D-03  0.125991795848D-03
  0.564295649815D-03 -0.329387256170D-02 -0.850565074565D-04  0.119406795150D-02
 -0.113205314431D-02 -0.203669931833D-02  0.523049520355D-02 -0.116895959385D-02
 -0.895658660464D-03 -0.277904794143D-02 -0.346678498476D-03  0.272129843322D-02
 -0.900028540211D-03  0.470334717601D-03 -0.294159365876D-02  0.344014545669D-02
  0.181246667632D-04  0.176790254305D-02  0.189352181154D-01 -0.438400058466D-02
  0.226049414018D-02 -0.212445771234D-03 -0.325020071859D-02 -0.168981790618D-02
 -0.415329125945D-02 -0.147255910143D-02 -0.583557689230D-02 -0.530651913044D-02
 -0.560434683777D-02 -0.311097225735D-02  0.103797589733D-02 -0.415511025667D-02
  0.286613961495D-02  0.513164789131D-03  0.103806310511D-02  0.842034848965D-02
  0.164666316337D-01  0.643562884502D-02  0.819806735126D-02  0.337421977311D-02
  0.675292967553D-02  0.842260793093D-02  0.578644890792D-02  0.437787025755D-02
 -0.521683089446D-02  0.799776610214D-02  0.638763833806D-02  0.994649251943D-02
  0.293013037547D-02 -0.390098944801D-02  0.214244930282D-04  0.643060297854D-02
  0.201535829741D-01  0.157167260583D-01  0.353703551800D-02 -0.506418554649D-02
 -0.717007454629D-01  0.472267667512D-01 -0.667117019790D-01 -0.250655941823D-01
  0.267641064263D-01  0.325467927264D-02  0.794337610990D-01 -0.210285429589D-01
 -0.149063099381D-01  0.897769911756D-01  0.240429985558D-01 -0.212673057013D-01
  0.338622403380D+00  0.788374131227D-03  0.612970379019D-03  0.996306833521D-03
  0.166053142246D-03  0.863885071733D-03  0.285530179468D-02  0.617722532384D-03
 -0.125161771197D-02  0.173342920266D-02 -0.317134006341D-02 -0.224898448905D-02
 -0.143100316329D-02 -0.317462375684D-03  0.859574461771D-03  0.976313017365D-03
 -0.423812159345D-02  0.378983125652D-03 -0.671845657892D-03  0.115552494465D-02
 -0.272419244793D-02 -0.411800879730D-02 -0.346598874694D-02 -0.123889145477D-01
 -0.131888493301D-01 -0.120874811547D-01  0.153532083989D-02  0.177669862503D-02
 -0.648631037848D-02 -0.118488055423D-02  0.505666838318D-03  0.402413440173D-02
  0.297232335978D-02  0.438537835461D-02  0.176016640173D-02 -0.139685619417D-02
  0.343851771769D-02  0.308231892871D-03  0.239258671270D-02 -0.281801180821D-02
 -0.718074558500D-02 -0.140219939317D-01  0.421408306085D-02 -0.629389119209D-02
  0.624935404489D-02 -0.398563300878D-02 -0.202673095652D-02 -0.147251201753D-02
 -0.799532412956D-02  0.117073446965D-01 -0.965902164578D-02 -0.197758764210D-02
 -0.276505522215D-02 -0.332986365064D-03 -0.467332657847D-02 -0.510917230598D-02
 -0.291083150536D-02 -0.728934920977D-02  0.530679233630D-02 -0.559642421702D-03
  0.176186167586D-02 -0.181391644621D-01 -0.332599001702D-02 -0.201540023703D-01
 -0.142955494934D-01  0.686324191782D-02 -0.644835985419D-01  0.143791429729D-01
  0.746369619766D-01 -0.147255338562D-02  0.127019044092D-01  0.535713854755D-02
 -0.322949156547D-04 -0.247883466237D-02  0.379177752220D+00  0.831619085528D-03
 -0.142169323962D-04  0.130706079687D-02  0.144465718150D-02  0.148184006368D-03
  0.391667206493D-02  0.626060767888D-03  0.145191693848D-02  0.496266271006D-03
 -0.141828607325D-02 -0.143601090586D-02 -0.165757978444D-02 -0.466614573707D-03
  0.311681738453D-03  0.153653506035D-02 -0.716373045706D-02  0.116289046493D-03
 -0.822674097082D-03  0.930039948473D-03 -0.719255055696D-02 -0.635889335112D-02
 -0.387728036476D-02 -0.649275054662D-03 -0.118318028527D-01 -0.989649194339D-02
  0.175673328492D-04 -0.190834747728D-02 -0.216891288340D-02 -0.264440969292D-03
  0.671162698065D-03 -0.165967826986D-02 -0.164255315248D-02  0.125855703200D-02
  0.343514289193D-02  0.193189313302D-02 -0.924902261832D-03 -0.375575840030D-02
 -0.229084646406D-02 -0.132979546210D-02  0.755451723578D-04 -0.352811657966D-02
  0.603893439577D-02  0.483698186469D-02  0.858234818542D-02  0.199608334684D-02
 -0.690470120248D-03  0.253477973331D-02  0.702274615429D-02 -0.647396522204D-03
 -0.601280004154D-02 -0.533102022987D-02  0.309231945619D-03 -0.329892749012D-02
  0.668082533920D-03  0.615767528203D-03  0.125847541895D-02 -0.461293275269D-02
  0.802915310023D-02  0.835550757915D-02  0.667816517417D-02 -0.207165575929D-01
 -0.312302708543D-02 -0.223491961865D-01  0.245232536649D-02 -0.538233124130D-01
  0.484244281784D-02  0.586669507585D-01 -0.471418362048D-02  0.701176647432D-01
  0.364686811053D-01  0.785086388561D-02 -0.120463131252D-01 -0.302445874232D-01
 -0.321190005650D-02  0.375444256875D+00 -0.883338369022D-04 -0.677711300328D-03
 -0.695278111629D-03  0.744957491599D-03 -0.980939503744D-03 -0.660131420085D-03
 -0.601466560427D-03  0.539742370346D-03 -0.108332032509D-02  0.298240218346D-02
 -0.952558363758D-03 -0.283860150101D-04  0.129732132567D-02  0.805337223426D-03
 -0.286637823282D-03  0.212223215543D-02 -0.765784805022D-03  0.445332398671D-03
  0.938001399870D-03  0.447939391567D-04 -0.708127477591D-03 -0.107050574412D-02
 -0.439002860485D-02  0.505040291713D-02  0.191444517721D-02  0.799466591916D-02
 -0.540275570294D-02  0.214800509711D-01  0.505549384327D-02 -0.526310727055D-03
 -0.655097481360D-03  0.811407752942D-02  0.287729462823D-02  0.530615722901D-02
 -0.439107840051D-03  0.108744136007D-03 -0.285847527872D-03  0.186548067925D-02
  0.106199897340D-02  0.529959764275D-02 -0.307804792941D-03 -0.276546597998D-02
  0.426083647275D-03 -0.141177777131D-01 -0.714923864658D-02 -0.695911917565D-02
 -0.317248064298D-02  0.168566206256D-02 -0.515199442801D-02 -0.284608774473D-02
 -0.384005602026D-02 -0.542036281699D-03 -0.314158932528D-02  0.528460700379D-02
 -0.185706358963D-02  0.507027532282D-03  0.589760549040D-02 -0.127439572123D-01
  0.286964136846D-02 -0.576761818060D-03 -0.110315931341D-02 -0.886579530598D-02
 -0.566145963622D-02 -0.351531302370D-02  0.116821553310D-04  0.273580462116D-02
  0.932635025191D-02 -0.839294230013D-02 -0.415964912939D-03  0.509651144118D-03
 -0.693259265208D-01 -0.330132553339D-01 -0.300124817472D-02  0.917473953468D-01
 -0.550627923892D-02  0.686164831529D-01  0.667342243229D-04  0.601015362896D-03
  0.565214531569D-03  0.191456008071D-03  0.290662201225D-03  0.785749957231D-02
  0.501071421920D-03  0.304274517254D-02 -0.255551280786D-03  0.224384131542D-03
  0.238497808242D-02  0.141644123525D-02  0.312873005283D-02 -0.147217035870D-03
  0.241264413406D-03  0.658095817465D-03 -0.698351987480D-03  0.191418057145D-02
 -0.990801301330D-03  0.116761641300D-02 -0.416978497292D-02 -0.227537464668D-02
  0.428563012405D-02 -0.102091654314D-01 -0.627776108458D-02 -0.523486057307D-03
  0.837961186956D-03  0.523370690893D-02 -0.528253214714D-02 -0.349319955540D-02
 -0.319718530154D-02 -0.495449943780D-02 -0.164545731284D-02 -0.228192673037D-03
  0.206655507967D-02 -0.281726576408D-04  0.102922205694D-02 -0.571025764899D-04
  0.678075893519D-02  0.627765710180D-02  0.142906386858D-01 -0.167859182846D-02
  0.888911978891D-02  0.160556709117D-01  0.120584488138D-01  0.115643565077D-01
  0.135255687285D-02  0.215985268765D-02 -0.129665938980D-02  0.449450435055D-02
 -0.216385955238D-02  0.768416186610D-02  0.447944575637D-02 -0.556460366248D-02
 -0.163285764737D-02 -0.144201365143D-01 -0.507914873614D-01 -0.245375774246D-01
 -0.211057589958D-02 -0.791165148482D-02 -0.355322524130D-01  0.173532820255D-01
 -0.378267910523D-01 -0.145109005821D-01  0.571341252620D-02 -0.534770226069D-02
 -0.170393573857D+00 -0.919450537944D-02  0.920361164788D-02  0.526434074043D-02
 -0.666398438195D-02 -0.286194081125D-01  0.457320173351D-01  0.165065142483D-01
  0.652451008713D-01  0.865820754773D-02  0.257520758346D+00  0.821812925803D-03
 -0.673525063172D-03 -0.124851688455D-02  0.986288236100D-03 -0.390665440995D-03
 -0.380670949467D-03 -0.997949819288D-03  0.458292964586D-03 -0.129499589711D-02
  0.539724764255D-03 -0.124923624929D-02 -0.117585616012D-02  0.218091764340D-02
  0.145784704760D-02 -0.988369119043D-03 -0.336866679439D-03 -0.172111061817D-02
  0.107829758032D-02  0.166787591851D-02 -0.196876230686D-02 -0.128197949027D-02
 -0.120826336797D-02 -0.132669048304D-02  0.371788197172D-03 -0.157746780120D-02
  0.131013459942D-02 -0.120987393999D-03 -0.432919996059D-02 -0.546034148423D-03
 -0.128196298025D-02  0.109828848813D-03  0.823608971123D-02  0.264046050183D-02
  0.352307608012D-02 -0.175242930350D-03 -0.714696991832D-03  0.263557307277D-02
  0.394319730581D-02  0.155452263329D-02  0.572328775389D-02 -0.151603144739D-02
  0.331056401187D-02  0.272586803230D-03 -0.655593187348D-02 -0.368066138923D-02
 -0.650043271668D-02 -0.187594064037D-02  0.778782049691D-03 -0.224588315662D-02
 -0.254997793837D-02 -0.129054364393D-02  0.970197297094D-03 -0.263438669864D-02
 -0.241974001172D-02 -0.301285228364D-02 -0.119651013276D-01  0.718703170601D-03
 -0.911588190918D-02 -0.195210404510D-02 -0.165516913319D-02 -0.645123200399D-02
  0.599510849576D-01  0.520447119588D-01 -0.957928912002D-02  0.565113873675D-02
  0.354867773782D-02  0.344319569497D-02  0.210503361540D-02 -0.134604953109D-01
 -0.562978970483D-01  0.782107497550D-02 -0.323255604214D-03 -0.108631956936D-01
 -0.385022857503D-02 -0.106571240306D-01 -0.170650151664D-02  0.769148170427D-02
  0.232556952964D+00
$end
