$coord
   -0.00000000000000      0.00000000000000      0.00000000000000      mo
   -0.00000000000000      0.00000000000000     -6.63232867324668      dy
   -0.00000000000000     -0.00000000000000      6.63232867324668      dy
    2.34897476127442      2.34897476127442     -2.50456571437128      s
   -2.34897476127442     -2.34897476127442     -2.50456571437128      s
    2.34897476127442     -2.34897476127442      2.50456571437128      s
   -2.34897476127442      2.34897476127442      2.50456571437128      s
    4.69934592063385     -1.63335419447470     -7.89865885631820      c
    3.63548410555748     -3.63548410555748     -6.46802001875018      c
    1.63335419447470     -4.69934592063385     -7.89865885631820      c
    1.45507852226538     -3.35401755979275    -10.21612472099741      c
    3.35401755979275     -1.45507852226538    -10.21612472099741      c
   -1.63335419447470      4.69934592063385     -7.89865885631820      c
   -3.63548410555748      3.63548410555748     -6.46802001875018      c
   -4.69934592063385      1.63335419447470     -7.89865885631820      c
   -3.35401755979275      1.45507852226538    -10.21612472099741      c
   -1.45507852226538      3.35401755979275    -10.21612472099741      c
    1.63335419447470      4.69934592063385      7.89865885631820      c
    1.45507852226538      3.35401755979275     10.21612472099741      c
    3.35401755979275      1.45507852226538     10.21612472099741      c
    4.69934592063385      1.63335419447470      7.89865885631820      c
    3.63548410555748      3.63548410555748      6.46802001875018      c
   -4.69934592063385     -1.63335419447470      7.89865885631820      c
   -3.35401755979275     -1.45507852226538     10.21612472099741      c
   -1.45507852226538     -3.35401755979275     10.21612472099741      c
   -1.63335419447470     -4.69934592063385      7.89865885631820      c
   -3.63548410555748     -3.63548410555748      6.46802001875018      c
    0.42877345760933     -6.26615889613249     -7.30397868157538      h
    0.11173334989141     -3.72471646944152    -11.73879498256759      h
    4.20675631363451     -4.20675631363451     -4.57005663339891      h
    3.72471646944152     -0.11173334989141    -11.73879498256759      h
    6.26615889613249     -0.42877345760933     -7.30397868157538      h
   -0.11173334989141      3.72471646944152    -11.73879498256759      h
   -0.42877345760933      6.26615889613249     -7.30397868157538      h
   -4.20675631363451      4.20675631363451     -4.57005663339891      h
   -6.26615889613249      0.42877345760933     -7.30397868157538      h
   -3.72471646944152      0.11173334989141    -11.73879498256759      h
   -0.42877345760933     -6.26615889613249      7.30397868157538      h
   -4.20675631363451     -4.20675631363451      4.57005663339891      h
   -6.26615889613249     -0.42877345760933      7.30397868157538      h
   -3.72471646944152     -0.11173334989141     11.73879498256759      h
   -0.11173334989141     -3.72471646944152     11.73879498256759      h
    0.11173334989141      3.72471646944152     11.73879498256759      h
    0.42877345760933      6.26615889613249      7.30397868157538      h
    4.20675631363451      4.20675631363451      4.57005663339891      h
    3.72471646944152      0.11173334989141     11.73879498256759      h
    6.26615889613249      0.42877345760933      7.30397868157538      h
$user-defined bonds
$redundant
     number_of_atoms            47
     degrees_of_freedom         19
     internal_coordinates       29
     frozen_coordinates          0
# definitions of redundant internals
   1 k  1.0000000000000 stre   11   29           val=   2.06410
   2 k  1.0000000000000 stre    9   30           val=   2.06276
   3 k  1.0000000000000 stre    8   32           val=   2.06387
   4 k -0.7071064529050 bend    9   32    8      val=   0.47188
        0.7071014458888 bend   12   32    8
        0.0028301028478 bend    2   32    8
   5 k  0.7071014242086 bend   12   29   11      val=   0.18426
       -0.7071041121077 bend   10   29   11
        0.0033690536693 bend    2   29   11
   6 k  0.0231030622163 bend    8   30    9      val= 115.37981
        0.0231030622163 bend   10   30    9
        0.9994661059948 bend    2   30    9
   7 k -0.0088094979499 bend   12   29   11      val= 113.60431
       -0.0040451089558 bend   10   29   11
        0.9999530138159 bend    2   29   11
   8 k  0.0088093395445 bend    9   32    8      val= 116.11892
        0.0048072034477 bend   12   32    8
        0.9999496418979 bend    2   32    8
   9 k  1.0000000000000 tors   10   11    2    4 val=  95.49134
        1.0000000000000 tors   10   11    2    5
        1.0000000000000 tors   10   11    2    8
        1.0000000000000 tors   10   11    2    9
        1.0000000000000 tors   10   11    2   13
        1.0000000000000 tors   10   11    2   14
        1.0000000000000 tors   10   11    2   15
        1.0000000000000 tors   10   11    2   16
        1.0000000000000 tors   10   11    2   17
        1.0000000000000 tors   12   11    2    4
        1.0000000000000 tors   12   11    2    5
        1.0000000000000 tors   12   11    2    8
        1.0000000000000 tors   12   11    2    9
        1.0000000000000 tors   12   11    2   13
        1.0000000000000 tors   12   11    2   14
        1.0000000000000 tors   12   11    2   15
        1.0000000000000 tors   12   11    2   16
        1.0000000000000 tors   12   11    2   17
  10 k  1.0000000000000 tors    9    8    2    4 val=  71.92453
        1.0000000000000 tors    9    8    2    5
        1.0000000000000 tors    9    8    2   10
        1.0000000000000 tors    9    8    2   11
        1.0000000000000 tors    9    8    2   13
        1.0000000000000 tors    9    8    2   14
        1.0000000000000 tors    9    8    2   15
        1.0000000000000 tors    9    8    2   16
        1.0000000000000 tors    9    8    2   17
        1.0000000000000 tors   12    8    2    4
        1.0000000000000 tors   12    8    2    5
        1.0000000000000 tors   12    8    2   10
        1.0000000000000 tors   12    8    2   11
        1.0000000000000 tors   12    8    2   13
        1.0000000000000 tors   12    8    2   14
        1.0000000000000 tors   12    8    2   15
        1.0000000000000 tors   12    8    2   16
        1.0000000000000 tors   12    8    2   17
  11 k  1.0000000000000 stre    1    4           val=   4.16031
  12 k  1.0000000000000 bend    5    4    1      val= 105.97151
  13 k  1.0000000000000 stre    2    4           val=   5.29847
  14 k  1.0000000000000 stre    2   11           val=   5.11960
  15 k  1.0000000000000 stre   11   12           val=   2.68551
  16 k  1.0000000000000 stre    2    8           val=   5.13374
  17 k  1.0000000000000 stre   12    8           val=   2.68558
  18 k  1.0000000000000 stre    2    9           val=   5.14398
  19 k  1.0000000000000 stre    8    9           val=   2.68087
  20 k -0.2641159405770 bend    5    4    2      val=  65.63361
       -0.0554099723288 bend   11    4    2
       -0.0337237260996 bend   12    4    2
        0.2979800594880 bend   16   11    2
        0.3345610355854 bend   17   11    2
       -0.1116629253122 bend    8    4    2
       -0.1996359020586 bend    8    5    2
        0.0858719571529 bend    8   11    2
        0.3845830109323 bend    8   16    2
        0.3029469689710 bend    8   17    2
        0.2121234946240 bend   13    8    2
        0.4368229673618 bend   15    8    2
        0.0363956631419 bend   10    8    2
       -0.1690055127859 bend    9    4    2
        0.0506241539398 bend    9   11    2
        0.3470132022718 bend    9   16    2
        0.1930150311624 bend   14    8    2
  21 k  0.5394247255721 bend    5    4    2      val=   0.49160
       -0.2544860014611 bend   11    4    2
       -0.2842658338049 bend   12    4    2
        0.3940760841875 bend   16   11    2
        0.3691192025490 bend   17   11    2
       -0.0865357816113 bend    8    4    2
        0.1649746596628 bend    8    5    2
       -0.1646632189722 bend    8   11    2
        0.0787726776364 bend    8   16    2
        0.0650146248668 bend    8   17    2
       -0.1945471237306 bend   13    8    2
       -0.1905503392086 bend   15    8    2
        0.0978077965173 bend   10    8    2
        0.0751624559259 bend    9    4    2
       -0.2815667195344 bend    9   11    2
        0.1130714479668 bend    9   16    2
       -0.1349666397813 bend   14    8    2
  22 k  0.3389812561386 bend    5    4    2      val=  18.14333
       -0.0620012291073 bend   11    4    2
       -0.0666916850205 bend   12    4    2
       -0.0354039924253 bend   16   11    2
       -0.0780722562932 bend   17   11    2
        0.1075883572962 bend    8    4    2
       -0.1512921760417 bend    8    5    2
       -0.2416539393046 bend    8   11    2
       -0.0389214579015 bend    8   16    2
        0.1560585368284 bend    8   17    2
        0.5393396245248 bend   13    8    2
       -0.0333177993792 bend   15    8    2
       -0.6218401304837 bend   10    8    2
        0.0489926558185 bend    9    4    2
       -0.0366108373907 bend    9   11    2
       -0.0715623060777 bend    9   16    2
        0.2513492647574 bend   14    8    2
  23 k  0.5763969710575 bend    5    4    2      val=  17.93317
        0.0472135377974 bend   11    4    2
       -0.1855623865465 bend   12    4    2
       -0.2808369774362 bend   16   11    2
       -0.2060905214368 bend   17   11    2
       -0.3524382467629 bend    8    4    2
       -0.0504217888488 bend    8    5    2
        0.3365075944344 bend    8   11    2
        0.1041677176787 bend    8   16    2
       -0.0193235453218 bend    8   17    2
        0.0432455507134 bend   13    8    2
        0.4069236859978 bend   15    8    2
        0.2059201054449 bend   10    8    2
       -0.0407995752080 bend    9    4    2
        0.1960212395305 bend    9   11    2
       -0.0852343110185 bend    9   16    2
        0.0364771396872 bend   14    8    2
  24 k  0.1506937828650 bend    5    4    2      val=   6.54971
       -0.0128459341440 bend   11    4    2
       -0.0494327743394 bend   12    4    2
       -0.0255402892924 bend   16   11    2
       -0.0204587798762 bend   17   11    2
        0.0755861972529 bend    8    4    2
        0.1162858874325 bend    8    5    2
       -0.0885780623458 bend    8   11    2
       -0.1429382804842 bend    8   16    2
       -0.1227583610002 bend    8   17    2
       -0.1160360181494 bend   13    8    2
       -0.2677282025940 bend   15    8    2
       -0.0378795272256 bend   10    8    2
       -0.4462625790077 bend    9    4    2
        0.5529800741796 bend    9   11    2
        0.5234132703023 bend    9   16    2
        0.2134311772508 bend   14    8    2
  25 k -0.1014181015974 bend    5    4    2      val=  -1.75970
        0.3689586279956 bend   11    4    2
       -0.5077806331542 bend   12    4    2
       -0.1721300694525 bend   16   11    2
        0.4567528178909 bend   17   11    2
        0.1484981111200 bend    8    4    2
        0.0082203773690 bend    8    5    2
        0.3297508351452 bend    8   11    2
        0.1895458478685 bend    8   16    2
       -0.3121002264887 bend    8   17    2
        0.0659104325804 bend   13    8    2
       -0.1850838252293 bend   15    8    2
       -0.1890295304747 bend   10    8    2
        0.0230606348631 bend    9    4    2
        0.0479874653849 bend    9   11    2
       -0.1243993226332 bend    9   16    2
        0.0256831045402 bend   14    8    2
  26 k  1.0000000000000 bend    2    1    4      val=  88.18774
  27 k  1.0000000000000 bend   12    9    8      val= 108.13661
  28 k  1.0000000000000 bend   10    8    9      val= 107.93572
  29 k  1.0000000000000 bend   10   12   11      val= 107.89552
        19 non zero eigenvalues  of BmBt
           1           2.346705662    1    0
         1
           2           2.089583655    2    0
         2
           3           2.021635090    3    0
         3
           4           1.501048105    4    0
         4
           5           1.021810286    5    0
         5
           6           0.704735349    6    0
         6
           7           0.570193358    7    0
         7
           8           0.569330752    8    0
         8
           9           5.522891056    0    0
         0.000000000         0.000000000         0.000000000         0.000000000
         0.000000000         0.000000000         0.000000000         0.000000000
        -0.058680015         0.344379001         0.006481686        -0.029716503
        -0.481296771         0.618089645         0.046970194         0.138531775
         0.026734937        -0.113871510        -0.009992632        -0.475284210
         0.013431493         0.001892386         0.001569276        -0.002530010
        -0.003402787        -0.040595360         0.000167481         0.016797006
        -0.012043394
          10           1.408778958    0    0
         0.000000000         0.000000000         0.000000000         0.000000000
         0.000000000         0.000000000         0.000000000         0.000000000
         0.329097279        -0.594594963         0.168218711        -0.079563010
        -0.297313038         0.104602753        -0.256051344         0.138290590
         0.035791652         0.113023292         0.474778047        -0.054723563
         0.086113437        -0.052677639         0.038506713         0.119035517
        -0.062223575         0.012696191        -0.068189711        -0.129948035
         0.160076558
          11           1.243520484    0    0
         0.000000000         0.000000000         0.000000000         0.000000000
         0.000000000         0.000000000         0.000000000         0.000000000
        -0.033716362        -0.040566507        -0.580013577        -0.086953150
        -0.251335695        -0.098720617        -0.424935794         0.064243052
         0.436109845        -0.068228604        -0.183574902         0.103306096
        -0.203581532        -0.035634795        -0.104677022        -0.094774983
        -0.080054359         0.172816106        -0.175355801         0.147150977
         0.071253865
          12           1.228776573    0    0
         0.000000000         0.000000000         0.000000000         0.000000000
         0.000000000         0.000000000         0.000000000         0.000000000
        -0.054082398        -0.076400774        -0.554576928        -0.094394077
        -0.271348911        -0.039523800         0.326546250        -0.132599380
        -0.468999584         0.133761958         0.201525029         0.078955850
        -0.086973111        -0.081714443        -0.183047895         0.033911443
         0.079447014         0.173309793         0.225689992        -0.223394307
        -0.067663636
          13           1.044844847    0    0
         0.000000000         0.000000000         0.000000000         0.000000000
         0.000000000         0.000000000         0.000000000         0.000000000
        -0.079363106        -0.092104757        -0.315136362         0.205687885
         0.539776179         0.390571606         0.189241810         0.195770436
         0.363307987         0.182288025         0.317617751        -0.066163104
        -0.157551979        -0.082843957        -0.018863462         0.043841155
         0.001704056        -0.090745387         0.080806893        -0.074550383
        -0.028067282
          14           0.960037168    0    0
         0.000000000         0.000000000         0.000000000         0.000000000
         0.000000000         0.000000000         0.000000000         0.000000000
        -0.423720597        -0.167696028         0.186173968        -0.059295554
        -0.145236184         0.076457872        -0.180192634        -0.345627468
         0.284900803         0.286109531        -0.158378644         0.005729494
        -0.098340163         0.186493960         0.067878874         0.117657551
        -0.042002742         0.009294867         0.419664814        -0.336697567
        -0.181425714
          15           0.762089646    0    0
         0.000000000         0.000000000         0.000000000         0.000000000
         0.000000000         0.000000000         0.000000000         0.000000000
         0.116708107        -0.188716047        -0.179199025         0.180806931
         0.315557279         0.268525873        -0.462712450        -0.325543773
        -0.379706062        -0.294491810        -0.210617547        -0.216705158
         0.033875418         0.039628197        -0.164742448         0.017088392
        -0.067327048        -0.122829463         0.045386181        -0.133245166
         0.048895048
          16           0.451083792    0    0
         0.000000000         0.000000000         0.000000000         0.000000000
         0.000000000         0.000000000         0.000000000         0.000000000
         0.003347884         0.339317726        -0.040487758         0.089612573
         0.069052944        -0.194849598        -0.384563151         0.220720364
        -0.224405726         0.691471653         0.049321919        -0.233892305
         0.047159550         0.050546335        -0.083032739        -0.092640848
        -0.026512937        -0.083492982        -0.047662667        -0.088447564
         0.110399088
          17           0.377197582    0    0
         0.000000000         0.000000000         0.000000000         0.000000000
         0.000000000         0.000000000         0.000000000         0.000000000
         0.437590335         0.148577526        -0.006343804        -0.037380442
        -0.018821348         0.236602707         0.102467612        -0.657442581
         0.153665645         0.362963676        -0.001653806         0.126784672
         0.057678760        -0.167541323         0.069335416        -0.170235074
        -0.026487848         0.040838245        -0.139473298         0.164043285
         0.024226027
          18           0.240000276    0    0
         0.000000000         0.000000000         0.000000000         0.000000000
         0.000000000         0.000000000         0.000000000         0.000000000
        -0.062153983         0.148090044        -0.027900643         0.059771709
         0.007808602        -0.456209321         0.001776234        -0.355463825
         0.165923169        -0.223571312         0.373527711        -0.544177313
        -0.194830416        -0.208631614         0.130402427         0.098501704
         0.023980455        -0.061326502        -0.022023846        -0.066242369
         0.068851011
          19           0.015255488    0    0
         0.000000000         0.000000000         0.000000000         0.000000000
         0.000000000         0.000000000         0.000000000         0.000000000
         0.046473932        -0.072990341        -0.279532106         0.505973234
        -0.275685637        -0.119501711         0.094745655        -0.023499792
         0.061280868         0.023377327        -0.068458043         0.091420995
         0.298147335         0.166495089         0.313852341         0.080129351
         0.000642638        -0.562662633         0.019010972         0.031686411
        -0.041419411
$end
