$energy      SCF               SCFKIN            SCFPOT
     1 -4206.562109662      3938.231111770     -8144.793221432
     2 -4206.603005050      3907.088702703     -8113.691707753
     3 -4206.636198803      3938.111982273     -8144.748181077
     4 -4206.637896369      3938.352968362     -8144.990864731
     5 -4206.639127267      3938.886362029     -8145.525489297
     6 -4206.639141583      3938.832666173     -8145.471807757
     7 -4206.639151063      3938.809600578     -8145.448751641
     8 -4206.639163137      3938.815010258     -8145.454173395
     9 -4206.639165724      3938.810153631     -8145.449319355
    10 -4206.639167627      3938.830116103     -8145.469283731
    11 -4206.639185565      3938.791616081     -8145.430801647
    12 -4206.639189552      3938.731719281     -8145.370908833
    13 -4206.639193496      3938.728382306     -8145.367575802
    14 -4206.639197987      3938.727613230     -8145.366811217
    15 -4206.639200823      3938.719516999     -8145.358717822
    16 -4206.639204872      3938.728166147     -8145.367371018
    17 -4206.639209347      3938.723036865     -8145.362246212
    18 -4206.639210689      3938.731064840     -8145.370275529
    19 -4206.639211573      3938.724754692     -8145.363966266
    20 -4206.639211806      3938.737494017     -8145.376705823
    21 -4206.639212628      3938.727546242     -8145.366758870
    22 -4206.639212739      3938.726999206     -8145.366211945
    23 -4206.639212970      3938.729526412     -8145.368739383
    24 -4206.639214704      3938.727249959     -8145.366464663
    25 -4206.639215767      3938.727489707     -8145.366705474
    26 -4206.639216892      3938.727332160     -8145.366549052
    27 -4206.639218338      3938.720576743     -8145.359795081
    28 -4206.639220146      3938.719816344     -8145.359036490
    29 -4206.639222713      3938.727506646     -8145.366729358
    30 -4206.639223174      3938.728420065     -8145.367643239
    31 -4206.639223683      3938.721702846     -8145.360926530
    32 -4206.639224036      3938.724597227     -8145.363821264
    33 -4206.639224032      3938.724610528     -8145.363834560
    34 -4206.639224093      3938.723791433     -8145.363015526
    35 -4206.639224895      3938.727046997     -8145.366271892
    36 -4206.639225392      3938.723650913     -8145.362876305
    37 -4206.639225664      3938.724447274     -8145.363672937
    38 -4206.639225846      3938.725682040     -8145.364907886
    39 -4206.639225834      3938.723961116     -8145.363186949
    40 -4206.639225938      3938.696545180     -8145.335771118
    41 -4206.639228390      3938.751453438     -8145.390681829
    42 -4206.639229039      3938.700086323     -8145.339315362
    43 -4206.639229884      3938.726368303     -8145.365598188
    44 -4206.639229988      3938.724749266     -8145.363979254
    45 -4206.639229958      3938.726778765     -8145.366008722
    46 -4206.639229989      3938.711035810     -8145.350265799
    47 -4206.639230053      3938.726772645     -8145.366002697
    48 -4206.639230006      3938.709193966     -8145.348423972
    49 -4206.639229986      3938.699890548     -8145.339120535
    50 -4206.639230048      3938.729995483     -8145.369225531
$end
