$coord
   -0.00000000000000      0.00000000000000      0.00000000000000  mo
   -0.00000000000000      0.00000000000000     -6.49672067856716  tb
   -0.00000000000000      0.00000000000000      6.49672067856716  tb
    2.40994407384300      2.40994407384300     -2.55898007658144  s
   -2.40994407384300     -2.40994407384300     -2.55898007658144  s
    2.40994407384300     -2.40994407384300      2.55898007658144  s
   -2.40994407384300      2.40994407384300      2.55898007658144  s
    4.66469715432374     -1.59716362430078     -7.81399878433866  c
    3.61427418752369     -3.61427418752369     -6.39312909988471  c
    1.59716362430078     -4.66469715432374     -7.81399878433866  c
    1.39261659050721     -3.29300946516521    -10.11418949388852  c
    3.29300946516521     -1.39261659050721    -10.11418949388852  c
   -1.59716362430078      4.66469715432374     -7.81399878433866  c
   -3.61427418752369      3.61427418752369     -6.39312909988471  c
   -4.66469715432374      1.59716362430078     -7.81399878433866  c
   -3.29300946516521      1.39261659050721    -10.11418949388852  c
   -1.39261659050721      3.29300946516521    -10.11418949388852  c
    1.59716362430078      4.66469715432374      7.81399878433866  c
    1.39261659050721      3.29300946516521     10.11418949388852  c
    3.29300946516521      1.39261659050721     10.11418949388852  c
    4.66469715432374      1.59716362430078      7.81399878433866  c
    3.61427418752369      3.61427418752369      6.39312909988471  c
   -4.66469715432374     -1.59716362430078      7.81399878433866  c
   -3.29300946516521     -1.39261659050721     10.11418949388852  c
   -1.39261659050721     -3.29300946516521     10.11418949388852  c
   -1.59716362430078     -4.66469715432374      7.81399878433866  c
   -3.61427418752369     -3.61427418752369      6.39312909988471  c
    0.40047528666530     -6.23819318316492     -7.22187071296652  h
    0.04186916010589     -3.65747336881424    -11.63190986472043  h
    4.21015454833026     -4.21015454833026     -4.51081410169778  h
    3.65747336881424     -0.04186916010589    -11.63190986472043  h
    6.23819318316492     -0.40047528666530     -7.22187071296652  h
   -0.04186916010589      3.65747336881424    -11.63190986472043  h
   -0.40047528666530      6.23819318316492     -7.22187071296652  h
   -4.21015454833026      4.21015454833026     -4.51081410169778  h
   -6.23819318316492      0.40047528666530     -7.22187071296652  h
   -3.65747336881424      0.04186916010589    -11.63190986472043  h
   -0.40047528666530     -6.23819318316492      7.22187071296652  h
   -4.21015454833026     -4.21015454833026      4.51081410169778  h
   -6.23819318316492     -0.40047528666530      7.22187071296652  h
   -3.65747336881424     -0.04186916010589     11.63190986472043  h
   -0.04186916010589     -3.65747336881424     11.63190986472043  h
    0.04186916010589      3.65747336881424     11.63190986472043  h
    0.40047528666530      6.23819318316492      7.22187071296652  h
    4.21015454833026      4.21015454833026      4.51081410169778  h
    3.65747336881424      0.04186916010589     11.63190986472043  h
    6.23819318316492      0.40047528666530      7.22187071296652  h
$user-defined bonds
$end
