$dipgrad          cartesian dipole gradients
  0.76530615566812D+00  -.37380391331869D+00  0.10197397888259D-15
  -.21977260469628D+00  0.28028486468317D+01  -.27630468849319D-15
  0.17738995438807D-15  -.27385210459442D-15  0.73206201795474D+00
  0.10441601092608D+01  -.76401070351423D-01  -.72974527612726D+00
  -.19637115097758D+00  0.23815403813935D+01  -.22856459400994D-01
  -.71279187592701D+00  -.20311565401566D+00  0.10250162324233D+01
  -.33450646659441D+00  -.31471135351780D+00  -.21473803000325D+00
  -.77355072815070D-01  -.17648975215762D+01  -.20705163778948D+00
  -.19488161026436D+00  -.38530245270767D+00  -.44240008770662D+00
  -.53387340295601D+00  0.52276512341858D+00  -.26922895694811D+00
  0.27213318031674D+00  -.16429031282798D+01  0.15887953819728D+00
  -.30201332781839D+00  0.47175248641977D+00  -.41905731573707D+00
  -.53387340295601D+00  0.52276512341857D+00  0.26922895694810D+00
  0.27213318031674D+00  -.16429031282798D+01  -.15887953819727D+00
  0.30201332781840D+00  -.47175248641977D+00  -.41905731573706D+00
  -.33450646659443D+00  -.31471135351779D+00  0.21473803000322D+00
  -.77355072815076D-01  -.17648975215762D+01  0.20705163778948D+00
  0.19488161026435D+00  0.38530245270769D+00  -.44240008770660D+00
  -.33835170904306D-01  -.15033073912774D+00  0.45644551709144D-01
  -.59732031447932D-01  -.15494517539008D+00  0.71919404131548D-01
  0.64556300438307D-01  0.16070523305541D+00  -.17950415485840D+00
  -.15579317804928D+00  -.15507118371740D+00  0.68240605191358D-01
  -.71416685646271D-01  -.15587565069445D+00  0.81403167062631D-01
  0.41812615972277D-01  0.18206619293183D+00  -.72199161048512D-01
  -.24557347323829D+00  -.13112908983256D+00  0.77738425113707D-01
  -.13704202627198D+00  -.60197550836493D-01  0.14690753563623D-01
  0.10830231641875D+00  0.11107542429955D+00  -.88972308375893D-01
  -.11391471033936D+00  0.78608472869340D-01  0.16663336400197D+00
  -.14790793944904D-01  -.19221806035338D-02  0.23217127420489D-01
  0.18085147098970D+00  -.58380964918166D-01  -.10049968188062D+00
  -.76683156378060D-01  -.88548674696134D-01  0.10395991424720D+00
  -.11774832258740D-01  -.48698755029218D-01  0.12333496337929D+00
  0.57898105803359D-01  0.10168212146321D+00  -.28044796099543D+00
  -.23742726994022D+00  0.17382850313841D+00  0.71101898190545D-01
  0.11733949253213D+00  -.13933910575561D+00  -.21720865532693D-01
  0.75088815775528D-01  -.12687366348325D+00  -.19634581443917D-01
  -.12709910443226D+00  0.16506164964372D+00  0.73861419766963D-01
  0.10378609430671D+00  -.23260783909510D+00  -.81805666368070D-01
  0.84239048268784D-01  -.14961759987536D+00  -.10319467718983D+00
  -.52819915724838D-01  0.15205470506203D+00  0.84679180227201D-01
  0.48180820227047D-01  -.15407019607825D+00  -.13058955365289D+00
  0.84208828520949D-01  -.17088849698102D+00  -.20191128764814D+00
  -.96374482692579D-01  0.77579913124654D-01  0.15989676413352D+00
  0.38741755534255D-01  0.39556888272039D-02  -.56204365783639D-01
  0.99028059405413D-01  0.32955131954279D-02  -.22163101248297D+00
  -.23718030723952D+00  -.21762674883932D-01  0.94219807911013D-01
  0.54312612431900D-01  -.32268922666355D-02  -.36426554443578D-01
  0.15139910414322D+00  -.74256126262489D-01  -.78427140888346D-01
  0.10255681537254D+00  -.50219000379995D-01  0.31031878254523D-01
  -.26056669405873D-01  0.13512233549698D+00  -.30639518527750D-01
  -.72222450280951D-01  -.44012165882908D-01  0.14946803761070D+00
  0.11642759945986D+00  -.75299686989020D-01  -.19412175875582D-01
  0.52430256786700D-01  0.20953162069872D+00  -.60638339043544D-01
  -.44314993181998D-01  0.29049093501123D-01  0.11867967924004D+00
  0.81954112354623D-01  0.81437520876344D-01  -.34113890906480D-01
  0.21087610770199D-01  0.81655429077816D-02  0.47164989630727D-01
  -.87091271192360D-01  -.77803015933627D-02  0.12616221619841D+00
  0.14557144793934D+00  0.36832717749481D-01  -.78963998853533D-01
  0.40029014531648D-01  0.15461272299531D+00  0.29791090367631D-02
  0.29292552336440D-01  0.49903104568455D-01  0.10059145883162D+00
  0.13233381688918D+00  0.19114438014386D-01  -.78059296642392D-01
  -.22836149879362D-01  0.10711695845418D-02  -.21738497043587D-01
  -.12861927763516D-01  -.63156834449631D-01  0.99432915672425D-01
  0.10891734472841D+00  0.59310843349467D-01  0.77322221612745D-02
  -.29010023785087D-01  0.20859572485475D+00  0.55607104754745D-01
  -.48388238774091D-01  -.12803304360698D-01  0.12102665972332D+00
  0.71478637492512D-01  -.25003094545655D-01  -.65063641830624D-01
  0.31258913827305D-01  0.80166175258451D-01  -.33901194170665D-01
  -.65614046018166D-01  0.21806735881442D-01  0.69597764875499D-01
  0.15628770604718D+00  -.65260026705568D-01  -.78382551940316D-01
  -.79359050396456D-02  0.53795103494465D-01  0.90207142869744D-02
  0.34495535285876D-01  -.24044620883811D-01  0.12434248321528D+00
  0.13141652708861D+00  -.37260616605586D-02  -.52874251602337D-01
  -.72189210246630D-01  0.19335949214780D+00  0.14801086619929D-01
  0.11378913778904D-01  -.70614468742870D-01  0.11758199833830D+00
  -.13082940564885D-01  -.46205466826291D-01  0.14797959573695D+00
  -.26996731277334D-01  -.23670190509151D-01  0.50062625632616D-02
  0.10793933881546D+00  -.20567351840458D-01  -.19786557101709D+00
  -.71804342333679D-01  -.46554871351156D-01  -.70551899569809D-01
  0.45116284015328D-02  0.43744607126876D-01  -.42462865363515D-01
  -.95983101756101D-02  -.78585355676122D-01  0.45454205888934D-01
  -.22491862231881D-01  0.35565620510772D-01  -.58948710550821D-01
  -.16483204733423D-01  -.89856988767088D-02  0.57112462869550D-01
  -.55413582174393D-01  0.82717319647032D-01  0.65004104150682D-01
  -.96013011192416D-01  -.32775657792126D-02  0.16435761786653D+00
  0.89544028953708D-02  -.38936961635864D-01  0.33000057406616D-03
  0.16385154999319D+00  0.10668530672155D-01  -.97414282793206D-01
  0.37379076581249D-01  0.66731933189322D-01  -.35129970079304D-01
  0.46143326427401D-01  -.14992633485700D-01  -.56152841901227D-01
  -.28156334325168D-01  0.59142479840579D-02  0.41261054764480D-01
  0.75937088042228D-01  -.83761420090474D-01  -.50216040621768D-01
  -.54064870823442D-01  -.22177978167080D-01  0.96261519056007D-02
  -.51116965074472D-01  -.41538579214495D-01  -.20318854252339D-01
  0.32544938399516D-01  0.68615177525275D-01  -.13225106665958D-01
  0.26044183769416D-01  0.58233696791334D-01  -.23662792423421D-01
  -.84008560790131D-01  0.11665567398721D-01  -.75206151097227D-01
  -.20708712052352D+00  0.54507397049984D-02  0.93931480603516D-01
  -.14967041523295D-01  -.62004916585701D-02  0.39112663144759D-01
  0.14309890478485D+00  0.66953341007841D-01  -.20228459860696D-01
  0.39041334975217D-01  -.16990295491343D-03  -.19263659289011D-01
  0.54718916057331D-01  -.33421104455964D-01  -.31020282570127D-01
  -.35350162433150D-01  -.56734975169241D-01  0.44687398979611D-01
  0.23910745028673D-01  -.34255718538295D-01  0.24548142483132D-01
  -.60044141705808D-02  0.46773975951792D-01  0.58094461628785D-01
  -.53011899960486D-01  0.41944522335889D-01  -.11109016823795D+00
  -.26239022255716D+00  0.83379981468572D-01  0.34330206625129D-02
  0.91757613066871D-01  -.94533237245357D-02  -.27594968008142D-01
  0.62730323820746D-01  -.62053272966778D-01  0.11187275502459D-01
  0.83510906875672D-01  -.64167690543261D-01  -.13292204420470D-02
  -.61214863794067D-01  -.71529598963035D-01  -.12099955375648D-01
  -.37476574831481D-01  0.39140212369316D-01  0.38432492015453D-01
  0.12650569269754D+00  0.29015251337807D-01  0.31974558686961D-01
  -.98950164704662D-02  0.60918025109016D-01  0.22526022763656D-01
  -.85148833286134D-01  0.67497693856664D-01  0.14622116047799D+00
  -.31578535723527D-02  0.76872565189509D-01  0.82164651350766D-01
  0.34933442033486D-01  -.17063485656489D-01  -.10765741819183D+00
  0.22327293495304D-01  -.10238637394220D+00  -.24099043851315D+00
  -.94936862877122D-01  -.66481378804630D-01  -.55602425993395D-01
  -.71498495499440D-01  0.38958606145573D-01  -.60746126727153D-02
  0.22124590470153D-01  0.32397430568145D-01  0.19516157383141D-01
  0.42244585263749D-01  -.37607077736639D-01  -.45466513007436D-01
  0.20861678914170D-01  -.61373223494631D-01  0.70678064999009D-01
  -.96629297785886D-02  0.74805831187636D-01  0.70425424905348D-01
  -.21990752886777D-02  -.83425883412313D-02  0.52634695812951D-01
  0.22262093480306D-01  0.17458594852482D-01  0.53448346072696D-01
  -.24970557371101D-01  0.12193468679758D+00  -.24750033675755D+00
  -.18129369369237D-01  0.97361727208452D-01  -.29435638548130D-01
  0.10979826429818D+00  -.97626771421236D-01  -.42119752313013D-03
  0.30651928557277D-01  -.56556925876695D-01  0.46346010401737D-01
  0.31548974524348D-01  0.83542055858704D-01  0.35879262747752D-01
  0.20341891165227D-01  -.10771468052835D+00  -.86518524118577D-01
  -.21107913467519D-01  -.82355158103983D-01  0.10800351968092D-01
  0.14476091790368D-01  -.13473136506464D+00  -.84183767797069D-03
  -.49222770160105D-01  -.11488592750012D+00  0.28567691255779D-01
  -.34670107829689D-01  0.79683464448047D-02  0.51927301548702D-01
  0.11202286205187D-01  0.13184112573114D-01  0.69682581647937D-01
  -.21278924637011D-01  -.11841018272001D+00  -.95978881387237D-01
  0.36743766518966D-01  -.20719661034412D+00  -.15132719090857D+00
  -.44270038340300D-01  -.13105344394753D+00  0.97042586638433D-01
  -.44400770179832D-01  -.21254451099756D+00  0.71210866759809D-01
  0.83880881378147D-01  0.13722603320808D+00  -.33600199596990D-01
  -.20969891228882D-01  -.53234248117497D-01  -.49574940270568D-01
  -.87573595953470D-01  -.22145710489453D-01  -.27117168034795D-01
  -.48619773395492D-02  -.29228123996766D-01  0.38441009470259D-01
  0.10441601092609D+01  -.76401070351425D-01  0.72974527612731D+00
  -.19637115097758D+00  0.23815403813935D+01  0.22856459400958D-01
  0.71279187592701D+00  0.20311565401564D+00  0.10250162324233D+01
  -.23742726994023D+00  0.17382850313841D+00  -.71101898190543D-01
  0.11733949253213D+00  -.13933910575562D+00  0.21720865532699D-01
  -.75088815775528D-01  0.12687366348325D+00  -.19634581443912D-01
  -.24557347323829D+00  -.13112908983259D+00  -.77738425113711D-01
  -.13704202627197D+00  -.60197550836487D-01  -.14690753563620D-01
  -.10830231641874D+00  -.11107542429956D+00  -.88972308375890D-01
  -.52819915724846D-01  0.15205470506203D+00  -.84679180227210D-01
  0.48180820227041D-01  -.15407019607826D+00  0.13058955365290D+00
  -.84208828520947D-01  0.17088849698102D+00  -.20191128764815D+00
  -.33835170904306D-01  -.15033073912774D+00  -.45644551709155D-01
  -.59732031447935D-01  -.15494517539007D+00  -.71919404131539D-01
  -.64556300438309D-01  -.16070523305541D+00  -.17950415485839D+00
  -.12709910443227D+00  0.16506164964373D+00  -.73861419766952D-01
  0.10378609430671D+00  -.23260783909511D+00  0.81805666368076D-01
  -.84239048268783D-01  0.14961759987535D+00  -.10319467718985D+00
  -.15579317804928D+00  -.15507118371739D+00  -.68240605191344D-01
  -.71416685646266D-01  -.15587565069443D+00  -.81403167062632D-01
  -.41812615972273D-01  -.18206619293183D+00  -.72199161048509D-01
  -.96374482692582D-01  0.77579913124645D-01  -.15989676413352D+00
  0.38741755534258D-01  0.39556888272127D-02  0.56204365783638D-01
  -.99028059405417D-01  -.32955131954210D-02  -.22163101248296D+00
  -.76683156378071D-01  -.88548674696166D-01  -.10395991424721D+00
  -.11774832258747D-01  -.48698755029235D-01  -.12333496337930D+00
  -.57898105803364D-01  -.10168212146322D+00  -.28044796099542D+00
  -.23718030723951D+00  -.21762674883935D-01  -.94219807911011D-01
  0.54312612431897D-01  -.32268922666288D-02  0.36426554443583D-01
  -.15139910414322D+00  0.74256126262484D-01  -.78427140888351D-01
  -.11391471033937D+00  0.78608472869300D-01  -.16663336400199D+00
  -.14790793944901D-01  -.19221806035121D-02  -.23217127420490D-01
  -.18085147098969D+00  0.58380964918178D-01  -.10049968188062D+00
  0.15628770604718D+00  -.65260026705569D-01  0.78382551940314D-01
  -.79359050396446D-02  0.53795103494471D-01  -.90207142869718D-02
  -.34495535285872D-01  0.24044620883810D-01  0.12434248321530D+00
  0.13233381688917D+00  0.19114438014373D-01  0.78059296642392D-01
  -.22836149879363D-01  0.10711695845455D-02  0.21738497043574D-01
  0.12861927763512D-01  0.63156834449632D-01  0.99432915672428D-01
  0.12650569269754D+00  0.29015251337780D-01  -.31974558686941D-01
  -.98950164704663D-02  0.60918025109006D-01  -.22526022763652D-01
  0.85148833286129D-01  -.67497693856655D-01  0.14622116047800D+00
  0.10255681537254D+00  -.50219000380020D-01  -.31031878254548D-01
  -.26056669405873D-01  0.13512233549699D+00  0.30639518527761D-01
  0.72222450280949D-01  0.44012165882915D-01  0.14946803761069D+00
  0.13141652708861D+00  -.37260616605658D-02  0.52874251602343D-01
  -.72189210246630D-01  0.19335949214780D+00  -.14801086619933D-01
  -.11378913778903D-01  0.70614468742864D-01  0.11758199833829D+00
  0.14557144793934D+00  0.36832717749482D-01  0.78963998853540D-01
  0.40029014531645D-01  0.15461272299532D+00  -.29791090367548D-02
  -.29292552336439D-01  -.49903104568454D-01  0.10059145883162D+00
  0.10891734472841D+00  0.59310843349477D-01  -.77322221612777D-02
  -.29010023785087D-01  0.20859572485475D+00  -.55607104754747D-01
  0.48388238774088D-01  0.12803304360699D-01  0.12102665972333D+00
  0.11642759945985D+00  -.75299686989116D-01  0.19412175875544D-01
  0.52430256786700D-01  0.20953162069873D+00  0.60638339043550D-01
  0.44314993181998D-01  -.29049093501098D-01  0.11867967924005D+00
  0.71478637492528D-01  -.25003094545670D-01  0.65063641830646D-01
  0.31258913827305D-01  0.80166175258449D-01  0.33901194170667D-01
  0.65614046018156D-01  -.21806735881436D-01  0.69597764875473D-01
  0.81954112354619D-01  0.81437520876343D-01  0.34113890906479D-01
  0.21087610770202D-01  0.81655429077925D-02  -.47164989630729D-01
  0.87091271192359D-01  0.77803015933628D-02  0.12616221619841D+00
  -.96013011192448D-01  -.32775657791926D-02  -.16435761786656D+00
  0.89544028953702D-02  -.38936961635866D-01  -.33000057406921D-03
  -.16385154999318D+00  -.10668530672162D-01  -.97414282793203D-01
  -.13082940564885D-01  -.46205466826291D-01  -.14797959573695D+00
  -.26996731277335D-01  -.23670190509151D-01  -.50062625632625D-02
  -.10793933881546D+00  0.20567351840458D-01  -.19786557101709D+00
  0.75937088042228D-01  -.83761420090473D-01  0.50216040621769D-01
  -.54064870823439D-01  -.22177978167079D-01  -.96261519056009D-02
  0.51116965074474D-01  0.41538579214498D-01  -.20318854252338D-01
  0.37379076581249D-01  0.66731933189322D-01  0.35129970079303D-01
  0.46143326427401D-01  -.14992633485699D-01  0.56152841901229D-01
  0.28156334325167D-01  -.59142479840587D-02  0.41261054764479D-01
  -.22491862231884D-01  0.35565620510773D-01  0.58948710550825D-01
  -.16483204733422D-01  -.89856988767086D-02  -.57112462869552D-01
  0.55413582174391D-01  -.82717319647031D-01  0.65004104150682D-01
  -.71804342333679D-01  -.46554871351156D-01  0.70551899569810D-01
  0.45116284015319D-02  0.43744607126876D-01  0.42462865363520D-01
  0.95983101756102D-02  0.78585355676123D-01  0.45454205888934D-01
  -.94936862877122D-01  -.66481378804629D-01  0.55602425993394D-01
  -.71498495499440D-01  0.38958606145572D-01  0.60746126727144D-02
  -.22124590470154D-01  -.32397430568145D-01  0.19516157383147D-01
  -.18129369369237D-01  0.97361727208450D-01  0.29435638548130D-01
  0.10979826429818D+00  -.97626771421236D-01  0.42119752312836D-03
  -.30651928557276D-01  0.56556925876695D-01  0.46346010401739D-01
  0.23910745028673D-01  -.34255718538296D-01  -.24548142483133D-01
  -.60044141705812D-02  0.46773975951793D-01  -.58094461628785D-01
  0.53011899960483D-01  -.41944522335892D-01  -.11109016823795D+00
  0.32544938399542D-01  0.68615177525292D-01  0.13225106665958D-01
  0.26044183769416D-01  0.58233696791332D-01  0.23662792423422D-01
  0.84008560790133D-01  -.11665567398720D-01  -.75206151097227D-01
  -.31578535723573D-02  0.76872565189529D-01  -.82164651350787D-01
  0.34933442033486D-01  -.17063485656488D-01  0.10765741819183D+00
  -.22327293495304D-01  0.10238637394220D+00  -.24099043851314D+00
  -.21990752886788D-02  -.83425883412048D-02  -.52634695812936D-01
  0.22262093480306D-01  0.17458594852482D-01  -.53448346072698D-01
  0.24970557371102D-01  -.12193468679759D+00  -.24750033675756D+00
  -.26239022255716D+00  0.83379981468569D-01  -.34330206625095D-02
  0.91757613066872D-01  -.94533237245361D-02  0.27594968008143D-01
  -.62730323820747D-01  0.62053272966777D-01  0.11187275502461D-01
  -.20708712052352D+00  0.54507397049992D-02  -.93931480603516D-01
  -.14967041523295D-01  -.62004916585715D-02  -.39112663144757D-01
  -.14309890478485D+00  -.66953341007841D-01  -.20228459860697D-01
  0.42244585263748D-01  -.37607077736640D-01  0.45466513007434D-01
  0.20861678914170D-01  -.61373223494632D-01  -.70678064999011D-01
  0.96629297785903D-02  -.74805831187634D-01  0.70425424905347D-01
  -.20969891228883D-01  -.53234248117497D-01  0.49574940270568D-01
  -.87573595953472D-01  -.22145710489452D-01  0.27117168034795D-01
  0.48619773395496D-02  0.29228123996765D-01  0.38441009470260D-01
  0.83510906875673D-01  -.64167690543262D-01  0.13292204420460D-02
  -.61214863794066D-01  -.71529598963037D-01  0.12099955375649D-01
  0.37476574831481D-01  -.39140212369318D-01  0.38432492015455D-01
  0.39041334975215D-01  -.16990295491353D-03  0.19263659289011D-01
  0.54718916057331D-01  -.33421104455963D-01  0.31020282570126D-01
  0.35350162433150D-01  0.56734975169241D-01  0.44687398979610D-01
  0.59517358416542D-01  -.16575317578821D-02  0.22132116021140D-01
  0.12037235112603D-01  -.36530492723903D-02  0.48236401148041D-01
  0.47022670354632D-01  -.50018778437152D-01  -.13272493988819D+00
  -.76845304485493D-01  0.11680733954525D+00  -.72680856785878D-01
  0.14507206142355D-01  -.62682685778478D-02  0.37412675692004D-02
  -.71618927603487D-01  0.16967765443208D-01  0.47270513097915D-01
  -.12022335801103D+00  -.61018736453813D-01  -.55139745081995D-01
  0.38485749457522D-01  -.33797608068683D-02  -.82345365446836D-02
  -.40230518730884D-01  0.10804118493516D-02  0.57014100338164D-01
  0.57802796671999D-01  -.83955048352543D-02  0.36410910499309D-01
  -.20466541174355D-01  -.96458259407226D-01  -.63989058782623D-01
  0.17097592003626D-02  -.14746321851786D+00  -.13703415335650D-01
  0.61257619025636D-01  0.24957918332570D-01  0.40964266941147D-01
  0.11007529416835D-01  -.49259765044291D-01  0.36482963133017D-01
  0.21293937005593D-01  0.13181015001525D+00  -.68582994885583D-01
  0.14476091790367D-01  -.13473136506463D+00  0.84183767797080D-03
  -.49222770160104D-01  -.11488592750012D+00  -.28567691255778D-01
  0.34670107829688D-01  -.79683464448031D-02  0.51927301548702D-01
  0.61257619025640D-01  0.24957918332608D-01  -.40964266941149D-01
  0.11007529416836D-01  -.49259765044290D-01  -.36482963133017D-01
  -.21293937005593D-01  -.13181015001525D+00  -.68582994885584D-01
  0.31548974524348D-01  0.83542055858703D-01  -.35879262747752D-01
  0.20341891165230D-01  -.10771468052835D+00  0.86518524118576D-01
  0.21107913467520D-01  0.82355158103985D-01  0.10800351968093D-01
  0.57802796671999D-01  -.83955048352543D-02  -.36410910499310D-01
  -.20466541174355D-01  -.96458259407226D-01  0.63989058782623D-01
  -.17097592003628D-02  0.14746321851786D+00  -.13703415335650D-01
  0.30350422925482D-01  0.26745696432266D-01  0.23295652857213D-01
  0.26301785378850D-01  0.58490710446409D-02  -.83699635987234D-01
  0.65448405610019D-01  -.36889204200618D-01  -.44374906634017D-01
  -.76845304485493D-01  0.11680733954524D+00  0.72680856785877D-01
  0.14507206142355D-01  -.62682685778496D-02  -.37412675692002D-02
  0.71618927603487D-01  -.16967765443210D-01  0.47270513097916D-01
  0.59517358416542D-01  -.16575317578818D-02  -.22132116021140D-01
  0.12037235112603D-01  -.36530492723882D-02  -.48236401148041D-01
  -.47022670354633D-01  0.50018778437152D-01  -.13272493988819D+00
  -.12022335801103D+00  -.61018736453815D-01  0.55139745081996D-01
  0.38485749457522D-01  -.33797608068679D-02  0.82345365446826D-02
  0.40230518730884D-01  -.10804118493512D-02  0.57014100338164D-01
  0.30350422925482D-01  0.26745696432266D-01  -.23295652857213D-01
  0.26301785378850D-01  0.58490710446395D-02  0.83699635987234D-01
  -.65448405610019D-01  0.36889204200616D-01  -.44374906634017D-01
  -.21668556091528D+00  -.16908483205907D+00  0.18258734847081D-02
  -.93066539353291D-01  -.25781102028503D-01  0.25477472795899D-01
  -.63031599186995D-01  -.16260411967549D-01  -.10761284826510D-02
  -.18561965993089D+00  0.19953995014554D+00  -.57676113396642D-02
  0.91563936536832D-01  -.78660183089970D-01  -.36605750631965D-01
  -.52830515909861D-01  -.14657315462721D-01  0.11964392496181D-01
  -.44270038340281D-01  -.13105344394744D+00  -.97042586638410D-01
  -.44400770179836D-01  -.21254451099758D+00  -.71210866759815D-01
  -.83880881378149D-01  -.13722603320811D+00  -.33600199596993D-01
  -.18561965993089D+00  0.19953995014554D+00  0.57676113396643D-02
  0.91563936536832D-01  -.78660183089970D-01  0.36605750631965D-01
  0.52830515909862D-01  0.14657315462722D-01  0.11964392496181D-01
  0.11202286205186D-01  0.13184112573114D-01  -.69682581647936D-01
  -.21278924637011D-01  -.11841018272001D+00  0.95978881387237D-01
  -.36743766518965D-01  0.20719661034412D+00  -.15132719090858D+00
  -.21668556091528D+00  -.16908483205907D+00  -.18258734847081D-02
  -.93066539353291D-01  -.25781102028506D-01  -.25477472795899D-01
  0.63031599186995D-01  0.16260411967549D-01  -.10761284826511D-02
$end
