$coord
    0.00000000000000      0.00000000000000      0.00000000000000  mo
    0.00000000000000      0.00000000000000     -6.47941665538250  y
    2.41103029013421      2.36061125420209     -2.56308167632164  s
   -2.41103029013421     -2.36061125420209     -2.56308167632164  s
    2.41103029013421     -2.36061125420209      2.56308167632164  s
   -2.41103029013421      2.36061125420209      2.56308167632164  s
    4.59699398592596     -2.01927239484100     -7.02443106441910  c
    3.06288079342631     -3.99999322012293     -6.04288034982049  c
    1.23426624026099     -4.64404806399740     -7.91907549526561  c
    1.67591769918524     -3.09997568377195    -10.08897431576682  c
    3.74116681267121     -1.44934660206031     -9.52150766521468  c
   -1.23426624026099      4.64404806399740     -7.91907549526561  c
   -3.06288079342631      3.99999322012293     -6.04288034982049  c
   -4.59699398592596      2.01927239484100     -7.02443106441910  c
   -3.74116681267121      1.44934660206031     -9.52150766521468  c
   -1.67591769918524      3.09997568377195    -10.08897431576682  c
   -0.68393307519580     -6.72992939028462     -7.70437239623615  c
    0.51422594843778     -3.53032951852003    -12.64316401345016  c
    3.45720814343878     -5.33606382993870     -3.57498615343099  c
    5.08115225120934      0.28912971423356    -11.32813892877505  c
    6.89631470483399     -0.91841346100471     -5.77393458536881  c
   -0.51422594843778      3.53032951852003    -12.64316401345016  c
   -3.45720814343878      5.33606382993870     -3.57498615343099  c
   -6.89631470483399      0.91841346100471     -5.77393458536881  c
   -5.08115225120934     -0.28912971423355    -11.32813892877505  c
    4.72500291171245     -6.97973123485452     -3.82181727946341  h
    1.66524532105034     -6.01813077423025     -2.77379319935130  h
   -1.66524532105034      6.01813077423025     -2.77379319935130  h
   -4.72500291171245      6.97973123485452     -3.82181727946341  h
    4.30895857539410     -4.08772681024784     -2.15049153363761  h
   -4.30895857539410      4.08772681024784     -2.15049153363761  h
    7.21139624744180      1.05851909057712     -6.33938721045160  h
    8.61068280634598     -1.99885823064688     -6.29002041369061  h
    6.71747718552700     -0.94224785994229     -3.70426374327556  h
   -7.21139624744180     -1.05851909057712     -6.33938721045160  h
   -8.61068280634598      1.99885823064688     -6.29002041369061  h
   -6.71747718552700      0.94224785994229     -3.70426374327556  h
    0.68393307519580      6.72992939028462     -7.70437239623615  c
   -0.10853096554411      8.56666727470093     -8.31111718354482  h
    2.35807846362477      6.36456533438843     -8.88750913760152  h
    1.34058816633548      6.94041625078584     -5.74233815179528  h
    0.10853096554411     -8.56666727470093     -8.31111718354482  h
   -2.35807846362477     -6.36456533438843     -8.88750913760152  h
    3.99991570588392      0.55768288946173    -13.07953043117444  h
   -3.99991570588392     -0.55768288946173    -13.07953043117444  h
   -1.60572965487256      4.95776189671045    -13.71189272205343  h
    1.60572965487256     -4.95776189671045    -13.71189272205343  h
   -1.34058816633548     -6.94041625078584     -5.74233815179528  h
    0.00000000000000      0.00000000000000      6.47941665538250  y
    1.23426624026099      4.64404806399740      7.91907549526561  c
   -1.23426624026099     -4.64404806399740      7.91907549526561  c
    4.59699398592596      2.01927239484100      7.02443106441910  c
   -4.59699398592596     -2.01927239484100      7.02443106441910  c
    3.06288079342631      3.99999322012293      6.04288034982049  c
   -3.06288079342631     -3.99999322012293      6.04288034982049  c
    3.74116681267121      1.44934660206031      9.52150766521468  c
   -3.74116681267121     -1.44934660206031      9.52150766521468  c
    1.67591769918524      3.09997568377195     10.08897431576682  c
   -1.67591769918524     -3.09997568377195     10.08897431576682  c
    6.89631470483399      0.91841346100471      5.77393458536881  c
   -6.89631470483399     -0.91841346100471      5.77393458536881  c
   -0.68393307519580      6.72992939028462      7.70437239623615  c
    0.68393307519580     -6.72992939028462      7.70437239623615  c
    5.08115225120934     -0.28912971423356     11.32813892877505  c
   -5.08115225120934      0.28912971423355     11.32813892877505  c
    0.51422594843778      3.53032951852003     12.64316401345016  c
   -0.51422594843778     -3.53032951852003     12.64316401345016  c
    3.45720814343878      5.33606382993870      3.57498615343099  c
   -3.45720814343878     -5.33606382993870      3.57498615343099  c
    4.72500291171245      6.97973123485452      3.82181727946341  h
   -4.72500291171245     -6.97973123485452      3.82181727946341  h
    4.30895857539410      4.08772681024784      2.15049153363761  h
   -4.30895857539410     -4.08772681024784      2.15049153363761  h
    1.66524532105034      6.01813077423025      2.77379319935130  h
   -1.66524532105034     -6.01813077423025      2.77379319935130  h
   -2.35807846362477      6.36456533438843      8.88750913760152  h
    2.35807846362477     -6.36456533438843      8.88750913760152  h
    7.21139624744180     -1.05851909057712      6.33938721045160  h
   -7.21139624744180      1.05851909057712      6.33938721045160  h
    0.10853096554411      8.56666727470093      8.31111718354482  h
   -0.10853096554411     -8.56666727470093      8.31111718354482  h
    8.61068280634598      1.99885823064688      6.29002041369061  h
   -8.61068280634598     -1.99885823064688      6.29002041369061  h
   -1.34058816633548      6.94041625078584      5.74233815179528  h
    1.34058816633548     -6.94041625078584      5.74233815179528  h
    6.71747718552700      0.94224785994229      3.70426374327556  h
   -6.71747718552700     -0.94224785994229      3.70426374327556  h
    5.42954983172717     -2.17427395498863     10.50924472342404  h
   -1.43386971306618     -4.23921123487758    -12.50194274000080  h
    1.43386971306618      4.23921123487758    -12.50194274000080  h
    0.47491539620797      1.80575192994048     13.80107494211533  h
   -0.47491539620797     -1.80575192994048     13.80107494211533  h
    3.99991570588392     -0.55768288946173     13.07953043117444  h
    0.47491539620797     -1.80575192994048    -13.80107494211533  h
   -3.99991570588392      0.55768288946173     13.07953043117444  h
   -0.47491539620797      1.80575192994048    -13.80107494211533  h
   -5.42954983172717      2.17427395498863     10.50924472342404  h
    1.43386971306618     -4.23921123487758     12.50194274000080  h
   -5.42954983172717     -2.17427395498863    -10.50924472342404  h
   -1.43386971306618      4.23921123487758     12.50194274000080  h
    5.42954983172717      2.17427395498863    -10.50924472342404  h
   -6.94712590074057     -0.48507854277405     11.86184210534855  h
    6.94712590074057      0.48507854277405     11.86184210534855  h
   -1.60572965487256     -4.95776189671045     13.71189272205343  h
   -6.94712590074057      0.48507854277405    -11.86184210534855  h
    1.60572965487256      4.95776189671045     13.71189272205343  h
    6.94712590074057     -0.48507854277405    -11.86184210534855  h
$user-defined bonds
$redundant
     number_of_atoms           107
     degrees_of_freedom         79
     internal_coordinates       98
     frozen_coordinates          0
# definitions of redundant internals
   1 k  2.0000000000000 stre  19   30           val=   2.07678
   2 k  2.0000000000000 stre  19   27           val=   2.07804
   3 k  2.0000000000000 stre  19   26           val=   2.09042
   4 k  2.0000000000000 stre  21   34           val=   2.07752
   5 k  2.0000000000000 stre  21   32           val=   2.08021
   6 k  2.0000000000000 stre  17   48           val=   2.07968
   7 k  2.0000000000000 stre  17   43           val=   2.08232
   8 k  2.0000000000000 stre  20   44           val=   2.07571
   9 k  2.0000000000000 stre  18   89           val=   2.07787
  10 k  2.0000000000000 stre  18   47           val=   2.09072
  11 k  2.0000000000000 stre   9   17           val=   2.84192
  12 k  2.0000000000000 stre  11   20           val=   2.84285
  13 k  2.0000000000000 stre  18   94           val=   2.07761
  14 k  2.0000000000000 stre  17   42           val=   2.09039
  15 k  2.0000000000000 stre  21   33           val=   2.09112
  16 k  2.0000000000000 stre  20  101           val=   2.08464
  17 k  2.0000000000000 stre  10   18           val=   2.83877
  18 k  2.0000000000000 stre   8   19           val=   2.83392
  19 k  2.0000000000000 stre  20  107           val=   2.08952
  20 k  2.0000000000000 stre   7   21           val=   2.83946
  21 k  0.8921361996458 bend 101   44   20      val=   2.00285
        0.8288651954514 bend 107   44   20
        0.8209394660590 bend 107  101   20
       -0.7829954713580 bend  11   44   20
       -0.7833300267798 bend  11  101   20
       -0.7851407791572 bend  11  107   20
  22 k  0.8931217152968 bend  89   94   18      val=   2.01122
        0.8251739420416 bend  47   94   18
        0.8232787343618 bend  47   89   18
       -0.7830793854562 bend  10   94   18
       -0.7831469727302 bend  10   89   18
       -0.7855578831412 bend  10   47   18
  23 k  0.8322616576566 bend  27   30   19      val=   1.80337
        0.8484952535634 bend  26   30   19
        0.8509165020000 bend  26   27   19
       -0.7978724184318 bend   8   30   19
       -0.7972085481416 bend   8   27   19
       -0.7688924366744 bend   8   26   19
  24 k  0.8500724390320 bend  43   48   17      val=   1.75734
        0.8537424938038 bend  42   48   17
        0.8282479636202 bend  42   43   17
       -0.7874676829884 bend   9   48   17
       -0.7958672843536 bend   9   43   17
       -0.7803818471592 bend   9   42   17
  25 k  0.8473823821536 bend  32   34   21      val=   1.85443
        0.8557275381796 bend  33   34   21
        0.8283742118416 bend  33   32   21
       -0.7882073510006 bend   7   34   21
       -0.7969537386580 bend   7   32   21
       -0.7791428330162 bend   7   33   21
  26 k  0.6666666666667 tors  34   21    7    2 val=  61.29541
        0.6666666666667 tors  34   21    7    8
        0.6666666666667 tors  34   21    7   11
        0.6666666666667 tors  32   21    7    2
        0.6666666666667 tors  32   21    7    8
        0.6666666666667 tors  32   21    7   11
        0.6666666666667 tors  33   21    7    2
        0.6666666666667 tors  33   21    7    8
        0.6666666666667 tors  33   21    7   11
  27 k  0.6666666666667 tors  48   17    9    2 val=  61.94589
        0.6666666666667 tors  48   17    9    8
        0.6666666666667 tors  48   17    9   10
        0.6666666666667 tors  43   17    9    2
        0.6666666666667 tors  43   17    9    8
        0.6666666666667 tors  43   17    9   10
        0.6666666666667 tors  42   17    9    2
        0.6666666666667 tors  42   17    9    8
        0.6666666666667 tors  42   17    9   10
  28 k  0.6666666666667 tors  44   20   11    2 val=  79.98415
        0.6666666666667 tors  44   20   11    7
        0.6666666666667 tors  44   20   11   10
        0.6666666666667 tors 101   20   11    2
        0.6666666666667 tors 101   20   11    7
        0.6666666666667 tors 101   20   11   10
        0.6666666666667 tors 107   20   11    2
        0.6666666666667 tors 107   20   11    7
        0.6666666666667 tors 107   20   11   10
  29 k  0.6666666666667 tors  94   18   10    2 val=  60.54637
        0.6666666666667 tors  94   18   10    9
        0.6666666666667 tors  94   18   10   11
        0.6666666666667 tors  89   18   10    2
        0.6666666666667 tors  89   18   10    9
        0.6666666666667 tors  89   18   10   11
        0.6666666666667 tors  47   18   10    2
        0.6666666666667 tors  47   18   10    9
        0.6666666666667 tors  47   18   10   11
  30 k  0.6666666666667 tors  30   19    8    2 val=  57.82328
        0.6666666666667 tors  30   19    8    7
        0.6666666666667 tors  30   19    8    9
        0.6666666666667 tors  27   19    8    2
        0.6666666666667 tors  27   19    8    7
        0.6666666666667 tors  27   19    8    9
        0.6666666666667 tors  26   19    8    2
        0.6666666666667 tors  26   19    8    7
        0.6666666666667 tors  26   19    8    9
  31 k  0.0290097674428 bend  27   30   19      val=  -0.06096
        1.1811143063104 bend  26   30   19
       -1.2067374428592 bend  26   27   19
        0.7652825225816 bend   8   30   19
       -0.7496307985758 bend   8   27   19
       -0.0175641476060 bend   8   26   19
  32 k -1.3638197297577 bend  27   30   19      val=   0.41234
        0.6922197321092 bend  26   30   19
        0.6458626175304 bend  26   27   19
       -0.4271262540360 bend   8   30   19
       -0.4594622668676 bend   8   27   19
        0.9220339770948 bend   8   26   19
  33 k  0.0019160415750 bend  32   34   21      val=   0.06780
       -1.1802132215160 bend  33   34   21
        1.2058830046030 bend  33   32   21
       -0.7709077863086 bend   7   34   21
        0.7474151711096 bend   7   32   21
        0.0033176432704 bend   7   33   21
  34 k -0.3468228535284 bend  89   94   18      val=   0.03379
       -0.9570594410808 bend  47   94   18
        1.3263574891603 bend  47   89   18
       -0.8665767506852 bend  10   94   18
        0.6367019974544 bend  10   89   18
        0.2195045490792 bend  10   47   18
  35 k -0.0070792375102 bend  43   48   17      val=   0.10653
       -1.1758859510030 bend  42   48   17
        1.2085227065792 bend  42   43   17
       -0.7742974978026 bend   9   48   17
        0.7463938665016 bend   9   43   17
        0.0086350018904 bend   9   42   17
  36 k -0.3300923875960 bend 101   44   20      val=   0.20510
       -0.9659015077386 bend 107   44   20
        1.3231517850018 bend 107  101   20
       -0.8659068891398 bend  11   44   20
        0.6426403138618 bend  11  101   20
        0.2110955546328 bend  11  107   20
  37 k -1.3545959755376 bend  32   34   21      val=   0.34178
        0.6886119663780 bend  33   34   21
        0.6689856262032 bend  33   32   21
       -0.4485597076574 bend   7   34   21
       -0.4552270344038 bend   7   32   21
        0.9137308523662 bend   7   33   21
  38 k -1.3525814353144 bend  43   48   17      val=   0.35407
        0.6967908900932 bend  42   48   17
        0.6634572859056 bend  42   43   17
       -0.4451076811138 bend   9   48   17
       -0.4616349581202 bend   9   43   17
        0.9130184356076 bend   9   42   17
  39 k -1.2829257458828 bend  89   94   18      val=   1.00256
        0.9828034614362 bend  47   94   18
        0.3874311603380 bend  47   89   18
       -0.2386984889494 bend  10   94   18
       -0.6529943876368 bend  10   89   18
        0.8687446942730 bend  10   47   18
  40 k -1.2877689805752 bend 101   44   20      val=   1.09039
        0.9722215046630 bend 107   44   20
        0.3993721084884 bend 107  101   20
       -0.2489472743156 bend  11   44   20
       -0.6442549755108 bend  11  101   20
        0.8717219158890 bend  11  107   20
  41 k -1.4142019577704 bend   7   19    8      val=   0.16763
        1.4142233940282 bend   9   19    8
        0.0022392904824 bend   2   19    8
  42 k  1.4142549618809 bend   8   17    9      val=   0.15091
       -1.4141171035139 bend  10   17    9
        0.0124787958130 bend   2   17    9
  43 k  1.4142991806432 bend   8   21    7      val=   0.62739
       -1.4140870100246 bend  11   21    7
        0.0107589828388 bend   2   21    7
  44 k  1.4136365603806 bend   9   18   10      val=   0.57387
       -1.4144098372614 bend  11   18   10
        0.0328098676208 bend   2   18   10
  45 k  1.4135308168040 bend   7   20   11      val=   0.26348
       -1.4145032408760 bend  10   20   11
        0.0333348390856 bend   2   20   11
  46 k  0.0730911175008 bend 101   44   20      val=   0.44560
        0.7372280492754 bend 107   44   20
       -0.8146641849192 bend 107  101   20
       -1.2360261296206 bend  11   44   20
        1.1148248555184 bend  11  101   20
        0.1299219231988 bend  11  107   20
  47 k  0.0822587744888 bend  89   94   18      val=  -0.09536
        0.7325423966514 bend  47   94   18
       -0.8170625769730 bend  47   89   18
       -1.2440462169636 bend  10   94   18
        1.1046135205118 bend  10   89   18
        0.1456085739198 bend  10   47   18
  48 k -0.9036601147920 bend  27   30   19      val=   0.89679
        0.4732187322624 bend  26   30   19
        0.4508228707164 bend  26   27   19
        0.6600191173494 bend   8   30   19
        0.6905216600528 bend   8   27   19
       -1.3578570504072 bend   8   26   19
  49 k -0.0110374101212 bend  27   30   19      val=   0.09516
       -0.7521340476008 bend  26   30   19
        0.7629590780564 bend  26   27   19
        1.2037177719248 bend   8   30   19
       -1.1843904269136 bend   8   27   19
       -0.0186771897406 bend   8   26   19
  50 k -0.1181340483644 bend  43   48   17      val=   0.54121
        0.8125609486352 bend  42   48   17
       -0.6942479846848 bend  42   43   17
       -1.0895698544176 bend   9   48   17
        1.2748449838592 bend   9   43   17
       -0.1772472471010 bend   9   42   17
  51 k -0.1155890117134 bend  32   34   21      val=   0.51723
        0.8100384792398 bend  33   34   21
       -0.6947486886150 bend  33   32   21
       -1.0919159585678 bend   7   34   21
        1.2748419366178 bend   7   32   21
       -0.1740651552012 bend   7   33   21
  52 k  0.8898957472192 bend 101   44   20      val=  -0.22014
       -0.5392628069846 bend 107   44   20
       -0.3855019166236 bend 107  101   20
       -0.5629906694698 bend  11   44   20
       -0.7667404670350 bend  11  101   20
        1.3652179381566 bend  11  107   20
  53 k  0.8884053639170 bend  89   94   18      val=  -0.32552
       -0.5489268502682 bend  47   94   18
       -0.3750080121776 bend  47   89   18
       -0.5495835109876 bend  10   94   18
       -0.7782958515038 bend  10   89   18
        1.3641839117960 bend  10   47   18
  54 k -0.8975920803915 bend  32   34   21      val=   0.40842
        0.3557933273210 bend  33   34   21
        0.5583444642736 bend  33   32   21
        0.8200906518234 bend   7   34   21
        0.5151372029214 bend   7   32   21
       -1.3483604894929 bend   7   33   21
  55 k -0.8979283143488 bend  43   48   17      val=  -0.04902
        0.3541554802316 bend  42   48   17
        0.5599733023576 bend  42   43   17
        0.8224078814428 bend   9   48   17
        0.5114947691736 bend   9   43   17
       -1.3478675440888 bend   9   42   17
  56 k -0.1177390138716 bend   7   19    8      val=  95.63858
       -0.1208927491700 bend   9   19    8
        1.9928679002409 bend   2   19    8
  57 k -0.2709629668530 bend   9   18   10      val=  76.13255
       -0.2251465298304 bend  11   18   10
        1.9687275359225 bend   2   18   10
  58 k -0.2702775152204 bend   7   20   11      val=  73.88253
       -0.2236896287988 bend  10   20   11
        1.9689878147754 bend   2   20   11
  59 k -0.1482335406302 bend   8   21    7      val=  91.58514
       -0.1331146085388 bend  11   21    7
        1.9900520893750 bend   2   21    7
  60 k -0.1462798902628 bend   8   17    9      val=  89.68140
       -0.1287292282220 bend  10   17    9
        1.9904851116012 bend   2   17    9
  61 k  1.1547005383793 tors   2    3    1    4 val= 120.35747
        1.1547005383793 tors   2    3    1    5
        1.1547005383793 tors   2    3    1    6
  62 k  0.6030226891555 tors   1    3    2    4 val=  98.91288
        0.6030226891555 tors   1    3    2    7
        0.6030226891555 tors   1    3    2    8
        0.6030226891555 tors   1    3    2    9
        0.6030226891555 tors   1    3    2   10
        0.6030226891555 tors   1    3    2   11
        0.6030226891555 tors   1    3    2   12
        0.6030226891555 tors   1    3    2   13
        0.6030226891555 tors   1    3    2   14
        0.6030226891555 tors   1    3    2   15
        0.6030226891555 tors   1    3    2   16
  63 k  0.5000000000000 tors   8    9    2    3 val=  80.74902
        0.5000000000000 tors   8    9    2    4
        0.5000000000000 tors   8    9    2    7
        0.5000000000000 tors   8    9    2   11
        0.5000000000000 tors   8    9    2   13
        0.5000000000000 tors   8    9    2   14
        0.5000000000000 tors   8    9    2   15
        0.5000000000000 tors   8    9    2   16
        0.5000000000000 tors  10    9    2    3
        0.5000000000000 tors  10    9    2    4
        0.5000000000000 tors  10    9    2    7
        0.5000000000000 tors  10    9    2   11
        0.5000000000000 tors  10    9    2   13
        0.5000000000000 tors  10    9    2   14
        0.5000000000000 tors  10    9    2   15
        0.5000000000000 tors  10    9    2   16
  64 k  0.5000000000000 tors   7    8    2    3 val=  60.50977
        0.5000000000000 tors   7    8    2    4
        0.5000000000000 tors   7    8    2   10
        0.5000000000000 tors   7    8    2   11
        0.5000000000000 tors   7    8    2   12
        0.5000000000000 tors   7    8    2   14
        0.5000000000000 tors   7    8    2   15
        0.5000000000000 tors   7    8    2   16
        0.5000000000000 tors   9    8    2    3
        0.5000000000000 tors   9    8    2    4
        0.5000000000000 tors   9    8    2   10
        0.5000000000000 tors   9    8    2   11
        0.5000000000000 tors   9    8    2   12
        0.5000000000000 tors   9    8    2   14
        0.5000000000000 tors   9    8    2   15
        0.5000000000000 tors   9    8    2   16
  65 k  0.5000000000000 tors   8    7    2    3 val=  72.30057
        0.5000000000000 tors   8    7    2    4
        0.5000000000000 tors   8    7    2    9
        0.5000000000000 tors   8    7    2   10
        0.5000000000000 tors   8    7    2   12
        0.5000000000000 tors   8    7    2   13
        0.5000000000000 tors   8    7    2   15
        0.5000000000000 tors   8    7    2   16
        0.5000000000000 tors  11    7    2    3
        0.5000000000000 tors  11    7    2    4
        0.5000000000000 tors  11    7    2    9
        0.5000000000000 tors  11    7    2   10
        0.5000000000000 tors  11    7    2   12
        0.5000000000000 tors  11    7    2   13
        0.5000000000000 tors  11    7    2   15
        0.5000000000000 tors  11    7    2   16
  66 k  0.4714045207910 tors   9   10    2    3 val= 105.26738
        0.4714045207910 tors   9   10    2    4
        0.4714045207910 tors   9   10    2    7
        0.4714045207910 tors   9   10    2    8
        0.4714045207910 tors   9   10    2   12
        0.4714045207910 tors   9   10    2   13
        0.4714045207910 tors   9   10    2   14
        0.4714045207910 tors   9   10    2   15
        0.4714045207910 tors   9   10    2   16
        0.4714045207910 tors  11   10    2    3
        0.4714045207910 tors  11   10    2    4
        0.4714045207910 tors  11   10    2    7
        0.4714045207910 tors  11   10    2    8
        0.4714045207910 tors  11   10    2   12
        0.4714045207910 tors  11   10    2   13
        0.4714045207910 tors  11   10    2   14
        0.4714045207910 tors  11   10    2   15
        0.4714045207910 tors  11   10    2   16
  67 k  0.4714045207910 tors   7   11    2    3 val=  71.52979
        0.4714045207910 tors   7   11    2    4
        0.4714045207910 tors   7   11    2    8
        0.4714045207910 tors   7   11    2    9
        0.4714045207910 tors   7   11    2   12
        0.4714045207910 tors   7   11    2   13
        0.4714045207910 tors   7   11    2   14
        0.4714045207910 tors   7   11    2   15
        0.4714045207910 tors   7   11    2   16
        0.4714045207910 tors  10   11    2    3
        0.4714045207910 tors  10   11    2    4
        0.4714045207910 tors  10   11    2    8
        0.4714045207910 tors  10   11    2    9
        0.4714045207910 tors  10   11    2   12
        0.4714045207910 tors  10   11    2   13
        0.4714045207910 tors  10   11    2   14
        0.4714045207910 tors  10   11    2   15
        0.4714045207910 tors  10   11    2   16
  68 k  2.0000000000000 stre   1    3           val=   4.23733
  69 k -1.1332895165588 bend   4    3    1      val=   5.89243
        0.5938569414966 bend   5    3    1
        0.6024855223940 bend   6    3    1
  70 k -0.0046734175032 bend   4    3    1      val=  -0.75938
        1.0027759546207 bend   5    3    1
       -0.9972053670150 bend   6    3    1
  71 k  2.0000000000000 stre   2    3           val=   5.16945
  72 k  2.0000000000000 stre   2    9           val=   5.01629
  73 k  2.0000000000000 stre   2    8           val=   5.05685
  74 k  2.0000000000000 stre   9    8           val=   2.69792
  75 k  2.0000000000000 stre   2    7           val=   5.05043
  76 k  2.0000000000000 stre   8    7           val=   2.69076
  77 k  2.0000000000000 stre   2   10           val=   5.04455
  78 k  2.0000000000000 stre   9   10           val=   2.69957
  79 k  2.0000000000000 stre   2   11           val=   5.03500
  80 k  2.0000000000000 stre   7   11           val=   2.70049
  81 k  2.0000000000000 stre  10   11           val=   2.70404
  82 k -0.4000733724992 bend   4    3    2      val=  54.70940
       -0.3012564737506 bend   9    3    2
       -0.1641417726026 bend   9    4    2
       -0.2660368298848 bend   8    3    2
       -0.2639763520816 bend   8    4    2
        0.1792850804605 bend   8   12    2
       -0.1670415605813 bend   7    3    2
       -0.3041615711999 bend   7    4    2
        0.0395461435764 bend   7    9    2
        0.2673873489767 bend   7   12    2
        0.1523505277494 bend   7   13    2
       -0.1013821333160 bend  10    3    2
       -0.0664358334690 bend  10    4    2
        0.5903453232363 bend  10   12    2
        0.0635176745031 bend  10    8    2
        0.1064242447761 bend  10    7    2
        0.5434543708554 bend  16    8    2
        0.4562885574247 bend  16    7    2
        0.5409577872716 bend  16   10    2
       -0.0700623549375 bend  11    3    2
       -0.1102707552297 bend  11    4    2
        0.1074598678018 bend  11    9    2
        0.0619659217560 bend  11    8    2
        0.4510835538744 bend  15    9    2
        0.5316575806489 bend  15    8    2
        0.5954563074510 bend  15    7    2
        0.4844904555825 bend  15   10    2
        0.5466400407820 bend  15   11    2
  83 k -0.0142982556029 bend   4    3    2      val=   1.58110
        0.5789229755867 bend   9    3    2
       -0.4884592562103 bend   9    4    2
        0.5692730439011 bend   8    3    2
       -0.5759288322483 bend   8    4    2
       -0.0092834200293 bend   8   12    2
        0.4942629347501 bend   7    3    2
       -0.5849898911977 bend   7    4    2
        0.0016401051594 bend   7    9    2
        0.0019874819412 bend   7   12    2
        0.0111086736931 bend   7   13    2
        0.7386410925405 bend  10    3    2
       -0.3582795946312 bend  10    4    2
       -0.1837697540177 bend  10   12    2
        0.2103508274620 bend  10    8    2
        0.1908424250138 bend  10    7    2
       -0.2050259259215 bend  16    8    2
       -0.1732117475661 bend  16    7    2
       -0.3518998011401 bend  16   10    2
        0.3697069047898 bend  11    3    2
       -0.7343750201849 bend  11    4    2
       -0.1764312598533 bend  11    9    2
       -0.1968894712238 bend  11    8    2
        0.1706596529432 bend  15    9    2
        0.2041708597753 bend  15    8    2
        0.1844239668658 bend  15    7    2
       -0.0077551286683 bend  15   10    2
        0.3350300324938 bend  15   11    2
  84 k -0.0151093763616 bend   4    3    2      val=   2.05269
       -0.2350641799593 bend   9    3    2
        0.2839834442403 bend   9    4    2
       -0.3181887257468 bend   8    3    2
        0.3098002108133 bend   8    4    2
       -0.0673823554044 bend   8   12    2
       -0.2856980378216 bend   7    3    2
        0.2229198542845 bend   7    4    2
        0.0015470858328 bend   7    9    2
        0.0050932752475 bend   7   12    2
        0.0719017731566 bend   7   13    2
        0.0426301526996 bend  10    3    2
        0.4108315823656 bend  10    4    2
       -0.3867690323422 bend  10   12    2
        0.3979316333192 bend  10    8    2
        0.2917629563881 bend  10    7    2
       -0.3860883483859 bend  16    8    2
       -0.2749296320703 bend  16    7    2
       -0.7175798912111 bend  16   10    2
       -0.3926680803713 bend  11    3    2
       -0.0325514586083 bend  11    4    2
       -0.2688856940454 bend  11    9    2
       -0.3788211248531 bend  11    8    2
        0.2756798242158 bend  15    9    2
        0.3841791430604 bend  15    8    2
        0.3885595594028 bend  15    7    2
       -0.0082513177536 bend  15   10    2
        0.6933671822476 bend  15   11    2
  85 k -0.7604306249601 bend   4    3    2      val=   6.86470
       -0.2659749591652 bend   9    3    2
        0.0950229820694 bend   9    4    2
       -0.2929781007063 bend   8    3    2
       -0.2974536996309 bend   8    4    2
        0.2319160146034 bend   8   12    2
        0.0843177198242 bend   7    3    2
       -0.2557952933001 bend   7    4    2
       -0.1281112619489 bend   7    9    2
        0.2705846722132 bend   7   12    2
        0.1812408021696 bend   7   13    2
        0.3179770329550 bend  10    3    2
        0.3646526479059 bend  10    4    2
       -0.0335250017337 bend  10   12    2
        0.5683192076693 bend  10    8    2
        0.2359588041243 bend  10    7    2
        0.0999662825776 bend  16    8    2
       -0.0358886592462 bend  16    7    2
       -0.4345039717274 bend  16   10    2
        0.3727919393645 bend  11    3    2
        0.3302495936643 bend  11    4    2
        0.2324524525488 bend  11    9    2
        0.5895671379404 bend  11    8    2
       -0.0444750807370 bend  15    9    2
        0.0674485217146 bend  15    8    2
       -0.0594410665171 bend  15    7    2
       -0.4871351489010 bend  15   10    2
       -0.4694895424761 bend  15   11    2
  86 k  0.1501055030872 bend   4    3    2      val= -13.20958
        0.2298510091083 bend   9    3    2
       -0.4387706353146 bend   9    4    2
       -0.2050119985423 bend   8    3    2
       -0.2172946189221 bend   8    4    2
       -0.3699364061753 bend   8   12    2
       -0.4530994246671 bend   7    3    2
        0.2053815331813 bend   7    4    2
        1.0232769696870 bend   7    9    2
       -0.8098670584416 bend   7   12    2
       -0.3964735080165 bend   7   13    2
        0.1078930996651 bend  10    3    2
       -0.1720794892772 bend  10    4    2
        0.1271302914397 bend  10   12    2
        0.3233764718535 bend  10    8    2
        0.6087054660952 bend  10    7    2
        0.1879240014518 bend  16    8    2
       -0.2728513826565 bend  16    7    2
        0.0303929674122 bend  16   10    2
       -0.1858032793551 bend  11    3    2
        0.1197742862488 bend  11    4    2
        0.6245775268217 bend  11    9    2
        0.3366192314624 bend  11    8    2
       -0.3182687334042 bend  15    9    2
        0.1615347421586 bend  15    8    2
        0.1644074934368 bend  15    7    2
       -0.1465252521930 bend  15   10    2
        0.0421146171711 bend  15   11    2
  87 k  1.1222310016521 bend   4    3    2      val=  11.99188
       -0.1283102407782 bend   9    3    2
       -0.2582770714733 bend   9    4    2
       -0.1301348817543 bend   8    3    2
       -0.1905572502839 bend   8    4    2
        0.3567151709044 bend   8   12    2
       -0.2551296866589 bend   7    3    2
       -0.0518717768684 bend   7    4    2
       -0.3426355133256 bend   7    9    2
        0.4379638117311 bend   7   12    2
        0.1905631514487 bend   7   13    2
       -0.0385528169913 bend  10    3    2
       -0.3614536235959 bend  10    4    2
        0.0797164374232 bend  10   12    2
        0.3583771506096 bend  10    8    2
        0.1065392151507 bend  10    7    2
        0.1096931914956 bend  16    8    2
        0.0340895316536 bend  16    7    2
       -0.2029726227174 bend  16   10    2
       -0.3566093890511 bend  11    3    2
       -0.0418602237234 bend  11    4    2
        0.0601227536041 bend  11    9    2
        0.3703372842900 bend  11    8    2
        0.1245049694436 bend  15    9    2
        0.0858190329488 bend  15    8    2
        0.0340551540949 bend  15    7    2
       -0.2592955395802 bend  15   10    2
       -0.1862952886154 bend  15   11    2
  88 k  0.1138553915709 bend   4    3    2      val=   3.81221
        0.4776654507636 bend   9    3    2
       -0.1218602150890 bend   9    4    2
       -0.3555210762674 bend   8    3    2
        0.3023653201053 bend   8    4    2
       -0.9873762735431 bend   8   12    2
        0.0721447551145 bend   7    3    2
       -0.5190368184912 bend   7    4    2
       -0.0442485270773 bend   7    9    2
        0.0695993624466 bend   7   12    2
        1.0745103434692 bend   7   13    2
       -0.1018316885238 bend  10    3    2
        0.0314564217862 bend  10    4    2
       -0.2749840222869 bend  10   12    2
        0.1602619238686 bend  10    8    2
       -0.2720909221028 bend  10    7    2
       -0.1087253042827 bend  16    8    2
        0.5899061366615 bend  16    7    2
       -0.0063654350834 bend  16   10    2
       -0.0984289570285 bend  11    3    2
        0.1038611095263 bend  11    4    2
        0.3142177807160 bend  11    9    2
       -0.0637402971728 bend  11    8    2
       -0.5679993363799 bend  15    9    2
        0.1584850023656 bend  15    8    2
        0.2784736882625 bend  15    7    2
       -0.0373412331478 bend  15   10    2
       -0.0539037635646 bend  15   11    2
  89 k  0.1211369198223 bend   4    3    2      val=   6.71210
        0.3902109147937 bend   9    3    2
        0.3412110094968 bend   9    4    2
       -0.4690582803876 bend   8    3    2
       -0.4486686506923 bend   8    4    2
        0.0304787320112 bend   8   12    2
        0.3701706017798 bend   7    3    2
        0.4164619464202 bend   7    4    2
       -0.0500013626687 bend   7    9    2
       -0.4102015402454 bend   7   12    2
        0.0517402047652 bend   7   13    2
       -0.2341461121724 bend  10    3    2
        0.0711998399023 bend  10    4    2
       -0.4517783270991 bend  10   12    2
        0.4330119950957 bend  10    8    2
       -0.5794928566575 bend  10    7    2
        0.7079580928116 bend  16    8    2
       -0.2185026812285 bend  16    7    2
        0.0932095220778 bend  16   10    2
        0.0785734216388 bend  11    3    2
       -0.2444464318038 bend  11    4    2
       -0.5572157092667 bend  11    9    2
        0.3974734648936 bend  11    8    2
       -0.1732692149327 bend  15    9    2
        0.7281695019810 bend  15    8    2
       -0.4807413646376 bend  15    7    2
        0.3153963020827 bend  15   10    2
        0.0920034322796 bend  15   11    2
  90 k -0.0157584827722 bend   4    3    2      val=  -4.15065
       -0.4583688414911 bend   9    3    2
       -0.5908250565261 bend   9    4    2
       -0.3318486953814 bend   8    3    2
        0.3418192665904 bend   8    4    2
       -0.4439466045869 bend   8   12    2
        0.5429441766928 bend   7    3    2
        0.4408250870543 bend   7    4    2
        0.0111890010001 bend   7    9    2
       -0.0158104302751 bend   7   12    2
        0.4521114847034 bend   7   13    2
        0.1688672780311 bend  10    3    2
       -0.1607050758409 bend  10    4    2
        0.7108201311353 bend  10   12    2
        0.2340272853165 bend  10    8    2
       -0.2982763385736 bend  10    7    2
       -0.2959687531069 bend  16    8    2
       -0.6254613673072 bend  16    7    2
        0.0582510869450 bend  16   10    2
        0.1409966984976 bend  11    3    2
       -0.1260876593991 bend  11    4    2
        0.3735225786140 bend  11    9    2
       -0.2554318487972 bend  11    8    2
        0.6029406279156 bend  15    9    2
        0.2923479836621 bend  15    8    2
       -0.6605127148907 bend  15    7    2
       -0.0242293452272 bend  15   10    2
       -0.0593169371517 bend  15   11    2
  91 k -0.0289538829417 bend   4    3    2      val=   2.84419
       -0.0318524561289 bend   9    3    2
       -0.4175859558820 bend   9    4    2
        0.3156646298716 bend   8    3    2
       -0.3137882054609 bend   8    4    2
        0.2296532873184 bend   8   12    2
        0.4843619595365 bend   7    3    2
        0.0440974805253 bend   7    4    2
       -0.0431517535545 bend   7    9    2
        0.0057122238945 bend   7   12    2
       -0.2025357876983 bend   7   13    2
       -0.1983518233614 bend  10    3    2
        0.4869892858172 bend  10    4    2
       -0.0469033262033 bend  10   12    2
       -0.1131600427051 bend  10    8    2
       -0.7712949301732 bend  10    7    2
        0.1813878658762 bend  16    8    2
        0.0769172189104 bend  16    7    2
       -0.5219915320635 bend  16   10    2
       -0.5441803858369 bend  11    3    2
        0.2366639589863 bend  11    4    2
        0.7899137703071 bend  11    9    2
        0.1471980028881 bend  11    8    2
       -0.1408402892820 bend  15    9    2
       -0.2404100971149 bend  15    8    2
        0.0357982974911 bend  15    7    2
        0.0076874069764 bend  15   10    2
        0.6106138205414 bend  15   11    2
  92 k -0.2337928104943 bend   4    3    2      val=  10.33426
        0.1164955922086 bend   9    3    2
        0.4756127009597 bend   9    4    2
       -0.0562124944319 bend   8    3    2
       -0.0137592122965 bend   8    4    2
        0.1095831496702 bend   8   12    2
        0.3901611351458 bend   7    3    2
        0.1044481284059 bend   7    4    2
       -0.4369576645921 bend   7    9    2
        0.0966536304000 bend   7   12    2
        0.1420586840965 bend   7   13    2
        0.4809748395948 bend  10    3    2
       -0.6398207822044 bend  10    4    2
        0.0548485600522 bend  10   12    2
        0.0998667381617 bend  10    8    2
        0.2375692548713 bend  10    7    2
       -0.1042544567498 bend  16    8    2
       -0.5333204963089 bend  16    7    2
        0.6070529977345 bend  16   10    2
       -0.5756460399527 bend  11    3    2
        0.4345270799947 bend  11    4    2
        0.1336323057748 bend  11    9    2
        0.1068572225806 bend  11    8    2
       -0.5199922712864 bend  15    9    2
       -0.1094915855295 bend  15    8    2
        0.0581816283271 bend  15    7    2
       -0.2072274786891 bend  15   10    2
        0.5618425897792 bend  15   11    2
  93 k  2.0000000000000 bend   2    1    3      val=  86.47270
  94 k  2.0000000000000 bend  11    8    7      val= 108.17836
  95 k  2.0000000000000 bend   9    7    8      val= 107.96781
  96 k  2.0000000000000 bend  10    8    9      val= 108.15260
  97 k  2.0000000000000 bend  11    9   10      val= 107.78323
  98 k  2.0000000000000 bend  10    7   11      val= 107.89485
        79 non zero eigenvalues  of BmBt
           1           3.651247711    1    0
         1
           2           3.633936298    2    0
         2
           3           3.566631927    3    0
         3
           4           3.516954151    4    0
         4
           5           3.502753826    5    0
         5
           6           3.482070456    6    0
         6
           7           3.450922106    7    0
         7
           8           3.442299719    8    0
         8
           9           3.394100289    9    0
         9
          10           3.380781882   10    0
        10
          11           3.197107567   11    0
        11
          12           3.179710232   12    0
        12
          13           3.173510435   13    0
        13
          14           3.151863945   14    0
        14
          15           3.150523074   15    0
        15
          16           2.064362345   16    0
        16
          17           1.831522901   17    0
        17
          18           1.426334069   18    0
        18
          19           1.423360472   19    0
        19
          20           1.412881889   20    0
        20
          21           1.239759631   21    0
        21
          22           1.222181393   22    0
        22
          23           1.034467362   23    0
        23
          24           1.024810333   24    0
        24
          25           1.010588911   25    0
        25
          26           0.908687906   26    0
        26
          27           0.902328570   27    0
        27
          28           0.776036682   28    0
        28
          29           0.772496838   29    0
        29
          30           0.740690723   30    0
        30
          31           0.737018709   31    0
        31
          32           0.679673448   32    0
        32
          33           0.677751601   33    0
        33
          34           0.676745277   34    0
        34
          35           0.674920466   35    0
        35
          36           0.674824355   36    0
        36
          37           0.673411132   37    0
        37
          38           0.672723625   38    0
        38
          39           0.672032730   39    0
        39
          40           0.671758627   40    0
        40
          41           0.669370508   41    0
        41
          42           0.667597585   42    0
        42
          43           0.663673104   43    0
        43
          44           0.643666516   44    0
        44
          45           0.635860931   45    0
        45
          46           0.629808187   46    0
        46
          47           0.476438085   47    0
        47
          48           0.474510989   48    0
        48
          49           0.454875551   49    0
        49
          50           0.446553915   50    0
        50
          51           0.240713088   51    0
        51
          52           0.198034034   52    0
        52
          53           0.197647449   53    0
        53
          54           0.127290244   54    0
        54
          55           0.108217943   55    0
        55
          56           0.105763613   56    0
        56
          57           0.087086442   57    0
        57
          58           0.079963136   58    0
        58
          59           0.076010421   59    0
        59
          60           0.064735839   60    0
        60
          61           3.034374362    0    0
         0.000000000         0.000000000         0.000000000         0.000000000
         0.000000000         0.000000000         0.000000000         0.000000000
         0.000000000         0.000000000         0.000000000         0.000000000
         0.000000000         0.000000000         0.000000000         0.000000000
         0.000000000         0.000000000         0.000000000         0.000000000
         0.000000000         0.000000000         0.000000000         0.000000000
         0.000000000         0.000000000         0.000000000         0.000000000
         0.000000000         0.000000000         0.000000000         0.000000000
         0.000000000         0.000000000         0.000000000         0.000000000
         0.000000000         0.000000000         0.000000000         0.000000000
         0.000000000         0.000000000         0.000000000         0.000000000
         0.000000000         0.000000000         0.000000000         0.000000000
         0.000000000         0.000000000         0.000000000         0.000000000
         0.000000000         0.000000000         0.000000000         0.000000000
         0.000000000         0.000000000         0.000000000         0.000000000
         0.000010628         0.000525321        -0.162280274        -0.000953192
         0.160983181         0.006517258        -0.006164913         0.010821937
         0.084196313         0.000287772        -0.583817070         0.039589293
        -0.221496363         0.027858176         0.025261853         0.029198984
         0.436395477         0.017406149         0.427208074         0.017601161
        -0.015053453        -0.411166525        -0.001311583        -0.002049884
        -0.030046596         0.017559113         0.005281672        -0.001046848
         0.043434269        -0.002320436        -0.001704090        -0.014396827
        -0.015767033        -0.007643903        -0.002758594        -0.007488777
         0.009193492         0.008723177
          62           1.217514491    0    0
         0.000000000         0.000000000         0.000000000         0.000000000
         0.000000000         0.000000000         0.000000000         0.000000000
         0.000000000         0.000000000         0.000000000         0.000000000
         0.000000000         0.000000000         0.000000000         0.000000000
         0.000000000         0.000000000         0.000000000         0.000000000
         0.000000000         0.000000000         0.000000000         0.000000000
         0.000000000         0.000000000         0.000000000         0.000000000
         0.000000000         0.000000000         0.000000000         0.000000000
         0.000000000         0.000000000         0.000000000         0.000000000
         0.000000000         0.000000000         0.000000000         0.000000000
         0.000000000         0.000000000         0.000000000         0.000000000
         0.000000000         0.000000000         0.000000000         0.000000000
         0.000000000         0.000000000         0.000000000         0.000000000
         0.000000000         0.000000000         0.000000000         0.000000000
         0.000000000         0.000000000         0.000000000         0.000000000
        -0.000081524        -0.000931194         0.009721679         0.000554351
        -0.011395767        -0.049103923         0.051434226        -0.856698691
         0.115181508         0.000517164        -0.238319582        -0.012922694
         0.040978486        -0.012387648        -0.010347064        -0.012192315
        -0.073915084         0.000989627        -0.072516695         0.000775792
        -0.010921952         0.116912681         0.004980510         0.004751983
         0.207608904        -0.086734954        -0.235497568        -0.022168499
        -0.013430449         0.001103390         0.003646283         0.024188032
         0.237383040         0.007428024        -0.007193107         0.007851440
        -0.004443194        -0.003686474
          63           0.996163992    0    0
         0.000000000         0.000000000         0.000000000         0.000000000
         0.000000000         0.000000000         0.000000000         0.000000000
         0.000000000         0.000000000         0.000000000         0.000000000
         0.000000000         0.000000000         0.000000000         0.000000000
         0.000000000         0.000000000         0.000000000         0.000000000
         0.000000000         0.000000000         0.000000000         0.000000000
         0.000000000         0.000000000         0.000000000         0.000000000
         0.000000000         0.000000000         0.000000000         0.000000000
         0.000000000         0.000000000         0.000000000         0.000000000
         0.000000000         0.000000000         0.000000000         0.000000000
         0.000000000         0.000000000         0.000000000         0.000000000
         0.000000000         0.000000000         0.000000000         0.000000000
         0.000000000         0.000000000         0.000000000         0.000000000
         0.000000000         0.000000000         0.000000000         0.000000000
         0.000000000         0.000000000         0.000000000         0.000000000
         0.309104612        -0.658093331        -0.009794372         0.019258382
        -0.007033281        -0.118765327        -0.114050060        -0.001058693
         0.000608309        -0.397347897         0.001965594        -0.006962626
        -0.000460976        -0.019670161         0.006371327         0.018722896
        -0.010847655        -0.006710196         0.012610448         0.007439654
        -0.000149522        -0.000874185        -0.495486346         0.195183267
         0.003001941        -0.000155243         0.000653116        -0.023513287
        -0.000218810         0.001863168        -0.013610603         0.001199311
        -0.000449075        -0.000516112        -0.000209800         0.001185524
         0.011719330        -0.012176494
          64           0.971125014    0    0
         0.000000000         0.000000000         0.000000000         0.000000000
         0.000000000         0.000000000         0.000000000         0.000000000
         0.000000000         0.000000000         0.000000000         0.000000000
         0.000000000         0.000000000         0.000000000         0.000000000
         0.000000000         0.000000000         0.000000000         0.000000000
         0.000000000         0.000000000         0.000000000         0.000000000
         0.000000000         0.000000000         0.000000000         0.000000000
         0.000000000         0.000000000         0.000000000         0.000000000
         0.000000000         0.000000000         0.000000000         0.000000000
         0.000000000         0.000000000         0.000000000         0.000000000
         0.000000000         0.000000000         0.000000000         0.000000000
         0.000000000         0.000000000         0.000000000         0.000000000
         0.000000000         0.000000000         0.000000000         0.000000000
         0.000000000         0.000000000         0.000000000         0.000000000
         0.000000000         0.000000000         0.000000000         0.000000000
         0.000833156        -0.001852112         0.119625185         0.001029985
        -0.118564515         0.020297761        -0.022229391         0.324556683
         0.364747682         0.000234837        -0.661287778        -0.030871334
         0.145632346        -0.013526979        -0.020952613        -0.014896063
        -0.293295846        -0.037496667        -0.287270091        -0.036149256
        -0.025627022         0.231642390        -0.002853864        -0.000317203
        -0.074702389         0.016223360         0.098449437         0.010209994
        -0.016099583         0.000637703        -0.000761868        -0.002480662
         0.174285548         0.004175098        -0.011414778         0.004436936
         0.001345334         0.001427021
          65           0.512102863    0    0
         0.000000000         0.000000000         0.000000000         0.000000000
         0.000000000         0.000000000         0.000000000         0.000000000
         0.000000000         0.000000000         0.000000000         0.000000000
         0.000000000         0.000000000         0.000000000         0.000000000
         0.000000000         0.000000000         0.000000000         0.000000000
         0.000000000         0.000000000         0.000000000         0.000000000
         0.000000000         0.000000000         0.000000000         0.000000000
         0.000000000         0.000000000         0.000000000         0.000000000
         0.000000000         0.000000000         0.000000000         0.000000000
         0.000000000         0.000000000         0.000000000         0.000000000
         0.000000000         0.000000000         0.000000000         0.000000000
         0.000000000         0.000000000         0.000000000         0.000000000
         0.000000000         0.000000000         0.000000000         0.000000000
         0.000000000         0.000000000         0.000000000         0.000000000
         0.000000000         0.000000000         0.000000000         0.000000000
         0.000505404        -0.000662034         0.153714004         0.013903988
        -0.180726597        -0.191483105         0.204021606         0.049546700
        -0.002396411        -0.000658270        -0.001414614        -0.159588065
         0.215346411        -0.089078479        -0.143023185        -0.145895467
         0.106718484         0.411037844         0.084449092         0.446611862
        -0.480149911        -0.051641180         0.003067132         0.007767294
         0.166858854        -0.106537588         0.099591711         0.023245218
         0.011978004        -0.005916693        -0.014512251        -0.104498360
        -0.012139363         0.115957395        -0.160164151         0.129192015
        -0.054894635        -0.033443560
          66           0.504078208    0    0
         0.000000000         0.000000000         0.000000000         0.000000000
         0.000000000         0.000000000         0.000000000         0.000000000
         0.000000000         0.000000000         0.000000000         0.000000000
         0.000000000         0.000000000         0.000000000         0.000000000
         0.000000000         0.000000000         0.000000000         0.000000000
         0.000000000         0.000000000         0.000000000         0.000000000
         0.000000000         0.000000000         0.000000000         0.000000000
         0.000000000         0.000000000         0.000000000         0.000000000
         0.000000000         0.000000000         0.000000000         0.000000000
         0.000000000         0.000000000         0.000000000         0.000000000
         0.000000000         0.000000000         0.000000000         0.000000000
         0.000000000         0.000000000         0.000000000         0.000000000
         0.000000000         0.000000000         0.000000000         0.000000000
         0.000000000         0.000000000         0.000000000         0.000000000
         0.000000000         0.000000000         0.000000000         0.000000000
        -0.018801826         0.037262019         0.248712918        -0.189312146
         0.233815877        -0.152035031        -0.123548537         0.003528989
         0.000463361         0.024171168        -0.000547684         0.123129425
         0.012980609        -0.462836492        -0.143999554         0.443498820
        -0.168027248         0.297272636         0.176269697        -0.244727092
        -0.030638520        -0.001903179        -0.040327655        -0.132895692
         0.012393773        -0.005459493         0.017105216        -0.140015190
        -0.001151005         0.040340396         0.143165586        -0.014948670
        -0.000246232         0.116507809        -0.009841129        -0.100179467
         0.178443236        -0.184842345
          67           0.414561676    0    0
         0.000000000         0.000000000         0.000000000         0.000000000
         0.000000000         0.000000000         0.000000000         0.000000000
         0.000000000         0.000000000         0.000000000         0.000000000
         0.000000000         0.000000000         0.000000000         0.000000000
         0.000000000         0.000000000         0.000000000         0.000000000
         0.000000000         0.000000000         0.000000000         0.000000000
         0.000000000         0.000000000         0.000000000         0.000000000
         0.000000000         0.000000000         0.000000000         0.000000000
         0.000000000         0.000000000         0.000000000         0.000000000
         0.000000000         0.000000000         0.000000000         0.000000000
         0.000000000         0.000000000         0.000000000         0.000000000
         0.000000000         0.000000000         0.000000000         0.000000000
         0.000000000         0.000000000         0.000000000         0.000000000
         0.000000000         0.000000000         0.000000000         0.000000000
         0.000000000         0.000000000         0.000000000         0.000000000
        -0.000327423         0.000589641        -0.218968204        -0.002362663
         0.217128510        -0.096206478         0.101228454         0.022543963
        -0.020662390         0.000346924         0.006420722        -0.301940206
        -0.363704677        -0.398146849        -0.305129469        -0.405347649
        -0.145967387        -0.217828463        -0.150469456        -0.216268708
        -0.262348908        -0.079057680        -0.000730030        -0.001340138
        -0.048576868        -0.152625460        -0.011709364         0.000198929
        -0.022273427        -0.000671420        -0.000633497        -0.005992510
        -0.022783567         0.017736894         0.039301108         0.017369863
        -0.038109199        -0.036568110
          68           0.344908302    0    0
         0.000000000         0.000000000         0.000000000         0.000000000
         0.000000000         0.000000000         0.000000000         0.000000000
         0.000000000         0.000000000         0.000000000         0.000000000
         0.000000000         0.000000000         0.000000000         0.000000000
         0.000000000         0.000000000         0.000000000         0.000000000
         0.000000000         0.000000000         0.000000000         0.000000000
         0.000000000         0.000000000         0.000000000         0.000000000
         0.000000000         0.000000000         0.000000000         0.000000000
         0.000000000         0.000000000         0.000000000         0.000000000
         0.000000000         0.000000000         0.000000000         0.000000000
         0.000000000         0.000000000         0.000000000         0.000000000
         0.000000000         0.000000000         0.000000000         0.000000000
         0.000000000         0.000000000         0.000000000         0.000000000
         0.000000000         0.000000000         0.000000000         0.000000000
         0.000000000         0.000000000         0.000000000         0.000000000
         0.002741997        -0.020057714        -0.181074299         0.271969296
        -0.184819235         0.081475536         0.083737281         0.002785697
        -0.000201787        -0.003525525        -0.000129739        -0.159677638
        -0.002505510        -0.365839058         0.155245245         0.365397270
         0.125643076         0.188438646        -0.123257274        -0.190454425
        -0.001316108        -0.000159985         0.081428315         0.152491399
        -0.001153433        -0.002147003         0.013403444        -0.152158650
        -0.000290186        -0.008472714        -0.009156962        -0.001266540
        -0.000766994        -0.237512049        -0.001603787         0.239398754
        -0.359484592         0.359097396
          69           0.306311860    0    0
         0.000000000         0.000000000         0.000000000         0.000000000
         0.000000000         0.000000000         0.000000000         0.000000000
         0.000000000         0.000000000         0.000000000         0.000000000
         0.000000000         0.000000000         0.000000000         0.000000000
         0.000000000         0.000000000         0.000000000         0.000000000
         0.000000000         0.000000000         0.000000000         0.000000000
         0.000000000         0.000000000         0.000000000         0.000000000
         0.000000000         0.000000000         0.000000000         0.000000000
         0.000000000         0.000000000         0.000000000         0.000000000
         0.000000000         0.000000000         0.000000000         0.000000000
         0.000000000         0.000000000         0.000000000         0.000000000
         0.000000000         0.000000000         0.000000000         0.000000000
         0.000000000         0.000000000         0.000000000         0.000000000
         0.000000000         0.000000000         0.000000000         0.000000000
         0.000000000         0.000000000         0.000000000         0.000000000
         0.000736989        -0.001101629         0.035273681        -0.005830916
        -0.038172732         0.239499773        -0.234167186        -0.035629684
        -0.000745235        -0.000950058         0.002334339         0.186542759
        -0.285436833        -0.060206667         0.188822110        -0.058735485
        -0.082191628         0.216840050        -0.081846120         0.211696102
        -0.406242836         0.029374002        -0.002192882        -0.000735873
        -0.072642231         0.048993459        -0.066905374        -0.006282135
        -0.065166359         0.001598302        -0.007668610        -0.092981834
         0.006614498        -0.342662935         0.383115129        -0.342810682
         0.151591909         0.153999563
          70           0.247197099    0    0
         0.000000000         0.000000000         0.000000000         0.000000000
         0.000000000         0.000000000         0.000000000         0.000000000
         0.000000000         0.000000000         0.000000000         0.000000000
         0.000000000         0.000000000         0.000000000         0.000000000
         0.000000000         0.000000000         0.000000000         0.000000000
         0.000000000         0.000000000         0.000000000         0.000000000
         0.000000000         0.000000000         0.000000000         0.000000000
         0.000000000         0.000000000         0.000000000         0.000000000
         0.000000000         0.000000000         0.000000000         0.000000000
         0.000000000         0.000000000         0.000000000         0.000000000
         0.000000000         0.000000000         0.000000000         0.000000000
         0.000000000         0.000000000         0.000000000         0.000000000
         0.000000000         0.000000000         0.000000000         0.000000000
         0.000000000         0.000000000         0.000000000         0.000000000
         0.000000000         0.000000000         0.000000000         0.000000000
         0.012445794        -0.021069654        -0.418608017        -0.189310325
         0.350590204        -0.104827734         0.315647600         0.065074277
         0.062640458        -0.015774649        -0.001593730         0.169851616
         0.161582857        -0.103529210         0.187028991        -0.201587418
        -0.086981578         0.388807086        -0.094045487         0.149295303
         0.322409653         0.025517816         0.004301655         0.045605311
         0.059933715         0.011591825         0.034251348         0.023897303
        -0.170692002         0.042521171         0.020306586         0.025870917
         0.045838022         0.006059652         0.221109902        -0.076722532
        -0.113238273        -0.035910575
          71           0.245708434    0    0
         0.000000000         0.000000000         0.000000000         0.000000000
         0.000000000         0.000000000         0.000000000         0.000000000
         0.000000000         0.000000000         0.000000000         0.000000000
         0.000000000         0.000000000         0.000000000         0.000000000
         0.000000000         0.000000000         0.000000000         0.000000000
         0.000000000         0.000000000         0.000000000         0.000000000
         0.000000000         0.000000000         0.000000000         0.000000000
         0.000000000         0.000000000         0.000000000         0.000000000
         0.000000000         0.000000000         0.000000000         0.000000000
         0.000000000         0.000000000         0.000000000         0.000000000
         0.000000000         0.000000000         0.000000000         0.000000000
         0.000000000         0.000000000         0.000000000         0.000000000
         0.000000000         0.000000000         0.000000000         0.000000000
         0.000000000         0.000000000         0.000000000         0.000000000
         0.000000000         0.000000000         0.000000000         0.000000000
        -0.038658096         0.062020919        -0.026214739         0.552672170
         0.240628606        -0.367429851        -0.227606438         0.020855744
         0.019979509         0.049766023        -0.000434575         0.060197300
         0.049522330        -0.198748648         0.066593193         0.090889042
        -0.048867801        -0.265469174        -0.015291196         0.446627200
         0.107439555         0.009944733        -0.002083102        -0.116322899
         0.023793918         0.004805973         0.015318980        -0.044089668
        -0.065585724        -0.104776794        -0.049281242         0.013379833
         0.014824775        -0.141779120         0.078773977         0.112295306
         0.084021075        -0.132776351
          72           0.217479735    0    0
         0.000000000         0.000000000         0.000000000         0.000000000
         0.000000000         0.000000000         0.000000000         0.000000000
         0.000000000         0.000000000         0.000000000         0.000000000
         0.000000000         0.000000000         0.000000000         0.000000000
         0.000000000         0.000000000         0.000000000         0.000000000
         0.000000000         0.000000000         0.000000000         0.000000000
         0.000000000         0.000000000         0.000000000         0.000000000
         0.000000000         0.000000000         0.000000000         0.000000000
         0.000000000         0.000000000         0.000000000         0.000000000
         0.000000000         0.000000000         0.000000000         0.000000000
         0.000000000         0.000000000         0.000000000         0.000000000
         0.000000000         0.000000000         0.000000000         0.000000000
         0.000000000         0.000000000         0.000000000         0.000000000
         0.000000000         0.000000000         0.000000000         0.000000000
         0.000000000         0.000000000         0.000000000         0.000000000
         0.026415188         0.042886629        -0.090989073         0.084534257
        -0.080544216        -0.180272851        -0.174337914         0.000978160
         0.000757995        -0.033953677         0.000010176         0.545681799
         0.012501963         0.063738119        -0.532403116        -0.062880238
         0.354270676         0.127828309        -0.377856223        -0.125123694
        -0.001214547         0.000333550         0.017420476        -0.045500840
         0.002949740        -0.000900473         0.004436438        -0.046248786
        -0.003413348         0.006125436        -0.048021002         0.003028721
         0.000391382         0.018783105         0.001414368        -0.021464261
        -0.083329296         0.084636255
          73           0.117474957    0    0
         0.000000000         0.000000000         0.000000000         0.000000000
         0.000000000         0.000000000         0.000000000         0.000000000
         0.000000000         0.000000000         0.000000000         0.000000000
         0.000000000         0.000000000         0.000000000         0.000000000
         0.000000000         0.000000000         0.000000000         0.000000000
         0.000000000         0.000000000         0.000000000         0.000000000
         0.000000000         0.000000000         0.000000000         0.000000000
         0.000000000         0.000000000         0.000000000         0.000000000
         0.000000000         0.000000000         0.000000000         0.000000000
         0.000000000         0.000000000         0.000000000         0.000000000
         0.000000000         0.000000000         0.000000000         0.000000000
         0.000000000         0.000000000         0.000000000         0.000000000
         0.000000000         0.000000000         0.000000000         0.000000000
         0.000000000         0.000000000         0.000000000         0.000000000
         0.000000000         0.000000000         0.000000000         0.000000000
         0.000646993        -0.003433527         0.224459646         0.031882150
        -0.254773636        -0.086663589         0.114184822         0.045761107
         0.101142472        -0.000469597         0.033963189        -0.039887645
        -0.700559443        -0.004014277        -0.110584081        -0.014200745
        -0.033125336         0.199595937         0.044981698         0.189984537
         0.394634774         0.145328071         0.010695179         0.020877302
         0.177132055         0.128594826         0.061039861         0.003628877
         0.020445827        -0.002190275         0.000050923         0.037817507
         0.091478552         0.068242959         0.050484689         0.063905913
        -0.088608216        -0.085777165
          74           0.116697432    0    0
         0.000000000         0.000000000         0.000000000         0.000000000
         0.000000000         0.000000000         0.000000000         0.000000000
         0.000000000         0.000000000         0.000000000         0.000000000
         0.000000000         0.000000000         0.000000000         0.000000000
         0.000000000         0.000000000         0.000000000         0.000000000
         0.000000000         0.000000000         0.000000000         0.000000000
         0.000000000         0.000000000         0.000000000         0.000000000
         0.000000000         0.000000000         0.000000000         0.000000000
         0.000000000         0.000000000         0.000000000         0.000000000
         0.000000000         0.000000000         0.000000000         0.000000000
         0.000000000         0.000000000         0.000000000         0.000000000
         0.000000000         0.000000000         0.000000000         0.000000000
         0.000000000         0.000000000         0.000000000         0.000000000
         0.000000000         0.000000000         0.000000000         0.000000000
         0.000000000         0.000000000         0.000000000         0.000000000
         0.010062103        -0.041389268        -0.180820832         0.352080146
        -0.137588646         0.216688705         0.203423683        -0.001901538
        -0.008669523        -0.012965744        -0.003083399         0.340625151
         0.061503323         0.033920044        -0.321350054        -0.034976778
        -0.477559280         0.008884153         0.476137622        -0.042007202
        -0.036171474        -0.012246934         0.079994750         0.191545246
        -0.018118995        -0.014083983        -0.000307946        -0.047958938
        -0.003026465        -0.050182359        -0.035041213        -0.002502763
        -0.008312965         0.003886075        -0.004129653        -0.014639890
        -0.005336484         0.021585004
          75           0.101187866    0    0
         0.000000000         0.000000000         0.000000000         0.000000000
         0.000000000         0.000000000         0.000000000         0.000000000
         0.000000000         0.000000000         0.000000000         0.000000000
         0.000000000         0.000000000         0.000000000         0.000000000
         0.000000000         0.000000000         0.000000000         0.000000000
         0.000000000         0.000000000         0.000000000         0.000000000
         0.000000000         0.000000000         0.000000000         0.000000000
         0.000000000         0.000000000         0.000000000         0.000000000
         0.000000000         0.000000000         0.000000000         0.000000000
         0.000000000         0.000000000         0.000000000         0.000000000
         0.000000000         0.000000000         0.000000000         0.000000000
         0.000000000         0.000000000         0.000000000         0.000000000
         0.000000000         0.000000000         0.000000000         0.000000000
         0.000000000         0.000000000         0.000000000         0.000000000
         0.000000000         0.000000000         0.000000000         0.000000000
         0.000467940        -0.001372534        -0.077485088         0.007928940
         0.084979149         0.284101751        -0.278764210        -0.013754322
         0.061107015        -0.000382759         0.025811593        -0.500607978
         0.224661568         0.024035436        -0.510326304         0.022518748
         0.102136574         0.150122147         0.098296608         0.147366553
         0.222162204         0.063707474         0.000731128         0.003069508
        -0.043451740         0.235413958        -0.093581524        -0.008695320
        -0.144691717         0.003551077        -0.003876818        -0.034969468
         0.064181577        -0.097315156         0.177735235        -0.099076067
         0.000871923         0.001501889
          76           0.080976475    0    0
         0.000000000         0.000000000         0.000000000         0.000000000
         0.000000000         0.000000000         0.000000000         0.000000000
         0.000000000         0.000000000         0.000000000         0.000000000
         0.000000000         0.000000000         0.000000000         0.000000000
         0.000000000         0.000000000         0.000000000         0.000000000
         0.000000000         0.000000000         0.000000000         0.000000000
         0.000000000         0.000000000         0.000000000         0.000000000
         0.000000000         0.000000000         0.000000000         0.000000000
         0.000000000         0.000000000         0.000000000         0.000000000
         0.000000000         0.000000000         0.000000000         0.000000000
         0.000000000         0.000000000         0.000000000         0.000000000
         0.000000000         0.000000000         0.000000000         0.000000000
         0.000000000         0.000000000         0.000000000         0.000000000
         0.000000000         0.000000000         0.000000000         0.000000000
         0.000000000         0.000000000         0.000000000         0.000000000
         0.011003618        -0.078655370         0.449351802         0.419515313
         0.447505601         0.349674533         0.354095971        -0.000752050
        -0.000505718        -0.014146823        -0.000205796         0.015890064
        -0.005845148         0.055298171        -0.006409356        -0.049384062
         0.186388203         0.104668704        -0.191525050        -0.107032488
        -0.004692592         0.000774220        -0.043137452         0.057709271
        -0.002684550         0.003084845        -0.006819859         0.090143791
        -0.001944299        -0.161646915         0.132196294        -0.005336789
        -0.000415896         0.073126421        -0.004010280        -0.070652637
         0.018018350        -0.016861801
          77           0.064631261    0    0
         0.000000000         0.000000000         0.000000000         0.000000000
         0.000000000         0.000000000         0.000000000         0.000000000
         0.000000000         0.000000000         0.000000000         0.000000000
         0.000000000         0.000000000         0.000000000         0.000000000
         0.000000000         0.000000000         0.000000000         0.000000000
         0.000000000         0.000000000         0.000000000         0.000000000
         0.000000000         0.000000000         0.000000000         0.000000000
         0.000000000         0.000000000         0.000000000         0.000000000
         0.000000000         0.000000000         0.000000000         0.000000000
         0.000000000         0.000000000         0.000000000         0.000000000
         0.000000000         0.000000000         0.000000000         0.000000000
         0.000000000         0.000000000         0.000000000         0.000000000
         0.000000000         0.000000000         0.000000000         0.000000000
         0.000000000         0.000000000         0.000000000         0.000000000
         0.000000000         0.000000000         0.000000000         0.000000000
        -0.000307199        -0.000096822         0.108195928         0.003124321
        -0.105301315         0.065258317        -0.068354809         0.024913880
         0.091269096         0.000721657         0.043796851         0.114985220
         0.108146632        -0.306353641         0.109207920        -0.310991259
         0.373022429        -0.073933326         0.366086641        -0.080888196
         0.066010462         0.553272022        -0.004186178        -0.005809360
        -0.198159481        -0.255645918        -0.020107131        -0.003179020
        -0.020877975        -0.001653075        -0.001185741        -0.011033628
         0.087835833         0.014275760         0.107224482         0.011439494
        -0.068851650        -0.066368393
          78           0.006910756    0    0
         0.000000000         0.000000000         0.000000000         0.000000000
         0.000000000         0.000000000         0.000000000         0.000000000
         0.000000000         0.000000000         0.000000000         0.000000000
         0.000000000         0.000000000         0.000000000         0.000000000
         0.000000000         0.000000000         0.000000000         0.000000000
         0.000000000         0.000000000         0.000000000         0.000000000
         0.000000000         0.000000000         0.000000000         0.000000000
         0.000000000         0.000000000         0.000000000         0.000000000
         0.000000000         0.000000000         0.000000000         0.000000000
         0.000000000         0.000000000         0.000000000         0.000000000
         0.000000000         0.000000000         0.000000000         0.000000000
         0.000000000         0.000000000         0.000000000         0.000000000
         0.000000000         0.000000000         0.000000000         0.000000000
         0.000000000         0.000000000         0.000000000         0.000000000
         0.000000000         0.000000000         0.000000000         0.000000000
        -0.000028256        -0.001108611        -0.069007171        -0.000972840
         0.069040768        -0.012900058         0.016041636         0.254947758
         0.533192296         0.001945227         0.325027265         0.021319910
        -0.013839969         0.076962146         0.021102470         0.077179324
         0.080000939        -0.069652781         0.077289374        -0.065080808
        -0.129025368        -0.147433945         0.005111051         0.003774866
         0.257813770        -0.098300788        -0.352051247        -0.034246576
         0.030419148        -0.000840281         0.003932768         0.022733350
         0.502782588        -0.022350277        -0.043354126        -0.022430312
         0.045676445         0.042293597
          79           0.002211345    0    0
         0.000000000         0.000000000         0.000000000         0.000000000
         0.000000000         0.000000000         0.000000000         0.000000000
         0.000000000         0.000000000         0.000000000         0.000000000
         0.000000000         0.000000000         0.000000000         0.000000000
         0.000000000         0.000000000         0.000000000         0.000000000
         0.000000000         0.000000000         0.000000000         0.000000000
         0.000000000         0.000000000         0.000000000         0.000000000
         0.000000000         0.000000000         0.000000000         0.000000000
         0.000000000         0.000000000         0.000000000         0.000000000
         0.000000000         0.000000000         0.000000000         0.000000000
         0.000000000         0.000000000         0.000000000         0.000000000
         0.000000000         0.000000000         0.000000000         0.000000000
         0.000000000         0.000000000         0.000000000         0.000000000
         0.000000000         0.000000000         0.000000000         0.000000000
         0.000000000         0.000000000         0.000000000         0.000000000
        -0.527759887        -0.392204907        -0.021458077        -0.005767554
        -0.020814755        -0.036522358        -0.035614001         0.000000167
        -0.002674497         0.678419093         0.000034658         0.024124729
         0.000645757         0.020427282        -0.024077682        -0.018999377
         0.013791141         0.025017528        -0.014908040        -0.025190182
        -0.000367861        -0.000443236        -0.286578399         0.132056569
         0.001012238         0.000362084        -0.000262626        -0.007105632
         0.000236329         0.004266780        -0.009373953         0.000645358
         0.000121147         0.006991774         0.000077694        -0.007735100
        -0.013964436         0.014637621
$end
