$coord
    0.02403133166196      0.00000000000000     -0.00000000000000      mo
   -0.00323429448487      0.00159197401337     -6.47947126226894      y
    2.43712309255036      2.34616076316704     -2.57420387401141      s
   -2.38461420437454     -2.37537823269690     -2.55191041233826      s
    2.43712309255036     -2.34616076316704      2.57420387401141      s
   -2.38461420437454      2.37537823269690      2.55191041233825      s
    4.60236737169820     -1.97366999682693     -7.11026657233800      c
    3.11474208897577     -3.95524065668966     -6.05763645180696      c
    1.24797094315205     -4.65156395335375     -7.87823837087951      c
    1.61788027146520     -3.13734278860388    -10.08412536737851      c
    3.68080192982642     -1.45648084537064     -9.59632912921349      c
   -1.22031935981087      4.63624455711484     -7.95991125223828      c
   -3.01088407288369      4.04462792339690     -6.02838891892858      c
   -4.59156140040626      2.06522008726835     -6.93907955133211      c
   -3.80155439765256      1.44274501583948     -9.44703976421276      c
   -1.73391928402006      3.06278467384072    -10.09390157381428      c
   -0.63941653193691     -6.75730483820402     -7.58564883761753      c
    0.38943337458035     -3.62078545956227    -12.59918945574047      c
    3.57985374046641     -5.23684671614941     -3.57182748342287      c
    4.96909245284803      0.25479266079879    -11.46718356262850      c
    6.91851985718244     -0.82397026171185     -5.93380203213216      c
   -0.63858472731681      3.44005389107526    -12.68680223375234      c
   -3.33463502244049      5.43496529329721     -3.57856698236477      c
   -6.87401811383110      1.01318022212926     -5.61486270210748      c
   -5.19313017356893     -0.32240667137806    -11.18969521919441      c
    4.87272690003117     -6.86249048739457     -3.80938300152100      h
    1.81554211364284     -5.93550233437016     -2.72326282817524      h
   -1.51505326025698      6.10024025781120     -2.82458222386173      h
   -4.57732393888177      7.09663578310529     -3.83483569948234      h
    4.43623659421653     -3.94502099572127     -2.18812113266308      h
   -4.18185257229883      4.23026965316767     -2.11351128970648      h
    7.19098395363403      1.15053049681566     -6.53196723206822      h
    8.63565378172318     -1.88552063623282     -6.48048070371241      h
    6.79285974164498     -0.82518251754526     -3.85935049618587      h
   -7.23131685775007     -0.96611913610980     -6.14763219573883      h
   -8.58572097883240      2.11240105610484     -6.10057737049749      h
   -6.64215374097730      1.05964723954796     -3.55004181237554      h
    0.72874788379187      6.70192293293468     -7.82273053123125      c
   -0.06000007641600      8.54275737596646     -8.42191400741860      h
    2.36277013061463      6.30604914125476     -9.05301941265582      h
    1.44685852527178      6.92432621209572     -5.88236028482067      h
    0.15660462151266     -8.58993460183787     -8.20033438398622      h
   -2.35391578402751     -6.42207552656323     -8.72114135799625      h
    3.85154212590027      0.47609852843019    -13.20313627776254      h
   -4.14796871239293     -0.63777819625279    -12.95627886718465      h
   -1.76439095178518      4.83824319484195    -13.75945957838899      h
    1.44615529422016     -5.07788894535117    -13.66379043382518      h
   -1.23417090404186     -6.95594583008845     -5.60186957821464      h
   -0.00323429448487     -0.00159197401337      6.47947126226893      y
    1.24797094315205      4.65156395335375      7.87823837087950      c
   -1.22031935981087     -4.63624455711484      7.95991125223828      c
    4.60236737169820      1.97366999682693      7.11026657233799      c
   -4.59156140040626     -2.06522008726835      6.93907955133210      c
    3.11474208897577      3.95524065668966      6.05763645180696      c
   -3.01088407288369     -4.04462792339690      6.02838891892858      c
    3.68080192982642      1.45648084537064      9.59632912921348      c
   -3.80155439765256     -1.44274501583948      9.44703976421276      c
    1.61788027146520      3.13734278860388     10.08412536737851      c
   -1.73391928402006     -3.06278467384072     10.09390157381428      c
    6.91851985718244      0.82397026171185      5.93380203213215      c
   -6.87401811383110     -1.01318022212926      5.61486270210748      c
   -0.63941653193691      6.75730483820402      7.58564883761753      c
    0.72874788379187     -6.70192293293468      7.82273053123125      c
    4.96909245284803     -0.25479266079879     11.46718356262850      c
   -5.19313017356893      0.32240667137806     11.18969521919440      c
    0.38943337458035      3.62078545956227     12.59918945574046      c
   -0.63858472731681     -3.44005389107526     12.68680223375233      c
    3.57985374046641      5.23684671614941      3.57182748342287      c
   -3.33463502244049     -5.43496529329721      3.57856698236476      c
    4.87272690003117      6.86249048739457      3.80938300152099      h
   -4.57732393888177     -7.09663578310529      3.83483569948233      h
    4.43623659421653      3.94502099572127      2.18812113266308      h
   -4.18185257229883     -4.23026965316767      2.11351128970647      h
    1.81554211364284      5.93550233437016      2.72326282817524      h
   -1.51505326025698     -6.10024025781120      2.82458222386173      h
   -2.35391578402751      6.42207552656323      8.72114135799625      h
    2.36277013061463     -6.30604914125476      9.05301941265581      h
    7.19098395363403     -1.15053049681566      6.53196723206822      h
   -7.23131685775007      0.96611913610980      6.14763219573883      h
    0.15660462151266      8.58993460183787      8.20033438398622      h
   -0.06000007641600     -8.54275737596646      8.42191400741860      h
    8.63565378172318      1.88552063623282      6.48048070371240      h
   -8.58572097883240     -2.11240105610484      6.10057737049749      h
   -1.23417090404186      6.95594583008845      5.60186957821463      h
    1.44685852527178     -6.92432621209572      5.88236028482066      h
    6.79285974164498      0.82518251754526      3.85935049618587      h
   -6.64215374097730     -1.05964723954796      3.55004181237553      h
    5.31908436139153     -2.16052861342062     10.69679707382224      h
   -1.55881769281287     -4.31697990221585    -12.39232683695345      h
    1.30948551856779      4.16093810446879    -12.61081064911674      h
    0.32867475091971      1.92238436726751     13.79522510461182      h
   -0.62078454539609     -1.68973502844383     13.80695493275576      h
    3.85154212590027     -0.47609852843019     13.20313627776254      h
    0.32867475091971     -1.92238436726751    -13.79522510461182      h
   -4.14796871239293      0.63777819625279     12.95627886718465      h
   -0.62078454539609      1.68973502844383    -13.80695493275576      h
   -5.54014952600417      2.18696070765109     10.32288794428956      h
    1.30948551856779     -4.16093810446879     12.61081064911674      h
   -5.54014952600417     -2.18696070765109    -10.32288794428956      h
   -1.55881769281287      4.31697990221585     12.39232683695344      h
    5.31908436139153      2.16052861342062    -10.69679707382224      h
   -7.06342964918772     -0.45491949348273     11.70381525237167      h
    6.83068984609492      0.51649631871256     12.02052332279407      h
   -1.76439095178518     -4.83824319484195     13.75945957838898      h
   -7.06342964918772      0.45491949348273    -11.70381525237167      h
    1.44615529422016      5.07788894535117     13.66379043382518      h
    6.83068984609492     -0.51649631871256    -12.02052332279407      h
$end