$coord
    0.00000000000000      0.00000000000000      0.00000000000000  mo
    0.00000000000000     -0.00000000000000     -6.81982269129353  y
    2.33393205297322      2.33393205297322     -2.55750789643043  s
   -2.33393205297322     -2.33393205297322     -2.55750789643043  s
    2.33393205297322     -2.33393205297322      2.55750789643043  s
   -2.33393205297322      2.33393205297322      2.55750789643043  s
    4.69063812480845     -1.59922839143002     -7.73207393514324  c
    3.55189581650407     -3.55189581650407     -6.25042437382372  c
    1.59922839143003     -4.69063812480845     -7.73207393514324  c
    1.55645790809024     -3.47188905869887    -10.14721424852616  c
    3.47188905869887     -1.55645790809024    -10.14721424852616  c
   -1.59922839143003      4.69063812480845     -7.73207393514324  c
   -3.55189581650407      3.55189581650407     -6.25042437382372  c
   -4.69063812480845      1.59922839143003     -7.73207393514324  c
   -3.47188905869887      1.55645790809024    -10.14721424852616  c
   -1.55645790809024      3.47188905869887    -10.14721424852616  c
    0.09120506194311     -6.99656231521217     -7.01802857740043  c
    0.14853075950343     -4.43661269132470    -12.42227077416294  c
    4.48058525235217     -4.48058525235217     -3.73384025540230  c
    4.43661269132470     -0.14853075950343    -12.42227077416294  c
    6.99656231521217     -0.09120506194311     -7.01802857740043  c
   -0.14853075950343      4.43661269132470    -12.42227077416294  c
   -4.48058525235217      4.48058525235217     -3.73384025540230  c
   -6.99656231521217      0.09120506194310     -7.01802857740043  c
   -4.43661269132470      0.14853075950343    -12.42227077416294  c
    5.94581628952406     -5.94581628952406     -3.99731612614928  h
    2.95404457810690     -5.32383507500311     -2.60341382997282  h
   -2.95404457810690      5.32383507500311     -2.60341382997282  h
   -5.94581628952406      5.94581628952406     -3.99731612614928  h
    5.32383507500311     -2.95404457810690     -2.60341382997282  h
   -5.32383507500311      2.95404457810690     -2.60341382997282  h
    7.00954451907460      1.78930164896689     -7.90971669803216  h
    8.73708506773578     -1.06845538695873     -7.63367941155652  h
    7.12998405936115      0.18842022679447     -4.96289985700721  h
   -7.00954451907460     -1.78930164896689     -7.90971669803216  h
   -8.73708506773578      1.06845538695873     -7.63367941155652  h
   -7.12998405936115     -0.18842022679447     -4.96289985700721  h
   -0.09120506194310      6.99656231521217     -7.01802857740043  c
   -1.06845538695873      8.73708506773578     -7.63367941155652  h
    1.78930164896689      7.00954451907460     -7.90971669803216  h
    0.18842022679447      7.12998405936115     -4.96289985700721  h
    1.06845538695873     -8.73708506773578     -7.63367941155652  h
   -1.78930164896689     -7.00954451907460     -7.90971669803216  h
    3.00734480415073     -0.00605667036702    -13.92111088883633  h
   -3.00734480415073      0.00605667036702    -13.92111088883633  h
   -1.14191346056748      6.08362829441364    -13.23704048772667  h
    1.14191346056748     -6.08362829441364    -13.23704048772667  h
   -0.18842022679447     -7.12998405936115     -4.96289985700721  h
    0.00000000000000      0.00000000000000      6.81982269129353  y
    1.59922839143003      4.69063812480845      7.73207393514324  c
   -1.59922839143003     -4.69063812480845      7.73207393514324  c
    4.69063812480845      1.59922839143002      7.73207393514324  c
   -4.69063812480845     -1.59922839143003      7.73207393514324  c
    3.55189581650407      3.55189581650407      6.25042437382372  c
   -3.55189581650407     -3.55189581650407      6.25042437382372  c
    3.47188905869887      1.55645790809024     10.14721424852616  c
   -3.47188905869887     -1.55645790809024     10.14721424852616  c
    1.55645790809024      3.47188905869887     10.14721424852616  c
   -1.55645790809024     -3.47188905869887     10.14721424852616  c
    6.99656231521217      0.09120506194311      7.01802857740043  c
   -6.99656231521217     -0.09120506194310      7.01802857740043  c
    0.09120506194311      6.99656231521217      7.01802857740043  c
   -0.09120506194310     -6.99656231521217      7.01802857740043  c
    4.43661269132470      0.14853075950343     12.42227077416294  c
   -4.43661269132470     -0.14853075950343     12.42227077416294  c
    0.14853075950343      4.43661269132470     12.42227077416294  c
   -0.14853075950343     -4.43661269132470     12.42227077416294  c
    4.48058525235217      4.48058525235217      3.73384025540230  c
   -4.48058525235217     -4.48058525235217      3.73384025540230  c
    5.94581628952406      5.94581628952406      3.99731612614928  h
   -5.94581628952406     -5.94581628952406      3.99731612614928  h
    5.32383507500311      2.95404457810690      2.60341382997282  h
   -5.32383507500311     -2.95404457810690      2.60341382997282  h
    2.95404457810690      5.32383507500311      2.60341382997282  h
   -2.95404457810690     -5.32383507500311      2.60341382997282  h
   -1.78930164896689      7.00954451907460      7.90971669803216  h
    1.78930164896689     -7.00954451907460      7.90971669803216  h
    7.00954451907460     -1.78930164896689      7.90971669803216  h
   -7.00954451907460      1.78930164896689      7.90971669803216  h
    1.06845538695873      8.73708506773578      7.63367941155652  h
   -1.06845538695873     -8.73708506773578      7.63367941155652  h
    8.73708506773578      1.06845538695873      7.63367941155652  h
   -8.73708506773578     -1.06845538695873      7.63367941155652  h
   -0.18842022679447      7.12998405936115      4.96289985700721  h
    0.18842022679447     -7.12998405936115      4.96289985700721  h
    7.12998405936115     -0.18842022679447      4.96289985700721  h
   -7.12998405936115      0.18842022679447      4.96289985700721  h
    5.06503732277986     -1.78016138597567     11.96253631404739  h
   -1.78016138597567     -5.06503732277986    -11.96253631404739  h
    1.78016138597567      5.06503732277986    -11.96253631404739  h
    0.00605667036702      3.00734480415073     13.92111088883633  h
   -0.00605667036702     -3.00734480415073     13.92111088883633  h
    3.00734480415073      0.00605667036702     13.92111088883633  h
    0.00605667036702     -3.00734480415073    -13.92111088883633  h
   -3.00734480415073     -0.00605667036702     13.92111088883633  h
   -0.00605667036702      3.00734480415073    -13.92111088883633  h
   -5.06503732277986      1.78016138597567     11.96253631404739  h
    1.78016138597567     -5.06503732277986     11.96253631404739  h
   -5.06503732277986     -1.78016138597567    -11.96253631404739  h
   -1.78016138597567      5.06503732277986     11.96253631404739  h
    5.06503732277986      1.78016138597567    -11.96253631404739  h
   -6.08362829441364     -1.14191346056748     13.23704048772667  h
    6.08362829441364      1.14191346056748     13.23704048772667  h
   -1.14191346056748     -6.08362829441364     13.23704048772667  h
   -6.08362829441364      1.14191346056748    -13.23704048772667  h
    1.14191346056748      6.08362829441364     13.23704048772667  h
    6.08362829441364     -1.14191346056748    -13.23704048772667  h
$user-defined bonds
$redundant
     number_of_atoms           107
     degrees_of_freedom         42
     internal_coordinates       52
     frozen_coordinates          0
# definitions of redundant internals
   1 k -0.8526067703912 bend  94   89   18      val=   6.90865
       -0.0874549094801 bend  47   89   18
       -1.9242725290811 bend  47   94   18
        1.3828523672396 bend  10   89   18
        0.6080602612914 bend  10   94   18
        1.1316230011681 bend  10   47   18
   2 k  2.8284271247462 stre  17   43           val=   2.08125
   3 k  2.8284271247462 stre  17   42           val=   2.08889
   4 k  2.8284271247462 stre  18   89           val=   2.07993
   5 k  2.8284271247462 stre  18   94           val=   2.07596
   6 k  2.0000000000000 stre  19   26           val=   2.08883
   7 k  2.8284271247462 stre  10   18           val=   2.84409
   8 k  2.0000000000000 stre   8   19           val=   2.83868
   9 k  2.8284271247462 stre  18   47           val=   2.08886
  10 k  2.8284271247462 stre  17   48           val=   2.07835
  11 k  2.8284271247462 stre   7   21           val=   2.84628
  12 k  1.6916638360379 bend  42   43   17      val=   4.72556
        0.9893466250813 bend  48   43   17
        0.9013188258868 bend  48   42   17
       -1.1674383742481 bend   9   43   17
       -1.0244604719002 bend   9   42   17
       -0.9667778851580 bend   9   48   17
  13 k  0.9428090415821 tors  43   17    9    2 val=  58.13156
        0.9428090415821 tors  43   17    9    8
        0.9428090415821 tors  43   17    9   10
        0.9428090415821 tors  42   17    9    2
        0.9428090415821 tors  42   17    9    8
        0.9428090415821 tors  42   17    9   10
        0.9428090415821 tors  48   17    9    2
        0.9428090415821 tors  48   17    9    8
        0.9428090415821 tors  48   17    9   10
  14 k -1.2316243275291 bend  94   89   18      val=   3.23089
        1.2562203518190 bend  47   89   18
        0.6516540968641 bend  47   94   18
       -0.1788285359900 bend  10   89   18
       -1.6109154414380 bend  10   94   18
        1.3613708814304 bend  10   47   18
  15 k  0.9428090415821 tors  89   18   10    2 val=  68.85183
        0.9428090415821 tors  89   18   10    9
        0.9428090415821 tors  89   18   10   11
        0.9428090415821 tors  94   18   10    2
        0.9428090415821 tors  94   18   10    9
        0.9428090415821 tors  94   18   10   11
        0.9428090415821 tors  47   18   10    2
        0.9428090415821 tors  47   18   10    9
        0.9428090415821 tors  47   18   10   11
  16 k  0.7889162091323 bend  27   26   19      val=  -0.11625
        0.7889162091323 bend  30   26   19
        0.9092953434810 bend  30   27   19
       -0.8447136209977 bend   8   26   19
       -0.7793790177961 bend   8   27   19
       -0.7793790177961 bend   8   30   19
  17 k  2.8284271247462 stre  19   30           val=   2.07828
  18 k  0.7352988955106 bend  27   26   19      val=   0.49165
        0.7352988955106 bend  30   26   19
       -1.3143306113007 bend  30   27   19
        0.8507460656512 bend   8   26   19
       -0.4834445389590 bend   8   27   19
       -0.4834445389590 bend   8   30   19
  19 k  1.6677717808670 bend  94   89   18      val=  23.62538
        1.1132387864954 bend  47   89   18
       -0.6640283866000 bend  47   94   18
        1.2245232907543 bend  10   89   18
       -1.3037063441274 bend  10   94   18
       -0.5824049035315 bend  10   47   18
  20 k -0.2936137947468 bend  42   43   17      val=   0.59735
        1.5558315964888 bend  48   43   17
       -1.1080375715247 bend  48   42   17
        1.3350471617323 bend   9   43   17
       -1.5726233422434 bend   9   42   17
        0.0996826081763 bend   9   48   17
  21 k -2.0002827881232 bend  11   18   10      val=  -0.55908
        1.9997083035413 bend   9   18   10
        0.0059555256703 bend   2   18   10
  22 k -1.5956365787228 bend  42   43   17      val=  13.00563
        1.0605323195974 bend  48   43   17
        1.4572584282287 bend  48   42   17
       -0.8962162479746 bend   9   43   17
       -0.3691356436724 bend   9   42   17
        1.1252325513087 bend   9   48   17
  23 k -1.9982318066270 bend   8   21    7      val=   4.60146
        1.9948366122429 bend  11   21    7
        0.1664227671910 bend   2   21    7
  24 k -1.0846320927063 bend  94   89   18      val=   3.34792
        1.9001347470451 bend  47   89   18
       -0.1552545890294 bend  47   94   18
        0.0147926302382 bend  10   89   18
        0.9914558137612 bend  10   94   18
       -1.4851780117475 bend  10   47   18
  25 k -0.9157521362672 bend  94   89   18      val=   7.06397
       -0.8725296666228 bend  47   89   18
        1.2959427156811 bend  47   94   18
        1.9903818060831 bend  10   89   18
       -0.3508846180687 bend  10   94   18
       -0.7974225569135 bend  10   47   18
  26 k -0.0328637631049 bend  11   18   10      val= 120.92566
       -0.0412953515493 bend   9   18   10
        2.8279346999206 bend   2   18   10
  27 k  0.2451369648442 bend  42   43   17      val=   1.34024
       -1.5267191672657 bend  48   43   17
        1.3531147833410 bend  48   42   17
        1.1124513956874 bend   9   43   17
       -1.5388388629006 bend   9   42   17
        0.4153837769273 bend   9   48   17
  28 k -0.4448937527410 bend  27   26   19      val=   0.10425
       -0.4448937527410 bend  30   26   19
        0.8909442253214 bend  30   27   19
        1.3765363658941 bend   8   26   19
       -0.6765741342534 bend   8   27   19
       -0.6765741342534 bend   8   30   19
  29 k  0.9735882050654 bend  42   43   17      val=   2.41461
       -0.3832524242591 bend  48   43   17
       -1.0488024972726 bend  48   42   17
       -1.0056778230455 bend   9   43   17
       -0.5412417437748 bend   9   42   17
        2.1215386866616 bend   9   48   17
  30 k -0.0753479850744 bend   7   19    8      val= 106.50058
       -0.0753479850744 bend   9   19    8
        1.9971593232115 bend   2   19    8
  31 k -0.1273833113927 bend   8   21    7      val=  85.84399
       -0.3613911795441 bend  11   21    7
        2.8023507823480 bend   2   21    7
  32 k  0.6666666666667 tors   9   10    2    3 val=  97.09646
        0.6666666666667 tors   9   10    2    4
        0.6666666666667 tors   9   10    2    7
        0.6666666666667 tors   9   10    2    8
        0.6666666666667 tors   9   10    2   12
        0.6666666666667 tors   9   10    2   13
        0.6666666666667 tors   9   10    2   14
        0.6666666666667 tors   9   10    2   15
        0.6666666666667 tors   9   10    2   16
        0.6666666666667 tors  11   10    2    3
        0.6666666666667 tors  11   10    2    4
        0.6666666666667 tors  11   10    2    7
        0.6666666666667 tors  11   10    2    8
        0.6666666666667 tors  11   10    2   12
        0.6666666666667 tors  11   10    2   13
        0.6666666666667 tors  11   10    2   14
        0.6666666666667 tors  11   10    2   15
        0.6666666666667 tors  11   10    2   16
  33 k  0.6666666666667 tors   8    7    2    3 val=  87.57157
        0.6666666666667 tors   8    7    2    4
        0.6666666666667 tors   8    7    2    9
        0.6666666666667 tors   8    7    2   10
        0.6666666666667 tors   8    7    2   12
        0.6666666666667 tors   8    7    2   13
        0.6666666666667 tors   8    7    2   14
        0.6666666666667 tors   8    7    2   15
        0.6666666666667 tors   8    7    2   16
        0.6666666666667 tors  11    7    2    3
        0.6666666666667 tors  11    7    2    4
        0.6666666666667 tors  11    7    2    9
        0.6666666666667 tors  11    7    2   10
        0.6666666666667 tors  11    7    2   12
        0.6666666666667 tors  11    7    2   13
        0.6666666666667 tors  11    7    2   14
        0.6666666666667 tors  11    7    2   15
        0.6666666666667 tors  11    7    2   16
  34 k  2.0000000000000 stre   1    3           val=   4.17556
  35 k  1.4142135623731 bend   4    3    1      val= 104.45986
  36 k  2.0000000000000 stre   2    3           val=   5.39090
  37 k  2.8284271247462 stre   2   10           val=   5.05451
  38 k  2.0000000000000 stre  10   11           val=   2.70883
  39 k  2.8284271247462 stre   2    7           val=   5.03903
  40 k  2.8284271247462 stre  11    7           val=   2.70556
  41 k  2.0000000000000 stre   2    8           val=   5.05531
  42 k  2.8284271247462 stre   7    8           val=   2.70276
  43 k -0.6018435414503 bend   4    3    2      val=  71.82155
       -0.0865838458700 bend  10    3    2
       -0.0548326443467 bend  11    3    2
        0.6586070769632 bend  15   10    2
        0.7348357784605 bend  16   10    2
       -0.2341291243337 bend   7    3    2
       -0.4370628689312 bend   7    4    2
        0.1963443101767 bend   7   10    2
        0.8444347419450 bend   7   15    2
        0.6659494031982 bend   7   16    2
        0.4440299572836 bend  12    7    2
        0.9613112101363 bend  14    7    2
        0.0835266538244 bend   9    7    2
       -0.3617257567099 bend   8    3    2
        0.1094956126438 bend   8   10    2
        0.7655588067387 bend   8   15    2
        0.4083600096654 bend  13    7    2
  44 k  1.0281099645909 bend   4    3    2      val=   2.12299
       -0.4982873603773 bend  10    3    2
       -0.5375531243671 bend  11    3    2
        0.7447532787621 bend  15   10    2
        0.6930395092504 bend  16   10    2
       -0.1629550907984 bend   7    3    2
        0.2996927058773 bend   7    4    2
       -0.3335368382643 bend   7   10    2
        0.1460883192602 bend   7   15    2
        0.1354521202346 bend   7   16    2
       -0.3210768337480 bend  12    7    2
       -0.3543947608227 bend  14    7    2
        0.1422761369321 bend   9    7    2
        0.1373141898200 bend   8    3    2
       -0.5314192962497 bend   8   10    2
        0.2141266257287 bend   8   15    2
       -0.2291478387867 bend  13    7    2
  45 k -0.5048245537528 bend   4    3    2      val= -15.97491
        0.1388254412582 bend  10    3    2
        0.0727176922531 bend  11    3    2
        0.0302442535365 bend  15   10    2
        0.1314381779734 bend  16   10    2
       -0.3133685203961 bend   7    3    2
        0.3184630588293 bend   7    4    2
        0.5457209764112 bend   7   10    2
        0.0989695269812 bend   7   15    2
       -0.3150124626859 bend   7   16    2
       -1.1175795980271 bend  12    7    2
        0.1468695731843 bend  14    7    2
        1.3163370843983 bend   9    7    2
       -0.0940243145595 bend   8    3    2
        0.0943574808620 bend   8   10    2
        0.1239365782464 bend   8   15    2
       -0.5229805566117 bend  13    7    2
  46 k  1.0996988792148 bend   4    3    2      val=  19.82995
        0.0454812966220 bend  10    3    2
       -0.3625447036406 bend  11    3    2
       -0.5172978519128 bend  15   10    2
       -0.3902175935153 bend  16   10    2
       -0.6142401508693 bend   7    3    2
       -0.1215958138989 bend   7    4    2
        0.5665186306564 bend   7   10    2
        0.1875518163423 bend   7   15    2
        0.0060410342830 bend   7   16    2
        0.1871645455295 bend  12    7    2
        0.7380519520523 bend  14    7    2
        0.2331942269294 bend   9    7    2
       -0.0700539594727 bend   8    3    2
        0.3564523238367 bend   8   10    2
       -0.1613823688157 bend   8   15    2
        0.1220855843332 bend  13    7    2
  47 k  0.3790569338776 bend   4    3    2      val=   7.14901
       -0.0429946637362 bend  10    3    2
       -0.1275121216590 bend  11    3    2
       -0.0644380648608 bend  15   10    2
       -0.0527493941895 bend  16   10    2
        0.1958393420460 bend   7    3    2
        0.3039396251813 bend   7    4    2
       -0.2383719585995 bend   7   10    2
       -0.3752963502458 bend   7   15    2
       -0.3263193002675 bend   7   16    2
       -0.2974542939806 bend  12    7    2
       -0.7045230122332 bend  14    7    2
       -0.0919673225234 bend   9    7    2
       -1.1612430507174 bend   8    3    2
        1.4720879769531 bend   8   10    2
        1.3997738712505 bend   8   15    2
        0.5449091845348 bend  13    7    2
  48 k -0.2270583464657 bend   4    3    2      val=  -0.80759
        0.9651717080630 bend  10    3    2
       -1.2497939251437 bend  11    3    2
       -0.3893307830853 bend  15   10    2
        1.0973551418097 bend  16   10    2
        0.3598080760145 bend   7    3    2
        0.0216998395869 bend   7    4    2
        0.7895955224257 bend   7   10    2
        0.4774844943787 bend   7   15    2
       -0.7861603504909 bend   7   16    2
        0.1631367317697 bend  12    7    2
       -0.4608868954302 bend  14    7    2
       -0.4535462114753 bend   9    7    2
        0.0578242772397 bend   8    3    2
        0.1031668203412 bend   8   10    2
       -0.2865127415295 bend   8   15    2
        0.0610269058765 bend  13    7    2
  49 k  2.0000000000000 bend   2    1    3      val=  90.01636
  50 k  2.8284271247462 bend  11    8    7      val= 108.11851
  51 k  2.0000000000000 bend   9    7    8      val= 107.95495
  52 k  2.8284271247462 bend   9   11   10      val= 107.89931
        42 non zero eigenvalues  of BmBt
           1           5.031680083    1    0
         1
           2           3.655616139    2    0
         2
           3           3.604281606    3    0
         3
           4           3.547215213    4    0
         4
           5           3.378085763    5    0
         5
           6           3.198913761    6    0
         6
           7           3.099281258    7    0
         7
           8           2.998512108    8    0
         8
           9           2.057710099    9    0
         9
          10           1.550840832   10    0
        10
          11           1.291264366   11    0
        11
          12           1.042757592   12    0
        12
          13           1.012731207   13    0
        13
          14           0.958242749   14    0
        14
          15           0.833793409   15    0
        15
          16           0.822335120   16    0
        16
          17           0.761085170   17    0
        17
          18           0.728560090   18    0
        18
          19           0.710998983   19    0
        19
          20           0.672630520   20    0
        20
          21           0.659451740   21    0
        21
          22           0.633180954   22    0
        22
          23           0.595075963   23    0
        23
          24           0.583942402   24    0
        24
          25           0.495667482   25    0
        25
          26           0.455612731   26    0
        26
          27           0.197012354   27    0
        27
          28           0.125180264   28    0
        28
          29           0.116554440   29    0
        29
          30           0.091121855   30    0
        30
          31           0.074282088   31    0
        31
          32           3.269320939    0    0
         0.000000000         0.000000000         0.000000000         0.000000000
         0.000000000         0.000000000         0.000000000         0.000000000
         0.000000000         0.000000000         0.000000000         0.000000000
         0.000000000         0.000000000         0.000000000         0.000000000
         0.000000000         0.000000000         0.000000000         0.000000000
         0.000000000         0.000000000         0.000000000         0.000000000
         0.000000000         0.000000000         0.000000000         0.000000000
         0.000000000         0.000000000         0.000000000        -0.012796303
        -0.164196312        -0.014259387         0.057882541         0.551064374
        -0.649299841        -0.028028131        -0.087833572        -0.013568017
         0.183288854        -0.048908355         0.443237022        -0.026211530
        -0.013190959        -0.005376275        -0.033234035         0.012361034
         0.024589948        -0.006985915         0.011279305        -0.001284561
          33           1.243437859    0    0
         0.000000000         0.000000000         0.000000000         0.000000000
         0.000000000         0.000000000         0.000000000         0.000000000
         0.000000000         0.000000000         0.000000000         0.000000000
         0.000000000         0.000000000         0.000000000         0.000000000
         0.000000000         0.000000000         0.000000000         0.000000000
         0.000000000         0.000000000         0.000000000         0.000000000
         0.000000000         0.000000000         0.000000000         0.000000000
         0.000000000         0.000000000         0.000000000         0.070012440
        -0.007631917         0.846041059         0.095468034         0.277401842
         0.092565022         0.012111291         0.016987804        -0.000858225
        -0.027743448         0.015892005        -0.145603365         0.225970771
        -0.065237881         0.216035336         0.068972249        -0.009049063
        -0.234761930        -0.003390292         0.001447437         0.002425049
          34           0.931737536    0    0
         0.000000000         0.000000000         0.000000000         0.000000000
         0.000000000         0.000000000         0.000000000         0.000000000
         0.000000000         0.000000000         0.000000000         0.000000000
         0.000000000         0.000000000         0.000000000         0.000000000
         0.000000000         0.000000000         0.000000000         0.000000000
         0.000000000         0.000000000         0.000000000         0.000000000
         0.000000000         0.000000000         0.000000000         0.000000000
         0.000000000         0.000000000         0.000000000         0.039134221
        -0.128629749         0.336810619        -0.301592090        -0.700757244
        -0.410871190        -0.082171525        -0.062118624        -0.035534664
         0.105201921        -0.038114833         0.203864408         0.101559320
        -0.048971724         0.095996271         0.012147937        -0.005395745
         0.170758902        -0.014616670        -0.000358737         0.014714520
          35           0.475088400    0    0
         0.000000000         0.000000000         0.000000000         0.000000000
         0.000000000         0.000000000         0.000000000         0.000000000
         0.000000000         0.000000000         0.000000000         0.000000000
         0.000000000         0.000000000         0.000000000         0.000000000
         0.000000000         0.000000000         0.000000000         0.000000000
         0.000000000         0.000000000         0.000000000         0.000000000
         0.000000000         0.000000000         0.000000000         0.000000000
         0.000000000         0.000000000         0.000000000        -0.190458458
        -0.246567809         0.013295963         0.007059854         0.004981609
         0.153106459        -0.477080710        -0.022125919         0.704581774
         0.276708850        -0.026182524        -0.007874601        -0.144338763
        -0.095035054         0.082551005         0.048648824        -0.121234420
        -0.010062733         0.099362932        -0.115232447        -0.019830184
          36           0.395673856    0    0
         0.000000000         0.000000000         0.000000000         0.000000000
         0.000000000         0.000000000         0.000000000         0.000000000
         0.000000000         0.000000000         0.000000000         0.000000000
         0.000000000         0.000000000         0.000000000         0.000000000
         0.000000000         0.000000000         0.000000000         0.000000000
         0.000000000         0.000000000         0.000000000         0.000000000
         0.000000000         0.000000000         0.000000000         0.000000000
         0.000000000         0.000000000         0.000000000        -0.223285937
         0.206955051         0.013339759         0.028061909         0.015746302
        -0.052544303        -0.329698906        -0.505597149        -0.184180300
        -0.277324441        -0.598912146        -0.110763103        -0.019842869
        -0.153766811        -0.039173077        -0.036498230        -0.037027007
        -0.032786442         0.128217080        -0.049105354        -0.094931042
          37           0.369285551    0    0
         0.000000000         0.000000000         0.000000000         0.000000000
         0.000000000         0.000000000         0.000000000         0.000000000
         0.000000000         0.000000000         0.000000000         0.000000000
         0.000000000         0.000000000         0.000000000         0.000000000
         0.000000000         0.000000000         0.000000000         0.000000000
         0.000000000         0.000000000         0.000000000         0.000000000
         0.000000000         0.000000000         0.000000000         0.000000000
         0.000000000         0.000000000         0.000000000         0.347040126
         0.011802076        -0.045860617         0.030516774         0.019380005
        -0.129463926        -0.424009359         0.230335874         0.150180203
        -0.397579332        -0.102499969        -0.043762931         0.055662066
         0.083801898        -0.020457575        -0.110864875        -0.077827533
        -0.023268772        -0.471811114         0.367345374         0.215388078
          38           0.269938300    0    0
         0.000000000         0.000000000         0.000000000         0.000000000
         0.000000000         0.000000000         0.000000000         0.000000000
         0.000000000         0.000000000         0.000000000         0.000000000
         0.000000000         0.000000000         0.000000000         0.000000000
         0.000000000         0.000000000         0.000000000         0.000000000
         0.000000000         0.000000000         0.000000000         0.000000000
         0.000000000         0.000000000         0.000000000         0.000000000
         0.000000000         0.000000000         0.000000000         0.290641733
        -0.625510605        -0.082263928         0.054419888         0.018176918
         0.148321476        -0.326508362        -0.219882430        -0.405760265
        -0.057799390         0.213055986        -0.042440266         0.096215301
         0.001090877        -0.108433084         0.115679676        -0.056794859
        -0.044049287         0.079607359        -0.256903709         0.100857346
          39           0.118094245    0    0
         0.000000000         0.000000000         0.000000000         0.000000000
         0.000000000         0.000000000         0.000000000         0.000000000
         0.000000000         0.000000000         0.000000000         0.000000000
         0.000000000         0.000000000         0.000000000         0.000000000
         0.000000000         0.000000000         0.000000000         0.000000000
         0.000000000         0.000000000         0.000000000         0.000000000
         0.000000000         0.000000000         0.000000000         0.000000000
         0.000000000         0.000000000         0.000000000        -0.217141757
        -0.397893076         0.046103391        -0.076951850         0.016194661
        -0.020949663         0.310879628         0.010927929         0.247529652
        -0.722358643         0.014461639         0.138780274        -0.135532607
         0.018111887         0.066812292         0.173990725         0.037488712
         0.083048754         0.113291453         0.006578340        -0.108904448
          40           0.100831834    0    0
         0.000000000         0.000000000         0.000000000         0.000000000
         0.000000000         0.000000000         0.000000000         0.000000000
         0.000000000         0.000000000         0.000000000         0.000000000
         0.000000000         0.000000000         0.000000000         0.000000000
         0.000000000         0.000000000         0.000000000         0.000000000
         0.000000000         0.000000000         0.000000000         0.000000000
         0.000000000         0.000000000         0.000000000         0.000000000
         0.000000000         0.000000000         0.000000000        -0.393625967
        -0.027150696        -0.022624891         0.076797899        -0.022400406
        -0.266926651        -0.241212809         0.669135304        -0.255270358
        -0.068425619        -0.016779494        -0.245986510        -0.012112437
        -0.212382441        -0.075660435         0.134090752         0.017919581
        -0.088548699         0.130087970        -0.187970088         0.014931482
          41           0.071804800    0    0
         0.000000000         0.000000000         0.000000000         0.000000000
         0.000000000         0.000000000         0.000000000         0.000000000
         0.000000000         0.000000000         0.000000000         0.000000000
         0.000000000         0.000000000         0.000000000         0.000000000
         0.000000000         0.000000000         0.000000000         0.000000000
         0.000000000         0.000000000         0.000000000         0.000000000
         0.000000000         0.000000000         0.000000000         0.000000000
         0.000000000         0.000000000         0.000000000         0.024279891
        -0.157063214         0.031041653        -0.061552267         0.022278282
         0.452156869         0.021178048         0.333901714        -0.129713047
         0.089982596        -0.433325225         0.554621487         0.189296837
        -0.232981074        -0.104691048        -0.094052172        -0.021472746
         0.069099639         0.006553068         0.105577883        -0.080407036
          42           0.006141292    0    0
         0.000000000         0.000000000         0.000000000         0.000000000
         0.000000000         0.000000000         0.000000000         0.000000000
         0.000000000         0.000000000         0.000000000         0.000000000
         0.000000000         0.000000000         0.000000000         0.000000000
         0.000000000         0.000000000         0.000000000         0.000000000
         0.000000000         0.000000000         0.000000000         0.000000000
         0.000000000         0.000000000         0.000000000         0.000000000
         0.000000000         0.000000000         0.000000000         0.040767269
        -0.074427103        -0.277590146         0.483724198        -0.269841911
        -0.117356479         0.133953143        -0.045451255         0.096579869
         0.004857516        -0.078254217         0.111369018         0.311331643
        -0.116503056         0.347468148         0.078679096         0.003554120
        -0.551669308         0.019837328         0.047391650        -0.053504458
$end
