$coord
   -0.00000000000000     -0.00000000000000     -0.00000000000000      mo
   -0.00000000000000     -0.00000000000000     -6.81981946478266      y
    2.32689804734071      2.34097588881219     -2.55750203734931      s
   -2.32689804734071     -2.34097588881219     -2.55750203734931      s
    2.34097588881219     -2.32689804734071      2.55750203734931      s
   -2.34097588881219      2.32689804734071      2.55750203734931      s
    4.70346697634815     -1.60309593876042     -7.67876772907680      c
    3.52915204880664     -3.57459271983470     -6.25041617655685      c
    1.59540029210753     -4.67785028422603     -7.78539182702054      c
    1.60198514939422     -3.41849809967111    -10.18105611277289      c
    3.52528122658885     -1.51092939405590    -10.11335140434521      c
   -1.59540029210753      4.67785028422603     -7.78539182702054      c
   -3.52915204880664      3.57459271983470     -6.25041617655685      c
   -4.70346697634815      1.60309593876043     -7.67876772907680      c
   -3.52528122658885      1.51092939405590    -10.11335140434521      c
   -1.60198514939422      3.41849809967111    -10.18105611277289      c
    0.06029723422127     -6.98505114433163     -7.13209741506142      c
    0.23337533788132     -4.33615667940080    -12.50012059335357      c
    4.41020839102430     -4.55092520295128     -3.73381741474052      c
    4.53709515220320     -0.06368817438370    -12.34441010525247      c
    7.00811894573635     -0.12222784842231     -6.90389747249942      c
   -0.23337533788132      4.33615667940080    -12.50012059335357      c
   -4.41020839102430      4.55092520295128     -3.73381741474052      c
   -7.00811894573635      0.12222784842230     -6.90389747249942      c
   -4.53709515220320      0.06368817438370    -12.34441010525247      c
    5.85617882512596     -6.03540031717624     -3.99736648125436      h
    2.85613306734859     -5.38422933939995     -2.63300394812711      h
   -2.85613306734860      5.38422933939995     -2.63300394812711      h
   -5.85617882512596      6.03540031717624     -3.99736648125436      h
    5.26338776392913     -3.05187497808666     -2.57385155165999      h
   -5.26338776392913      3.05187497808666     -2.57385155165999      h
    7.04224058286055      1.77677793269039     -7.75606799705467      h
    8.75075039786344     -1.09651644170551     -7.51831716637869      h
    7.11660489900180      0.11439235366293     -4.84148657847978      h
   -7.04224058286055     -1.77677793269039     -7.75606799705467      h
   -8.75075039786344      1.09651644170551     -7.51831716637869      h
   -7.11660489900180     -0.11439235366293     -4.84148657847978      h
   -0.06029723422126      6.98505114433163     -7.13209741506142      c
   -1.04065826873747      8.72337246630128     -7.74904732919973      h
    1.80171207508041      6.97704903033233     -8.06324572442339      h
    0.26220808897413      7.14353801650294     -5.08424306989120      h
    1.04065826873747     -8.72337246630128     -7.74904732919973      h
   -1.80171207508041     -6.97704903033233     -8.06324572442339      h
    3.14095012656877      0.10160332867761    -13.87209043572270      h
   -3.14095012656877     -0.10160332867761    -13.87209043572270      h
   -1.24445488041752      5.96252602081392    -13.33508630823975      h
    1.24445488041752     -5.96252602081392    -13.33508630823975      h
   -0.26220808897413     -7.14353801650294     -5.08424306989120      h
   -0.00000000000000     -0.00000000000000      6.81981946478266      y
    1.60309593889587      4.70346697634815      7.67876772894136      c
   -1.60309593889587     -4.70346697634815      7.67876772894136      c
    4.67785028422603      1.59540029197208      7.78539182715598      c
   -4.67785028422603     -1.59540029197209      7.78539182715598      c
    3.57459271983470      3.52915204880664      6.25041617655685      c
   -3.57459271983470     -3.52915204880664      6.25041617655685      c
    3.41849809953566      1.60198514952966     10.18105611290833      c
   -3.41849809953566     -1.60198514952966     10.18105611290833      c
    1.51092939392046      3.52528122672430     10.11335140420977      c
   -1.51092939392046     -3.52528122672430     10.11335140420977      c
    6.98505114433163      0.06029723408583      7.13209741546776      c
   -6.98505114433163     -0.06029723408582      7.13209741546776      c
    0.12222784855775      7.00811894573635      6.90389747209308      c
   -0.12222784855774     -7.00811894573635      6.90389747209308      c
    4.33615667912991      0.23337533815221     12.50012059362446      c
   -4.33615667912991     -0.23337533815221     12.50012059362446      c
    0.06368817411281      4.53709515247409     12.34441010498158      c
   -0.06368817411282     -4.53709515247409     12.34441010498158      c
    4.55092520322217      4.41020839075341      3.73381741474052      c
   -4.55092520322217     -4.41020839075341      3.73381741474052      c
    6.03540031758257      5.85617882471963      3.99736648125436      h
   -6.03540031758257     -5.85617882471963      3.99736648125436      h
    5.38422933967084      2.85613306694226      2.63300394826256      h
   -5.38422933967084     -2.85613306694226      2.63300394826256      h
    3.05187497849300      5.26338776365824      2.57385155152454      h
   -3.05187497849300     -5.26338776365824      2.57385155152454      h
   -1.77677793269039      7.04224058299600      7.75606799664833      h
    1.77677793269039     -7.04224058299600      7.75606799664833      h
    6.97704903019689     -1.80171207508041      8.06324572482973      h
   -6.97704903019689      1.80171207508041      8.06324572482973      h
    1.09651644197640      8.75075039786344      7.51831716597236      h
   -1.09651644197640     -8.75075039786344      7.51831716597236      h
    8.72337246630128      1.04065826846658      7.74904732960606      h
   -8.72337246630128     -1.04065826846658      7.74904732960606      h
   -0.11439235339204      7.11660489900180      4.84148657807345      h
    0.11439235339204     -7.11660489900180      4.84148657807345      h
    7.14353801650294     -0.26220808924502      5.08424307029753      h
   -7.14353801650294      0.26220808924502      5.08424307029753      h
    4.97839507955382     -1.70132832993260     12.08635631892788      h
   -1.70132833020349     -4.97839507982471    -12.08635631852154      h
    1.70132833020349      4.97839507982471    -12.08635631852154      h
   -0.10160332908394      3.14095012697510     13.87209043558725      h
    0.10160332908394     -3.14095012697510     13.87209043558725      h
    2.87373013782184      0.11351225016836     13.97005564395293      h
    0.11351224976203     -2.87373013822817    -13.97005564381748      h
   -2.87373013782184     -0.11351225016836     13.97005564395293      h
   -0.11351224976203      2.87373013822817    -13.97005564381748      h
   -4.97839507955382      1.70132832993260     12.08635631892788      h
    1.85889097962356     -5.15193353876403     11.83864753820808      h
   -5.15193353849315     -1.85889097935267    -11.83864753861442      h
   -1.85889097962356      5.15193353876403     11.83864753820808      h
    5.15193353849315      1.85889097935267    -11.83864753861442      h
   -5.96252602040759     -1.24445488068841     13.33508630864608      h
    5.96252602040759      1.24445488068841     13.33508630864608      h
   -1.03951362501029     -6.20460553941331     13.13909610651894      h
   -6.20460553900698      1.03951362528118    -13.13909610692528      h
    1.03951362501029      6.20460553941331     13.13909610651894      h
    6.20460553900698     -1.03951362528118    -13.13909610692528      h
$end