$coord
    0.00000000000000      0.00000000000000      0.00000000000000  mo
    0.00000000000000      0.00000000000000     -6.32225786520562  y
    0.00000000000000     -0.00000000000000      6.32225786520562  y
    2.43123666320232      2.43123666320232     -2.42570307436020  s
   -2.43123666320232     -2.43123666320232     -2.42570307436020  s
    2.43123666320232     -2.43123666320232      2.42570307436020  s
   -2.43123666320232      2.43123666320232      2.42570307436020  s
    4.58746354722386     -1.51720540307225     -7.53735823665144  c
    3.52728684334609     -3.52728684334609     -6.10884538180888  c
    1.51720540307225     -4.58746354722386     -7.53735823665144  c
    1.33841306136636     -3.23974567941236     -9.85330992612484  c
    3.23974567941236     -1.33841306136636     -9.85330992612484  c
   -1.51720540307225      4.58746354722386     -7.53735823665144  c
   -3.52728684334609      3.52728684334609     -6.10884538180888  c
   -4.58746354722386      1.51720540307225     -7.53735823665144  c
   -3.23974567941236      1.33841306136636     -9.85330992612484  c
   -1.33841306136636      3.23974567941236     -9.85330992612484  c
    1.51720540307225      4.58746354722386      7.53735823665144  c
    1.33841306136636      3.23974567941236      9.85330992612484  c
    3.23974567941236      1.33841306136636      9.85330992612484  c
    4.58746354722386      1.51720540307225      7.53735823665144  c
    3.52728684334609      3.52728684334609      6.10884538180888  c
   -4.58746354722386     -1.51720540307225      7.53735823665144  c
   -3.23974567941236     -1.33841306136636      9.85330992612484  c
   -1.33841306136636     -3.23974567941236      9.85330992612484  c
   -1.51720540307225     -4.58746354722386      7.53735823665144  c
   -3.52728684334609     -3.52728684334609      6.10884538180888  c
    0.31738421322467     -6.15628322901516     -6.95106296654679  h
   -0.00380869732508     -3.60994281573641    -11.37162130383437  h
    4.10901576448464     -4.10901576448464     -4.22059668782617  h
    3.60994281573641      0.00380869732508    -11.37162130383437  h
    6.15628322901516     -0.31738421322467     -6.95106296654679  h
    0.00380869732508      3.60994281573641    -11.37162130383437  h
   -0.31738421322467      6.15628322901516     -6.95106296654679  h
   -4.10901576448464      4.10901576448464     -4.22059668782617  h
   -6.15628322901516      0.31738421322467     -6.95106296654679  h
   -3.60994281573641     -0.00380869732508    -11.37162130383437  h
   -0.31738421322467     -6.15628322901516      6.95106296654679  h
   -4.10901576448464     -4.10901576448464      4.22059668782617  h
   -6.15628322901516     -0.31738421322467      6.95106296654679  h
   -3.60994281573641      0.00380869732508     11.37162130383437  h
    0.00380869732508     -3.60994281573641     11.37162130383437  h
   -0.00380869732508      3.60994281573641     11.37162130383437  h
    0.31738421322467      6.15628322901516      6.95106296654679  h
    4.10901576448464      4.10901576448464      4.22059668782617  h
    3.60994281573641     -0.00380869732508     11.37162130383437  h
    6.15628322901516      0.31738421322467      6.95106296654679  h
$user-defined bonds
$redundant
     number_of_atoms            47
     degrees_of_freedom         19
     internal_coordinates       29
     frozen_coordinates          0
# definitions of redundant internals
   1 k  2.0000000000000 stre   9   30           val=   2.05968
   2 k  2.8284271247462 stre   8   32           val=   2.06022
   3 k  2.8284271247462 stre  11   29           val=   2.06007
   4 k -1.9999957084463 bend   9   32    8      val=   0.31245
        1.9999933328962 bend  12   32    8
        0.0066207678690 bend   2   32    8
   5 k -2.0000005201787 bend  10   29   11      val=   0.11937
        1.9999924768589 bend  12   29   11
        0.0052926167911 bend   2   29   11
   6 k  0.0416119626068 bend   8   30    9      val= 116.39212
        0.0416119626068 bend  10   30    9
        1.9991340348101 bend   2   30    9
   7 k -0.0146496419834 bend  10   29   11      val= 114.56814
       -0.0221342899053 bend  12   29   11
        2.8283025759632 bend   2   29   11
   8 k  0.0123469022978 bend   9   32    8      val= 117.07331
        0.0029838004589 bend  12   32    8
        2.8283986018485 bend   2   32    8
   9 k  0.6666666666667 tors  10   11    2    4 val=  95.67557
        0.6666666666667 tors  10   11    2    5
        0.6666666666667 tors  10   11    2    8
        0.6666666666667 tors  10   11    2    9
        0.6666666666667 tors  10   11    2   13
        0.6666666666667 tors  10   11    2   14
        0.6666666666667 tors  10   11    2   15
        0.6666666666667 tors  10   11    2   16
        0.6666666666667 tors  10   11    2   17
        0.6666666666667 tors  12   11    2    4
        0.6666666666667 tors  12   11    2    5
        0.6666666666667 tors  12   11    2    8
        0.6666666666667 tors  12   11    2    9
        0.6666666666667 tors  12   11    2   13
        0.6666666666667 tors  12   11    2   14
        0.6666666666667 tors  12   11    2   15
        0.6666666666667 tors  12   11    2   16
        0.6666666666667 tors  12   11    2   17
  10 k  0.6666666666667 tors   9    8    2    4 val=  71.67997
        0.6666666666667 tors   9    8    2    5
        0.6666666666667 tors   9    8    2   10
        0.6666666666667 tors   9    8    2   11
        0.6666666666667 tors   9    8    2   13
        0.6666666666667 tors   9    8    2   14
        0.6666666666667 tors   9    8    2   15
        0.6666666666667 tors   9    8    2   16
        0.6666666666667 tors   9    8    2   17
        0.6666666666667 tors  12    8    2    4
        0.6666666666667 tors  12    8    2    5
        0.6666666666667 tors  12    8    2   10
        0.6666666666667 tors  12    8    2   11
        0.6666666666667 tors  12    8    2   13
        0.6666666666667 tors  12    8    2   14
        0.6666666666667 tors  12    8    2   15
        0.6666666666667 tors  12    8    2   16
        0.6666666666667 tors  12    8    2   17
  11 k  2.0000000000000 stre   1    4           val=   4.20783
  12 k  1.4142135623731 bend   5    4    1      val= 109.59426
  13 k  2.0000000000000 stre   2    4           val=   5.19663
  14 k  2.8284271247462 stre   2   11           val=   4.97550
  15 k  2.0000000000000 stre  11   12           val=   2.68889
  16 k  2.8284271247462 stre   2    8           val=   4.98229
  17 k  2.8284271247462 stre  12    8           val=   2.68551
  18 k  2.0000000000000 stre   2    9           val=   4.99290
  19 k  2.8284271247462 stre   8    9           val=   2.68422
  20 k -0.6123992674810 bend   5    4    2      val=  66.20318
       -0.0773590662537 bend  11    4    2
       -0.0464100615299 bend  12    4    2
        0.6447586778920 bend  16   11    2
        0.7295246077278 bend  17   11    2
       -0.2286329728314 bend   8    4    2
       -0.4277916368524 bend   8    5    2
        0.2004779634754 bend   8   11    2
        0.8462109174533 bend   8   16    2
        0.6587595131321 bend   8   17    2
        0.0841597694850 bend  10    8    2
        0.4526097739761 bend  13    8    2
        0.9674471264829 bend  15    8    2
        0.3947436424555 bend  14    8    2
       -0.3623681498121 bend   9    4    2
        0.1174182368045 bend   9   11    2
        0.7574154572780 bend   9   16    2
  21 k  1.0353111855088 bend   5    4    2      val=   2.46719
       -0.4908088080015 bend  11    4    2
       -0.5383256281706 bend  12    4    2
        0.7370894708942 bend  16   11    2
        0.6864558095029 bend  17   11    2
       -0.1898176650510 bend   8    4    2
        0.2914359920890 bend   8    5    2
       -0.2985802009236 bend   8   11    2
        0.1623271409055 bend   8   16    2
        0.1347891512358 bend   8   17    2
        0.1805984584893 bend  10    8    2
       -0.3406650711651 bend  13    8    2
       -0.3236644317340 bend  15    8    2
       -0.2317475253554 bend  14    8    2
        0.1361243191924 bend   9    4    2
       -0.5216066237265 bend   9   11    2
        0.2167757541753 bend   9   16    2
  22 k -0.4489601239832 bend   5    4    2      val= -13.74062
        0.1591399297366 bend  11    4    2
        0.0610408099368 bend  12    4    2
       -0.0404390568390 bend  16   11    2
        0.0791139996936 bend  17   11    2
       -0.3710607149543 bend   8    4    2
        0.3204646547402 bend   8    5    2
        0.6166555626891 bend   8   11    2
        0.1180200961348 bend   8   16    2
       -0.3330587306395 bend   8   17    2
        1.3405750708507 bend  10    8    2
       -1.0959005059057 bend  13    8    2
        0.2183469645261 bend  15    8    2
       -0.5186065983031 bend  14    8    2
       -0.1071674098938 bend   9    4    2
        0.1443129248772 bend   9   11    2
        0.1024739101121 bend   9   16    2
  23 k  1.0975291575452 bend   5    4    2      val=  21.76681
        0.0503108579778 bend  11    4    2
       -0.3589893013080 bend  12    4    2
       -0.5347074103740 bend  16   11    2
       -0.4068213209868 bend  17   11    2
       -0.5826078747155 bend   8    4    2
       -0.1542902862291 bend   8    5    2
        0.5312408939946 bend   8   11    2
        0.1800241588252 bend   8   16    2
        0.0233062479633 bend   8   17    2
        0.1421866254576 bend  10    8    2
        0.2758371415396 bend  13    8    2
        0.7403213853869 bend  15    8    2
        0.1478625958252 bend  14    8    2
       -0.0491941046857 bend   9    4    2
        0.3473234001452 bend   9   11    2
       -0.1881550028712 bend   9   16    2
  24 k  0.4082060566336 bend   5    4    2      val=   7.69001
       -0.0444386236160 bend  11    4    2
       -0.1404509801753 bend  12    4    2
       -0.0700270090245 bend  16   11    2
       -0.0549628472463 bend  17   11    2
        0.1784214304827 bend   8    4    2
        0.2906021215143 bend   8    5    2
       -0.2240561010308 bend   8   11    2
       -0.3682672537413 bend   8   16    2
       -0.3184463289158 bend   8   17    2
       -0.0914789508158 bend  10    8    2
       -0.2926900335416 bend  13    8    2
       -0.6870652649670 bend  15    8    2
        0.5385141775953 bend  14    8    2
       -1.1494062780642 bend   9    4    2
        1.4818982592907 bend   9   11    2
        1.3975203042466 bend   9   16    2
  25 k -0.2260660337875 bend   5    4    2      val=  -1.01363
        0.9493979277724 bend  11    4    2
       -1.2352484230255 bend  12    4    2
       -0.4069704633537 bend  16   11    2
        1.1245071201241 bend  17   11    2
        0.3606677190374 bend   8    4    2
        0.0173758840634 bend   8    5    2
        0.7713535319177 bend   8   11    2
        0.4515591591319 bend   8   16    2
       -0.7608863039596 bend   8   17    2
       -0.4524910841050 bend  10    8    2
        0.1564578900286 bend  13    8    2
       -0.4641278823249 bend  15    8    2
        0.0687436344414 bend  14    8    2
        0.0530044443494 bend   9    4    2
        0.1047391808865 bend   9   11    2
       -0.3034578709817 bend   9   16    2
  26 k  2.0000000000000 bend   2    1    4      val=  83.77795
  27 k  2.8284271247462 bend  12    9    8      val= 108.09519
  28 k  2.0000000000000 bend  10    8    9      val= 107.95779
  29 k  2.8284271247462 bend  12   10   11      val= 107.92572
        19 non zero eigenvalues  of BmBt
           1           2.349309711    1    0
         1
           2           2.089935186    2    0
         2
           3           2.022703212    3    0
         3
           4           1.503400229    4    0
         4
           5           1.025411693    5    0
         5
           6           0.719797578    6    0
         6
           7           0.579020750    7    0
         7
           8           0.577549170    8    0
         8
           9           5.478002764    0    0
         0.000000000         0.000000000         0.000000000         0.000000000
         0.000000000         0.000000000         0.000000000         0.000000000
        -0.054349347         0.344347063         0.000125412        -0.028578922
        -0.464346828         0.626280510         0.048217168         0.135623950
         0.027923485        -0.121275422        -0.008621096        -0.480373425
         0.014042487        -0.000325465         0.001584605        -0.001753046
        -0.003804481        -0.046084665         0.000197662         0.016813215
        -0.012091261
          10           1.405101971    0    0
         0.000000000         0.000000000         0.000000000         0.000000000
         0.000000000         0.000000000         0.000000000         0.000000000
         0.329083533        -0.600008247         0.108209113        -0.077719664
        -0.288146011         0.117769494        -0.254348933         0.144616836
         0.044495974         0.116014600         0.484282270        -0.058744952
         0.076882808         0.070124999         0.014660503         0.120483118
        -0.066179277         0.017548028        -0.067519717        -0.131825525
         0.160734926
          11           1.288871133    0    0
         0.000000000         0.000000000         0.000000000         0.000000000
         0.000000000         0.000000000         0.000000000         0.000000000
         0.074922914         0.038392838         0.764519044         0.130041789
         0.419970164         0.145215923         0.144679362         0.042944021
        -0.065845852        -0.011296239         0.077628473        -0.151559358
         0.209074703        -0.024029535         0.178318186         0.066793689
         0.016428633        -0.238207062         0.012204650        -0.004102868
        -0.009326767
          12           1.237756335    0    0
         0.000000000         0.000000000         0.000000000         0.000000000
         0.000000000         0.000000000         0.000000000         0.000000000
         0.025133804         0.033718691         0.110654022         0.027207722
         0.083879687        -0.019182461        -0.515389431         0.146148538
         0.635965811        -0.147788210        -0.265240200        -0.007054592
        -0.046877569        -0.029016077         0.093199602        -0.080879604
        -0.119294924        -0.040176935        -0.284086700         0.264265066
         0.097506323
          13           1.023947198    0    0
         0.000000000         0.000000000         0.000000000         0.000000000
         0.000000000         0.000000000         0.000000000         0.000000000
         0.165404911         0.090329841         0.337536774        -0.181170966
        -0.473931601        -0.364585722        -0.190371546        -0.147138223
        -0.419902030        -0.238032361        -0.281319292         0.022966138
         0.204475604        -0.060776131         0.032149810        -0.047330635
        -0.000788740         0.056599888        -0.143927471         0.113529597
         0.063809681
          14           0.960406786    0    0
         0.000000000         0.000000000         0.000000000         0.000000000
         0.000000000         0.000000000         0.000000000         0.000000000
         0.389644554         0.171761008        -0.234785872         0.078999500
         0.197158831        -0.045087974         0.236291829         0.383276688
        -0.201970628        -0.241612125         0.207678104         0.011543142
         0.057489327         0.200634407        -0.101575880        -0.116632818
         0.049761888        -0.007922588        -0.403289509         0.331448223
         0.169467261
          15           0.759418784    0    0
         0.000000000         0.000000000         0.000000000         0.000000000
         0.000000000         0.000000000         0.000000000         0.000000000
        -0.126354724         0.188038895         0.238580132        -0.195365385
        -0.352806776        -0.274533733         0.430161839         0.297899449
         0.371207638         0.307166228         0.184806405         0.206360446
        -0.003757821         0.056771069         0.180793180        -0.007695361
         0.065737242         0.114203833        -0.029774252         0.118195951
        -0.053625201
          16           0.450567411    0    0
         0.000000000         0.000000000         0.000000000         0.000000000
         0.000000000         0.000000000         0.000000000         0.000000000
        -0.001065558         0.344876540        -0.047597007         0.091290468
         0.074604031        -0.194752190        -0.391067759         0.219983972
        -0.227646213         0.676289297         0.062562364        -0.243270095
         0.036381980        -0.068495099        -0.080501335        -0.095339361
        -0.027429427        -0.082088113        -0.048426951        -0.094145885
         0.114321298
          17           0.377075172    0    0
         0.000000000         0.000000000         0.000000000         0.000000000
         0.000000000         0.000000000         0.000000000         0.000000000
        -0.440343830        -0.155529713         0.005990352         0.033805317
         0.017236792        -0.227016236        -0.091524660         0.659010584
        -0.151286882        -0.363006494         0.003641105        -0.120496587
        -0.061047499        -0.195036020        -0.040159604         0.171841242
         0.030595848        -0.037114089         0.133417529        -0.153334962
        -0.022279201
          18           0.240098059    0    0
         0.000000000         0.000000000         0.000000000         0.000000000
         0.000000000         0.000000000         0.000000000         0.000000000
        -0.074180524         0.143389199        -0.024242530         0.054353595
         0.009277865        -0.453237337         0.000291231        -0.348139013
         0.165843779        -0.235396823         0.368630099        -0.533125462
        -0.209488866         0.251830141         0.094281859         0.105261854
         0.025904146        -0.055700564        -0.014633238        -0.071588589
         0.065354851
          19           0.014654092    0    0
         0.000000000         0.000000000         0.000000000         0.000000000
         0.000000000         0.000000000         0.000000000         0.000000000
         0.047018243        -0.070396304        -0.268596110         0.509233340
        -0.254304393        -0.121891895         0.094534328        -0.023797517
         0.064269168         0.024356970        -0.066855731         0.069336269
         0.316408867        -0.103332819         0.332726581         0.087310052
         0.001792326        -0.571097544         0.019039645         0.031501662
        -0.041304006
$end
