# Excitation spectrum ; written at 2020-08-16 11:04:44
#     Exc.     energy (Eh)   energy (eV)   energy (cm-1)   energy (nm)     Osc.(vel)      Osc.(len) 
       1 b2       0.032367       0.88076        7103.843      1407.689     0.02202067     0.02208982
       2 b2       0.079580       2.16548       17465.787       572.548     0.00708727     0.00694648
       3 b2       0.105079       2.85936       23062.274       433.609     0.10851441     0.10510041
       4 b2       0.128467       3.49578       28195.340       354.669     0.03049805     0.02837336
       5 b2       0.129620       3.52715       28448.366       351.514     0.01004894     0.00975309
       6 b2       0.130445       3.54959       28629.357       349.292     0.01379841     0.01295514
       7 b2       0.132440       3.60388       29067.239       344.030     0.00263931     0.00347512
       8 b2       0.133647       3.63673       29332.203       340.922     0.00421457     0.00406279
       9 b2       0.141307       3.84515       31013.218       322.443     0.00002213     0.00002407
      10 b2       0.141732       3.85673       31106.611       321.475     0.00931262     0.00912165
      11 b2       0.144195       3.92375       31647.199       315.984     0.01093880     0.01111463
      12 b2       0.149378       4.06477       32784.599       305.021     0.00503090     0.00552490
      13 b2       0.154369       4.20059       33880.013       295.159     0.00257047     0.00244120
      14 b2       0.155622       4.23470       34155.185       292.781     0.00023273     0.00142878
      15 b2       0.158041       4.30052       34686.073       288.300     0.00116316     0.00107728
      16 b2       0.159642       4.34409       35037.417       285.409     0.01054456     0.01038166
      17 b2       0.169336       4.60787       37164.941       269.071     0.08375207     0.08409234
      18 b2       0.172202       4.68586       37793.979       264.592     0.00493366     0.00394878
      19 b2       0.174448       4.74697       38286.925       261.186     0.00390466     0.00319460
      20 b2       0.176172       4.79388       38665.277       258.630     0.00000752     0.00123033
      21 b2       0.180052       4.89947       39516.863       253.057     0.00000484     0.00000737
      22 b2       0.181837       4.94805       39908.703       250.572     0.01786538     0.01581703
      23 b2       0.182782       4.97376       40116.078       249.277     0.02692387     0.02563356
      24 b2       0.187917       5.11349       41243.073       242.465     0.00313074     0.00268116
      25 b2       0.189808       5.16493       41657.987       240.050     0.00460822     0.00430302
      26 b2       0.191940       5.22296       42126.018       237.383     0.00003102     0.00000098
      27 b2       0.193892       5.27607       42554.344       234.994     0.00129838     0.00118078
      28 b2       0.194158       5.28330       42612.702       234.672     0.08039245     0.07733578
      29 b2       0.200966       5.46857       44106.960       226.722     0.08074876     0.08009948
      30 b2       0.201735       5.48949       44275.728       225.857     0.02727823     0.02659062
      31 b2       0.205200       5.58377       45036.123       222.044     0.00487199     0.00510702
      32 b2       0.207763       5.65352       45598.730       219.304     0.24034246     0.22933438
      33 b2       0.210335       5.72352       46163.303       216.622     0.00010992     0.00003474
      34 b2       0.211495       5.75508       46417.872       215.434     0.02668213     0.02494299
      35 b2       0.214032       5.82412       46974.660       212.881     0.02102699     0.02033440
      36 b2       0.214553       5.83828       47088.876       212.364     0.00992459     0.00957880
      37 b2       0.217175       5.90964       47664.426       209.800     0.20644229     0.21104783
      38 b2       0.220232       5.99282       48335.328       206.888     0.00028520     0.00031296
      39 b2       0.221666       6.03184       48650.031       205.550     0.00001366     0.00002148
      40 b2       0.222164       6.04539       48759.372       205.089     0.03494034     0.03316983
      41 b2       0.224574       6.11096       49288.204       202.888     0.01666255     0.01572397
      42 b2       0.225337       6.13173       49455.722       202.201     0.07847865     0.07853859
      43 b2       0.226680       6.16828       49750.545       201.003     0.02544476     0.02744062
      44 b2       0.227301       6.18519       49886.909       200.453     0.04272437     0.04324594
      45 b2       0.228232       6.21051       50091.103       199.636     0.33442644     0.34532353
      46 b2       0.230463       6.27121       50580.749       197.704     0.04637246     0.04268537
      47 b2       0.231647       6.30343       50840.602       196.693     0.04281776     0.04272509
      48 b2       0.234273       6.37489       51416.983       194.488     0.02263009     0.02203607
      49 b2       0.234438       6.37939       51453.253       194.351     0.09937122     0.10171089
      50 b2       0.236408       6.43299       51885.559       192.732     0.00010120     0.00011084
       1 e        0.057845       1.57404       12695.497       787.681     0.00294906     0.00177717
       2 e        0.092206       2.50904       20236.782       494.150     0.00032899     0.00031482
       3 e        0.097279       2.64709       21350.248       468.379     0.00014134     0.00021262
       4 e        0.099380       2.70428       21811.472       458.474     0.00306930     0.00284515
       5 e        0.105991       2.88416       23262.301       429.880     0.00213781     0.00194105
       6 e        0.108418       2.95020       23795.005       420.256     0.00049825     0.00067692
       7 e        0.116699       3.17555       25612.513       390.434     0.00358691     0.00340396
       8 e        0.117091       3.18620       25698.408       389.129     0.00000002     0.00000000
       9 e        0.118464       3.22356       25999.763       384.619     0.00167940     0.00162126
      10 e        0.119935       3.26360       26322.698       379.900     0.00245422     0.00374465
      11 e        0.121632       3.30978       26695.193       374.599     0.00200214     0.00214596
      12 e        0.122988       3.34668       26992.807       370.469     0.00007680     0.00016699
      13 e        0.126147       3.43264       27686.128       361.192     0.00238500     0.00194484
      14 e        0.128542       3.49781       28211.778       354.462     0.00298683     0.00222143
      15 e        0.128719       3.50263       28250.638       353.974     0.00515918     0.00509701
      16 e        0.129417       3.52161       28403.673       352.067     0.00279291     0.00260471
      17 e        0.130368       3.54750       28612.550       349.497     0.00167258     0.00117584
      18 e        0.131568       3.58016       28875.914       346.309     0.00002654     0.00001324
      19 e        0.136469       3.71352       29951.524       333.873     0.01193936     0.01211433
      20 e        0.140577       3.82529       30853.051       324.117     0.00197486     0.00226122
      21 e        0.144258       3.92546       31660.975       315.846     0.00139188     0.00146240
      22 e        0.149189       4.05965       32743.256       305.406     0.00407329     0.00372889
      23 e        0.153493       4.17676       33687.874       296.843     0.00276242     0.00237301
      24 e        0.154170       4.19518       33836.372       295.540     0.00203285     0.00264887
      25 e        0.159953       4.35254       35105.635       284.855     0.00013023     0.00016233
      26 e        0.160554       4.36891       35237.607       283.788     0.01749589     0.01758624
      27 e        0.164322       4.47143       36064.539       277.281     0.00257425     0.00205343
      28 e        0.164960       4.48880       36204.590       276.208     0.00175131     0.00142916
      29 e        0.166062       4.51878       36446.392       274.376     0.00241885     0.00195067
      30 e        0.167263       4.55147       36710.069       272.405     0.00000773     0.00007349
      31 e        0.167787       4.56572       36825.043       271.554     0.00181386     0.00172283
      32 e        0.168846       4.59454       37057.426       269.851     0.00034073     0.00031164
      33 e        0.170477       4.63892       37415.402       267.270     0.00350598     0.00328269
      34 e        0.170975       4.65248       37524.754       266.491     0.00433996     0.00517168
      35 e        0.172042       4.68151       37758.946       264.838     0.00067030     0.00043525
      36 e        0.172242       4.68693       37802.665       264.532     0.00049200     0.00034654
      37 e        0.175656       4.77986       38552.133       259.389     0.01808019     0.01883421
      38 e        0.176719       4.80876       38785.229       257.830     0.00055483     0.00039555
      39 e        0.178557       4.85878       39188.686       255.176     0.00095829     0.00073265
      40 e        0.178835       4.86634       39249.665       254.779     0.00753462     0.01011947
      41 e        0.180338       4.90725       39579.642       252.655     0.00097013     0.00086413
      42 e        0.181316       4.93386       39794.258       251.293     0.00196438     0.00195357
      43 e        0.182982       4.97920       40159.960       249.004     0.00459801     0.00442945
      44 e        0.183161       4.98406       40199.169       248.761     0.00093878     0.00137857
      45 e        0.185066       5.03590       40617.260       246.201     0.00605426     0.00725404
      46 e        0.190323       5.17894       41770.987       239.401     0.00027003     0.00042398
      47 e        0.190869       5.19380       41890.852       238.716     0.00035239     0.00051100
      48 e        0.192492       5.23797       42247.078       236.703     0.00027588     0.00037531
      49 e        0.192865       5.24812       42328.951       236.245     0.03346063     0.02945657
      50 e        0.194573       5.29461       42703.926       234.171     0.00943036     0.00615735
