# Electronic excitation spectrum of , IRREP b2  
#  excitation energy / cm^(-1)  oscillator strength (length rep.)
 0.71038433552439E+04   0.22089819292808E-01
 0.17465786638885E+05   0.69464797276186E-02
 0.23062274260257E+05   0.10510040691644E+00
 0.28195340156274E+05   0.28373357708537E-01
 0.28448365550859E+05   0.97530854865432E-02
 0.28629357339252E+05   0.12955137034737E-01
 0.29067239266649E+05   0.34751206501269E-02
 0.29332203332317E+05   0.40627857491753E-02
 0.31013218426678E+05   0.24068247109534E-04
 0.31106611363511E+05   0.91216513830401E-02
 0.31647198739302E+05   0.11114634152487E-01
 0.32784599020068E+05   0.55248962269238E-02
 0.33880013368530E+05   0.24411979301930E-02
 0.34155184741237E+05   0.14287756411074E-02
 0.34686072833558E+05   0.10772789164774E-02
 0.35037417369964E+05   0.10381657541345E-01
 0.37164940588095E+05   0.84092339704059E-01
 0.37793978929476E+05   0.39487811967807E-02
 0.38286925149552E+05   0.31945953974101E-02
 0.38665277027308E+05   0.12303345487981E-02
 0.39516862755278E+05   0.73737580365904E-05
 0.39908703108948E+05   0.15817033228602E-01
 0.40116077688564E+05   0.25633564582575E-01
 0.41243072911779E+05   0.26811632287752E-02
 0.41657987358927E+05   0.43030232033063E-02
 0.42126017861277E+05   0.97874671234372E-06
 0.42554344023115E+05   0.11807771380668E-02
 0.42612701740873E+05   0.77335784051003E-01
 0.44106960155908E+05   0.80099481768714E-01
 0.44275728466648E+05   0.26590623533636E-01
 0.45036123362779E+05   0.51070238190404E-02
 0.45598729762409E+05   0.22933438256257E+00
 0.46163303317102E+05   0.34743204146649E-04
 0.46417871816043E+05   0.24942990831723E-01
 0.46974660249334E+05   0.20334396580675E-01
 0.47088876200610E+05   0.95788018725812E-02
 0.47664425833942E+05   0.21104783280791E+00
 0.48335328315474E+05   0.31296124981060E-03
 0.48650030611963E+05   0.21483876682407E-04
 0.48759372444732E+05   0.33169829787754E-01
 0.49288203949891E+05   0.15723969542839E-01
 0.49455721943836E+05   0.78538586804189E-01
 0.49750544654285E+05   0.27440619818998E-01
 0.49886909197550E+05   0.43245936487692E-01
 0.50091103026383E+05   0.34532353386746E+00
 0.50580748845269E+05   0.42685365502042E-01
 0.50840601891086E+05   0.42725093722850E-01
 0.51416982655399E+05   0.22036065851434E-01
 0.51453253307047E+05   0.10171088718156E+00
 0.51885558890169E+05   0.11083629127645E-03
# Electronic excitation spectrum of , IRREP e   
#  excitation energy / cm^(-1)  oscillator strength (length rep.)
 0.12695497419235E+05   0.17771710142016E-02
 0.20236781589677E+05   0.31482470561682E-03
 0.21350247570205E+05   0.21261748095912E-03
 0.21811472108697E+05   0.28451504324032E-02
 0.23262300519927E+05   0.19410494136622E-02
 0.23795004506143E+05   0.67691924026403E-03
 0.25612513400004E+05   0.34039641626770E-02
 0.25698408007135E+05   0.48967361072157E-08
 0.25999763414562E+05   0.16212644932213E-02
 0.26322698440214E+05   0.37446510188919E-02
 0.26695193447611E+05   0.21459569345850E-02
 0.26992807207622E+05   0.16698879072747E-03
 0.27686127707344E+05   0.19448419925242E-02
 0.28211778144656E+05   0.22214263858082E-02
 0.28250638085629E+05   0.50970050103975E-02
 0.28403673018276E+05   0.26047055834093E-02
 0.28612549868845E+05   0.11758428339854E-02
 0.28875913553342E+05   0.13239195948581E-04
 0.29951524042165E+05   0.12114332771484E-01
 0.30853050680472E+05   0.22612231351221E-02
 0.31660974933192E+05   0.14624018445426E-02
 0.32743255880646E+05   0.37288899513429E-02
 0.33687874357637E+05   0.23730055785278E-02
 0.33836371770368E+05   0.26488714837134E-02
 0.35105635404244E+05   0.16233493955100E-03
 0.35237606834265E+05   0.17586241914209E-01
 0.36064538835168E+05   0.20534269460858E-02
 0.36204589666665E+05   0.14291569529855E-02
 0.36446391874388E+05   0.19506653237312E-02
 0.36710069392462E+05   0.73487290023307E-04
 0.36825043484924E+05   0.17228310114773E-02
 0.37057425796529E+05   0.31164067646999E-03
 0.37415401805982E+05   0.32826909285576E-02
 0.37524753617979E+05   0.51716784697500E-02
 0.37758946247016E+05   0.43525041767086E-03
 0.37802665260185E+05   0.34654385539855E-03
 0.38552133391078E+05   0.18834207702957E-01
 0.38785229044463E+05   0.39554968714658E-03
 0.39188686142752E+05   0.73264923326743E-03
 0.39249665388241E+05   0.10119474704072E-01
 0.39579642307651E+05   0.86412634176663E-03
 0.39794258344009E+05   0.19535746580028E-02
 0.40159959932594E+05   0.44294535453512E-02
 0.40199169093058E+05   0.13785681271000E-02
 0.40617260086526E+05   0.72540350157414E-02
 0.41770986632163E+05   0.42397810146379E-03
 0.41890852494964E+05   0.51100335733122E-03
 0.42247078460164E+05   0.37530902153996E-03
 0.42328950574542E+05   0.29456568656714E-01
 0.42703925727968E+05   0.61573489943471E-02
