$energy      SCF               SCFKIN            SCFPOT
     1 -4083.738527404      3865.049490733     -7948.788018137
     2 -4083.757176810      3863.834509282     -7947.591686092
     3 -4083.757381603      3863.777020225     -7947.534401828
     4 -4083.756769600      3864.624782157     -7948.381551757
     5 -4083.737564802      3864.530448018     -7948.268012820
     6 -4083.737611775      3864.200174261     -7947.937786037
     7 -4083.738069148      3864.247593144     -7947.985662292
     8 -4083.739019744      3863.954636107     -7947.693655851
     9 -4083.739381126      3864.043444454     -7947.782825579
    10 -4083.739939478      3864.104104821     -7947.844044300
    11 -4083.740446810      3864.159922765     -7947.900369574
    12 -4083.740627197      3864.138173389     -7947.878800585
    13 -4083.740852162      3864.177606197     -7947.918458360
    14 -4083.741080395      3864.210196359     -7947.951276754
    15 -4083.742118025      3864.148131334     -7947.890249358
    16 -4083.742594874      3864.248746643     -7947.991341518
    17 -4083.742673908      3864.203369208     -7947.946043116
    18 -4083.742853648      3864.175625829     -7947.918479477
    19 -4083.742999220      3864.185805957     -7947.928805177
    20 -4083.743084284      3864.192261194     -7947.935345478
    21 -4083.743109841      3864.206321262     -7947.949431103
    22 -4083.743145912      3864.143737328     -7947.886883239
    23 -4083.743197590      3864.183194739     -7947.926392329
    24 -4083.743292423      3864.255755910     -7947.999048333
    25 -4083.743408997      3864.299122799     -7948.042531796
    26 -4083.743531229      3864.141021587     -7947.884552816
    27 -4083.743773655      3864.188548765     -7947.932322420
    28 -4083.743842038      3864.162425850     -7947.906267887
    29 -4083.743893068      3864.170105547     -7947.913998614
    30 -4083.743914613      3864.186136863     -7947.930051476
    31 -4083.743935022      3864.222555805     -7947.966490827
    32 -4083.743956677      3864.226060814     -7947.970017490
    33 -4083.744000336      3864.238362517     -7947.982362853
    34 -4083.744045023      3864.235954775     -7947.979999798
    35 -4083.744111535      3864.311429212     -7948.055540747
    36 -4083.744132638      3864.252998848     -7947.997131486
    37 -4083.744181232      3864.256860384     -7948.001041616
    38 -4083.744214815      3864.239464468     -7947.983679283
    39 -4083.744285191      3864.215191986     -7947.959477177
    40 -4083.744326877      3864.312330084     -7948.056656961
    41 -4083.744363454      3864.342062620     -7948.086426075
    42 -4083.744369003      3864.233846882     -7947.978215886
    43 -4083.744385631      3864.229988865     -7947.974374497
    44 -4083.744389815      3864.232113666     -7947.976503481
    45 -4083.744355567      3864.201911432     -7947.946266999
    46 -4083.744400319      3864.363702018     -7948.108102337
    47 -4083.744403260      3863.941338953     -7947.685742214
    48 -4083.744406732      3864.105709558     -7947.850116291
    49 -4083.744409743      3864.192999645     -7947.937409387
    50 -4083.744410073      3864.224712863     -7947.969122936
    51 -4083.744410206      3864.150157987     -7947.894568193
    52 -4083.849866219      3864.432757915     -7948.282624133
    53 -4083.850193095      3864.243793151     -7948.093986246
    54 -4083.850500761      3864.270206528     -7948.120707289
    55 -4083.850612076      3864.189188864     -7948.039800940
    56 -4083.850629387      3864.229256463     -7948.079885850
    57 -4083.850639714      3864.235247265     -7948.085886979
    58 -4083.850648591      3864.240648660     -7948.091297251
    59 -4083.850653542      3864.242645167     -7948.093298709
    60 -4083.850658038      3864.248452711     -7948.099110749
    61 -4083.850659190      3864.259598796     -7948.110257986
    62 -4083.849621906      3864.389107240     -7948.238729146
    63 -4083.850644441      3864.234283872     -7948.084928313
    64 -4083.850661570      3864.309374753     -7948.160036323
    65 -4083.850663543      3864.262557549     -7948.113221091
    66 -4083.850663644      3864.294727521     -7948.145391166
    67 -4083.850665184      3864.260806625     -7948.111471809
    68 -4083.850665114      3864.360114015     -7948.210779128
    69 -4083.850664843      3864.022886305     -7947.873551147
    70 -4083.850660000      3863.477019340     -7947.327679340
$end
