$energy      SCF               SCFKIN            SCFPOT
     1 -4752.001300354      4249.875347324     -9001.876647678
     2 -4752.001300544      4249.886373053     -9001.887673598
     3 -4752.001713922      4249.651553416     -9001.653267338
     4 -4752.001802765      4249.506097879     -9001.507900644
     5 -4752.001830872      4249.382696734     -9001.384527606
     6 -4752.001840922      4249.413650146     -9001.415491069
     7 -4752.001855338      4249.436877547     -9001.438732884
     8 -4752.001874766      4249.475129006     -9001.477003773
     9 -4752.001896744      4249.495344644     -9001.497241388
    10 -4752.001909318      4249.485465359     -9001.487374677
    11 -4752.001916930      4249.474706693     -9001.476623624
    12 -4752.001933414      4249.470043055     -9001.471976468
    13 -4752.001941683      4249.481016642     -9001.482958325
    14 -4752.001949742      4249.504854953     -9001.506804696
    15 -4752.001958456      4249.643617514     -9001.645575970
    16 -4752.001965855      4249.566742313     -9001.568708168
    17 -4752.001970262      4249.586829150     -9001.588799412
    18 -4752.001973923      4249.595121194     -9001.597095117
    19 -4752.001975971      4249.597842651     -9001.599818622
    20 -4752.001978147      4249.600993511     -9001.602971658
    21 -4752.001981963      4249.601288039     -9001.603270002
    22 -4752.001988780      4249.587059508     -9001.589048288
    23 -4752.001994980      4249.573763484     -9001.575758464
    24 -4752.001997352      4249.563036889     -9001.565034242
    25 -4752.001999354      4249.558309057     -9001.560308411
    26 -4752.002000478      4249.539772303     -9001.541772781
    27 -4752.002000949      4249.572283622     -9001.574284570
    28 -4752.002001405      4249.534389517     -9001.536390922
    29 -4752.002001061      4249.438467356     -9001.440468417
    30 -4752.002001439      4249.559177965     -9001.561179403
    31 -4752.001168974      4249.442124252     -9001.443293226
    32 -4752.002003970      4249.567001091     -9001.569005061
    33 -4752.002004458      4249.568502970     -9001.570507428
    34 -4752.002005556      4249.575699522     -9001.577705077
    35 -4752.002006118      4249.578661282     -9001.580667400
    36 -4752.002006520      4249.580758017     -9001.582764537
    37 -4752.002006527      4249.598646812     -9001.600653339
    38 -4752.002006774      4249.578647106     -9001.580653880
    39 -4752.002007662      4249.578108776     -9001.580116438
    40 -4752.002008471      4249.578031902     -9001.580040373
    41 -4752.002009043      4249.580103704     -9001.582112747
    42 -4752.002009627      4249.587238788     -9001.589248415
    43 -4752.002009897      4249.591193629     -9001.593203525
    44 -4752.152785107      4248.060612831     -9000.213397938
    45 -4752.153394929      4248.431625713     -9000.585020641
    46 -4752.153449988      4248.466126284     -9000.619576271
    47 -4752.153458238      4248.483050664     -9000.636508902
    48 -4752.153461158      4248.501715185     -9000.655176343
    49 -4752.153462458      4248.512993016     -9000.666455474
    50 -4752.153463087      4248.528686366     -9000.682149453
    51 -4752.153463612      4248.526919162     -9000.680382774
    52 -4752.153463567      4248.528437573     -9000.681901141
    53 -4752.153463908      4248.529113829     -9000.682577737
    54 -4752.153464274      4248.536181330     -9000.689645604
    55 -4754.328582978      4262.375827322     -9016.704410300
    56 -4754.331911528      4263.289690010     -9017.621601539
    57 -4754.332293581      4263.697099593     -9018.029393174
    58 -4754.332316842      4263.723918711     -9018.056235553
    59 -4754.332336091      4263.716635946     -9018.048972037
    60 -4754.332344241      4263.705003879     -9018.037348120
    61 -4754.332347431      4263.699479674     -9018.031827105
    62 -4754.332351537      4263.696119922     -9018.028471460
    63 -4754.332356626      4263.696955329     -9018.029311955
    64 -4754.332360703      4263.703669232     -9018.036029935
    65 -4754.332364355      4263.702751159     -9018.035115513
    66 -4754.332371531      4263.700152991     -9018.032524521
    67 -4754.332376622      4263.691707891     -9018.024084513
    68 -4754.332384032      4263.685673381     -9018.018057413
    69 -4754.332387823      4263.681710597     -9018.014098420
    70 -4754.332392040      4263.682144920     -9018.014536960
    71 -4754.332398640      4263.671452746     -9018.003851386
    72 -4754.332407017      4263.679955567     -9018.012362583
    73 -4754.332412201      4263.682539502     -9018.014951703
    74 -4754.332416686      4263.688065644     -9018.020482329
    75 -4754.332419943      4263.682510404     -9018.014930348
    76 -4754.332422697      4263.680262796     -9018.012685493
    77 -4754.332425541      4263.683357035     -9018.015782575
    78 -4754.332428786      4263.682463569     -9018.014892355
    79 -4754.332433056      4263.681967121     -9018.014400177
    80 -4754.332434901      4263.689561011     -9018.021995913
    81 -4754.332438440      4263.689174129     -9018.021612569
    82 -4754.332441585      4263.687811374     -9018.020252959
    83 -4754.332445705      4263.681849061     -9018.014294766
    84 -4754.332448900      4263.682316668     -9018.014765568
    85 -4754.332454947      4263.682006091     -9018.014461038
    86 -4754.332462295      4263.683965257     -9018.016427552
    87 -4754.332464617      4263.691328753     -9018.023793369
    88 -4754.332467201      4263.692722577     -9018.025189778
    89 -4754.332472158      4263.693206219     -9018.025678377
    90 -4754.332475293      4263.687218090     -9018.019693383
    91 -4754.332477600      4263.686125263     -9018.018602863
    92 -4754.332480780      4263.682222672     -9018.014703453
    93 -4754.332485077      4263.667164984     -9017.999650061
    94 -4754.332486914      4263.683372303     -9018.015859217
    95 -4754.332488976      4263.678962508     -9018.011451484
    96 -4754.332493868      4263.676125809     -9018.008619677
    97 -4754.332498123      4263.679447978     -9018.011946101
    98 -4754.332501435      4263.684087816     -9018.016589251
    99 -4754.332503822      4263.691259361     -9018.023763182
   100 -4754.332507211      4263.694677287     -9018.027184498
   101 -4754.332508953      4263.691094520     -9018.023603473
   102 -4754.332512097      4263.695008781     -9018.027520878
   103 -4754.332513813      4263.693296957     -9018.025810770
   104 -4754.332515358      4263.695654327     -9018.028169685
   105 -4754.332518181      4263.693126434     -9018.025644615
   106 -4754.332522627      4263.696829954     -9018.029352580
   107 -4754.332525055      4263.707228871     -9018.039753926
   108 -4754.332526987      4263.701820090     -9018.034347077
   109 -4754.332527941      4263.698388351     -9018.030916292
   110 -4754.332528795      4263.699162299     -9018.031691094
   111 -4754.332529674      4263.700024752     -9018.032554426
   112 -4754.332530208      4263.702032236     -9018.034562444
   113 -4754.332530838      4263.701670758     -9018.034201596
   114 -4754.332531844      4263.703562178     -9018.036094022
   115 -4754.332532544      4263.703967930     -9018.036500474
   116 -4754.332533559      4263.703660656     -9018.036194215
   117 -4754.332535918      4263.701956387     -9018.034492305
   118 -4754.332537706      4263.701937841     -9018.034475547
   119 -4754.332540376      4263.704752140     -9018.037292515
   120 -4754.332541836      4263.707400433     -9018.039942269
   121 -4754.332542859      4263.705840750     -9018.038383609
   122 -4754.332543344      4263.709171894     -9018.041715237
   123 -4754.332543526      4263.709416866     -9018.041960392
   124 -4754.375327185      4263.314757140     -9017.690084325
   125 -4754.375445823      4263.372074254     -9017.747520076
   126 -4754.375454670      4263.355734007     -9017.731188677
   127 -4754.375459215      4263.352285572     -9017.727744787
   128 -4754.375466161      4263.362001075     -9017.737467237
   129 -4754.375454446      4263.342512258     -9017.717966703
   130 -4754.375454354      4263.341161980     -9017.716616334
   131 -4754.375455554      4263.342189050     -9017.717644604
   132 -4754.375455276      4263.343598073     -9017.719053348
   133 -4754.375435765      4263.331946315     -9017.707382080
   134 -4754.375437104      4263.337554291     -9017.712991395
   135 -4754.375422794      4263.326814336     -9017.702237130
   136 -4754.375422624      4263.332726574     -9017.708149198
   137 -4754.375439611      4263.344590923     -9017.720030534
   138 -4754.375429903      4263.339670492     -9017.715100394
   139 -4754.375428064      4263.331725381     -9017.707153444
   140 -4754.375420442      4263.328662107     -9017.704082549
   141 -4754.375423389      4263.326290048     -9017.701713436
   142 -4754.375428559      4263.331600837     -9017.707029396
   143 -4754.375440598      4263.335435806     -9017.710876404
   144 -4754.375444160      4263.338811799     -9017.714255959
   145 -4754.375452271      4263.334467901     -9017.709920172
   146 -4754.375449232      4263.332951259     -9017.708400491
   147 -4754.375448297      4263.331468387     -9017.706916684
   148 -4754.375445360      4263.319528824     -9017.694974184
   149 -4754.375449391      4263.325393939     -9017.700843330
   150 -4754.375450907      4263.314402783     -9017.689853690
   151 -4754.375449592      4263.329066611     -9017.704516203
   152 -4754.375452289      4263.327248249     -9017.702700538
   153 -4754.375451920      4263.331993537     -9017.707445458
   154 -4754.375452730      4263.332012066     -9017.707464796
   155 -4754.375448868      4263.319153266     -9017.694602134
   156 -4754.375447550      4263.326656237     -9017.702103786
   157 -4754.375445629      4263.332724576     -9017.708170205
   158 -4754.375447616      4263.326648598     -9017.702096214
   159 -4754.375454872      4263.325521976     -9017.700976847
   160 -4754.375458491      4263.327092252     -9017.702550743
   161 -4754.375460772      4263.326290034     -9017.701750806
   162 -4754.375460308      4263.340310443     -9017.715770751
   163 -4754.375460606      4263.326703716     -9017.702164322
   164 -4754.375459758      4263.321784412     -9017.697244169
   165 -4754.375460157      4263.325707293     -9017.701167451
   166 -4754.375459314      4263.314990949     -9017.690450263
   167 -4754.375458418      4263.328683381     -9017.704141798
   168 -4752.193963142      4249.419102528     -9001.613065670
$end
