# Electronic transition moments of , IRREP a   electric dipole (length) / electric dipole (velocity) / magnetic dipole
 0.00000000000000E+00   0.00000000000000E+00   0.53846576092233E+00   0.00000000000000E+00   0.00000000000000E+00   0.42421662266832E-01   0.00000000000000E+00   0.00000000000000E+00   0.52323018261640E-03
 -.64417546767120E-01   0.53153393546979E+00   0.49293043453078E-01   0.99834766109107E+00   0.00000000000000E+00   0.00000000000000E+00
 0.00000000000000E+00   0.00000000000000E+00   -.30475986785406E-01   0.00000000000000E+00   0.00000000000000E+00   0.11945199947413E+00   0.00000000000000E+00   0.00000000000000E+00   0.12699646718921E-02
 -.69837608825562E-01   -.17115661990882E+01   -.28210137996170E+00   -.13946399443064E+01   0.00000000000000E+00   0.00000000000000E+00
 0.00000000000000E+00   0.00000000000000E+00   0.11690435504265E+00   0.00000000000000E+00   0.00000000000000E+00   0.47914854588696E-01   0.00000000000000E+00   0.00000000000000E+00   -.52276793418712E-04
 -.53982676343104E+00   -.11378687565792E+01   0.61147400635217E+00   -.69587015717166E-01   0.00000000000000E+00   0.00000000000000E+00
 0.00000000000000E+00   0.00000000000000E+00   0.26710712753257E+00   0.00000000000000E+00   0.00000000000000E+00   0.20154132495631E+00   0.00000000000000E+00   0.00000000000000E+00   0.12748549521785E-03
 0.36833205124496E+00   -.67962728852887E+01   0.54651137759745E-01   -.74903757393381E+00   0.00000000000000E+00   0.00000000000000E+00
 0.00000000000000E+00   0.00000000000000E+00   0.91718663192461E-02   0.00000000000000E+00   0.00000000000000E+00   -.15265642951781E-01   0.00000000000000E+00   0.00000000000000E+00   -.34791916735034E-03
 0.17228486919527E-01   0.88813858078662E-02   -.17710733946641E-01   -.52558770084198E-01   0.00000000000000E+00   0.00000000000000E+00
 0.00000000000000E+00   0.00000000000000E+00   0.64405435528248E-01   0.00000000000000E+00   0.00000000000000E+00   -.33459166396899E-01   0.00000000000000E+00   0.00000000000000E+00   0.33148511033919E-03
 -.80189097036554E-02   0.31067325652321E+00   -.13116545089085E-01   0.37107843744704E+00   0.00000000000000E+00   0.00000000000000E+00
 0.00000000000000E+00   0.00000000000000E+00   0.42433550170924E-01   0.00000000000000E+00   0.00000000000000E+00   -.14264375763415E-01   0.00000000000000E+00   0.00000000000000E+00   -.13360739171415E-03
 0.22798878301635E+00   0.44412751046750E-01   -.18414486574445E+00   0.71829778149035E-01   0.00000000000000E+00   0.00000000000000E+00
 0.00000000000000E+00   0.00000000000000E+00   0.59213050296152E-01   0.00000000000000E+00   0.00000000000000E+00   -.13633671776844E-01   0.00000000000000E+00   0.00000000000000E+00   0.44298680440995E-03
 0.19324311961009E+00   0.13227370755008E+01   0.59095021576471E-01   -.48497634454287E+00   0.00000000000000E+00   0.00000000000000E+00
 0.00000000000000E+00   0.00000000000000E+00   -.11328862213698E+00   0.00000000000000E+00   0.00000000000000E+00   -.89066884527375E-01   0.00000000000000E+00   0.00000000000000E+00   0.24690502588746E-03
 0.50019641303977E-01   -.77752710951778E+00   -.11005556543029E+00   -.23220523424571E+00   0.00000000000000E+00   0.00000000000000E+00
 0.00000000000000E+00   0.00000000000000E+00   -.51571420471412E-01   0.00000000000000E+00   0.00000000000000E+00   -.23776530059990E-01   0.00000000000000E+00   0.00000000000000E+00   0.47513656658828E-04
 0.10620240805464E+00   0.59005093025229E+00   0.80515842953633E-01   0.57214125695661E-01   0.00000000000000E+00   0.00000000000000E+00
 0.00000000000000E+00   0.00000000000000E+00   -.11901157515787E+00   0.00000000000000E+00   0.00000000000000E+00   -.59038057932865E-02   0.00000000000000E+00   0.00000000000000E+00   -.29519063460608E-03
 0.88693806398955E-01   0.27102825445172E+00   0.37239409262619E-01   -.53104206390591E-01   0.00000000000000E+00   0.00000000000000E+00
 0.00000000000000E+00   0.00000000000000E+00   0.26995563921935E-02   0.00000000000000E+00   0.00000000000000E+00   0.95969726822035E-02   0.00000000000000E+00   0.00000000000000E+00   -.18622838321650E-04
 -.13887847092723E+00   -.15247603243446E+01   -.78430230078866E-01   0.18815614416240E+00   0.00000000000000E+00   0.00000000000000E+00
 0.00000000000000E+00   0.00000000000000E+00   0.24373944147337E+00   0.00000000000000E+00   0.00000000000000E+00   0.20128364667171E+00   0.00000000000000E+00   0.00000000000000E+00   0.33514155284964E-03
 0.32360426181359E+00   0.36323396186687E+00   -.74058179253929E-01   -.21067306040352E+01   0.00000000000000E+00   0.00000000000000E+00
 0.00000000000000E+00   0.00000000000000E+00   -.47025448281221E-01   0.00000000000000E+00   0.00000000000000E+00   0.33164637285498E-02   0.00000000000000E+00   0.00000000000000E+00   -.52058439063497E-04
 0.17520161074314E+00   0.18116518937009E+00   -.13718589702934E+00   0.69792901077583E-01   0.00000000000000E+00   0.00000000000000E+00
 0.00000000000000E+00   0.00000000000000E+00   0.26886587250464E-01   0.00000000000000E+00   0.00000000000000E+00   0.52272419732628E-01   0.00000000000000E+00   0.00000000000000E+00   0.11473000802161E-02
 -.14349625921920E+00   -.10314700526808E-01   0.26970717530267E+00   -.41579112030680E+00   0.00000000000000E+00   0.00000000000000E+00
 0.00000000000000E+00   0.00000000000000E+00   0.40407247517108E-01   0.00000000000000E+00   0.00000000000000E+00   0.86188002279749E-01   0.00000000000000E+00   0.00000000000000E+00   -.40613638778396E-03
 -.19864037756124E+00   0.29350311533379E+00   0.20612519672688E+00   0.33384632082466E+00   0.00000000000000E+00   0.00000000000000E+00
 0.00000000000000E+00   0.00000000000000E+00   0.25684414388250E+00   0.00000000000000E+00   0.00000000000000E+00   0.93873982211089E-01   0.00000000000000E+00   0.00000000000000E+00   -.71456750848899E-03
 -.17601139073859E+00   0.15469939680941E+00   0.10386994817596E+00   0.59427598902354E+00   0.00000000000000E+00   0.00000000000000E+00
 0.00000000000000E+00   0.00000000000000E+00   -.11357258845504E+00   0.00000000000000E+00   0.00000000000000E+00   -.56807754664653E-01   0.00000000000000E+00   0.00000000000000E+00   0.14722196446836E-03
 -.84637900660991E-01   0.12416951001276E+01   0.69677361354844E-01   0.75899055632800E+00   0.00000000000000E+00   0.00000000000000E+00
 0.00000000000000E+00   0.00000000000000E+00   -.11806244239029E+00   0.00000000000000E+00   0.00000000000000E+00   -.98743550505447E-01   0.00000000000000E+00   0.00000000000000E+00   0.88330172145496E-03
 -.40791888353255E-01   0.73128539839765E+00   0.67568559652523E-01   0.64292767486957E+00   0.00000000000000E+00   0.00000000000000E+00
 0.00000000000000E+00   0.00000000000000E+00   0.15988934158667E+00   0.00000000000000E+00   0.00000000000000E+00   0.17103800502581E+00   0.00000000000000E+00   0.00000000000000E+00   0.50134611341286E-04
 0.26614568617854E+00   0.32781620141707E-01   -.12478994562707E+00   -.18394589424863E+01   0.00000000000000E+00   0.00000000000000E+00
 0.00000000000000E+00   0.00000000000000E+00   0.11075419874331E-01   0.00000000000000E+00   0.00000000000000E+00   0.90742225925199E-02   0.00000000000000E+00   0.00000000000000E+00   0.18364970092528E-03
 0.15153568578329E+00   -.56179067357760E+00   -.11602321549102E+00   0.10874085220172E+00   0.00000000000000E+00   0.00000000000000E+00
 0.00000000000000E+00   0.00000000000000E+00   -.27297873727888E-01   0.00000000000000E+00   0.00000000000000E+00   -.21540412949068E-01   0.00000000000000E+00   0.00000000000000E+00   -.20746250176324E-03
 -.37075003268041E-01   0.95265885447159E+00   -.94837119589081E-01   0.35886515032209E-01   0.00000000000000E+00   0.00000000000000E+00
 0.00000000000000E+00   0.00000000000000E+00   0.26675433842088E-01   0.00000000000000E+00   0.00000000000000E+00   0.26282603797744E-01   0.00000000000000E+00   0.00000000000000E+00   0.10445421839990E-02
 -.31397334938610E+00   -.18539574655146E+01   0.30366543424019E+00   0.34416162457720E-01   0.00000000000000E+00   0.00000000000000E+00
 0.00000000000000E+00   0.00000000000000E+00   -.48761109589835E-01   0.00000000000000E+00   0.00000000000000E+00   -.57380985299111E-01   0.00000000000000E+00   0.00000000000000E+00   0.40337369694663E-04
 -.10630427618695E+00   -.35665252053015E+01   -.10768067061857E+00   0.99989934161908E+00   0.00000000000000E+00   0.00000000000000E+00
 0.00000000000000E+00   0.00000000000000E+00   0.11696622338275E+00   0.00000000000000E+00   0.00000000000000E+00   0.23005522721070E-01   0.00000000000000E+00   0.00000000000000E+00   -.13821923364482E-02
 -.14617906957175E+00   -.11042693121095E+01   0.31179969398353E-01   0.17803295963323E+00   0.00000000000000E+00   0.00000000000000E+00
 0.00000000000000E+00   0.00000000000000E+00   0.16792369542392E-01   0.00000000000000E+00   0.00000000000000E+00   0.15231624202694E-01   0.00000000000000E+00   0.00000000000000E+00   0.29549764410524E-03
 0.18618632152661E+00   0.38460286430578E-01   -.12980706255943E+00   -.16843355055019E+00   0.00000000000000E+00   0.00000000000000E+00
 0.00000000000000E+00   0.00000000000000E+00   -.24536431997647E-01   0.00000000000000E+00   0.00000000000000E+00   -.13710958895908E-01   0.00000000000000E+00   0.00000000000000E+00   0.28954890572591E-03
 0.46383578298928E+00   0.98039607885540E+00   -.20619139040478E+00   -.50011210531182E-01   0.00000000000000E+00   0.00000000000000E+00
 0.00000000000000E+00   0.00000000000000E+00   0.27622091009220E-03   0.00000000000000E+00   0.00000000000000E+00   -.95246408028559E-03   0.00000000000000E+00   0.00000000000000E+00   -.26740915179781E-04
 0.11433381060509E+00   0.25212996965562E+01   0.50219656963135E+00   -.26805251598733E+00   0.00000000000000E+00   0.00000000000000E+00
 0.00000000000000E+00   0.00000000000000E+00   0.21981391906793E-01   0.00000000000000E+00   0.00000000000000E+00   0.54883974475800E-01   0.00000000000000E+00   0.00000000000000E+00   -.13896630000196E-02
 -.76603291949787E-01   0.46936090302904E+00   0.19668116076278E+00   -.10631545380145E+00   0.00000000000000E+00   0.00000000000000E+00
 0.00000000000000E+00   0.00000000000000E+00   0.12781586620560E-01   0.00000000000000E+00   0.00000000000000E+00   0.13890348699723E-01   0.00000000000000E+00   0.00000000000000E+00   0.14070382173717E-03
 -.86854533010771E+00   -.51125577773217E-01   0.81044463242113E+00   -.81043670178015E-01   0.00000000000000E+00   0.00000000000000E+00
 0.00000000000000E+00   0.00000000000000E+00   0.13517138431377E+00   0.00000000000000E+00   0.00000000000000E+00   0.63539581800764E-01   0.00000000000000E+00   0.00000000000000E+00   -.67358500397064E-03
 -.31948763970409E+00   -.70005401078050E+00   -.91919470682960E-01   0.84305749506768E+00   0.00000000000000E+00   0.00000000000000E+00
 0.00000000000000E+00   0.00000000000000E+00   -.15092040647992E+00   0.00000000000000E+00   0.00000000000000E+00   -.61921187980297E-01   0.00000000000000E+00   0.00000000000000E+00   0.67900065635675E-03
 -.15559638154433E+00   -.22301112775345E+01   -.20122673308378E+00   -.42111478447579E+00   0.00000000000000E+00   0.00000000000000E+00
 0.00000000000000E+00   0.00000000000000E+00   0.13417940972202E+00   0.00000000000000E+00   0.00000000000000E+00   0.15258385888808E+00   0.00000000000000E+00   0.00000000000000E+00   -.10020781010638E-02
 -.30776877990782E+00   0.99595449783476E+00   0.16559378192892E+00   0.13145934039283E+01   0.00000000000000E+00   0.00000000000000E+00
 0.00000000000000E+00   0.00000000000000E+00   -.13849585738843E+00   0.00000000000000E+00   0.00000000000000E+00   -.95429912913610E-01   0.00000000000000E+00   0.00000000000000E+00   -.14987537698296E-03
 0.48237494928322E+00   0.32961005650143E+01   0.16437070242790E+00   -.59781195902277E+00   0.00000000000000E+00   0.00000000000000E+00
 0.00000000000000E+00   0.00000000000000E+00   0.22521067364563E-01   0.00000000000000E+00   0.00000000000000E+00   -.66150999330411E-02   0.00000000000000E+00   0.00000000000000E+00   -.40976978120803E-03
 -.28645393323098E+00   0.11291390306493E+00   0.34245909470918E-01   0.43500344923167E+00   0.00000000000000E+00   0.00000000000000E+00
 0.00000000000000E+00   0.00000000000000E+00   -.29593157092353E-01   0.00000000000000E+00   0.00000000000000E+00   0.91601714890300E-04   0.00000000000000E+00   0.00000000000000E+00   0.15531075178914E-02
 0.66414698018774E-01   0.42175506097127E+01   0.27410279009776E+00   -.36852940551028E+00   0.00000000000000E+00   0.00000000000000E+00
 0.00000000000000E+00   0.00000000000000E+00   0.67636830663735E-01   0.00000000000000E+00   0.00000000000000E+00   0.63774592084842E-01   0.00000000000000E+00   0.00000000000000E+00   0.15867075173315E-03
 0.22498428965705E+00   -.32162693128194E+00   0.25756580871094E+00   -.35699787226043E+00   0.00000000000000E+00   0.00000000000000E+00
 0.00000000000000E+00   0.00000000000000E+00   0.69791916904213E-02   0.00000000000000E+00   0.00000000000000E+00   0.16408980568035E-02   0.00000000000000E+00   0.00000000000000E+00   -.45312119512423E-04
 0.93010546153271E-01   0.17454133613871E+00   -.57081222628494E-01   0.28079969348574E-01   0.00000000000000E+00   0.00000000000000E+00
 0.00000000000000E+00   0.00000000000000E+00   0.74840001917670E-01   0.00000000000000E+00   0.00000000000000E+00   0.81208492125534E-01   0.00000000000000E+00   0.00000000000000E+00   0.19914030437555E-03
 0.36255755841569E+00   -.32025134162171E+00   0.12469119567167E+00   -.56089272954565E+00   0.00000000000000E+00   0.00000000000000E+00
 0.00000000000000E+00   0.00000000000000E+00   -.30583851117396E-01   0.00000000000000E+00   0.00000000000000E+00   -.75122376697275E-02   0.00000000000000E+00   0.00000000000000E+00   0.75074540901630E-03
 0.13447087461124E+01   0.23074485575373E+00   -.13664220520076E+01   0.90241589875751E-01   0.00000000000000E+00   0.00000000000000E+00
 0.00000000000000E+00   0.00000000000000E+00   -.24347798331454E+00   0.00000000000000E+00   0.00000000000000E+00   -.68922527254839E-01   0.00000000000000E+00   0.00000000000000E+00   0.20011953044698E-02
 -.15004358918265E+00   -.43751821115915E+00   -.53904019403873E-01   0.80439521396244E+00   0.00000000000000E+00   0.00000000000000E+00
 0.00000000000000E+00   0.00000000000000E+00   0.53906778995036E-01   0.00000000000000E+00   0.00000000000000E+00   0.30100368977056E-01   0.00000000000000E+00   0.00000000000000E+00   -.55379204101863E-03
 0.11991161274545E+00   0.54202712030867E-01   0.57423006016361E-01   -.58773519521208E+00   0.00000000000000E+00   0.00000000000000E+00
 0.00000000000000E+00   0.00000000000000E+00   -.18560552059433E-01   0.00000000000000E+00   0.00000000000000E+00   -.15003951851515E-01   0.00000000000000E+00   0.00000000000000E+00   0.14966312952874E-03
 -.40538376051451E+00   0.45016985106060E+00   -.36200980801744E+00   -.21754328043472E+00   0.00000000000000E+00   0.00000000000000E+00
 0.00000000000000E+00   0.00000000000000E+00   -.31126689192008E-01   0.00000000000000E+00   0.00000000000000E+00   0.45999461458945E-01   0.00000000000000E+00   0.00000000000000E+00   0.11225337350894E-02
 -.45813080635347E-02   -.13981096185840E+00   -.58456260673253E-01   -.54389246561007E-01   0.00000000000000E+00   0.00000000000000E+00
 0.00000000000000E+00   0.00000000000000E+00   0.15781762929024E-01   0.00000000000000E+00   0.00000000000000E+00   0.68727834568802E-02   0.00000000000000E+00   0.00000000000000E+00   -.13050468450484E-03
 0.18943381638908E+00   0.11624679694927E+00   -.41266642401881E+00   0.62713865620722E-01   0.00000000000000E+00   0.00000000000000E+00
 0.00000000000000E+00   0.00000000000000E+00   0.27800906048503E-01   0.00000000000000E+00   0.00000000000000E+00   0.64479765100666E-02   0.00000000000000E+00   0.00000000000000E+00   0.53559085619450E-03
 0.38314070379158E+00   0.27182496999241E+00   -.47317040700534E+00   0.11283830461691E-01   0.00000000000000E+00   0.00000000000000E+00
 0.00000000000000E+00   0.00000000000000E+00   -.48356417876000E-01   0.00000000000000E+00   0.00000000000000E+00   -.36795542731086E-01   0.00000000000000E+00   0.00000000000000E+00   0.25451268394673E-04
 -.33059283399394E+00   0.34542646263018E+00   -.55850360239131E-03   0.24405338537667E-01   0.00000000000000E+00   0.00000000000000E+00
 0.00000000000000E+00   0.00000000000000E+00   0.13204534823208E-02   0.00000000000000E+00   0.00000000000000E+00   0.23990400796083E-02   0.00000000000000E+00   0.00000000000000E+00   -.16951637560128E-03
 0.28560706592874E+00   -.58556024837976E+00   0.14349653892312E+00   0.19086306560080E+00   0.00000000000000E+00   0.00000000000000E+00
 0.00000000000000E+00   0.00000000000000E+00   0.10066810298154E-01   0.00000000000000E+00   0.00000000000000E+00   0.55418299332760E-02   0.00000000000000E+00   0.00000000000000E+00   -.16238936866140E-03
 0.25056296890356E+00   0.14762468133640E+00   -.42781139739425E+00   0.73508155255035E-02   0.00000000000000E+00   0.00000000000000E+00
 0.00000000000000E+00   0.00000000000000E+00   -.62627323676027E-01   0.00000000000000E+00   0.00000000000000E+00   -.29287761458718E-01   0.00000000000000E+00   0.00000000000000E+00   0.21310211452967E-02
 -.35464613353972E-01   0.13357252813752E+00   -.13482494355783E+00   -.81853674612017E-01   0.00000000000000E+00   0.00000000000000E+00
# Electronic transition moments of , IRREP b   electric dipole (length) / electric dipole (velocity) / magnetic dipole
 -.56141467438705E+00   -.93984291390816E-01   0.00000000000000E+00   -.83765894462282E-01   -.68266691692329E-02   0.00000000000000E+00   0.56356780575092E-03   -.16739725743241E-04   0.00000000000000E+00
 0.00000000000000E+00   0.00000000000000E+00   0.00000000000000E+00   0.00000000000000E+00   0.43132936309408E-01   -.69943023692677E+00
 -.12280787059362E+00   0.10694722763820E+01   0.00000000000000E+00   0.62725340985589E-01   0.89448415245184E+00   0.00000000000000E+00   -.12290706326731E-02   -.11149653851789E-03   0.00000000000000E+00
 0.00000000000000E+00   0.00000000000000E+00   0.00000000000000E+00   0.00000000000000E+00   -.82799931033466E+00   -.17582776663857E+01
 -.51256290013106E-01   -.17181446464865E+01   0.00000000000000E+00   -.22622386755035E-01   -.12115464381924E+01   0.00000000000000E+00   -.29834333346396E-04   -.70491603170153E-04   0.00000000000000E+00
 0.00000000000000E+00   0.00000000000000E+00   0.00000000000000E+00   0.00000000000000E+00   0.40365351041275E+00   0.87845663722472E+00
 0.19977128507180E-01   0.45903014459442E-01   0.00000000000000E+00   0.15805644281203E-01   0.54484085978130E-01   0.00000000000000E+00   -.20895781396180E-03   0.17993987055473E-02   0.00000000000000E+00
 0.00000000000000E+00   0.00000000000000E+00   0.00000000000000E+00   0.00000000000000E+00   -.52674278347434E-01   -.28344840294841E+00
 -.17278840600770E+00   0.76612250965977E+00   0.00000000000000E+00   -.14757346067840E+00   0.78753859121534E+00   0.00000000000000E+00   0.18005085071504E-04   -.55019685599292E-04   0.00000000000000E+00
 0.00000000000000E+00   0.00000000000000E+00   0.00000000000000E+00   0.00000000000000E+00   -.47036962464710E+00   0.95658711354095E+00
 0.45339648111964E-01   -.12116454965985E+00   0.00000000000000E+00   -.33789672605577E-01   -.10133699411888E+00   0.00000000000000E+00   -.31176994564570E-03   0.13172436877608E-03   0.00000000000000E+00
 0.00000000000000E+00   0.00000000000000E+00   0.00000000000000E+00   0.00000000000000E+00   0.19907320808479E-01   0.43192414933820E+00
 0.30066973338779E-01   -.31626777151114E-01   0.00000000000000E+00   0.68239540523738E-01   -.18701754476805E-01   0.00000000000000E+00   0.40490175344074E-03   -.99866839629426E-05   0.00000000000000E+00
 0.00000000000000E+00   0.00000000000000E+00   0.00000000000000E+00   0.00000000000000E+00   0.78426167961417E-02   0.59418324497068E+00
 -.61434669128361E-01   -.22672554966822E+00   0.00000000000000E+00   -.20742461814433E-01   -.11746862540431E+00   0.00000000000000E+00   -.72150768419669E-04   -.20142979105376E-04   0.00000000000000E+00
 0.00000000000000E+00   0.00000000000000E+00   0.00000000000000E+00   0.00000000000000E+00   0.17734563586732E+00   -.43918229664903E-02
 0.10249405673112E+00   -.35056846780600E+00   0.00000000000000E+00   0.29596326580193E-01   -.28363722870189E-01   0.00000000000000E+00   -.12889861125434E-03   -.75092807169199E-06   0.00000000000000E+00
 0.00000000000000E+00   0.00000000000000E+00   0.00000000000000E+00   0.00000000000000E+00   0.13498522217267E+00   -.20702545922492E+00
 -.10893122000723E+00   -.16196744073681E+00   0.00000000000000E+00   -.19317002025475E-02   -.79981571984625E-01   0.00000000000000E+00   0.35162438748949E-03   -.27055264632769E-04   0.00000000000000E+00
 0.00000000000000E+00   0.00000000000000E+00   0.00000000000000E+00   0.00000000000000E+00   0.10809348253421E+00   -.46797914270921E-01
 -.34175742928796E-01   -.41987264917659E-01   0.00000000000000E+00   -.50098228106467E-02   -.15450924854607E-01   0.00000000000000E+00   -.75770212374603E-04   -.15734115820141E-03   0.00000000000000E+00
 0.00000000000000E+00   0.00000000000000E+00   0.00000000000000E+00   0.00000000000000E+00   0.10052736426294E-01   -.68688124653648E-01
 -.79933250245542E-01   0.92745749466787E-01   0.00000000000000E+00   -.27012585553794E-01   0.18286403450810E+00   0.00000000000000E+00   0.80126631765957E-04   0.80527339684147E-05   0.00000000000000E+00
 0.00000000000000E+00   0.00000000000000E+00   0.00000000000000E+00   0.00000000000000E+00   -.47412736079854E+00   0.13742859154253E+00
 -.23138060385208E+00   0.14827754835188E-01   0.00000000000000E+00   -.19660264940283E+00   0.45462412790906E-02   0.00000000000000E+00   0.26246364981824E-03   0.19163311158658E-04   0.00000000000000E+00
 0.00000000000000E+00   0.00000000000000E+00   0.00000000000000E+00   0.00000000000000E+00   -.23169348744446E+00   0.19259871103459E+01
 -.85898978549938E-01   0.14348950956728E+00   0.00000000000000E+00   -.91811231251519E-01   0.13429505339400E+00   0.00000000000000E+00   0.10952808583223E-02   0.83876526320531E-04   0.00000000000000E+00
 0.00000000000000E+00   0.00000000000000E+00   0.00000000000000E+00   0.00000000000000E+00   -.15408810685287E+00   0.85108817598378E+00
 0.44136575946127E-01   -.35223349280086E-02   0.00000000000000E+00   0.90936422631086E-01   0.72705977920188E-02   0.00000000000000E+00   0.37876298985259E-03   0.59173607142863E-04   0.00000000000000E+00
 0.00000000000000E+00   0.00000000000000E+00   0.00000000000000E+00   0.00000000000000E+00   -.31760886252115E-01   0.35493182139459E+00
 0.29256168979800E+00   0.85596404026734E-01   0.00000000000000E+00   0.11619626122508E+00   0.38020673511759E-01   0.00000000000000E+00   0.71705218961573E-03   0.11355700993996E-03   0.00000000000000E+00
 0.00000000000000E+00   0.00000000000000E+00   0.00000000000000E+00   0.00000000000000E+00   -.85296811170928E-01   0.35699167726021E+00
 0.70260552774494E-01   -.49458658350147E+00   0.00000000000000E+00   0.55211415669069E-01   -.46894981654072E+00   0.00000000000000E+00   0.39178801208245E-03   0.44260218976398E-06   0.00000000000000E+00
 0.00000000000000E+00   0.00000000000000E+00   0.00000000000000E+00   0.00000000000000E+00   0.22677393467211E+00   -.33784761793048E+00
 -.26156591347825E-01   0.10812764904298E+00   0.00000000000000E+00   -.38673523631655E-01   0.69801681154535E-01   0.00000000000000E+00   -.29125659343823E-03   0.16794976718902E-03   0.00000000000000E+00
 0.00000000000000E+00   0.00000000000000E+00   0.00000000000000E+00   0.00000000000000E+00   -.93277628044318E-01   -.85027503965511E-01
 0.14572829004658E-01   0.13124795104726E+00   0.00000000000000E+00   -.15264061393186E-01   0.66342559107817E-01   0.00000000000000E+00   0.71350944298536E-03   -.89508629900336E-04   0.00000000000000E+00
 0.00000000000000E+00   0.00000000000000E+00   0.00000000000000E+00   0.00000000000000E+00   -.20614853901101E+00   -.73648602283592E-01
 0.16988189857933E+00   0.18762611381745E+00   0.00000000000000E+00   0.17977599453914E+00   0.13496553420193E+00   0.00000000000000E+00   0.43414428002577E-03   -.86301833907691E-04   0.00000000000000E+00
 0.00000000000000E+00   0.00000000000000E+00   0.00000000000000E+00   0.00000000000000E+00   0.63337827337972E-01   -.19902688225191E+01
 -.13280171597197E-01   0.27571172967879E-01   0.00000000000000E+00   -.10273721726605E-01   0.12207101786953E-01   0.00000000000000E+00   0.18249165114916E-03   0.30751100230557E-03   0.00000000000000E+00
 0.00000000000000E+00   0.00000000000000E+00   0.00000000000000E+00   0.00000000000000E+00   -.15030104821503E-01   0.14611883640530E-01
 -.39392338864011E-01   -.56236548830842E-01   0.00000000000000E+00   -.51575820830100E-01   0.44401421813464E-01   0.00000000000000E+00   0.16627798988293E-04   0.18727554642599E-03   0.00000000000000E+00
 0.00000000000000E+00   0.00000000000000E+00   0.00000000000000E+00   0.00000000000000E+00   -.31298594682656E+00   0.26544424931200E+00
 0.13118896656782E-01   0.20980990526887E-01   0.00000000000000E+00   0.62025429613400E-02   0.20365404509586E-01   0.00000000000000E+00   -.12190297469517E-04   -.13531951156171E-02   0.00000000000000E+00
 0.00000000000000E+00   0.00000000000000E+00   0.00000000000000E+00   0.00000000000000E+00   -.65194759969096E-01   -.90880058111822E-01
 -.44491830354741E-01   -.15871778267110E-01   0.00000000000000E+00   -.52019769449686E-01   0.21469399404839E-01   0.00000000000000E+00   0.95142703405513E-03   -.16825984632902E-03   0.00000000000000E+00
 0.00000000000000E+00   0.00000000000000E+00   0.00000000000000E+00   0.00000000000000E+00   0.59884123173026E-02   0.46992892906099E+00
 -.12181211106296E+00   0.57740377849656E+00   0.00000000000000E+00   -.10938463155992E+00   0.47426232598219E+00   0.00000000000000E+00   -.27153001909400E-03   -.59673151473263E-04   0.00000000000000E+00
 0.00000000000000E+00   0.00000000000000E+00   0.00000000000000E+00   0.00000000000000E+00   -.53268848936720E+00   0.52338088567868E+00
 -.62120032083822E-02   0.12392431809202E+00   0.00000000000000E+00   -.14981226156595E-01   0.11249060939083E+00   0.00000000000000E+00   0.36081569728981E-03   0.17100581018332E-02   0.00000000000000E+00
 0.00000000000000E+00   0.00000000000000E+00   0.00000000000000E+00   0.00000000000000E+00   -.14102180885900E+00   0.19527936040693E+00
 -.95592847373280E-01   -.21624580359888E+00   0.00000000000000E+00   -.19688922318277E-02   -.19370947204965E+00   0.00000000000000E+00   -.14516921411067E-02   0.62685871875449E-03   0.00000000000000E+00
 0.00000000000000E+00   0.00000000000000E+00   0.00000000000000E+00   0.00000000000000E+00   0.17284239280356E+00   -.68722763438666E-01
 -.19461516872361E-01   0.39423769180327E-01   0.00000000000000E+00   -.17991401604487E-01   0.31759545576195E-01   0.00000000000000E+00   0.41101174868319E-03   0.28963188294338E-03   0.00000000000000E+00
 0.00000000000000E+00   0.00000000000000E+00   0.00000000000000E+00   0.00000000000000E+00   -.24675268931915E-01   0.20943418323916E+00
 0.12192378013943E+00   -.97556276113700E+00   0.00000000000000E+00   0.12550347420492E+00   -.10155339672080E+01   0.00000000000000E+00   0.45038686169125E-03   0.74507435287261E-04   0.00000000000000E+00
 0.00000000000000E+00   0.00000000000000E+00   0.00000000000000E+00   0.00000000000000E+00   0.46995717827387E+00   -.29784304646323E+00
 0.43887945908794E-02   -.26540544336297E+00   0.00000000000000E+00   -.23574723419132E-01   -.27838920681850E+00   0.00000000000000E+00   -.12372289469622E-02   -.16323567020024E-03   0.00000000000000E+00
 0.00000000000000E+00   0.00000000000000E+00   0.00000000000000E+00   0.00000000000000E+00   -.25436827179081E-01   -.61095480796144E-02
 -.21449407852785E+00   -.33901508696487E-01   0.00000000000000E+00   -.98535027790307E-01   -.16288997830860E-01   0.00000000000000E+00   -.92408301037149E-03   -.84865185311026E-04   0.00000000000000E+00
 0.00000000000000E+00   0.00000000000000E+00   0.00000000000000E+00   0.00000000000000E+00   0.76615990064317E-01   -.94510142965779E+00
 -.14404528222409E+00   -.31209629897521E-01   0.00000000000000E+00   -.15192846558729E+00   -.35991979046861E-01   0.00000000000000E+00   -.10158313726943E-02   -.19481057731881E-05   0.00000000000000E+00
 0.00000000000000E+00   0.00000000000000E+00   0.00000000000000E+00   0.00000000000000E+00   0.18810954054055E+00   -.15573524699952E+01
 0.12202110997795E-01   0.23193491497099E+00   0.00000000000000E+00   0.19221681037364E-01   0.18681098126163E+00   0.00000000000000E+00   -.14387352601608E-02   -.17218367645990E-03   0.00000000000000E+00
 0.00000000000000E+00   0.00000000000000E+00   0.00000000000000E+00   0.00000000000000E+00   -.82709779789662E-01   -.21017333356941E+00
 -.46939054733231E-01   0.87317064542952E-01   0.00000000000000E+00   -.23335497389266E-01   0.13204176936853E+00   0.00000000000000E+00   0.76760809409532E-03   0.21859566537584E-03   0.00000000000000E+00
 0.00000000000000E+00   0.00000000000000E+00   0.00000000000000E+00   0.00000000000000E+00   -.23830140349143E+00   -.25668324918568E+00
 0.24506567014309E-02   -.45536386458521E-02   0.00000000000000E+00   0.72967580955756E-02   -.42293372346412E-01   0.00000000000000E+00   0.19833591571110E-04   0.17001463910725E-04   0.00000000000000E+00
 0.00000000000000E+00   0.00000000000000E+00   0.00000000000000E+00   0.00000000000000E+00   -.63527719285077E-01   -.60566398568017E-01
 0.29709254435550E-01   0.32449870123778E+00   0.00000000000000E+00   0.17504597627483E-01   0.25965580379180E+00   0.00000000000000E+00   0.18229914265187E-03   0.10215528961366E-04   0.00000000000000E+00
 0.00000000000000E+00   0.00000000000000E+00   0.00000000000000E+00   0.00000000000000E+00   0.52542450034533E-01   -.31785801626365E+00
 0.96338220878866E-01   -.66043125686205E+00   0.00000000000000E+00   0.12113084651723E+00   -.52032869540550E+00   0.00000000000000E+00   -.59133638551583E-03   0.28967175336605E-04   0.00000000000000E+00
 0.00000000000000E+00   0.00000000000000E+00   0.00000000000000E+00   0.00000000000000E+00   0.92019118423501E+00   -.70726727370702E+00
 0.93159225561630E-02   0.10880714868478E-01   0.00000000000000E+00   0.11753088128167E-01   0.11237475870941E-01   0.00000000000000E+00   0.53866628002245E-04   -.89462413199707E-04   0.00000000000000E+00
 0.00000000000000E+00   0.00000000000000E+00   0.00000000000000E+00   0.00000000000000E+00   -.23433615293184E-01   -.48110836361959E-02
 0.25552363480968E+00   0.83091410929709E-01   0.00000000000000E+00   0.84198202716014E-01   0.64672256445987E-01   0.00000000000000E+00   0.21185397586787E-02   -.12460398838541E-03   0.00000000000000E+00
 0.00000000000000E+00   0.00000000000000E+00   0.00000000000000E+00   0.00000000000000E+00   0.96294618348056E-01   -.78700099545615E+00
 -.27272315552177E-01   -.45499711518152E-02   0.00000000000000E+00   -.11738748838688E-01   -.18797965869562E-02   0.00000000000000E+00   -.23453236655654E-03   0.64823600565589E-03   0.00000000000000E+00
 0.00000000000000E+00   0.00000000000000E+00   0.00000000000000E+00   0.00000000000000E+00   -.10853716881018E+00   0.27896572518124E+00
 -.27245314994300E-02   0.13726272664997E-02   0.00000000000000E+00   -.12923422547520E-01   0.19160240100823E-02   0.00000000000000E+00   -.89593652259123E-06   0.98964610826879E-03   0.00000000000000E+00
 0.00000000000000E+00   0.00000000000000E+00   0.00000000000000E+00   0.00000000000000E+00   0.18515463705530E-01   -.95780804351834E-01
 -.21951346302414E-01   -.42688262617667E-01   0.00000000000000E+00   -.13686103670488E-01   -.45587171017352E-01   0.00000000000000E+00   -.27391026388643E-03   -.43763638665006E-03   0.00000000000000E+00
 0.00000000000000E+00   0.00000000000000E+00   0.00000000000000E+00   0.00000000000000E+00   -.11919342885280E-01   0.56259582309328E+00
 -.68940469855732E-02   -.72188129422564E-01   0.00000000000000E+00   -.55055422921995E-02   -.66097860018285E-01   0.00000000000000E+00   0.12333571663577E-03   0.12268499317761E-02   0.00000000000000E+00
 0.00000000000000E+00   0.00000000000000E+00   0.00000000000000E+00   0.00000000000000E+00   -.48631932200085E-02   0.51691487128405E-01
 0.89337829133713E-01   -.99967029236242E+00   0.00000000000000E+00   0.71359262764008E-01   -.91048257444045E+00   0.00000000000000E+00   0.65100915187165E-03   -.15527402718417E-03   0.00000000000000E+00
 0.00000000000000E+00   0.00000000000000E+00   0.00000000000000E+00   0.00000000000000E+00   0.87280350711927E+00   -.14302705512406E+00
 -.41661973679026E-01   0.52893330109162E-01   0.00000000000000E+00   -.28970470131943E-01   0.61359151410352E-01   0.00000000000000E+00   -.14427203366626E-04   -.10122190757046E-03   0.00000000000000E+00
 0.00000000000000E+00   0.00000000000000E+00   0.00000000000000E+00   0.00000000000000E+00   0.10618736071437E+00   -.22447135007294E+00
 0.35702987408404E-01   -.81061355824634E-01   0.00000000000000E+00   -.40574963604500E-01   -.76866468059295E-01   0.00000000000000E+00   0.12140432844933E-02   -.33314472268761E-05   0.00000000000000E+00
 0.00000000000000E+00   0.00000000000000E+00   0.00000000000000E+00   0.00000000000000E+00   0.62399127815411E-01   0.23898065790448E-01
 -.17677665167606E-03   -.26578045880342E-01   0.00000000000000E+00   0.14306260571180E-01   -.20448452708650E-01   0.00000000000000E+00   -.23011489806198E-04   0.13715696643625E-03   0.00000000000000E+00
 0.00000000000000E+00   0.00000000000000E+00   0.00000000000000E+00   0.00000000000000E+00   0.11138202152222E+00   -.80891180413050E-01
 0.70403601112001E-01   -.52308702360347E+00   0.00000000000000E+00   0.44138302359716E-01   -.48130141978494E+00   0.00000000000000E+00   -.55744631161389E-03   0.15148270077638E-03   0.00000000000000E+00
 0.00000000000000E+00   0.00000000000000E+00   0.00000000000000E+00   0.00000000000000E+00   0.38400329662832E+00   -.40828810937865E+00
 0.24501684581565E-01   -.20697308370325E+00   0.00000000000000E+00   0.18428285376871E-01   -.19282708431862E+00   0.00000000000000E+00   0.20438146451534E-03   -.91331411221616E-03   0.00000000000000E+00
 0.00000000000000E+00   0.00000000000000E+00   0.00000000000000E+00   0.00000000000000E+00   0.61349155689100E-01   0.14911830761313E-01
 0.59402914908610E-02   -.30128811779238E-01   0.00000000000000E+00   0.21216221021695E-01   -.37055223138998E-01   0.00000000000000E+00   0.77661400223090E-05   0.17484294033407E-03   0.00000000000000E+00
 0.00000000000000E+00   0.00000000000000E+00   0.00000000000000E+00   0.00000000000000E+00   -.46622629786182E-01   0.18239311309238E+00
