$coord
   -0.00000000000000      0.00000000000000      0.00000000000000  mo
   -0.00000000000000      0.00000000000000     -6.62159203816308  gd
   -0.00000000000000     -0.00000000000000      6.62159203816308  gd
    2.34870960331315      2.34870960331316     -2.50934127110207  s
   -2.34870960331316     -2.34870960331315     -2.50934127110207  s
    2.34870960331315     -2.34870960331316      2.50934127110207  s
   -2.34870960331316      2.34870960331315      2.50934127110207  s
    4.70902812196471     -1.65524866667777     -7.88869967367646  c
    3.64739596224194     -3.64739596224194     -6.46270042175473  c
    1.65524866667777     -4.70902812196471     -7.88869967367646  c
    1.48083634653536     -3.37258008930567    -10.19935415394484  c
    3.37258008930567     -1.48083634653536    -10.19935415394484  c
   -1.65524866667777      4.70902812196471     -7.88869967367646  c
   -3.64739596224194      3.64739596224194     -6.46270042175473  c
   -4.70902812196471      1.65524866667777     -7.88869967367646  c
   -3.37258008930567      1.48083634653536    -10.19935415394484  c
   -1.48083634653536      3.37258008930567    -10.19935415394484  c
    1.65524866667777      4.70902812196471      7.88869967367646  c
    1.48083634653536      3.37258008930567     10.19935415394484  c
    3.37258008930567      1.48083634653536     10.19935415394484  c
    4.70902812196471      1.65524866667777      7.88869967367646  c
    3.64739596224194      3.64739596224194      6.46270042175473  c
   -4.70902812196471     -1.65524866667777      7.88869967367646  c
   -3.37258008930567     -1.48083634653536     10.19935415394484  c
   -1.48083634653536     -3.37258008930567     10.19935415394484  c
   -1.65524866667777     -4.70902812196471      7.88869967367646  c
   -3.64739596224194     -3.64739596224194      6.46270042175473  c
    0.45804081518604     -6.25525356452867     -7.29693910839548  h
    0.15027328969971     -3.73906178934375    -11.70617072296040  h
    4.20627582309883     -4.20627582309883     -4.58010442768551  h
    3.73906178934375     -0.15027328969971    -11.70617072296040  h
    6.25525356452867     -0.45804081518604     -7.29693910839548  h
   -0.15027328969971      3.73906178934375    -11.70617072296040  h
   -0.45804081518604      6.25525356452867     -7.29693910839548  h
   -4.20627582309883      4.20627582309883     -4.58010442768551  h
   -6.25525356452867      0.45804081518604     -7.29693910839548  h
   -3.73906178934375      0.15027328969971    -11.70617072296040  h
   -0.45804081518604     -6.25525356452867      7.29693910839548  h
   -4.20627582309883     -4.20627582309883      4.58010442768551  h
   -6.25525356452867     -0.45804081518604      7.29693910839548  h
   -3.73906178934375     -0.15027328969971     11.70617072296040  h
   -0.15027328969971     -3.73906178934375     11.70617072296040  h
    0.15027328969971      3.73906178934375     11.70617072296040  h
    0.45804081518604      6.25525356452867      7.29693910839548  h
    4.20627582309883      4.20627582309883      4.58010442768551  h
    3.73906178934375      0.15027328969971     11.70617072296040  h
    6.25525356452867      0.45804081518604      7.29693910839548  h
$user-defined bonds
$end
