$forceapprox          (8f10.5)
# approximate force constant matrix for project :
#  --->    <---
   0.50000
   0.00000   0.50000
   0.00000   0.00000   0.50000
   0.00000   0.00000   0.00000   0.50000
   0.00000   0.00000   0.00000   0.00000   0.50000
   0.00000   0.00000   0.00000   0.00000   0.00000   0.09724
   0.00000   0.00000   0.00000   0.00000   0.00000  -0.01077   0.23178
   0.00000   0.00000   0.00000   0.00000   0.00000  -0.01077  -0.04818   0.23178
#  coordinates    9 to   16
   0.00000   0.00000   0.00000   0.00000   0.00000  -0.04178  -0.04525  -0.04525
   0.14136
   0.00000   0.00000   0.00000   0.00000   0.00000   0.00853  -0.01962  -0.01962
   0.00321   0.65167
   0.00000   0.00000   0.00000   0.00000   0.00000  -0.01145  -0.00517  -0.00517
   0.00517   0.31388   0.86978
   0.00000   0.00000   0.00000   0.00000   0.00000   0.01907   0.01405   0.01405
   0.02277   0.12014  -0.28675   0.74493
   0.00000   0.00000   0.00000   0.00000   0.00000   0.00263  -0.00232  -0.00232
   0.00745  -0.03247   0.15090  -0.07405   0.50008
   0.00000   0.00000   0.00000   0.00000   0.00000  -0.00263   0.00232   0.00232
  -0.00745   0.03247  -0.15090   0.07405   0.17818   0.50008
   0.00000   0.00000   0.00000   0.00000   0.00000   0.00065  -0.01809  -0.01809
  -0.02758   0.06467   0.21129  -0.31273   0.14353  -0.14353   0.73066
   0.00000   0.00000   0.00000   0.00000   0.00000   0.01229   0.00579   0.00579
  -0.00382  -0.10411   0.18993  -0.12891  -0.02957   0.02957   0.06938   0.90306
#  coordinates   17 to   24
   0.00000   0.00000   0.00000   0.00000   0.00000  -0.02855  -0.01575  -0.01575
   0.01553   0.16490   0.01497   0.02182   0.01787  -0.01787   0.02248   0.29872
   0.58114
   0.00000   0.00000   0.00000   0.00000   0.00000  -0.03210  -0.01003  -0.01003
   0.00749  -0.08693  -0.03051  -0.29535  -0.01146   0.01146  -0.10987   0.08568
   0.00421   0.60425
   0.00000   0.00000   0.00000   0.00000   0.00000   0.00481  -0.00247  -0.00247
   0.00390   0.16179   0.19704  -0.01749   0.01356  -0.01356   0.04276   0.00204
   0.01456  -0.01573   0.16664
   0.00000   0.00000   0.00000   0.00000   0.00000   0.00857  -0.00331  -0.00331
   0.00805   0.23173   0.18433   0.02740   0.01815  -0.01815   0.02550  -0.02756
   0.01206   0.01373   0.15424   0.23509
   0.00000   0.00000   0.00000   0.00000   0.00000  -0.00007  -0.00401  -0.00401
   0.00357  -0.06367  -0.03139  -0.08188   0.02126  -0.02126  -0.01489  -0.04100
   0.04230   0.02339  -0.03486  -0.07304   0.08932
   0.00000   0.00000   0.00000   0.00000   0.00000  -0.00924  -0.00620  -0.00620
  -0.01280   0.03255  -0.05770  -0.02373   0.02459  -0.02459  -0.02373  -0.31391
   0.00965  -0.07135  -0.00144   0.01125   0.01798   0.27092
   0.00000   0.00000   0.00000   0.00000   0.00000   0.01299  -0.00632  -0.00632
  -0.04389  -0.01918  -0.09435  -0.03166  -0.02970   0.02970   0.09413   0.00805
  -0.05175  -0.05734  -0.00642  -0.01498  -0.02975   0.05784   0.16823
   0.00000   0.00000   0.00000   0.00000   0.00000  -0.00174   0.01393   0.01393
  -0.00098  -0.00890   0.09393   0.01398  -0.01139   0.01139  -0.00559  -0.04783
  -0.08128  -0.25554   0.01552   0.00496  -0.01726   0.10205   0.01506   0.26975
#  coordinates   25 to   27
   0.00000   0.00000   0.00000   0.00000   0.00000  -0.00063   0.00226   0.00226
  -0.00443   0.00110   0.02867  -0.01622  -0.04038   0.04038  -0.05790   0.03540
  -0.00423  -0.00849   0.00243   0.00524  -0.00844  -0.00913   0.01007   0.00597
   0.21479
   0.00000   0.00000   0.00000   0.00000   0.00000   0.00063  -0.00226  -0.00226
   0.00443  -0.00110  -0.02867   0.01622   0.04038  -0.04038   0.05790  -0.03540
   0.00423   0.00849  -0.00243  -0.00524   0.00844   0.00913  -0.01007  -0.00597
   0.12068   0.21479
   0.00000   0.00000   0.00000   0.00000   0.00000  -0.01012   0.00338   0.00338
  -0.00975   0.01759   0.05736  -0.03331  -0.06663   0.06663  -0.26202   0.01433
   0.01120   0.01588   0.02135   0.01964  -0.00324   0.01425   0.01599  -0.00712
   0.09239  -0.09239   0.30864
$end
