# Excitation spectrum ; written at 2020-09-03 18:47:13
#     Exc.     energy (Eh)   energy (eV)   energy (cm-1)   energy (nm)     Osc.(vel)      Osc.(len) 
       1 a        0.021605       0.58792        4741.858      2108.878     0.00417616     0.00002593
       2 a        0.021668       0.58961        4755.556      2102.804     0.00468029     0.00010182
       3 a        0.026157       0.71176        5740.700      1741.948     0.02018045     0.01401127
       4 a        0.027363       0.74458        6005.445      1665.156     0.00001709     0.00026210
       5 a        0.031942       0.86919        7010.471      1426.438     0.06280553     0.03121861
       6 a        0.033740       0.91810        7405.001      1350.439     0.00030496     0.00005101
       7 a        0.034301       0.93338        7528.212      1328.337     0.00163569     0.00093217
       8 a        0.040553       1.10351        8900.374      1123.548     0.00006898     0.00008829
       9 a        0.044812       1.21940        9835.145      1016.762     0.00000286     0.00000643
      10 a        0.045102       1.22730        9898.814      1010.222     0.01848315     0.01923853
      11 a        0.059904       1.63006       13147.307       760.612     0.00067291     0.00046106
      12 a        0.059943       1.63114       13156.009       760.109     0.00016444     0.00004647
      13 a        0.061743       1.68010       13550.933       737.957     0.00007382     0.00000846
      14 a        0.062247       1.69383       13661.655       731.976     0.00014074     0.00000878
      15 a        0.062609       1.70367       13741.039       727.747     0.00008007     0.00021055
      16 a        0.062789       1.70859       13780.696       725.653     0.00053706     0.00033247
      17 a        0.063298       1.72242       13892.220       719.827     0.00017388     0.00003945
      18 a        0.063309       1.72271       13894.611       719.703     0.00226694     0.00058659
      19 a        0.063560       1.72956       13949.845       716.854     0.00569217     0.00007301
      20 a        0.063923       1.73944       14029.570       712.780     0.00063489     0.00001036
      21 a        0.063933       1.73972       14031.749       712.670     0.00158805     0.00026358
      22 a        0.064090       1.74398       14066.112       710.929     0.00012540     0.00001127
      23 a        0.065121       1.77202       14292.310       699.677     0.00000040     0.00000429
      24 a        0.065552       1.78376       14386.961       695.074     0.00063961     0.00146549
      25 a        0.066369       1.80599       14566.298       686.516     0.00237528     0.00170925
      26 a        0.066564       1.81131       14609.195       684.500     0.00264413     0.00180485
      27 a        0.067806       1.84510       14881.750       671.964     0.00009985     0.00000051
      28 a        0.070005       1.90494       15364.362       650.857     0.00130748     0.00123832
      29 a        0.070204       1.91034       15407.909       649.017     0.00002865     0.00011715
      30 a        0.070435       1.91663       15458.637       646.888     0.00009239     0.00039139
      31 a        0.070540       1.91950       15481.775       645.921     0.00007823     0.00035215
      32 a        0.072113       1.96229       15826.931       631.834     0.00446871     0.00071918
      33 a        0.072208       1.96488       15847.791       631.003     0.00317919     0.00042538
      34 a        0.073541       2.00116       16140.432       619.562     0.01222790     0.01093224
      35 a        0.074213       2.01943       16287.819       613.956     0.00064968     0.00016583
      36 a        0.074294       2.02164       16305.633       613.285     0.00061282     0.00031587
      37 a        0.074660       2.03159       16385.883       610.281     0.00070647     0.00049520
      38 a        0.074777       2.03479       16411.697       609.322     0.00086788     0.00022790
      39 a        0.074918       2.03861       16442.508       608.180     0.00320310     0.00252747
      40 a        0.074988       2.04053       16457.990       607.608     0.00128313     0.00146713
      41 a        0.076245       2.07473       16733.826       597.592     0.00004573     0.00001216
      42 a        0.077498       2.10883       17008.848       587.929     0.00000590     0.00000389
      43 a        0.077661       2.11325       17044.532       586.698     0.00024540     0.00024014
      44 a        0.078100       2.12522       17141.034       583.395     0.00003792     0.00002354
      45 a        0.078337       2.13167       17193.086       581.629     0.00003136     0.00002338
      46 a        0.078554       2.13756       17240.544       580.028     0.00011817     0.00016525
      47 a        0.078606       2.13897       17251.932       579.645     0.00003694     0.00003462
      48 a        0.078823       2.14489       17299.729       578.044     0.01823827     0.01240659
      49 a        0.078862       2.14594       17308.153       577.762     0.00018005     0.00020792
      50 a        0.079614       2.16641       17473.267       572.303     0.00081853     0.00068416
      51 a        0.081088       2.20653       17796.840       561.897     0.00302391     0.00203626
      52 a        0.081343       2.21347       17852.810       560.136     0.00073675     0.00002765
      53 a        0.081870       2.22781       17968.488       556.530     0.00010242     0.00007033
      54 a        0.082386       2.24183       18081.590       553.049     0.00001638     0.00001352
      55 a        0.084348       2.29522       18512.223       540.184     0.00003547     0.00001162
      56 a        0.084437       2.29765       18531.827       539.612     0.05441472     0.05893459
      57 a        0.084520       2.29992       18550.076       539.081     0.00000098     0.00000119
      58 a        0.086386       2.35069       18959.624       527.437     0.00002958     0.00017813
      59 a        0.086583       2.35605       19002.799       526.238     0.00000853     0.00001022
      60 a        0.087295       2.37543       19159.100       521.945     0.00409529     0.00454573
      61 a        0.088702       2.41371       19467.918       513.666     0.00108221     0.00023638
      62 a        0.089078       2.42393       19550.354       511.500     0.00139590     0.00024172
      63 a        0.089084       2.42411       19551.771       511.463     0.00276726     0.00058563
      64 a        0.089863       2.44530       19722.659       507.031     0.00107430     0.00139115
      65 a        0.090002       2.44908       19753.172       506.248     0.00130287     0.00146307
      66 a        0.091097       2.47886       19993.380       500.166     0.00116965     0.00055560
      67 a        0.092592       2.51956       20321.587       492.088     0.00334003     0.00218449
      68 a        0.093519       2.54478       20525.052       487.209     0.00003201     0.00000262
      69 a        0.094125       2.56127       20658.048       484.073     0.00060183     0.00110459
      70 a        0.095322       2.59384       20920.735       477.995     0.00005711     0.00000001
      71 a        0.095493       2.59849       20958.199       477.140     0.00000211     0.00011953
      72 a        0.097068       2.64136       21303.998       469.395     0.00029590     0.00026281
      73 a        0.097438       2.65144       21385.268       467.612     0.00689659     0.00439398
      74 a        0.097670       2.65774       21436.083       466.503     0.00000329     0.00000020
      75 a        0.098454       2.67906       21608.109       462.789     0.02938846     0.01885536
      76 a        0.099204       2.69947       21772.663       459.292     0.00001474     0.00001860
      77 a        0.099449       2.70616       21826.614       458.156     0.00037323     0.00043939
      78 a        0.099852       2.71711       21914.941       456.310     0.00006264     0.00000384
      79 a        0.103151       2.80689       22639.099       441.714     0.00496332     0.00078065
      80 a        0.103224       2.80887       22655.088       441.402     0.00407080     0.00032463
      81 a        0.103583       2.81864       22733.888       439.872     0.00004971     0.00000920
      82 a        0.103906       2.82744       22804.826       438.504     0.00000081     0.00001184
      83 a        0.104717       2.84950       22982.749       435.109     0.00020598     0.00006452
      84 a        0.104744       2.85023       22988.688       434.997     0.00016949     0.00016459
      85 a        0.107507       2.92541       23595.051       423.818     0.00037759     0.00031601
      86 a        0.108297       2.94691       23768.403       420.727     0.07259862     0.06012197
      87 a        0.108985       2.96563       23919.446       418.070     0.00032115     0.00032724
      88 a        0.109118       2.96924       23948.532       417.562     0.00002467     0.00001595
      89 a        0.109593       2.98219       24052.946       415.749     0.00006934     0.00015641
      90 a        0.110217       2.99915       24189.758       413.398     0.00057739     0.00055749
      91 a        0.110306       3.00158       24209.366       413.063     0.00001778     0.00000329
      92 a        0.110393       3.00395       24228.455       412.738     0.00005248     0.00004511
      93 a        0.112301       3.05586       24647.167       405.726     0.02092539     0.01755400
      94 a        0.113183       3.07988       24840.893       402.562     0.00005415     0.00000281
      95 a        0.113350       3.08441       24877.427       401.971     0.00329836     0.00284892
      96 a        0.113972       3.10133       25013.888       399.778     0.00018042     0.00010514
      97 a        0.114548       3.11701       25140.413       397.766     0.00007059     0.00013666
      98 a        0.114667       3.12025       25166.551       397.353     0.00000009     0.00000034
      99 a        0.115506       3.14308       25350.659       394.467     0.00000899     0.00000352
     100 a        0.115565       3.14468       25363.577       394.266     0.00264405     0.00249813
