# Electronic transition moments of , IRREP a   electric dipole (length) / electric dipole (velocity) / magnetic dipole
 0.14608718873422E-01   0.25167366562749E-02   -.53825424260260E+00   0.21793496036803E-02   0.23615697889987E-03   -.42371512068441E-01   -.14708979546829E-04   0.45757489048930E-06   -.52330505551408E-03
 0.64357020571981E-01   -.53255977503300E+00   -.49597429405846E-01   -.99805213957102E+00   -.11542676755325E-02   0.18102126305008E-01
 -.56122214608723E+00   -.93998341276950E-01   -.13981812409439E-01   -.83660699934013E-01   -.69646909910115E-02   -.10952269928548E-02   0.56345315160620E-03   -.16604239489951E-04   -.13461287094189E-04
 0.16533178920343E-02   -.13873542301457E-01   -.13091746724837E-02   -.26018078939936E-01   0.42881445936003E-01   -.69954683510843E+00
 0.12292565970210E+00   -.10687270909582E+01   0.84471329952923E-04   -.62979338146881E-01   -.89416869747816E+00   -.25297009946369E-03   0.12287987341751E-02   0.11153440167963E-03   -.27434412236979E-05
 0.16387579549764E-03   0.36169247724621E-02   0.63161011554747E-03   0.28921418409786E-02   0.82904830781459E+00   0.17598941675984E+01
 -.25882157455204E-03   0.27597522691571E-02   0.30486098957880E-01   0.13924035774940E-03   0.22618767908466E-02   -.11984626597240E+00   -.25528009402757E-05   -.29855345021621E-06   -.12696242097460E-02
 0.70393858362345E-01   0.17196279426178E+01   0.28225390866261E+00   0.13948901091460E+01   -.18972775720210E-02   -.41491736492751E-02
 0.51139642583586E-01   0.17166054840988E+01   0.32450923953297E-03   0.22449020630929E-01   0.12105877531481E+01   0.25852095571959E-03   0.30060859760562E-04   0.70397286094474E-04   0.53715601928939E-06
 0.25719518178811E-03   -.77823701559934E-02   0.87517502698854E-04   -.12344047727094E-02   -.40525317549310E+00   -.87922601198335E+00
 0.14763671078158E-04   0.29454485499344E-03   -.11643728138951E+00   -.19866772513250E-05   0.20104178026948E-03   -.47622208803611E-01   0.63843140878213E-07   -.38145620169916E-06   0.52263687508210E-04
 0.53936102039156E+00   0.11290720962929E+01   -.61072907547592E+00   0.69253129162440E-01   -.52318564003455E-04   0.71002651214926E-05
 0.12741165847479E-04   0.19219425472976E-02   -.26744264620223E+00   -.25712117274676E-07   0.13746437085370E-02   -.20189629516130E+00   0.47238446578199E-07   0.26206212476198E-06   -.12774429339770E-03
 -.36642887309919E+00   0.68094134132032E+01   -.54960517609935E-01   0.74864643839496E+00   -.46195682938110E-03   -.66737709303112E-03
 0.20031858298565E-01   0.46368511477244E-01   0.14443006227352E-04   0.15856815998254E-01   0.54901179253212E-01   0.10165544203904E-04   -.20915857361480E-03   0.17992163900999E-02   -.37651713106526E-07
 0.12046859841630E-03   -.45773953739160E-03   -.74528044864016E-04   0.29637526510556E-04   -.51736128078336E-01   -.28378158419370E+00
 -.24482247752420E-04   0.91644879020943E-04   0.97789104244614E-02   -.18954134312949E-04   0.96918943353074E-04   -.14665736252789E-01   -.11160493099575E-07   -.23479348291090E-07   -.34768850242466E-03
 0.98672395538628E-02   -.15188964905383E-01   -.15002720884873E-01   -.51393055673236E-01   -.53701638761281E-04   0.11788589015165E-03
 0.17271923317707E+00   -.76477145695621E+00   -.27743964248101E-04   0.14755055189902E+00   -.78616696029829E+00   -.37805495045832E-04   -.18075998766082E-04   0.54764249471208E-04   -.30638484717909E-07
 -.79930423242352E-05   0.15395901087612E-02   -.32811284213932E-04   0.85188572224348E-04   0.47189657177032E+00   -.95613701324563E+00
 -.45128644165597E-01   0.12168722687912E+00   0.23348744370738E-02   0.33996340695856E-01   0.10192014131840E+00   -.12216677317222E-02   0.31136965442713E-03   -.13172247959063E-03   0.11890835657708E-04
 -.27184520561850E-03   0.11384674613098E-01   -.46848004386566E-03   0.13559574400294E-01   -.18027640404276E-01   -.43158524712596E+00
 -.16373807669658E-02   0.44194182903848E-02   -.63973516438923E-01   0.12490698191368E-02   0.36948633239354E-02   0.33874981121821E-01   0.11490804390774E-04   -.48080427284799E-05   -.33127781402920E-03
 0.71397331510108E-02   -.31632227630780E+00   0.13010724426351E-01   -.37082770074770E+00   -.63119796739753E-03   -.15678669569612E-01
 0.45481348641869E-05   -.12566176099388E-04   0.42347603951044E-01   0.23944201722117E-04   -.20848325451752E-05   -.14340332151414E-01   0.52309263894398E-07   -.19714250777950E-07   -.13386644523236E-03
 0.22769356683124E+00   0.46613478068642E-01   -.18417988885512E+00   0.72213077078018E-01   -.13050487683657E-04   0.21195641914604E-03
 0.19422842844634E-03   -.14988256312226E-03   0.58236001762224E-01   0.49259593380158E-04   0.65268210840704E-04   -.14545886987324E-01   -.23480518255432E-06   -.15841768895785E-07   0.44252308962383E-03
 0.19604159878482E+00   0.13456825243745E+01   0.59410498070020E-01   -.48814781070767E+00   0.52484591687719E-04   -.27719994547305E-03
 0.30454254989971E-01   -.31463103641115E-01   -.98117051114391E-03   0.68567076002951E-01   -.18506869157972E-01   -.71240038266311E-03   0.40499027407430E-03   -.99521608977792E-05   0.18774431209344E-05
 0.48285320936836E-03   -.47601596894929E-02   -.62549713361438E-03   -.17817998107312E-02   0.86117150154538E-02   0.59470746229673E+00
 -.14930036337378E-03   0.94211223503390E-03   -.11326523740462E+00   -.50907846659194E-03   0.44869415359319E-03   -.89117642950915E-01   -.31121313233020E-05   0.15245432004048E-06   0.24725526278459E-03
 0.50468021565939E-01   -.77579799488495E+00   -.11011438894487E+00   -.23214456965427E+00   -.56008607179589E-03   -.44260962659917E-02
 0.99909699132358E-02   0.38227631123666E-01   0.50590475904653E-01   0.34227900989203E-02   0.19606359636035E-01   0.23210800705476E-01   0.12697736407261E-04   0.32565014177715E-05   -.46861869095868E-04
 -.10442888211830E+00   -.58076301619606E+00   -.79597767543399E-01   -.57376779356520E-01   -.29644055820429E-01   0.16523320845894E-02
 0.60197652468224E-01   0.22364705768448E+00   -.83695909366804E-02   0.20042961455567E-01   0.11611514968445E+00   -.37313988825718E-02   0.70547905836209E-04   0.19711503422917E-04   0.70519761435023E-05
 0.17348111369984E-01   0.98096467447340E-01   0.13566005322422E-01   0.10413952635032E-01   -.17458508295515E+00   0.32023423906176E-02
 0.10203586693041E+00   -.35202562802854E+00   -.18375818461902E-03   0.29079653904706E-01   -.29620942605913E-01   0.59282688040752E-05   -.12908899865177E-03   -.79481266003263E-06   -.84531495616349E-06
 -.32741065849553E-03   -.32274163635051E-02   -.25410911379063E-03   0.35459939288619E-03   0.13475064098419E+00   -.20909905653014E+00
 -.19977510558827E-01   -.29170108167120E-01   -.11682517017513E+00   -.38185764204810E-03   -.14571209595744E-01   -.55278814454235E-02   0.63856570814329E-04   -.51174462973588E-05   -.29058057531385E-03
 0.86871602550435E-01   0.26437573017092E+00   0.36752279435671E-01   -.51366979494762E-01   0.19814959355915E-01   -.84953003572179E-02
 -.10682130781918E+00   -.15931707470844E+00   0.21588800490542E-01   -.16255699866818E-02   -.78615714867583E-01   0.96446745418889E-03   0.34608768600328E-03   -.26591172759345E-04   0.54136009860342E-04
 -.15927613016842E-01   -.48476164297597E-01   -.68609597221563E-02   0.91838032226487E-02   0.10766016619682E+00   -.45130854054066E-01
 0.34289463831308E-01   0.41942811868955E-01   -.11354069582060E-03   0.51173029541212E-02   0.15410759255383E-01   0.19177295257552E-04   0.75763857091107E-04   0.15755093012004E-03   -.57601869801265E-06
 0.22054372438763E-03   0.31242936093182E-04   -.94840551676524E-04   0.52049097035918E-04   -.10360608488939E-01   0.68612377147915E-01
 -.37040809151234E-03   0.44682536533788E-03   0.29724209171937E-02   -.11350045986422E-03   0.70066439678542E-03   0.99112413145775E-02   0.47661826553738E-06   0.22010607213358E-07   -.18184831868777E-04
 -.14006160564249E+00   -.15369314885757E+01   -.78690951808407E-01   0.18919380216608E+00   -.18596414092119E-02   0.68006620728597E-03
 -.79741267858550E-01   0.90979551565652E-01   -.25369685392152E-05   -.26825456022997E-01   0.18114829482611E+00   -.28625303820596E-04   0.80103705769706E-04   0.80420902606163E-05   0.81142108654854E-07
 0.58298294870853E-03   0.61158350785670E-02   0.34280351349491E-03   -.77262852997825E-03   -.47908434546207E+00   0.13646924363908E+00
 0.23120847764447E+00   -.14912457330272E-01   0.19295439446252E-02   0.19648344873525E+00   -.47300230837756E-02   0.15983245340345E-02   -.26285625744661E-03   -.19145113165803E-04   0.28104795942127E-05
 0.25036152448067E-02   0.29385085720788E-02   -.52746827373799E-03   -.16642020394141E-01   0.23171742187527E+00   -.19281566056079E+01
 -.17917683611612E-02   0.10026479818680E-03   0.24409242426600E+00   -.15168417580486E-02   0.19113087590369E-04   0.20166611153415E+00   0.17852900516307E-05   0.11190818857505E-06   0.33458040162251E-03
 0.32189446523831E+00   0.35656901290607E+00   -.72991206123267E-01   -.21047529397172E+01   -.17817772873090E-02   0.14987511020372E-01
 0.14846781425986E-04   0.44900490707667E-05   0.46998875261113E-01   0.39167096359550E-05   -.27115527338311E-05   -.33585024137967E-02   -.29946670006828E-08   0.31655087030849E-07   0.52036831649907E-04
 -.17432352018912E+00   -.17864772560901E+00   0.13677182592985E+00   -.69913566861436E-01   0.15146474224971E-04   -.14027095672036E-04
 0.86098869120082E-01   -.14353427559113E+00   -.38072318365360E-03   0.92098106144739E-01   -.13435407631716E+00   -.69457677064467E-03   -.10952785875391E-02   -.83949470214825E-04   -.14730287818316E-04
 0.16166004782841E-02   -.17371620661564E-02   -.34775411243170E-02   0.60515700978424E-02   0.15556097433049E+00   -.85017868062078E+00
 0.98691392276695E-03   -.18996090901880E-02   0.24650015446252E-01   0.97504093158410E-03   -.18020288335525E-02   0.49989356259877E-01   -.14691117901990E-04   -.11365035765497E-05   0.11459599000793E-02
 -.13480460033244E+00   0.74857953888830E-01   0.27064715508544E+00   -.42449873737595E+00   0.20465198397322E-02   -.11283636378059E-01
 -.44219330974574E-01   0.34505112664994E-02   0.58590123895720E-03   -.91000037098816E-01   -.72534015965006E-02   0.12272008562485E-02   -.37908054302569E-03   -.59487813221837E-04   -.83193155878081E-05
 -.28410099681568E-02   0.37502781137518E-02   0.26134257786020E-02   0.57961908822168E-02   0.31244010583784E-01   -.35514773461023E+00
 0.67351041146832E-03   -.69678542326353E-04   0.40780482254765E-01   0.13933142512982E-02   0.90518763055758E-04   0.86523156709575E-01   0.58384355972264E-05   0.94259659894147E-06   -.40852211535167E-03
 -.20536110169036E+00   0.26688000684188E+00   0.20786747712204E+00   0.33534447910239E+00   -.44657905906548E-03   0.53961473465510E-02
 0.29264852332674E+00   0.85390919323312E-01   -.42006846162445E-02   0.11629498260043E+00   0.37851206743127E-01   -.15197855595259E-02   0.71665982839732E-03   0.11358823766251E-03   0.11651237503977E-04
 0.29068378207411E-02   -.29463960853768E-02   -.17314030268920E-02   -.10023746255781E-01   -.84617032502834E-01   0.35710675846876E+00
 0.48410679034673E-02   0.14036706989678E-02   0.25693793635902E+00   0.19393719509175E-02   0.60703111560420E-03   0.93981017505472E-01   0.11991358644621E-04   0.18876650617891E-05   -.71461455789687E-03
 -.17628426401259E+00   0.14939385734564E+00   0.10376047931619E+00   0.59496202495754E+00   -.14016372530741E-02   0.55491990687344E-02
 -.70067443954174E-01   0.49446902078203E+00   -.64056350303073E-04   -.55047755917721E-01   0.46898994768192E+00   -.63268210880215E-04   -.39276206283939E-03   -.61296408496577E-06   -.12089961419149E-07
 0.24868752181440E-03   0.48003367561314E-02   0.22208152682431E-03   0.66032522092675E-05   -.22666405068087E+00   0.33808908233094E+00
 -.51593549721686E-03   0.29900801122055E-02   0.11455262468387E+00   -.79006871097486E-03   0.19591652593283E-02   0.57856191176987E-01   -.54801450299289E-05   0.36413783788777E-05   -.14934562095733E-03
 0.83024294059834E-01   -.12533757141645E+01   -.69659106693022E-01   -.75742583063332E+00   -.25258617216642E-02   -.42678549169793E-02
 -.26211987146615E-01   0.10805048095403E+00   -.33046584060324E-02   -.38681899921957E-01   0.69840265253417E-01   -.18421137943663E-02   -.28996613015649E-03   0.16769734947992E-03   0.71881058214258E-05
 -.20248994761078E-02   0.34588479928677E-01   0.19770894229692E-02   0.20666331070407E-01   -.93460422952194E-01   -.87425235641027E-01
 -.78522329786971E-03   -.29431492957860E-02   -.11909908980441E+00   -.34351667001027E-03   -.16272172784009E-02   -.99732074209746E-01   -.10853577706017E-04   0.82789031708879E-06   0.88305104776582E-03
 -.39581058323578E-01   0.73260595318220E+00   0.66665506981948E-01   0.63902763694698E+00   0.29823561503932E-02   0.92545839474226E-02
 -.15439974530567E-01   -.13101220641404E+00   0.25878452958091E-02   0.14404727576550E-01   -.66024227704627E-01   0.22101207651712E-02   -.71316639080446E-03   0.89732425111090E-04   -.13217880776379E-04
 0.16746109758528E-02   -.12999407981201E-01   -.15443167983569E-02   -.17258226116614E-01   0.20530453325466E+00   0.69313441113699E-01
 -.17052918328917E+00   -.18720630528072E+00   -.24521791565452E-02   -.18032608242033E+00   -.13445987005256E+00   -.28239734851247E-02   -.43412975474916E-03   0.86637309611644E-04   -.47197791059508E-05
 -.48193495892373E-02   -.51621597695575E-02   0.20009843145656E-02   0.32173162443273E-01   -.63929915982631E-01   0.19906099423723E+01
 -.32048733276525E-02   -.30162009917212E-02   0.16014792939072E+00   -.35011613319268E-02   -.22628554750749E-02   0.17125971347638E+00   -.59618893837669E-05   0.13524131673891E-05   0.49720085020429E-04
 0.26473822797160E+00   0.27542995653538E-01   -.12431260755778E+00   -.18386870825924E+01   -.20133355434276E-02   0.37660270189769E-01
 -.13334998703027E-01   0.26867848697947E-01   0.35490660299634E-05   -.10329793669352E-01   0.11515562137330E-01   -.89183747708327E-05   0.18298475903656E-03   0.30755500179504E-03   0.36670887693614E-06
 0.58358478468917E-03   0.14512759637999E-02   -.23662913472542E-03   0.30818602771460E-04   -.14151448705807E-01   0.14394577188232E-01
 0.74791374610163E-04   0.10119614720944E-03   0.10689504367709E-01   0.78428356786642E-04   0.26789396506239E-04   0.86800639953974E-02   -.54560034798175E-06   -.12477704020832E-05   0.18443569908877E-03
 0.15400607363326E+00   -.55154503518474E+00   -.11604938750165E+00   0.10788712065041E+00   0.25589558027901E-03   -.44317821136197E-03
 -.39687189420564E-01   -.56256639763728E-01   -.18039130643947E-03   -.51868248137257E-01   0.44134617938582E-01   -.13379450682691E-03   0.16877907559760E-04   0.18813814706414E-03   -.89646840777300E-06
 -.35735198793345E-03   0.30907925359098E-02   -.72835455151612E-03   0.86659140181971E-03   -.31309162497546E+00   0.26513884693323E+00
 0.39315309628450E-03   -.32595229141524E-04   -.26984282066579E-01   0.47092260758851E-03   -.68926968152196E-03   -.21244324824718E-01   -.53402523243234E-07   -.32411449005778E-05   -.20842209151245E-03
 -.36858855435383E-01   0.96535194585691E+00   -.93936798581253E-01   0.34922499689669E-01   0.26719206979769E-02   -.23966614760603E-02
 0.12977317299674E-01   0.20783987368979E-01   0.30536219726029E-04   0.60857561777424E-02   0.20265869846436E-01   0.27266067733511E-04   -.11115357531854E-04   -.13525303479374E-02   -.81123013408814E-07
 -.10587050437837E-03   -.41565711771424E-02   -.39939823742703E-04   0.46246097793378E-03   -.65231733450178E-01   -.89998038292357E-01
 0.44547258480882E-01   0.16448173518445E-01   -.12216044409441E-02   0.52062901585569E-01   -.21055368477055E-01   -.12639962221557E-02   -.95155117365885E-03   0.16698667296860E-03   -.36951281536983E-04
 0.10422043427243E-01   0.44708859784244E-01   -.11343035383883E-01   0.48406260300166E-02   -.57249235212632E-02   -.46709499540919E+00
 0.56401649814338E-03   0.55128654781946E-02   0.25966594240559E-01   0.93274279981227E-03   0.32545211358204E-02   0.25480482956328E-01   -.35667378299313E-04   0.56308270064440E-05   0.10437140895222E-02
 -.31380059552252E+00   -.18695754814167E+01   0.30246178864941E+00   0.42602572622164E-01   -.45509846439689E-02   -.12111426010142E-01
 0.12232837873793E+00   -.57628083559699E+00   0.28975681904440E-02   0.10988987100518E+00   -.47329550767320E+00   0.34165597498651E-02   0.26896750124330E-03   0.59851494217666E-04   0.77580455329825E-05
 0.33826984682501E-02   0.18591140183642E+00   0.88489308505067E-02   -.56458096140249E-01   0.53096401154406E+00   -.52281867055714E+00
 0.67655097250563E-02   -.32772672744106E-01   -.48008590713941E-01   0.59997019918110E-02   -.26753300561850E-01   -.56595272269313E-01   0.21574641752978E-04   0.35147049858578E-05   0.31666602550195E-04
 -.10513563603816E+00   -.35463981023102E+01   -.10902897101069E+00   0.99944701752360E+00   0.30392333338842E-01   -.27401665078839E-01
 -.60874951970780E-02   0.12403565271009E+00   -.15767937238049E-04   -.14851286715948E-01   0.11255931036058E+00   -.11177053062360E-04   0.36094461101536E-03   0.17102838158722E-02   -.30321954680951E-06
 0.50921277339699E-03   0.45272425588684E-02   -.16923597360157E-03   -.68130047763740E-03   -.14068962798476E+00   0.19564604421381E+00
 -.94879589764820E-01   -.21664522367556E+00   -.34113476992320E-04   -.12487377426836E-02   -.19407688080541E+00   -.22169101127833E-04   -.14516610543922E-02   0.62689958309433E-03   0.17018073403447E-06
 0.53310463013215E-05   -.72386962544116E-03   -.28661624400116E-04   0.25361746167393E-03   0.17310679797605E+00   -.68442284641006E-01
 -.54529194421712E-04   0.16981619921992E-03   -.11655838109582E+00   -.39933692081781E-04   0.15087242301397E-03   -.22577916375969E-01   -.22612120620601E-06   -.79153292914059E-08   0.13817395022004E-02
 0.14531379292203E+00   0.10980464636140E+01   -.31196206709972E-01   -.17730427755913E+00   -.18223967927165E-03   0.20896941314315E-03
 -.19693390037146E-01   0.38583365622489E-01   0.11619464763718E-03   -.18186343386907E-01   0.30949156693448E-01   0.10577632871813E-03   0.41086390826308E-03   0.28983535718841E-03   0.16916036498837E-05
 0.13425498920978E-02   0.59489851153011E-03   -.96868620458870E-03   -.12107697093402E-02   -.24576922071409E-01   0.20870001712975E+00
 -.13693001668459E-03   0.17248200140875E-03   -.17269121955107E-01   -.12454410309391E-03   0.12409455328656E-03   -.15687979484284E-01   0.27801347262826E-05   0.19650279884515E-05   -.29545232832463E-03
 -.18907446766956E+00   -.48234919866650E-01   0.13100313108148E+00   0.16818972173108E+00   -.14136737056004E-03   0.14892351600245E-02
 0.23630591828984E-03   -.18110073882599E-02   -.25049378040534E-01   0.24387892914040E-03   -.18917918189271E-02   -.14249037668086E-01   0.86564404437086E-06   -.39278245686149E-06   0.29004750197515E-03
 0.46561462536124E+00   0.99103706074808E+00   -.20629178653225E+00   -.51337284064660E-01   0.91010949203392E-03   -.60163210343374E-03
 -.12214355114874E+00   0.97557215949649E+00   -.79007923495997E-04   -.12564473511340E+00   0.10154641805772E+01   -.56195641831364E-04   -.45079327902109E-03   -.74648253338429E-04   0.62895489751166E-06
 0.42207346761507E-03   -.65492960892816E-02   -.23787185068445E-02   0.89921804112374E-03   -.46985558866342E+00   0.29723069918619E+00
 -.51988523670770E-03   0.41291572650194E-02   -.24942691429824E-03   -.53860732419738E-03   0.43022615186833E-02   -.15273759717592E-02   -.18978095158449E-05   -.69507709716940E-07   -.25704811633346E-04
 0.11888964297585E+00   0.25442993765802E+01   0.50006177538814E+00   -.26937763250124E+00   -.20197636622349E-02   0.13120043211348E-02
 0.51881825667332E-05   0.27697215184639E-04   0.22664874797082E-01   0.54143833294712E-05   0.25124469609126E-04   0.55614294397654E-01   0.17469439111063E-06   0.78127641318154E-07   -.13904900076100E-02
 -.64497789079227E-01   0.58402620502783E+00   0.20308091030876E+00   -.11037035304602E+00   0.91917803380408E-05   0.46946417925119E-05
 -.16882051892670E-04   0.19854990435428E-04   0.12155016097678E-01   -.11444964706528E-04   0.15118855536899E-04   0.13304594787946E-01   -.93793618777171E-07   0.30680005902803E-06   0.13963805455894E-03
 -.86464485789204E+00   -.42695701208875E-01   0.80804171965218E+00   -.83471194788648E-01   -.42927376137816E-04   0.56171352541354E-04
 -.15663000043032E-02   0.26526801290083E+00   0.11691062050675E-04   0.26480611154435E-01   0.27822336419605E+00   -.16635423196376E-05   0.12365404805205E-02   0.16312948336567E-03   0.17500835462615E-06
 -.53660481005345E-04   -.25953069670550E-03   -.30861135846227E-04   0.62271510615633E-04   0.26583724473878E-01   0.10176165243817E-01
 0.60111236030151E-03   0.31072959052049E-03   -.13527817537234E+00   0.27597315608987E-03   0.27065298458558E-03   -.63222592592799E-01   0.25272881403761E-05   0.19234266737097E-06   0.67641313910573E-03
 0.31951269637213E+00   0.66983430497163E+00   0.89266239312258E-01   -.84275253675927E+00   -.32650969477943E-03   0.27918378183566E-02
 0.36736350635177E-01   0.56781252174763E-02   -.14874165194622E+00   0.16907421459226E-01   0.26464916431273E-02   -.61460894035108E-01   0.15802528565855E-03   0.14534462584420E-04   0.66772450111035E-03
 -.15603584092542E+00   -.21925587300330E+01   -.19793405657284E+00   -.41325754908910E+00   -.12949282276039E-01   0.16159045999715E+00
 0.21157887469684E+00   0.33834296522959E-01   0.26167078451727E-01   0.97323174401874E-01   0.16484382213186E-01   0.10829031393447E-01   0.91143351461943E-03   0.83687687715525E-04   -.11807456290065E-03
 0.26227102867837E-01   0.37947643851730E+00   0.34133581999164E-01   0.74127484255652E-01   -.75240223389234E-01   0.93210930104266E+00
 -.16692776609433E-02   -.31379508878597E-03   0.13390049969921E+00   -.17457047103933E-02   -.36288185001160E-03   0.15237466917195E+00   -.11510081214547E-04   0.37594112528262E-07   -.10017481616390E-02
 -.30663647499570E+00   0.10015333849496E+01   0.16563918772470E+00   0.13128611357484E+01   0.21271672358427E-02   -.17880763866087E-01
 -.14394533315185E+00   -.31488876314698E-01   -.14783660191559E-02   -.15188321953726E+00   -.36228498721915E-01   -.17058392927529E-02   -.10161978148100E-02   -.21129496009220E-05   0.11606074391915E-04
 0.34064536360143E-02   -.12135485425227E-01   -.19179800047070E-02   -.14887351956468E-01   0.18820893567052E+00   -.15570343591699E+01
 0.15588811759342E-03   0.41663481952554E-04   0.13877882013161E+00   0.12409286961933E-03   0.22800789117456E-04   0.95648099492779E-01   -.79552713626324E-06   -.20786120806612E-06   0.15001774277398E-03
 -.48425880596355E+00   -.33214276102627E+01   -.16430324081677E+00   0.60039727985088E+00   -.66373430989495E-04   0.64297292669206E-03
 0.11921174120469E-01   0.23230739608094E+00   -.13910148894622E-03   0.18957059235833E-01   0.18716213400052E+00   -.52085002725009E-04   -.14388292425748E-02   -.17214363617051E-03   0.10706041039063E-05
 0.90257345465972E-03   0.53105963302291E-02   0.23124729236152E-03   -.12229770291620E-02   -.82528948925363E-01   -.21020993172088E+00
 -.16283424165218E-03   -.12699661011619E-03   -.22657609380972E-01   -.11242064699808E-03   0.87115527503323E-04   0.64773692085436E-02   0.47917454690420E-05   0.10416369148918E-05   0.41031190050055E-03
 0.28684860769974E+00   -.99801442994050E-01   -.33733320576725E-01   -.43576105431124E+00   -.60662715956987E-03   -.55960058046393E-03
 -.46853992778041E-01   0.85998174691806E-01   0.98552228731139E-04   -.23265370907511E-01   0.13062084283257E+00   -.42048744190665E-04   0.76796249527573E-03   0.21847369323199E-03   -.31581682323931E-05
 -.11752270697947E-02   -.54992961885673E-02   -.32779013917033E-03   0.19190452514006E-02   -.23917945691741E+00   -.25732364309799E+00
 -.23300028119991E-04   -.29843170658551E-03   -.29976418551535E-01   0.50009809660986E-05   -.16992384116398E-03   -.27122646815984E-03   0.17243642700236E-05   0.33780372674036E-06   0.15522732366371E-02
 0.67900186148402E-01   0.42387721858920E+01   0.27436531591943E+00   -.37038472143782E+00   0.11287345773308E-04   -.15046220827053E-03
 -.28685162925833E-02   0.49885848780500E-02   0.11701260008735E-04   -.76969582509564E-02   0.42641956582684E-01   0.11282555325249E-04   -.19564495037588E-04   -.17104839264081E-04   -.12133588118400E-06
 -.96491118306709E-04   -.14675626933130E-02   -.68208658222230E-04   0.12385126290526E-03   0.62512418136479E-01   0.59615281338667E-01
 -.30825960555722E-03   -.22959476141688E-02   -.67581514458006E-01   -.24207146386794E-03   -.18578456125442E-02   -.63699608501131E-01   -.12714844591138E-05   -.59127497211361E-07   -.15865012139073E-03
 -.22500828161098E+00   0.31958291631131E+00   -.25767087871852E+00   0.35705007895253E+00   -.10870468730657E-02   0.32972726484323E-02
 -.29458956960109E-01   -.32449993317332E+00   0.61445142811908E-03   -.17217666174099E-01   -.25951035456131E+00   0.57450791893820E-03   -.18255337725569E-03   -.10171611216718E-04   0.86765784600214E-06
 0.19350750905068E-02   -.41536658005266E-02   0.22456750520749E-02   -.31149089151957E-02   -.52288455019535E-01   0.31809268478578E+00
 -.14680171222686E-04   -.33110515477176E-03   0.70996564696508E-02   0.27486675158245E-05   -.25683039499099E-03   0.17306047199274E-02   -.22613230120056E-06   0.14631945428223E-06   -.45923419563493E-04
 0.92265958614306E-01   0.17139745877997E+00   -.56328986805638E-01   0.27910783787788E-01   0.41013418714572E-04   0.14042323020926E-03
 0.96295821774655E-01   -.66217611029673E+00   0.15799006569711E-03   0.12109626992701E+00   -.52211861758534E+00   0.16462457399009E-03   -.59127099674736E-03   0.29018844197214E-04   -.25046539168411E-06
 0.61741717535138E-03   -.17213155320550E-02   0.25090859213220E-03   -.11978302113316E-02   0.91836274279325E+00   -.70863840476147E+00
 -.92674025931445E-02   -.11702728257234E-01   0.20787808753303E-05   -.11706335430693E-01   -.12010714923618E-01   0.38939739463346E-05   -.54329945311223E-04   0.89607150912915E-04   -.20067187219645E-07
 -.79728244162167E-04   -.40454035185526E-03   0.31901607594904E-04   0.30068668412587E-04   0.23461987717590E-01   0.26558917845371E-02
 0.21435528514242E-03   -.20894375987616E-02   -.75000224351843E-01   0.32183382694042E-03   -.16795727152142E-02   -.81390697393207E-01   -.21612400933835E-05   0.15601714563738E-06   -.19903059427679E-03
 -.36240032473755E+00   0.32509433423722E+00   -.12454530977769E+00   0.56033747432953E+00   0.26843060427773E-02   -.18159347956241E-02
 0.18679388668173E-04   -.94195187318274E-04   -.30676682322840E-01   0.17427427120546E-04   -.71598464302816E-04   -.75960270381032E-02   0.65136993992604E-07   0.32414931299685E-06   0.75027180291260E-03
 0.13452964473951E+01   0.23426470983000E+00   -.13662035632137E+01   0.89924978537732E-01   0.88282517006759E-04   -.20997646710244E-04
 0.25507296630633E+00   0.84339186715327E-01   -.12907770510381E-03   0.83693705314928E-01   0.65934574001428E-01   -.51966233852895E-04   0.21171327414760E-02   -.12685064165421E-03   0.89194729102718E-06
 -.21405972111269E-03   0.20626724039798E-04   0.49962940825229E-04   0.48420165254157E-03   0.10000494831551E+00   -.78798684934113E+00
 -.13097262105106E-03   -.73392745489199E-04   -.24321729804995E+00   -.37361410022098E-04   -.55017503555883E-04   -.68683248294615E-01   -.11073169376989E-05   0.54131137641411E-07   0.20007880631368E-02
 -.15053344617108E+00   -.43637981734454E+00   -.52924846679466E-01   0.80294524705122E+00   -.26755886064753E-04   0.37695217880725E-03
 -.26704728904753E-01   -.25831803273489E-02   0.29523180125384E-04   -.11541088756525E-01   -.83660273762934E-05   0.16933666589371E-04   -.22960037241925E-03   0.64645285726840E-03   -.20407602695594E-06
 -.29649862175806E-03   -.23681980118248E-03   0.37455888848007E-03   -.15996149089208E-03   -.10642285225927E+00   0.27888160790213E+00
 -.26037667848078E-02   0.22248814234924E-02   0.14202831725020E-05   -.12782755935471E-01   0.27529503880918E-02   -.36805822354825E-06   -.29333339898415E-05   0.98943857925088E-03   -.51544762293710E-07
 0.63010539080998E-04   -.47164026265688E-04   -.61183028600312E-04   0.20392921640634E-04   0.19108742993490E-01   -.94768921011943E-01
 -.57329215552209E-04   -.12704438742921E-03   0.54318589711056E-01   -.38004053976866E-04   -.13808247776085E-03   0.30399598796034E-01   -.82040642980050E-06   -.15066880875101E-05   -.55318213533509E-03
 0.11898360507373E+00   0.55960666367848E-01   0.58896653008529E-01   -.59138485840986E+00   -.41296467916530E-04   0.17304508942444E-02
 -.23164560636179E-01   -.43480028086900E-01   -.19138378639205E-03   -.14524155061082E-01   -.46325487718995E-01   -.10958947838219E-03   -.28149010478429E-03   -.43981751548373E-03   0.18338757149461E-05
 -.28315130466110E-03   0.87058988375892E-03   -.15398922954846E-03   0.18108559180419E-02   -.13300935690536E-01   0.55770884288672E+00
 0.66987176688719E-02   0.72273524738803E-01   -.88126239887398E-05   0.53041448251334E-02   0.66189436098532E-01   -.76900480077934E-05   -.12359720286398E-03   -.12262798021469E-02   0.18165294525392E-07
 0.13024811917512E-03   -.17949682876106E-04   -.22093164351612E-03   0.88564936108575E-04   0.39911334832662E-02   -.52512434929058E-01
 0.89628847488499E-01   -.99875785955027E+00   0.14869168834784E-04   0.71737281031489E-01   -.90972114737004E+00   0.13236588643107E-04   0.65039982847713E-03   -.15584393140752E-03   0.21180041349192E-07
 0.14159188852417E-03   0.24109426555508E-03   0.69941376563083E-04   -.91639777250008E-04   0.87347349154856E+00   -.14075117800171E+00
 -.40956793293701E-01   0.52369408621033E-01   0.20096024589373E-03   -.28315919195123E-01   0.60844688043224E-01   0.14769367353878E-03   -.12503529635068E-04   -.10114550844465E-03   -.19481281197323E-05
 0.44138365638807E-02   -.50455700340127E-02   0.39190072958717E-02   0.23498021093960E-02   0.10612683651449E+00   -.22017045655922E+00
 0.44936258801595E-03   -.53683236888143E-03   0.18403848068351E-01   0.31034973629622E-03   -.63002629623902E-03   0.14788922237546E-01   -.36433936739422E-07   0.11874346155502E-05   -.14868328787016E-03
 0.40364948707958E+00   -.45863830831260E+00   0.36327757810774E+00   0.21436992331518E+00   -.11717996851890E-02   0.23894169826130E-02
 -.10293800805344E-04   0.51367815982591E-04   -.30806371890835E-01   -.77176363534626E-06   0.53116741719570E-04   0.46268564013705E-01   -.15291689035537E-06   -.65790262941476E-07   0.11209724788492E-02
 -.33503730467112E-02   -.12697978738816E+00   -.58751638365680E-01   -.49369842264413E-01   -.10234869719285E-04   -.62136352757070E-04
 -.35607168314558E-01   0.81180098946470E-01   0.48270408308368E-04   0.40738000312253E-01   0.76991387437571E-01   0.53812462634298E-05   -.12159356801046E-02   0.41757593675759E-05   -.63885285921343E-06
 0.61228151290489E-03   0.11887600532933E-02   -.12790941299812E-02   0.14192147137827E-03   -.61804360207945E-01   -.24366518690166E-01
 -.13307543241985E-03   -.19142502144139E-03   -.15547368249386E-01   0.36569116382987E-03   -.99099036031173E-04   -.66805860594025E-02   -.41476349005447E-05   0.21525657535606E-05   0.12984935479162E-03
 -.18846915384723E+00   -.11123357558151E+00   0.41191737880980E+00   -.60437132996932E-01   0.17447595251968E-02   -.15399767072734E-02
 -.50622946224424E-03   -.26696373278924E-01   0.27667404881464E-03   0.13764580552665E-01   -.20577376088002E-01   0.11744101625301E-03   -.21155828471836E-04   0.13697544595222E-03   -.21448886094582E-05
 0.34462731141209E-02   0.22438181872976E-02   -.73781032084224E-02   0.99144262966724E-03   0.11133658325262E+00   -.85449616354759E-01
 -.69389362861525E-01   0.52410430505334E+00   0.11795136158150E-06   -.43075652518678E-01   0.48229982476783E+00   0.25546478830559E-04   0.55556372107422E-03   -.15271561400572E-03   -.11089268074998E-05
 -.27694865645127E-03   -.90964708336650E-03   0.78886059146672E-03   0.67635582205475E-04   -.38076504270606E+00   0.41161042371136E+00
 -.41623369405293E-03   0.34119471589861E-02   0.26566970147702E-01   -.30428175336936E-03   0.31738752081701E-02   0.52045490325454E-02   -.14285492461668E-05   0.10441558842164E-04   0.53460572972651E-03
 0.38366230603263E+00   0.26437448969931E+00   -.47438780101980E+00   0.97612663959705E-02   -.13840049652242E-02   0.65600276779492E-03
 -.24906650476968E-01   0.20743178693495E+00   -.23499329527002E-03   -.18791984908044E-01   0.19325526365786E+00   -.25902445349561E-05   -.20467094811587E-03   0.91273996985165E-03   -.63605969951292E-05
 -.38150715112004E-02   -.36502867966379E-02   0.56354538286697E-02   -.24808531113863E-03   -.63755149142660E-01   -.14685762623243E-01
 0.16979087440509E-03   -.14224374261408E-02   0.48708027684651E-01   0.17466164592374E-03   -.13520476275822E-02   0.37173571574299E-01   -.14464307048491E-06   -.14179575174281E-05   -.24709611759775E-04
 0.33066907238533E+00   -.34128415695467E+00   0.61086734228511E-03   -.23592621318830E-01   0.46126353276214E-03   -.34682372880329E-03
 -.55503935068593E-02   0.29892187980666E-01   0.70549266390996E-04   -.20820672001681E-01   0.36824714285124E-01   0.69587824187713E-04   -.69280776192271E-05   -.17473804138280E-03   -.21082290856380E-05
 0.40567172949925E-02   -.75868011120838E-02   0.17333572506870E-02   0.22963850642218E-02   0.46886117135015E-01   -.17954306974165E+00
 -.81832963800146E-04   0.56723820461976E-03   -.88989816344973E-03   -.27952181182779E-03   0.64367963085789E-03   -.19944600552352E-02   -.55947836944304E-07   -.21965513482131E-05   0.16888700039552E-03
 -.29027076906869E+00   0.56866575050906E+00   -.14185956501761E+00   -.18601632217750E+00   0.53126899044945E-03   -.22554789341351E-02
 -.38381637704513E-03   0.39919264041305E-02   -.10030278834796E-01   -.65268883732788E-03   0.38497254251074E-02   -.55183032017205E-02   0.82669927003189E-05   0.90673749064849E-06   0.16073496637130E-03
 -.25174759194477E+00   -.15303612165673E+00   0.42839573246820E+00   -.55387095063278E-02   0.81302986370792E-03   -.64937045100991E-03
 0.16845054817417E-01   -.18448622074035E+00   -.28821977385534E-03   0.28446767552504E-01   -.17780816727161E+00   -.16584268814142E-03   -.35278118344633E-03   -.42402862173954E-04   0.44122970294243E-05
 -.66057444007026E-02   -.35416678951454E-02   0.10890581645587E-01   -.14869345322833E-03   -.25383305452559E-01   0.80711742466579E-02
