# Electronic excitation spectrum of , IRREP a   
#  excitation energy / cm^(-1)  oscillator strength (length rep.)
 0.47418581423685E+04   0.25928760456133E-04
 0.47555557308685E+04   0.10182210195101E-03
 0.57407003787912E+04   0.14011266798491E-01
 0.60054450500085E+04   0.26210413867933E-03
 0.70104710475677E+04   0.31218605803957E-01
 0.74050005359043E+04   0.51012466046979E-04
 0.75282118571559E+04   0.93216561327396E-03
 0.89003742865493E+04   0.88286189470644E-04
 0.98351452184295E+04   0.64258801822426E-05
 0.98988142111212E+04   0.19238533018232E-01
 0.13147307234130E+05   0.46105593356311E-03
 0.13156009179106E+05   0.46465024034508E-04
 0.13550933300548E+05   0.84647329792098E-05
 0.13661655049114E+05   0.87805530645354E-05
 0.13741038975272E+05   0.21055147688005E-03
 0.13780696281428E+05   0.33246668911496E-03
 0.13892219583027E+05   0.39449859862587E-04
 0.13894610937046E+05   0.58659009414266E-03
 0.13949844808875E+05   0.73010573351749E-04
 0.14029569864648E+05   0.10356593488471E-04
 0.14031749202555E+05   0.26357604699945E-03
 0.14066111672794E+05   0.11266096189259E-04
 0.14292310036726E+05   0.42865179553874E-05
 0.14386961347283E+05   0.14654900486175E-02
 0.14566298265659E+05   0.17092511906200E-02
 0.14609195471991E+05   0.18048500913004E-02
 0.14881749567262E+05   0.50988309013487E-06
 0.15364361868772E+05   0.12383245630801E-02
 0.15407909404031E+05   0.11715266878960E-03
 0.15458637479154E+05   0.39138819600759E-03
 0.15481774750799E+05   0.35214615547447E-03
 0.15826930857367E+05   0.71918322585125E-03
 0.15847790623522E+05   0.42537937951996E-03
 0.16140432038781E+05   0.10932237191339E-01
 0.16287818818916E+05   0.16583096235448E-03
 0.16305632629046E+05   0.31586536497498E-03
 0.16385882740290E+05   0.49520464313853E-03
 0.16411696804915E+05   0.22789991926013E-03
 0.16442508306264E+05   0.25274658178169E-02
 0.16457990190387E+05   0.14671309968898E-02
 0.16733826124680E+05   0.12164261678135E-04
 0.17008847719743E+05   0.38930031195762E-05
 0.17044532426447E+05   0.24013681693213E-03
 0.17141034321614E+05   0.23535171003990E-04
 0.17193086435126E+05   0.23383349889026E-04
 0.17240544214728E+05   0.16524933046699E-03
 0.17251932040357E+05   0.34624027735344E-04
 0.17299728752189E+05   0.12406592283039E-01
 0.17308152550273E+05   0.20791953755157E-03
 0.17473267032113E+05   0.68415862890576E-03
 0.17796840316731E+05   0.20362584982535E-02
 0.17852810451457E+05   0.27645183631210E-04
 0.17968488086898E+05   0.70332429374480E-04
 0.18081590002136E+05   0.13519156607124E-04
 0.18512222980040E+05   0.11621645639701E-04
 0.18531826612611E+05   0.58934592658681E-01
 0.18550075993187E+05   0.11907471028801E-05
 0.18959624203104E+05   0.17812590947117E-03
 0.19002798627721E+05   0.10217535759152E-04
 0.19159100483375E+05   0.45457252424590E-02
 0.19467918287296E+05   0.23637675424954E-03
 0.19550354049602E+05   0.24171640939535E-03
 0.19551771250224E+05   0.58562931254266E-03
 0.19722658708599E+05   0.13911529703152E-02
 0.19753171555657E+05   0.14630692684440E-02
 0.19993379828799E+05   0.55560235335558E-03
 0.20321587021790E+05   0.21844936307338E-02
 0.20525051812662E+05   0.26170698118474E-05
 0.20658047630280E+05   0.11045934044699E-02
 0.20920735409894E+05   0.65113056675189E-08
 0.20958198834131E+05   0.11952995722192E-03
 0.21303997722819E+05   0.26280558175158E-03
 0.21385268490053E+05   0.43939806862413E-02
 0.21436082745830E+05   0.19930940453976E-06
 0.21608108513783E+05   0.18855356285194E-01
 0.21772662632912E+05   0.18603680028543E-04
 0.21826613604833E+05   0.43939185535105E-03
 0.21914940784674E+05   0.38413032040169E-05
 0.22639098928720E+05   0.78064971190235E-03
 0.22655088117726E+05   0.32463267453069E-03
 0.22733887654081E+05   0.91979882108756E-05
 0.22804825643432E+05   0.11843780482579E-04
 0.22982748687861E+05   0.64516637576708E-04
 0.22988687894386E+05   0.16458897563503E-03
 0.23595050881040E+05   0.31601137391723E-03
 0.23768402730377E+05   0.60121971549164E-01
 0.23919445631534E+05   0.32723761424418E-03
 0.23948532108953E+05   0.15946108045803E-04
 0.24052946362257E+05   0.15641028641411E-03
 0.24189757903453E+05   0.55749479011110E-03
 0.24209366185241E+05   0.32925441087982E-05
 0.24228454709288E+05   0.45106997047021E-04
 0.24647166978351E+05   0.17554003217385E-01
 0.24840893259629E+05   0.28109787331005E-05
 0.24877426754087E+05   0.28489163306108E-02
 0.25013887573723E+05   0.10513756012051E-03
 0.25140412753101E+05   0.13666089108383E-03
 0.25166551133188E+05   0.34173337239969E-06
 0.25350659447554E+05   0.35189364777942E-05
 0.25363577248622E+05   0.24981285144386E-02
