$dipgrad          cartesian dipole gradients
  0.72041177877078D+00  -.11756047202739D-15  -.39964708522199D-16
  -.11141948398698D-15  0.72041177877079D+00  -.20867080177738D-15
  -.33966021071806D-17  0.30484716821814D-17  0.24114336743299D+01
  0.97374362379031D+00  -.62996926792456D+00  -.16679433984153D-15
  -.62996926792454D+00  0.97374362379032D+00  -.27884705788438D-15
  0.28973185477307D-16  -.38458207481101D-16  0.25167926850487D+01
  0.97374362379030D+00  0.62996926792458D+00  0.34714626256703D-15
  0.62996926792454D+00  0.97374362379031D+00  -.83364129018376D-15
  -.18375405702793D-15  -.22105124703614D-16  0.25167926850488D+01
  -.42011053820557D+00  -.30409349342682D+00  0.16633407772197D+00
  -.30409349342682D+00  -.42011053820557D+00  0.16633407772198D+00
  0.20639894483056D+00  0.20639894483055D+00  -.13310716454584D+01
  -.42011053820557D+00  -.30409349342681D+00  -.16633407772198D+00
  -.30409349342682D+00  -.42011053820557D+00  -.16633407772198D+00
  -.20639894483055D+00  -.20639894483055D+00  -.13310716454584D+01
  -.42011053820559D+00  0.30409349342682D+00  -.16633407772198D+00
  0.30409349342681D+00  -.42011053820559D+00  0.16633407772198D+00
  -.20639894483056D+00  0.20639894483056D+00  -.13310716454584D+01
  -.42011053820560D+00  0.30409349342682D+00  0.16633407772198D+00
  0.30409349342683D+00  -.42011053820560D+00  -.16633407772198D+00
  0.20639894483055D+00  -.20639894483055D+00  -.13310716454584D+01
  -.17590122455091D+00  0.64022565369252D-01  0.19525405763445D+00
  0.11253608555404D+00  -.15834835739909D+00  -.25523624686763D+00
  0.11089775872478D+00  -.13881775400693D+00  -.16152870629697D+00
  -.17860325842428D+00  0.19230899578546D+00  0.17776587815709D+00
  0.19230899578547D+00  -.17860325842428D+00  -.17776587815709D+00
  0.48918048035076D-01  -.48918048035077D-01  -.29057966765540D+00
  -.15834835739909D+00  0.11253608555404D+00  0.25523624686763D+00
  0.64022565369249D-01  -.17590122455091D+00  -.19525405763446D+00
  0.13881775400693D+00  -.11089775872478D+00  -.16152870629697D+00
  -.16278401449069D+00  0.15947426615919D+00  0.21552429870221D+00
  0.15189878441940D+00  -.16651197307076D+00  -.29982651011880D+00
  0.78891844511388D-01  -.13087992974516D+00  -.17093020737974D+00
  -.16651197307076D+00  0.15189878441940D+00  0.29982651011880D+00
  0.15947426615918D+00  -.16278401449069D+00  -.21552429870221D+00
  0.13087992974516D+00  -.78891844511391D-01  -.17093020737973D+00
  -.15834835739909D+00  0.11253608555404D+00  -.25523624686763D+00
  0.64022565369252D-01  -.17590122455091D+00  0.19525405763445D+00
  -.13881775400693D+00  0.11089775872478D+00  -.16152870629697D+00
  -.17860325842428D+00  0.19230899578547D+00  -.17776587815709D+00
  0.19230899578547D+00  -.17860325842428D+00  0.17776587815708D+00
  -.48918048035077D-01  0.48918048035078D-01  -.29057966765540D+00
  -.17590122455091D+00  0.64022565369253D-01  -.19525405763445D+00
  0.11253608555404D+00  -.15834835739909D+00  0.25523624686763D+00
  -.11089775872478D+00  0.13881775400693D+00  -.16152870629696D+00
  -.16651197307076D+00  0.15189878441941D+00  -.29982651011880D+00
  0.15947426615918D+00  -.16278401449069D+00  0.21552429870221D+00
  -.13087992974516D+00  0.78891844511391D-01  -.17093020737975D+00
  -.16278401449069D+00  0.15947426615919D+00  -.21552429870221D+00
  0.15189878441941D+00  -.16651197307076D+00  0.29982651011881D+00
  -.78891844511390D-01  0.13087992974516D+00  -.17093020737974D+00
  -.15834835739909D+00  -.11253608555404D+00  -.25523624686763D+00
  -.64022565369250D-01  -.17590122455091D+00  -.19525405763445D+00
  -.13881775400693D+00  -.11089775872478D+00  -.16152870629697D+00
  -.16278401449070D+00  -.15947426615918D+00  -.21552429870221D+00
  -.15189878441940D+00  -.16651197307076D+00  -.29982651011880D+00
  -.78891844511388D-01  -.13087992974516D+00  -.17093020737973D+00
  -.16651197307076D+00  -.15189878441940D+00  -.29982651011880D+00
  -.15947426615918D+00  -.16278401449069D+00  -.21552429870221D+00
  -.13087992974516D+00  -.78891844511390D-01  -.17093020737974D+00
  -.17590122455091D+00  -.64022565369251D-01  -.19525405763446D+00
  -.11253608555404D+00  -.15834835739908D+00  -.25523624686762D+00
  -.11089775872477D+00  -.13881775400693D+00  -.16152870629696D+00
  -.17860325842428D+00  -.19230899578547D+00  -.17776587815709D+00
  -.19230899578547D+00  -.17860325842428D+00  -.17776587815709D+00
  -.48918048035076D-01  -.48918048035077D-01  -.29057966765541D+00
  -.17590122455091D+00  -.64022565369251D-01  0.19525405763445D+00
  -.11253608555404D+00  -.15834835739909D+00  0.25523624686763D+00
  0.11089775872478D+00  0.13881775400693D+00  -.16152870629697D+00
  -.16651197307076D+00  -.15189878441940D+00  0.29982651011881D+00
  -.15947426615918D+00  -.16278401449070D+00  0.21552429870221D+00
  0.13087992974516D+00  0.78891844511387D-01  -.17093020737975D+00
  -.16278401449069D+00  -.15947426615918D+00  0.21552429870221D+00
  -.15189878441941D+00  -.16651197307076D+00  0.29982651011881D+00
  0.78891844511391D-01  0.13087992974516D+00  -.17093020737973D+00
  -.15834835739908D+00  -.11253608555404D+00  0.25523624686763D+00
  -.64022565369253D-01  -.17590122455091D+00  0.19525405763445D+00
  0.13881775400693D+00  0.11089775872478D+00  -.16152870629697D+00
  -.17860325842428D+00  -.19230899578547D+00  0.17776587815709D+00
  -.19230899578547D+00  -.17860325842428D+00  0.17776587815709D+00
  0.48918048035076D-01  0.48918048035076D-01  -.29057966765540D+00
  0.53725547687773D-01  -.11576865529518D+00  -.39424885445911D-01
  -.77133515329663D-01  0.42730644128985D-01  0.90229968078334D-01
  -.36855915719065D-02  0.81501531421859D-01  0.96437428326627D-01
  0.36944658339338D-01  -.72693124231375D-01  -.15598466750923D+00
  -.58554650773463D-01  0.10711439916483D+00  0.36156574335463D-01
  -.91752805568533D-01  0.42265966070358D-02  -.12022267006706D-01
  0.10476936023117D+00  -.56397853649953D-01  -.76412021852148D-01
  -.56397853649953D-01  0.10476936023117D+00  0.76412021852148D-01
  -.70721125994079D-01  0.70721125994081D-01  0.64840567158289D-02
  0.10711439916483D+00  -.58554650773463D-01  -.36156574335464D-01
  -.72693124231374D-01  0.36944658339338D-01  0.15598466750923D+00
  -.42265966070355D-02  0.91752805568534D-01  -.12022267006707D-01
  0.42730644128986D-01  -.77133515329664D-01  -.90229968078334D-01
  -.11576865529518D+00  0.53725547687772D-01  0.39424885445912D-01
  -.81501531421857D-01  0.36855915719065D-02  0.96437428326626D-01
  0.36944658339338D-01  -.72693124231374D-01  0.15598466750923D+00
  -.58554650773463D-01  0.10711439916483D+00  -.36156574335468D-01
  0.91752805568534D-01  -.42265966070357D-02  -.12022267006706D-01
  0.53725547687773D-01  -.11576865529518D+00  0.39424885445911D-01
  -.77133515329663D-01  0.42730644128986D-01  -.90229968078335D-01
  0.36855915719065D-02  -.81501531421858D-01  0.96437428326626D-01
  0.10476936023117D+00  -.56397853649953D-01  0.76412021852148D-01
  -.56397853649953D-01  0.10476936023117D+00  -.76412021852149D-01
  0.70721125994080D-01  -.70721125994079D-01  0.64840567158316D-02
  0.42730644128986D-01  -.77133515329664D-01  0.90229968078333D-01
  -.11576865529518D+00  0.53725547687774D-01  -.39424885445910D-01
  0.81501531421859D-01  -.36855915719065D-02  0.96437428326626D-01
  0.10711439916483D+00  -.58554650773464D-01  0.36156574335465D-01
  -.72693124231375D-01  0.36944658339337D-01  -.15598466750923D+00
  0.42265966070342D-02  -.91752805568534D-01  -.12022267006708D-01
  0.53725547687773D-01  0.11576865529518D+00  -.39424885445912D-01
  0.77133515329663D-01  0.42730644128986D-01  -.90229968078335D-01
  -.36855915719065D-02  -.81501531421858D-01  0.96437428326626D-01
  0.10476936023117D+00  0.56397853649953D-01  -.76412021852148D-01
  0.56397853649952D-01  0.10476936023117D+00  -.76412021852149D-01
  -.70721125994076D-01  -.70721125994077D-01  0.64840567158319D-02
  0.42730644128987D-01  0.77133515329663D-01  -.90229968078334D-01
  0.11576865529518D+00  0.53725547687774D-01  -.39424885445909D-01
  -.81501531421858D-01  -.36855915719065D-02  0.96437428326626D-01
  0.10711439916483D+00  0.58554650773463D-01  -.36156574335467D-01
  0.72693124231374D-01  0.36944658339340D-01  -.15598466750923D+00
  -.42265966070349D-02  -.91752805568535D-01  -.12022267006709D-01
  0.36944658339338D-01  0.72693124231374D-01  -.15598466750923D+00
  0.58554650773464D-01  0.10711439916483D+00  -.36156574335467D-01
  -.91752805568534D-01  -.42265966070377D-02  -.12022267006706D-01
  0.36944658339338D-01  0.72693124231375D-01  0.15598466750923D+00
  0.58554650773464D-01  0.10711439916483D+00  0.36156574335466D-01
  0.91752805568533D-01  0.42265966070358D-02  -.12022267006711D-01
  0.53725547687773D-01  0.11576865529518D+00  0.39424885445916D-01
  0.77133515329663D-01  0.42730644128987D-01  0.90229968078334D-01
  0.36855915719065D-02  0.81501531421859D-01  0.96437428326627D-01
  0.10476936023118D+00  0.56397853649953D-01  0.76412021852148D-01
  0.56397853649953D-01  0.10476936023118D+00  0.76412021852148D-01
  0.70721125994077D-01  0.70721125994080D-01  0.64840567158300D-02
  0.10711439916483D+00  0.58554650773466D-01  0.36156574335466D-01
  0.72693124231375D-01  0.36944658339336D-01  0.15598466750923D+00
  0.42265966070361D-02  0.91752805568529D-01  -.12022267006706D-01
  0.42730644128988D-01  0.77133515329662D-01  0.90229968078335D-01
  0.11576865529518D+00  0.53725547687777D-01  0.39424885445912D-01
  0.81501531421859D-01  0.36855915719065D-02  0.96437428326626D-01
$end
