# Excitation spectrum ; written at 2020-08-21 11:44:38
#     Exc.     energy (Eh)   energy (eV)   energy (cm-1)   energy (nm)     Osc.(vel)      Osc.(len) 
       1 a        0.017296       0.47065        3796.058      2634.311     0.00000205     0.00000003
       2 a        0.028883       0.78595        6339.142      1577.500     0.01389417     0.01706216
       3 a        0.055359       1.50639       12149.865       823.054     0.00135973     0.00113352
       4 a        0.056504       1.53756       12401.232       806.371     0.00177573     0.00170992
       5 a        0.075309       2.04925       16528.321       605.022     0.01163402     0.01203488
       6 a        0.080293       2.18487       17622.189       567.466     0.00013134     0.00016640
       7 a        0.080607       2.19342       17691.090       565.256     0.00073611     0.00077306
       8 a        0.083261       2.26564       18273.587       547.238     0.00002174     0.00004445
       9 a        0.084824       2.30817       18616.664       537.153     0.00179193     0.00165533
      10 a        0.084998       2.31291       18654.905       536.052     0.00212797     0.00204509
      11 a        0.085457       2.32539       18755.547       533.176     0.00179148     0.00185456
      12 a        0.086294       2.34819       18939.415       527.999     0.00003832     0.00006333
      13 a        0.088191       2.39979       19355.593       516.647     0.00039217     0.00056559
      14 a        0.088414       2.40587       19404.619       515.341     0.00065745     0.00083098
      15 a        0.088902       2.41914       19511.661       512.514     0.00179635     0.00163947
      16 a        0.090492       2.46242       19860.744       503.506     0.00165027     0.00127059
      17 a        0.091594       2.49240       20102.534       497.450     0.00123677     0.00104186
      18 a        0.092245       2.51011       20245.432       493.939     0.01226274     0.01257457
      19 a        0.092801       2.52524       20367.421       490.980     0.00007871     0.00009626
      20 a        0.093302       2.53889       20477.495       488.341     0.00218104     0.00292893
      21 a        0.093494       2.54411       20519.625       487.338     0.00125998     0.00189452
      22 a        0.093898       2.55510       20608.232       485.243     0.00012572     0.00013049
      23 a        0.094462       2.57045       20732.091       482.344     0.00001198     0.00000723
      24 a        0.094538       2.57251       20748.661       481.959     0.00007427     0.00005944
      25 a        0.095999       2.61225       21069.254       474.625     0.06321972     0.06391139
      26 a        0.096563       2.62760       21193.028       471.853     0.01708757     0.01745419
      27 a        0.097325       2.64836       21360.433       468.155     0.00030432     0.00027128
      28 a        0.097526       2.65381       21404.451       467.193     0.00000086     0.00000102
      29 a        0.097629       2.65662       21427.111       466.698     0.00191271     0.00180543
      30 a        0.097764       2.66029       21456.694       466.055     0.00306142     0.00301889
      31 a        0.097923       2.66461       21491.513       465.300     0.00038059     0.00034502
      32 a        0.098507       2.68052       21619.869       462.537     0.00057577     0.00053954
      33 a        0.100084       2.72342       21965.840       455.252     0.00049108     0.00058712
      34 a        0.100189       2.72628       21988.928       454.774     0.00046618     0.00055315
      35 a        0.100857       2.74445       22135.470       451.764     0.00009616     0.00009605
      36 a        0.103259       2.80981       22662.626       441.255     0.00149164     0.00165891
      37 a        0.103504       2.81648       22716.407       440.210     0.00038405     0.00034209
      38 a        0.106437       2.89630       23360.200       428.079     0.00006650     0.00007742
      39 a        0.106629       2.90153       23402.401       427.307     0.00001416     0.00002127
      40 a        0.106942       2.91003       23470.962       426.058     0.01281152     0.01340930
      41 a        0.106973       2.91088       23477.828       425.934     0.00000524     0.00000172
      42 a        0.107457       2.92406       23584.167       424.013     0.00001317     0.00001008
      43 a        0.109060       2.96767       23935.841       417.784     0.00036946     0.00044600
      44 a        0.109340       2.97528       23997.255       416.714     0.00003201     0.00001852
      45 a        0.109473       2.97892       24026.607       416.205     0.00078697     0.00083597
      46 a        0.109643       2.98354       24063.860       415.561     0.00100332     0.00099682
      47 a        0.110161       2.99764       24177.617       413.606     0.00000193     0.00000348
      48 a        0.110263       3.00041       24199.911       413.225     0.00002923     0.00002526
      49 a        0.110416       3.00458       24233.592       412.650     0.00005663     0.00003694
      50 a        0.116581       3.17234       25586.681       390.828     0.00063530     0.00059596
      51 a        0.117208       3.18940       25724.217       388.739     0.00106222     0.00096375
      52 a        0.117281       3.19138       25740.208       388.497     0.00005580     0.00006229
      53 a        0.118457       3.22337       25998.236       384.641     0.00002771     0.00007359
      54 a        0.119123       3.24150       26144.449       382.490     0.00003772     0.00007416
      55 a        0.119866       3.26171       26307.475       380.120     0.00002835     0.00007081
      56 a        0.120228       3.27158       26387.097       378.973     0.00007835     0.00008148
      57 a        0.120959       3.29147       26547.458       376.684     0.00017167     0.00012937
      58 a        0.121239       3.29909       26608.975       375.813     0.00025775     0.00023271
      59 a        0.122004       3.31990       26776.804       373.458     0.00154728     0.00160179
      60 a        0.122082       3.32201       26793.801       373.221     0.00094639     0.00093143
      61 a        0.122283       3.32749       26838.006       372.606     0.04097230     0.03973618
      62 a        0.122543       3.33456       26895.072       371.815     0.00068016     0.00080437
      63 a        0.123278       3.35456       27056.321       369.599     0.00055076     0.00052302
      64 a        0.124538       3.38885       27332.925       365.859     0.00228243     0.00214703
      65 a        0.124686       3.39287       27365.370       365.425     0.00000014     0.00000044
      66 a        0.124983       3.40095       27430.528       364.557     0.00016228     0.00016775
      67 a        0.125027       3.40216       27440.291       364.428     0.00011426     0.00015794
      68 a        0.125248       3.40818       27488.844       363.784     0.00012717     0.00011756
      69 a        0.126073       3.43063       27669.899       361.404     0.00403713     0.00426285
      70 a        0.126261       3.43575       27711.159       360.865     0.00029530     0.00040805
      71 a        0.126505       3.44239       27764.723       360.169     0.00006403     0.00007641
      72 a        0.126632       3.44584       27792.612       359.808     0.00000755     0.00000237
      73 a        0.126896       3.45302       27850.475       359.060     0.00002984     0.00003855
      74 a        0.127784       3.47719       28045.412       356.565     0.00072419     0.00093165
      75 a        0.128584       3.49896       28221.032       354.346     0.02231568     0.02061489
      76 a        0.128907       3.50774       28291.835       353.459     0.00309837     0.00338093
      77 a        0.129046       3.51153       28322.400       353.077     0.00017645     0.00016791
      78 a        0.129071       3.51220       28327.787       353.010     0.00004632     0.00011849
      79 a        0.129336       3.51942       28386.072       352.285     0.00513179     0.00500817
      80 a        0.129500       3.52387       28421.952       351.841     0.00152786     0.00154814
      81 a        0.130733       3.55742       28692.527       348.523     0.00003465     0.00003165
      82 a        0.130825       3.55992       28712.717       348.278     0.00052152     0.00054229
      83 a        0.131280       3.57232       28812.694       347.069     0.00040120     0.00049303
      84 a        0.131548       3.57961       28871.463       346.363     0.00226925     0.00228951
      85 a        0.133272       3.62651       29249.757       341.883     0.00674256     0.00663728
      86 a        0.133918       3.64409       29391.559       340.234     0.00403489     0.00402705
      87 a        0.134389       3.65690       29494.906       339.042     0.00397889     0.00393754
      88 a        0.134619       3.66317       29545.463       338.461     0.00000371     0.00000182
      89 a        0.135662       3.69156       29774.461       335.858     0.00004435     0.00005888
      90 a        0.136195       3.70606       29891.357       334.545     0.00059129     0.00067211
      91 a        0.136421       3.71221       29940.964       333.991     0.00054317     0.00055706
      92 a        0.136615       3.71748       29983.525       333.516     0.00149693     0.00155020
      93 a        0.137674       3.74631       30216.040       330.950     0.00019489     0.00018129
      94 a        0.138121       3.75845       30313.968       329.881     0.00189821     0.00194031
      95 a        0.138169       3.75978       30324.652       329.765     0.00006035     0.00006945
      96 a        0.138614       3.77187       30422.220       328.707     0.00190300     0.00191806
      97 a        0.138883       3.77920       30481.318       328.070     0.00007846     0.00007195
      98 a        0.139735       3.80239       30668.335       326.069     0.00021988     0.00021737
      99 a        0.139833       3.80504       30689.721       325.842     0.00004436     0.00005568
     100 a        0.140225       3.81573       30775.916       324.929     0.00104439     0.00115042
