# Electronic transition moments of , IRREP a   electric dipole (length) / electric dipole (velocity) / magnetic dipole
 0.71668257756225E-05   -.57324338418072E-05   0.13348563894483E-01   0.49069186223570E-05   -.65546910080390E-05   0.14886868048582E-02   0.16073961654778E-07   0.14316375805424E-07   0.74681538180054E-04
 0.40313610711971E+00   0.45711050126567E-01   -.41835402672827E+00   0.90307981207006E-01   -.84448324415218E-05   0.16576721162182E-05
 0.14551387640718E+00   -.83689557816246E+00   0.15937742473975E-05   0.13600170908897E+00   -.93144840506755E+00   -.49739312578943E-06   0.23236531365293E-03   0.47008896460077E-04   0.56894700499372E-09
 0.12310483753617E-04   -.30667043661175E-04   -.10360718704973E-05   0.10951465653301E-04   -.23270051964727E+00   -.41127537962385E+00
 -.20452368213179E-06   -.44186509873700E-05   -.19194597636294E+00   -.69873825515204E-06   -.42569723654859E-05   -.17525381673606E+00   -.54613176829054E-08   -.53975481171467E-08   0.13904371034356E-02
 0.10472604190941E+00   -.19746937744988E+00   -.33952032072780E+00   -.30957611577312E+00   -.33340225077830E-05   -.11427264194334E-05
 -.16722937109867E+00   -.13847025670690E+00   0.19083225830439E-05   -.15097476983174E+00   -.15033049540510E+00   0.20425511897843E-05   -.13273650230822E-02   -.40586892714317E-03   -.17183788930453E-07
 -.19125227564201E-04   0.27110533960680E-04   0.10636599322462E-04   0.18418589460864E-04   -.21318056617207E+00   -.43156790496328E+00
 -.55100290527672E-01   0.47821636172158E+00   -.16163083944742E-05   -.59824343982515E-01   0.48593447599770E+00   -.11433439253112E-05   0.53571312309629E-04   -.17492467559766E-04   0.39765971315157E-07
 -.40882133184749E-04   -.28220177758505E-04   0.24022928939562E-04   0.48265320037024E-04   -.51839947386063E-01   0.10130055450997E+00
 -.45517383378376E-04   -.44257149433597E-03   0.49531716384343E-01   -.73529458672722E-04   -.45101983198618E-03   0.55753360710661E-01   0.29754460463533E-05   0.47417599365205E-07   0.85952929619500E-03
 -.26856995311905E+00   -.57723849096086E-02   0.36667303573942E+00   0.54102675982724E-01   0.14363439144255E-04   -.10532675191859E-02
 0.67977531158911E-02   0.11684124114048E+00   0.17247167778215E-03   0.14772254494696E-01   0.11902734310202E+00   0.19482312073362E-03   -.81485778528230E-03   0.32329547295193E-05   0.30337249573256E-05
 -.98695334200176E-03   -.77520287403689E-04   0.13389974860697E-02   0.24513792956456E-03   -.57336223338153E-02   0.34696196798024E+00
 -.79520060893765E-05   0.53075805766620E-04   0.19789976264069E-01   -.41649242333905E-05   0.54049822222589E-04   0.28299671784912E-01   0.24440772170334E-06   0.60217726797946E-07   -.31783111326258E-03
 0.46106674699886E+00   -.50831944910595E+00   -.49768801014101E+00   0.34471493773245E+00   -.13910394046007E-03   0.18126620674625E-03
 -.81127221274719E-03   0.16503705556428E-03   -.17800934805484E+00   -.79100015912377E-03   0.18631250844672E-03   -.17109009170640E+00   0.30796384416598E-05   0.19954187384978E-06   -.58990256017520E-03
 -.22808027230367E+00   -.30424584072264E+00   0.73627185330567E-01   0.18319739377125E+01   -.11303457357239E-02   0.71350747951871E-02
 -.18967649863737E+00   0.39692415420840E-01   0.75386924395311E-03   -.18457885679082E+00   0.44953297140274E-01   0.72383238723140E-03   0.75159747428986E-03   0.47355162529714E-04   0.23895566718848E-05
 0.91181711264127E-03   0.11181877051358E-02   -.29972621393769E-03   -.77761548537059E-02   -.27901271828243E+00   0.16886388617021E+01
 0.37511309420144E-02   0.17728908588670E+00   -.32374536233726E-04   0.12226309877459E-01   0.18000903846315E+00   -.26984264757045E-04   0.55915100147365E-03   0.72114210497220E-04   -.70791284027064E-06
 -.61034755908786E-03   -.83230705707633E-03   0.49417216386236E-03   0.21773224710396E-03   -.35617592724260E+00   -.12092848817163E+00
 0.64664954027926E-05   0.21107971641621E-03   -.25808831380263E-01   0.18554910395305E-04   0.21537346957896E-03   -.33177907127663E-01   0.83594687390515E-06   0.10156274466071E-06   0.84189196291584E-03
 0.41407617841857E+00   0.78183704386395E+00   -.35209151213221E+00   -.20720257070862E+00   -.41845653100788E-03   0.91462485283044E-04
 -.81669134804692E-01   0.55400186545755E-03   0.33541887342467E-03   -.98047290088264E-01   -.25453819366968E-02   0.37355875620412E-03   -.10220866825031E-02   -.27243682814720E-03   -.25944362812749E-05
 -.94755161066046E-03   0.21758599307287E-02   0.21344045723632E-03   0.31654434578600E-02   0.14054104582091E+00   -.12310446907266E+01
 -.17869070388939E-03   -.37792355619770E-04   -.10561264025028E+00   -.23278428490301E-03   -.47599157441787E-04   -.11873551073751E+00   -.30172990382930E-05   -.15283587104108E-05   0.88766110664187E-03
 0.33838840227384E+00   -.67181690833074E+00   -.83014790862670E-01   -.10758059168741E+01   0.58439970296746E-03   -.36219575030671E-02
 -.17403672629059E+00   -.45044482946270E-02   -.12469995368896E-03   -.16624397419113E+00   -.50007289588559E-02   -.12407464678252E-03   -.47719101327509E-03   0.19277049419782E-02   0.42732142862644E-06
 0.21463570776300E-03   -.76333842907223E-03   -.12221383275415E-03   -.33253795314514E-03   -.22918146419384E+00   -.96935802407260E-01
 -.26260338161253E-04   0.60163229902135E-04   -.16539305611214E+00   -.14486640032609E-04   0.62312796417949E-04   -.14512494247582E+00   0.40301114390222E-06   -.22549768354824E-05   -.16758178920107E-03
 0.91041572517718E-01   -.93520993668958E+00   -.86851010712434E-01   0.55050449122522E+00   -.23999692811747E-03   0.34344514586867E-03
 -.13594041570930E+00   0.42123373173506E-01   0.13579509523299E-03   -.12335265222138E+00   0.42968276154340E-01   0.12207623547537E-03   -.11316251287337E-03   -.18590224001206E-02   -.74279342684967E-07
 -.15515830313054E-03   0.76910736255352E-03   0.65320798812603E-04   -.31778486525626E-03   -.28520867024363E+00   0.16958839213587E-01
 0.71248127911397E-01   -.44082732889509E+00   -.66879653039620E-04   0.79348292177920E-01   -.44517366216417E+00   -.74281463464190E-04   -.94179545436485E-03   -.67873789992870E-04   -.24100961686274E-05
 0.71883259632615E-03   0.35810717664149E-03   -.89445458417471E-03   0.15466705163285E-03   0.10080758358783E+00   0.38730042459225E-01
 0.10931018828081E-03   -.94716875211327E-03   0.35655691040605E-01   0.12565163468904E-03   -.95698828286661E-03   0.39432240482179E-01   -.15584367127756E-05   -.97327347982947E-07   0.12851046319471E-02
 -.38975641816454E+00   -.19173847958993E+00   0.49933671546187E+00   -.94532747417809E-01   0.19395782186319E-03   0.20724174230937E-03
 -.41648984882467E-03   -.21694520221370E-03   0.18725359609715E+00   -.52534154637507E-03   -.23490260343785E-03   0.21699634485908E+00   -.69945677219183E-05   -.66923825535705E-06   -.20600247524465E-02
 -.35081951256074E+00   0.39357440229301E+00   0.66889946585893E-01   0.17242797249401E+01   0.10080907562106E-02   -.59289563254409E-02
 -.12701078856148E+00   -.63895484418405E-01   -.65712562902294E-03   -.15995518411053E+00   -.69347074857802E-01   -.74960636149165E-03   -.21561743129688E-02   -.28653850876349E-03   0.66155434684176E-05
 0.76996938081220E-03   -.11439761029955E-02   0.19157642701704E-03   -.55026537403166E-02   0.31436801327117E+00   -.18217549094796E+01
 0.34946320612318E-01   -.28054557479625E-01   -.33566130394595E-04   0.37558238561210E-01   -.25959074236938E-01   -.26217752684254E-04   -.40063359129644E-04   -.21046725512890E-03   0.19679916891186E-07
 -.42985012048793E-03   -.44854368663226E-03   0.32912075291020E-03   0.73392350821677E-04   -.15969056606162E-01   0.15840456186492E+00
 -.94267938072923E-04   0.18805464226746E-04   0.13793503041275E-01   -.10604010864099E-03   0.15321750593033E-04   0.10717524324089E-01   -.19656442843955E-06   0.41641637510059E-06   0.28993547615021E-03
 0.77559404586079E+00   -.70600011293352E+00   -.72018124267196E+00   -.18220571866839E+00   -.31309840322994E-04   -.70980103181095E-03
 0.59418192431868E-04   -.16791072033765E-03   0.34328717117887E-01   0.56592708503882E-04   -.16540259680318E-03   0.30709335133351E-01   -.82402672854629E-06   -.61272422896667E-06   0.30463245377071E-03
 0.61604483731351E+00   -.79760564603217E-01   -.50910143737764E+00   -.88447509594738E-01   0.45418896141063E-04   -.24847521660380E-03
 -.95163345538710E-01   0.98932631511480E+00   0.26230490132030E-05   -.96218104556295E-01   0.99467193348306E+00   0.30028054478677E-05   -.86300747895703E-03   -.22689844238136E-03   0.19571725336877E-06
 0.11169065154786E-03   -.77701390661078E-03   -.23634459616095E-03   0.23172027018990E-03   -.79140147067086E-01   0.28324289209604E+00
 -.26909903099086E-01   0.51450340557448E+00   -.37172823190564E-04   -.27242633401387E-01   0.51999106299999E+00   -.36310379892885E-04   0.34233483292628E-03   0.48542878097700E-03   -.74912766401259E-06
 -.98561315090417E-03   -.11133438920862E-02   0.94243133875476E-03   0.68449377847398E-04   -.42342918919405E+00   -.35245328961742E-01
 0.17787344130964E-03   -.18181293622431E-03   0.68484716589249E-01   0.17511913871189E-03   -.18533812485694E-03   0.64660354381392E-01   -.29160910881343E-06   0.83819885744082E-07   0.45052412764896E-03
 0.92364228303697E-01   -.16447985324739E+01   -.43194166138466E+00   -.65796305285941E+00   0.44220332924989E-04   -.14860474219892E-02
 0.25393504249856E-04   -.50827660952499E-03   0.36053939153499E-02   0.25954328866129E-04   -.51400397074677E-03   0.39193350644658E-02   -.41278678683023E-06   -.55683864355811E-06   -.84557749934830E-03
 -.65503746710821E+00   -.20681911232702E+01   0.56702250759869E+00   0.17015083261282E+00   0.41743915330244E-03   0.40633773530215E-04
 -.96880853424843E-03   0.32444113320252E-03   -.17142462032884E+00   -.94596837442598E-03   0.34810553026739E-03   -.16654760886828E+00   0.37038653294925E-05   0.38938480084847E-06   -.25967841582015E-03
 -.79373875649657E-01   -.74672706759512E+00   -.22076308876494E+00   0.16608699317599E+01   -.13036721327765E-02   0.88403673139214E-02
 -.19368387574681E+00   0.97248429419975E-01   0.93362748411791E-03   -.18948649136379E+00   0.10204472067819E+00   0.90533703682237E-03   0.68631998973775E-03   0.55957568451149E-04   0.15738358581944E-05
 0.53227459802065E-03   0.22867067756564E-02   0.73096565885400E-03   -.89798135856056E-02   -.24224185729727E+00   0.17458928142162E+01
 0.19364286606350E-03   0.23323189594049E-03   0.76353957599596E-01   0.18541025092927E-03   0.22962964100613E-03   0.72698384464279E-01   -.27043298655932E-06   0.29616810821525E-06   0.12640165276487E-03
 0.41279450482492E+00   -.11680129789075E+01   0.13516032328892E+00   -.42429714239311E+00   0.10762011802819E-02   -.20477283408454E-02
 -.57965229731029E-01   -.73534770814376E-01   0.23417487893993E-03   -.55057872680476E-01   -.72002450144638E-01   0.22367789623143E-03   0.92664179716609E-04   -.20418142111910E-03   0.37736526641864E-06
 0.12202882869595E-02   -.31630960601505E-02   0.47051305684484E-03   -.13569956512673E-02   -.37435817161588E+00   0.63799098593723E+00
 0.84631994128607E-01   -.14034355957980E-01   -.65830566902840E-03   0.93090629861826E-01   -.11533722420227E-01   -.71591520180188E-03   0.74271849121512E-03   -.33932232556016E-04   0.48868590848813E-05
 0.25619791842189E-02   -.45927955440060E-02   -.34433988199835E-03   -.63811804319874E-02   -.88234097136031E-01   0.89467138995075E+00
 0.66909957603029E-03   -.84415553811171E-04   0.83540468865782E-01   0.73425585632283E-03   -.65326300523602E-04   0.91000445295853E-01   0.58073689229041E-05   -.16145304642653E-06   -.63397904138443E-03
 -.34087941091595E+00   0.58796450695042E+00   0.54670858977326E-01   0.82781843185985E+00   -.70983803466964E-03   0.68094948618161E-02
 -.17432051174868E-01   0.33560991104492E-01   0.17266198248437E-04   -.19742823014133E-01   0.32228921720073E-01   0.17034778398000E-04   0.12416667300172E-03   0.16471663192640E-02   0.17333745418872E-07
 0.92940411314625E-04   -.35317367649484E-03   0.34009169629298E-04   -.10348063940569E-03   -.10136848971635E+00   -.87889262638400E-01
 -.95434359169268E-01   0.11207396285980E+00   -.46900040750573E-03   -.93559167499610E-01   0.12387457960648E+00   -.44207015389365E-03   0.17371252388585E-03   -.73725420527589E-05   -.15829043547341E-05
 -.31226049840248E-02   0.44455430168255E-02   -.16926851614556E-02   0.33996736207829E-02   -.78028828412576E+00   0.60439580430666E+00
 0.65317561794635E-03   -.75596062654697E-03   -.74597319325184E-01   0.63846056608717E-03   -.83713421960636E-03   -.70403256498410E-01   -.12233960785076E-05   0.15232350555238E-06   -.23183517283772E-03
 -.47951766053800E+00   0.71646267295823E+00   -.24110152763681E+00   0.49897595092345E+00   0.53008197594157E-02   -.41235124719034E-02
 -.12360406389272E-02   -.30588256885619E-01   0.21825996356727E-04   0.14322732823576E-02   -.32999224286014E-01   0.11488853934072E-04   0.15023267270866E-03   0.44809366061132E-03   0.75560827942040E-07
 0.67159263625001E-03   0.15573935035724E-03   -.61249240839508E-03   -.97798628255209E-04   -.14562501298697E-01   0.95435284422110E-01
 -.21554217907921E-04   0.41949417433758E-04   0.14111695714509E-01   -.19858404141235E-04   0.44041106256150E-04   0.17296584851386E-01   0.11277669020679E-06   0.13500124181431E-06   -.12415449362143E-03
 -.43423971264252E+00   -.19237934083266E+00   0.47521537467439E+00   -.22304741771764E+00   -.13640104817750E-03   0.22772059529755E-03
 0.29171167102638E-01   -.42290409301553E+00   -.10896670038573E-04   0.32456477774440E-01   -.43246977789261E+00   -.13119319106589E-05   0.16503872474289E-03   0.30260154303430E-04   -.40221489549899E-07
 -.35842338482366E-03   0.34268507362338E-03   0.34390994920811E-03   0.59525669814861E-04   -.48394989546082E-01   -.33223857869295E+00
 -.69918031113891E-04   0.92358670160662E-03   -.85197058112154E-02   -.68650121418205E-04   0.93972962828357E-03   -.48239493685530E-02   0.11396502293513E-06   0.11346214521334E-05   0.19227921156243E-04
 -.11596062928789E+00   0.27450063561423E+00   0.86917429039935E-01   -.18933233562045E-01   0.57642461531750E-04   0.11929921510245E-02
 0.18535145717205E-05   0.80469588640035E-04   0.13559786009963E-01   0.37777467678066E-05   0.82238224893404E-04   0.11862150455747E-01   0.87423046254024E-07   0.37523157907461E-06   -.23126988209480E-03
 -.21977948489312E+00   -.20689443418254E+01   0.80136986430760E-01   0.42234655714514E+00   0.47416793557942E-04   0.27902984786946E-03
 -.70726859721422E-01   -.88979201448699E-02   0.66095329795229E-04   -.77905445914769E-01   -.80593841149317E-02   0.73618324137583E-04   0.22059224122053E-03   0.11766968669463E-03   0.20841860928924E-06
 -.33108506507379E-03   -.23061089074100E-02   -.17939420520474E-03   0.64264648326662E-03   -.50625082741414E-01   -.77547889985516E-01
 0.92748242210018E-04   0.49058664471857E-03   0.20950808150185E-01   0.71779094531813E-04   0.49307723828250E-03   0.15933586512218E-01   0.46567867202531E-06   0.20649939145043E-05   -.18149812826029E-03
 0.32931208121167E+00   0.17770022212237E-01   0.24363901402958E+00   -.45477455747160E+00   0.91976874111570E-03   -.32340725895768E-02
 0.22101785697154E-03   0.54550624209953E-03   0.10383992693324E+00   0.21176326846783E-03   0.54772345701363E-03   0.10702403296791E+00   0.93519537385778E-07   0.25380177140122E-05   0.11810864908740E-03
 0.96706822777004E-01   -.19818388498499E+01   0.62857585704030E-01   0.14582409360203E+00   0.10487118958609E-02   -.33937209894960E-02
 0.31891997748356E-01   0.11273334134909E+00   -.55107164887460E-03   0.28973599883980E-01   0.11312628470076E+00   -.54618405968673E-03   0.10539739525792E-03   0.82743095403895E-03   0.19558482068232E-06
 -.18100735203091E-02   0.72156434148730E-02   -.15602497029030E-02   0.14180669161769E-02   0.18668222405003E+00   -.70819980924233E+00
 -.87108494361504E-05   -.28215860146698E-04   0.51307335461832E-02   -.75649496264227E-05   -.28840639276214E-04   0.68847552626115E-02   -.33267539824873E-07   0.42088594738038E-07   0.52777632487932E-03
 0.92078156135641E+00   0.36423038646451E+00   -.91040641514389E+00   0.15450986750137E+00   -.21177575225051E-04   0.13695297563608E-03
 0.19038218085268E-01   -.59269383858137E-02   -.37607257626022E-04   0.17654145163331E-01   -.56515770468962E-02   -.46039382088350E-04   -.35052871525154E-03   -.18782170802903E-02   -.34825600266828E-07
 -.46529421216439E-03   -.72503858863867E-02   -.85477262540189E-03   0.65026953139544E-03   0.21508999549752E+00   -.16744515959397E+00
 -.15542493016544E-04   -.12095804816359E-03   0.27736881890742E-01   -.10389995968152E-04   -.12324394817537E-03   0.22401522808275E-01   0.53566890731564E-06   0.30827295324824E-05   -.13968829783806E-03
 -.14950234006501E+00   -.45654903962158E+01   -.23020877754160E+00   0.18535686579332E+00   -.43001573856019E-03   0.42080686328081E-03
 -.42612425468892E-02   -.90310025178569E-01   -.16915607481752E-05   -.11662073631348E-01   -.86786368418215E-01   -.19287801209354E-05   0.15815560407572E-03   -.10975801062780E-03   -.33787843927998E-08
 0.67832824359228E-04   -.10768260162852E-03   -.73361843911936E-04   0.11107203648197E-04   0.14931157286729E-01   -.10349211076727E+00
 0.96818351446793E-02   0.11619043491596E+00   0.36264190206089E-04   0.10364814081149E-01   0.11057324678660E+00   0.37930679167938E-04   -.22754922657169E-03   -.21172734148186E-03   0.14923646449884E-06
 0.17267119600022E-03   -.21126832902351E-03   -.10805172361108E-03   0.10679179434984E-03   -.48982410810050E-01   -.32312846502878E-01
 0.12352694039800E-04   0.14109407974758E-03   -.26714145567332E-01   0.16431098786747E-04   0.13308646271558E-03   -.28224866938075E-01   -.42220307713794E-06   -.24394721506130E-06   -.92711015074622E-04
 -.66580313458098E-01   0.18559579086857E+00   0.17819995744976E-01   -.77830571133630E-01   -.26739175851667E-04   -.79576324608392E-04
 0.13646357743890E-01   -.12831778861748E-01   0.17013021111896E-05   0.23714579469977E-01   -.19223390703047E-01   0.38188705438947E-05   -.60791543995413E-03   0.14538595711959E-04   0.17654227481062E-06
 0.79307201633228E-04   0.84027000026339E-04   -.68933182119750E-04   -.30285207904388E-04   0.15416936806819E+00   -.19567112485055E+00
 0.89453058831537E-06   -.17405982610210E-05   0.21794301395633E-01   -.10754754205313E-05   0.28861163834664E-05   0.30559170610440E-01   0.13157793148273E-06   0.29517597154830E-07   0.45642824163853E-03
 0.84364411190861E-01   0.52644378810510E-01   -.11029968692025E+00   -.24841529975080E+00   -.65620354190814E-04   0.61450133187982E-04
 -.17661391432533E-01   -.65431738305307E-02   0.27141117815408E-04   -.16758475043950E-01   -.24602152238582E-01   0.32579958509259E-04   0.58076657781924E-04   0.11527334334147E-03   0.37096084528838E-06
 -.11190029418502E-03   0.39156646648960E-03   0.82743772826244E-04   -.12107539709048E-03   0.11670464446211E+00   -.15302566146226E+00
 -.20631986807065E-04   -.55268816563716E-04   -.31265932993279E-01   -.12582773175575E-04   -.73027596625620E-04   -.31882610540074E-01   -.17584859573989E-06   -.37710662729940E-06   -.97591939363051E-04
 0.18952943581225E+00   -.18760788293856E+00   -.21467657331995E+00   0.74473871373596E-01   0.12957175377877E-03   -.36676348171701E-03
 -.24234932403975E-04   0.81370019941433E-04   -.46139448532866E-01   -.30031683487844E-04   0.85929180924387E-04   -.40053161609050E-01   0.60109895900664E-07   0.17373543214471E-06   0.73907341418011E-03
 0.59758953095756E+00   0.22725393742811E+00   -.77906099089735E+00   0.14309595255299E+00   -.17652480702500E-04   0.20419451968806E-03
 0.30854280886041E-01   0.47295824740409E-01   0.70348087188336E-05   0.24383599571086E-01   0.47797757903772E-01   0.32199090178480E-06   0.96568302551189E-04   0.69489044758285E-03   -.32468487050339E-06
 0.22801573557091E-03   -.34999829289920E-03   -.12325751789346E-03   -.35047738800921E-04   0.61959473058469E-01   0.18600460242112E+00
 0.12760709540227E+00   -.52342823587326E-01   0.47590235317688E-04   0.13191690199362E+00   -.47868375961380E-01   0.54200820208174E-04   -.15625012468669E-03   0.12309257601515E-03   0.29618164483030E-06
 -.19832932268479E-03   0.58152747800492E-04   0.25130288312843E-03   -.55449552189877E-04   0.16532108888159E+00   -.21631719026775E+00
 -.11941595021975E-04   0.86685523863504E-04   -.10783410337712E+00   -.16503976033302E-04   0.87825362179351E-04   -.10697843785389E+00   0.15557200173038E-06   0.22521187361493E-06   -.23387246500014E-03
 -.45645128510058E+00   0.47339235016040E-01   0.30731631467305E+00   0.15999673728309E+00   -.43659786339860E-04   0.17321778982773E-03
 -.15348048047133E-01   0.70877118306916E+00   0.76433233976553E-04   -.22155380434618E-01   0.69780959759407E+00   0.81432626929642E-04   -.31149516179905E-04   -.14510431490298E-04   0.12896095340697E-06
 -.32254322724909E-03   -.30428778005205E-03   0.39985832314333E-03   -.17669912104362E-03   -.10158415328930E+00   0.19176833226288E+00
 0.73285062353197E-04   0.46316024604727E-03   -.91243177609401E-01   0.76101432343229E-04   0.45352196305871E-03   -.99225667996257E-01   -.21389494541474E-06   0.75163938722570E-07   -.19329247404891E-03
 0.45588612420767E+00   0.76983504410614E-01   -.59471957459727E+00   0.17440037729558E+00   0.11237476705020E-04   -.20956264655979E-03
 -.23715618671240E-01   -.78351769204501E-01   -.34555004723217E-04   -.27450442020639E-01   -.74902386199272E-01   -.42199105893336E-04   0.20512893742067E-03   -.42241855719443E-03   -.37063996148967E-06
 0.42689431395214E-04   -.15949403542385E-04   -.20670418347075E-03   0.77100778875580E-04   0.25463106681863E-01   0.23356404806777E+00
 -.31365914682247E-01   0.16280967478223E+00   -.39673700213569E-04   -.26752491680394E-01   0.15856941220363E+00   -.38425562279969E-04   -.73867341329821E-03   0.60569728469591E-03   0.14798371131256E-05
 0.19168745168225E-03   0.14321140432140E-02   -.10972017482052E-02   -.58357416875133E-03   0.12008473996926E+00   0.31703486663789E+00
 -.13444515102792E-03   0.29077688514371E-03   0.12466569961838E-02   -.12841736597730E-03   0.28812785594914E-03   0.22745613185488E-02   -.24985512502964E-05   0.17939909359929E-05   -.26059696534827E-03
 0.41615676916322E+00   -.46608876674959E+00   0.19305556836758E+00   0.31563368492092E+00   0.41946318362437E-03   0.11283746596226E-03
 -.33065881546952E-01   0.29227640327447E-01   0.17674388500178E-03   -.32435631962964E-01   0.31003282372154E-01   0.21207966808378E-03   -.65831479838188E-03   0.46351607050534E-03   0.43905023806403E-05
 0.33339546424075E-02   -.35037275295617E-03   -.47440229130712E-02   -.19594712356662E-02   0.10430153561131E+00   -.16883515344507E+00
 -.20723481139627E-03   0.36971580111556E-03   -.37022780112124E-01   -.19453449191538E-03   0.37616428356387E-03   -.43528634865928E-01   -.46834654927309E-05   0.26462716962849E-05   -.54456782268873E-03
 -.67705853102272E+00   0.32824013686765E+00   0.68167696745352E+00   0.19289844628385E+00   0.70314287278342E-03   -.90660065183592E-03
 -.71813250477732E-05   0.13593894086589E-03   0.39026119457262E-01   0.11339218317435E-05   0.13679608861784E-03   0.37521286152007E-01   -.93592141563039E-06   0.51291536958086E-06   -.97552009075532E-03
 -.37250487828049E+00   -.11513130489477E+01   0.46455642051002E+00   -.30520104496904E-01   0.49637256208954E-04   0.88410255863203E-05
 0.55366109608283E-01   0.21205583115217E+00   -.53256438926016E-04   0.65657323619098E-01   0.21542465581828E+00   -.58448537746673E-04   0.14513032784693E-03   -.48008326848531E-03   0.66713433382610E-06
 0.54240869077182E-03   0.83744628095189E-03   -.74434731550213E-03   -.34804363922169E-03   -.19863431220189E+00   0.18683018542015E+00
 -.15882622572944E-05   -.34464615739121E-03   -.59229557314382E-01   -.15151845215833E-04   -.34430579942536E-03   -.69624746277863E-01   0.12349086181938E-06   0.90150451404896E-06   0.14667108226581E-03
 0.17619127403071E+00   0.38254403234344E+00   -.34089539441101E+00   -.47032945181324E+00   0.69899689739253E-04   -.19871084284347E-03
 0.83430480099056E-02   0.26260553808097E-01   0.16536938101295E-05   0.12353372633100E-01   0.27447129150734E-01   -.27613264797108E-04   0.46101707870987E-03   -.54014091109984E-03   0.19078289723443E-05
 0.36840287620967E-03   -.16838738604623E-02   0.99648501363697E-03   -.18354623811015E-02   -.28977654733182E-01   0.16799091992446E-02
 -.13864830146468E-05   0.21633031892377E-03   -.94533950180905E-02   0.22768610924422E-04   0.21708544162613E-03   -.52956679961959E-02   0.12909154415763E-05   -.35809870091379E-05   -.33037894184619E-03
 -.12088858105263E-01   0.37041950399121E+00   -.25323123459053E+00   0.29271047822901E+00   0.13047231277942E-03   -.32067426665218E-03
 -.12323384589228E-01   -.14173048819906E-01   -.41145742326104E-04   -.17941643614658E-01   -.11563958862705E-01   -.41995791998528E-04   0.14609169307117E-02   0.84643376640388E-03   -.12407792972612E-05
 0.98210920377649E-05   -.96552203495116E-04   -.20905842031197E-03   0.57814121853796E-03   -.25301703764576E+00   0.47725518314868E+00
 0.40184296939388E-04   -.16376339009972E-03   -.92200099062879E-01   0.40488988970894E-04   -.15991830309111E-03   -.10457613286818E+00   -.45187638141301E-06   -.41004097815094E-06   -.17307058373270E-02
 0.39832616262201E+00   -.40179218175079E+00   -.58995690943477E+00   0.42602782029588E+00   0.42291775802286E-04   -.50453953902032E-03
 0.13174306694292E+00   -.49291671257559E+00   0.42828928241748E-04   0.13014914732319E+00   -.47280422052185E+00   0.55470816511567E-04   -.90279830236141E-04   0.42036184741381E-03   0.49589718189450E-06
 0.27599679263858E-03   -.68498811393311E-03   0.27039012187706E-03   0.22447610079232E-03   -.19274568723232E+00   -.84653435462683E+00
 -.12948270135931E+00   -.13888035547436E+00   0.23657211817472E-04   -.14692350090846E+00   -.13324789072780E+00   0.29964044001958E-04   0.15726261564904E-02   -.27218681282507E-03   0.21261023159027E-06
 0.30457956823324E-03   -.57129018190941E-03   0.69301163073662E-04   0.35511620110125E-04   -.26529601373375E+00   -.45838500192930E+00
 0.16940035760223E-03   -.97540093618824E-03   0.45277188843383E-01   0.15896323477848E-03   -.94850838277485E-03   0.44167894019050E-01   0.12863417950934E-05   0.91182174965916E-07   0.52245127186181E-03
 -.23655379966208E+00   0.34309212364750E+00   0.19276983097914E-01   0.28563240311720E-01   -.68368032480083E-03   -.11161661361747E-02
 -.19180389976866E-04   -.75439324381625E-04   -.23201041419502E-01   -.27189621456024E-04   -.67013507494060E-04   -.37108154742287E-01   0.45662993513929E-06   0.23327486260351E-06   -.10554625757830E-02
 0.28817828831464E+00   -.10591055021383E+01   0.64841347375465E+00   0.13153592183481E+00   -.80117468492576E-04   -.56281616353950E-03
 0.74463839176584E-01   -.23231840550950E+00   -.20735995158276E-03   0.75507513990799E-01   -.22887022196507E+00   -.21405139853376E-03   0.93583218290954E-04   -.27757404896611E-04   -.16758773650329E-05
 0.20463201342251E-04   0.13372807248300E-02   -.29758576457152E-03   -.36284767667942E-03   -.17578178172712E+00   -.36223500549534E-01
 0.60384419376176E-04   0.96721045750346E-05   0.13303080768176E+00   0.67050700314363E-04   0.25842412443958E-05   0.13391089696447E+00   -.30362444515903E-06   -.11464208077585E-06   -.61139909556473E-05
 0.84857517391076E+00   -.31310940089724E+01   0.90793715130399E+00   0.63389788699067E+00   -.28769014537754E-04   0.34450795937404E-03
 0.18451419299409E-01   0.75420361025024E-02   -.45988854108910E-03   0.18347006476528E-01   0.51333246284031E-02   -.46516413256426E-03   -.23835595109979E-03   0.28338240651764E-03   -.38608285985888E-06
 -.16122908947971E-02   0.90944710333967E-02   -.39690212683962E-02   -.18749137124179E-02   -.14778978013588E-01   0.26934598974342E+00
 0.12987370078240E-03   0.10580572220091E-03   0.77327926996401E-01   0.13136627675826E-03   0.85806020878142E-04   0.78852475600571E-01   -.17131172953175E-05   0.18062892942364E-05   0.86986224075395E-04
 0.23603989521799E+00   -.13543532599762E+01   0.59408900255907E+00   0.31419294138281E+00   -.31311111466542E-04   0.20249312122594E-02
 -.28454794680121E-04   -.16333789987542E-04   0.67705502469223E-01   -.27911115563767E-04   -.13484958721683E-04   0.75055690931670E-01   0.20374065015970E-06   -.23839880865543E-06   0.35067812810868E-03
 0.11548265872427E+00   -.35677818608388E+00   0.82766265943623E-01   0.41520874440525E+00   -.10021854869356E-04   -.24343823832065E-03
 -.69999120647992E-01   0.14482982693210E+00   0.20969008687046E-04   -.74800349377427E-01   0.14321818208228E+00   0.21508911838200E-04   -.41091852009056E-04   -.11270614764782E-03   0.10613266170556E-06
 -.52027688098817E-04   -.59896168790727E-04   0.69919508724905E-04   -.47807990781585E-04   -.91442935932208E-01   -.25947925433980E+00
 0.52967769689090E-04   -.51109711076564E-04   0.27547934334000E+00   0.51782805909647E-04   -.54164619341243E-04   0.27332028167650E+00   0.66926738516708E-06   0.93560822230777E-07   -.21468151464472E-02
 -.36996327591298E+00   0.56167462870312E+00   0.11756767700944E+00   0.61859378999699E+00   0.14821698591223E-03   0.14814340046305E-04
 0.20800288214776E+00   0.43922281435732E-01   0.70322658995319E-04   0.20790904085573E+00   0.43363962277278E-01   0.66178455079004E-04   0.15923116337705E-02   0.23185756667673E-03   -.10160534346898E-05
 -.24872779151563E-03   -.65749472103752E-03   0.18259599317953E-03   -.65616629983882E-03   0.15559029293142E+00   0.70085196969523E+00
 0.18164842572111E+00   -.10684015239341E+00   -.18674507673913E-03   0.17791509632022E+00   -.11088556799232E+00   -.17862683736305E-03   0.17860754896596E-02   0.28394509004405E-03   0.21137219453043E-05
 0.49073018150623E-03   0.12236898739077E-02   -.43937962369478E-03   0.84069915540419E-03   0.28143965927473E+00   0.24584933663185E+00
 0.17914294233383E-03   -.45449514616301E-03   0.64069051663437E-02   0.16799646918512E-03   -.46726169946501E-03   0.44701565093450E-02   0.24424029030474E-05   0.50316766621646E-06   -.28384029853915E-03
 -.62598455334287E-01   -.38662535505272E+00   0.91436512844716E-01   -.34413722258844E+00   0.60132290264157E-03   -.58108756112693E-03
 0.70176323714328E-04   0.14518467553178E-03   0.22144681745923E-01   0.72475508516710E-04   0.16250943939446E-03   0.25515212159888E-01   0.83503971905741E-06   0.28881487678814E-06   0.59822629613425E-04
 -.66354064946209E-01   -.41138913261676E+00   -.18165676888548E-02   0.14110889467012E+00   -.36151097151194E-03   -.77734459931563E-03
 -.33694870301945E-01   -.73326966268260E-01   0.17461298901607E-03   -.35416408718996E-01   -.78409102086765E-01   0.18579910737603E-03   -.73436610878026E-04   -.21522930176940E-03   0.43019336589751E-06
 -.31067695842385E-03   -.55392478378348E-03   0.32510190459802E-03   0.68216653951857E-03   0.12172061148721E+00   0.22604379431551E+00
 0.16717349712594E-03   0.94390723486496E-04   0.77280517189725E-01   0.17168801327859E-03   0.99824835833738E-04   0.78262399299047E-01   0.27764775809544E-06   0.87343313709929E-06   0.13127362486208E-03
 -.83125554300499E-01   0.12876886620397E+00   0.21254162215370E+00   0.10422207123982E+00   -.10435914822923E-03   -.10685149313684E-04
 0.10934250955917E+00   -.66933927150508E-01   -.69780167319548E-04   0.11013705197788E+00   -.69933294134293E-01   -.68051794270604E-04   0.21866686088476E-03   0.51165388382040E-03   -.24033984225711E-06
 0.46624906022911E-04   -.16857048495095E-03   -.26600305898030E-03   0.19966838236732E-03   0.12690167530871E+00   0.29408723264414E+00
 0.45480731130081E-04   -.41300819736295E-04   0.46080625446583E-01   0.45155583710878E-04   -.42428092299694E-04   0.44443611573189E-01   0.24050790575574E-06   0.16840098605984E-06   0.96179740021293E-03
 -.60805042101625E-01   -.33432742373075E+00   0.19028815732024E+00   -.70309208804509E+00   0.45942362418313E-04   0.17677535234616E-03
 -.10998707101861E+00   -.92290351782559E-01   0.20304985506511E-03   -.11027137975243E+00   -.94404065718556E-01   0.18595871534784E-03   -.56752277287667E-03   -.35634141676866E-03   0.42838586265183E-05
 0.71031544556394E-03   0.65419308834774E-02   -.37584658232802E-03   0.91696707059074E-03   0.38978365332342E-01   -.56672890379673E+00
 -.10403660191277E-02   -.92475590366469E-03   0.25557472129212E-01   -.10432084496727E-02   -.94641599544347E-03   0.27422960681976E-01   -.48505884118106E-05   -.35814824963535E-05   -.83671599592368E-03
 -.10973020602148E+00   -.48591399522354E+00   0.32745383700738E-01   0.19833431585054E+00   0.44639434406292E-03   -.50905730508419E-02
 0.29799732478802E-03   0.30502149432773E-03   0.14350244449488E+00   0.29817160992734E-03   0.31183598144391E-03   0.14406939618309E+00   0.98867785857943E-06   0.19813291102151E-05   -.12013732169834E-02
 -.13205962726675E+00   0.59493771552212E+00   -.30049319724454E-01   0.89234357086519E+00   -.15440520642627E-03   0.13565796340114E-02
 -.28883737425461E-01   0.36213900084214E-02   0.67285331423019E-04   -.27220114149645E-01   0.60113455565315E-02   0.65703251044388E-04   0.11458692176165E-02   -.40847757540855E-03   -.38378961522368E-06
 -.19035559311430E-04   0.43683569525452E-03   -.97850886384228E-05   0.33190346106269E-03   0.14011058821311E-01   0.67331944197099E+00
 0.47141054759151E-01   0.11748379990314E-01   0.66932861344479E-04   0.46998302649882E-01   0.11161567367954E-01   0.68355689239825E-04   -.19040622448672E-03   -.17518171186568E-02   -.30254525037315E-06
 -.91444245375277E-04   0.48603341158132E-04   -.42823730551563E-04   0.26268077093112E-03   -.11548102060759E-01   -.61414952033951E-01
 0.34174188120311E-03   -.28659552807124E-03   -.21810647270963E-01   0.33433095567551E-03   -.32177430058274E-03   -.24435016550789E-01   0.35914402933042E-05   -.90625203474972E-06   -.35682349151138E-04
 0.84349340320816E-01   0.24283075902865E+00   0.66231611537027E-01   -.10508264906707E+00   0.11281426394671E-02   0.31642992000566E-02
 -.62459947451014E-01   0.85268208046355E-01   -.99365191382960E-04   -.60703722317061E-01   0.92849987074060E-01   -.11184089660835E-03   -.83240370289463E-03   0.23196452342908E-04   0.46882851606610E-07
 0.42602275209369E-03   0.69106047152212E-03   0.32171865490363E-03   -.74810719676729E-03   -.24566116642486E+00   -.68399238654460E+00
