$coord
    0.00000000000000      0.00000000000000      0.00000000000000      mo
    0.00000000000000      0.00000000000000     -6.63239195911263      gd
    0.00000000000000      0.00000000000000      6.63239195911263      gd
    2.34885147351624      2.34885147351624     -2.50460851072529      s
   -2.34885147351624     -2.34885147351624     -2.50460851072529      s
    2.34885147351624     -2.34885147351624      2.50460851072529      s
   -2.34885147351624      2.34885147351624      2.50460851072529      s
    4.69930009979542     -1.63331684133743     -7.89865782888925      c
    3.63544986734989     -3.63544986734989     -6.46805649612720      c
    1.63331684133743     -4.69930009979542     -7.89865782888925      c
    1.45507817971843     -3.35405111551745    -10.21625927232660      c
    3.35405111551745     -1.45507817971843    -10.21625927232660      c
   -1.63331684133743      4.69930009979542     -7.89865782888925      c
   -3.63544986734989      3.63544986734989     -6.46805649612720      c
   -4.69930009979542      1.63331684133743     -7.89865782888925      c
   -3.35405111551745      1.45507817971843    -10.21625927232660      c
   -1.45507817971843      3.35405111551745    -10.21625927232660      c
    1.63331684133743      4.69930009979542      7.89865782888925      c
    1.45507817971843      3.35405111551745     10.21625927232660      c
    3.35405111551745      1.45507817971843     10.21625927232660      c
    4.69930009979542      1.63331684133743      7.89865782888925      c
    3.63544986734989      3.63544986734989      6.46805649612720      c
   -4.69930009979542     -1.63331684133743      7.89865782888925      c
   -3.35405111551745     -1.45507817971843     10.21625927232660      c
   -1.45507817971843     -3.35405111551745     10.21625927232660      c
   -1.63331684133743     -4.69930009979542      7.89865782888925      c
   -3.63544986734989     -3.63544986734989      6.46805649612720      c
    0.42859291285962     -6.26600572948432     -7.30394265786705      h
    0.11155719257871     -3.72462516948512    -11.73879461898255      h
    4.20631398309176     -4.20631398309176     -4.56996104529971      h
    3.72462516948512     -0.11155719257871    -11.73879461898255      h
    6.26600572948432     -0.42859291285962     -7.30394265786705      h
   -0.11155719257871      3.72462516948512    -11.73879461898255      h
   -0.42859291285962      6.26600572948432     -7.30394265786705      h
   -4.20631398309176      4.20631398309176     -4.56996104529971      h
   -6.26600572948432      0.42859291285962     -7.30394265786705      h
   -3.72462516948512      0.11155719257871    -11.73879461898255      h
   -0.42859291285962     -6.26600572948432      7.30394265786705      h
   -4.20631398309176     -4.20631398309176      4.56996104529971      h
   -6.26600572948432     -0.42859291285962      7.30394265786705      h
   -3.72462516948512     -0.11155719257871     11.73879461898255      h
   -0.11155719257871     -3.72462516948512     11.73879461898255      h
    0.11155719257871      3.72462516948512     11.73879461898255      h
    0.42859291285962      6.26600572948432      7.30394265786705      h
    4.20631398309176      4.20631398309176      4.56996104529971      h
    3.72462516948512      0.11155719257871     11.73879461898255      h
    6.26600572948432      0.42859291285962      7.30394265786705      h
$user-defined bonds
$redundant
     number_of_atoms            47
     degrees_of_freedom         19
     internal_coordinates       29
     frozen_coordinates          0
# definitions of redundant internals
   1 k  1.0000000000000 stre    9   30           val=   2.06265
   2 k  1.0000000000000 stre   11   29           val=   2.06409
   3 k  1.0000000000000 stre    8   32           val=   2.06388
   4 k -0.7071064087382 bend    9   32    8      val=   0.46997
        0.7071014782435 bend   12   32    8
        0.0028330526280 bend    2   32    8
   5 k  0.7071015475341 bend   12   29   11      val=   0.18213
       -0.7071041535676 bend   10   29   11
        0.0033342888871 bend    2   29   11
   6 k  0.0233191865725 bend    8   30    9      val= 115.36901
        0.0233191865725 bend   10   30    9
        0.9994560676064 bend    2   30    9
   7 k -0.0086666681367 bend   12   29   11      val= 113.65377
       -0.0039514360159 bend   10   29   11
        0.9999546364795 bend    2   29   11
   8 k  0.0088367051190 bend    9   32    8      val= 116.11505
        0.0048303984176 bend   12   32    8
        0.9999492886611 bend    2   32    8
   9 k  1.0000000000000 tors   10   11    2    4 val=  95.49114
        1.0000000000000 tors   10   11    2    5
        1.0000000000000 tors   10   11    2    8
        1.0000000000000 tors   10   11    2    9
        1.0000000000000 tors   10   11    2   13
        1.0000000000000 tors   10   11    2   14
        1.0000000000000 tors   10   11    2   15
        1.0000000000000 tors   10   11    2   16
        1.0000000000000 tors   10   11    2   17
        1.0000000000000 tors   12   11    2    4
        1.0000000000000 tors   12   11    2    5
        1.0000000000000 tors   12   11    2    8
        1.0000000000000 tors   12   11    2    9
        1.0000000000000 tors   12   11    2   13
        1.0000000000000 tors   12   11    2   14
        1.0000000000000 tors   12   11    2   15
        1.0000000000000 tors   12   11    2   16
        1.0000000000000 tors   12   11    2   17
  10 k  1.0000000000000 tors    9    8    2    4 val=  71.92457
        1.0000000000000 tors    9    8    2    5
        1.0000000000000 tors    9    8    2   10
        1.0000000000000 tors    9    8    2   11
        1.0000000000000 tors    9    8    2   13
        1.0000000000000 tors    9    8    2   14
        1.0000000000000 tors    9    8    2   15
        1.0000000000000 tors    9    8    2   16
        1.0000000000000 tors    9    8    2   17
        1.0000000000000 tors   12    8    2    4
        1.0000000000000 tors   12    8    2    5
        1.0000000000000 tors   12    8    2   10
        1.0000000000000 tors   12    8    2   11
        1.0000000000000 tors   12    8    2   13
        1.0000000000000 tors   12    8    2   14
        1.0000000000000 tors   12    8    2   15
        1.0000000000000 tors   12    8    2   16
        1.0000000000000 tors   12    8    2   17
  11 k  1.0000000000000 stre    1    4           val=   4.16020
  12 k  1.0000000000000 bend    5    4    1      val= 105.96767
  13 k  1.0000000000000 stre    2    4           val=   5.29838
  14 k  1.0000000000000 stre    2   11           val=   5.11967
  15 k  1.0000000000000 stre   11   12           val=   2.68555
  16 k  1.0000000000000 stre    2    8           val=   5.13367
  17 k  1.0000000000000 stre   12    8           val=   2.68565
  18 k  1.0000000000000 stre    2    9           val=   5.14393
  19 k  1.0000000000000 stre    8    9           val=   2.68085
  20 k -0.2641124500728 bend    5    4    2      val=  65.63235
       -0.0554152230586 bend   11    4    2
       -0.0337248403358 bend   12    4    2
        0.3345535103409 bend   17   11    2
        0.2979729027092 bend   16   11    2
       -0.1116704971921 bend    8    4    2
       -0.1996465732019 bend    8    5    2
        0.0858771991795 bend    8   11    2
        0.3029463829199 bend    8   17    2
        0.3845834307585 bend    8   16    2
        0.2121200903059 bend   13    8    2
        0.4368312956321 bend   15    8    2
        0.0363950834522 bend   10    8    2
        0.1930060604940 bend   14    8    2
       -0.1690113464686 bend    9    4    2
        0.0506298496835 bend    9   11    2
        0.3470114613617 bend    9   16    2
  21 k  0.5394721870935 bend    5    4    2      val=   0.49310
       -0.2544807369139 bend   11    4    2
       -0.2842854744167 bend   12    4    2
        0.3691046862592 bend   17   11    2
        0.3940549976058 bend   16   11    2
       -0.0865597489289 bend    8    4    2
        0.1649755527156 bend    8    5    2
       -0.1646405686682 bend    8   11    2
        0.0650144473473 bend    8   17    2
        0.0787821748758 bend    8   16    2
       -0.1945355775646 bend   13    8    2
       -0.1905177253797 bend   15    8    2
        0.0978183997062 bend   10    8    2
       -0.1349536591812 bend   14    8    2
        0.0751569397108 bend    9    4    2
       -0.2815463370151 bend    9   11    2
        0.1130707451394 bend    9   16    2
  22 k  0.3389101585501 bend    5    4    2      val=  18.14196
       -0.0619961967452 bend   11    4    2
       -0.0666713520347 bend   12    4    2
       -0.0780494436370 bend   17   11    2
       -0.0353773402460 bend   16   11    2
        0.1076226306939 bend    8    4    2
       -0.1512757106853 bend    8    5    2
       -0.2416843332315 bend    8   11    2
        0.1560590820270 bend    8   17    2
       -0.0389317080677 bend    8   16    2
        0.5393429498426 bend   13    8    2
       -0.0333611657744 bend   15    8    2
       -0.6218643489221 bend   10    8    2
        0.2513526115541 bend   14    8    2
        0.0489977076446 bend    9    4    2
       -0.0366292389981 bend    9   11    2
       -0.0715539416873 bend    9   16    2
  23 k  0.5763974811736 bend    5    4    2      val=  17.93308
        0.0472311445005 bend   11    4    2
       -0.1855404234487 bend   12    4    2
       -0.2061349802100 bend   17   11    2
       -0.2808739305282 bend   16   11    2
       -0.3524204847512 bend    8    4    2
       -0.0504498262582 bend    8    5    2
        0.3364908948561 bend    8   11    2
       -0.0193116650580 bend    8   17    2
        0.1041520697559 bend    8   16    2
        0.0433116822445 bend   13    8    2
        0.4069319261176 bend   15    8    2
        0.2058410148998 bend   10    8    2
        0.0365053891203 bend   14    8    2
       -0.0407972179007 bend    9    4    2
        0.1960367044487 bend    9   11    2
       -0.0852558267177 bend    9   16    2
  24 k  0.1506909287885 bend    5    4    2      val=   6.54937
       -0.0128414921297 bend   11    4    2
       -0.0494307875542 bend   12    4    2
       -0.0204626570407 bend   17   11    2
       -0.0255450814665 bend   16   11    2
        0.0755873216309 bend    8    4    2
        0.1162881997391 bend    8    5    2
       -0.0885756991526 bend    8   11    2
       -0.1227583151566 bend    8   17    2
       -0.1429377722405 bend    8   16    2
       -0.1160279927413 bend   13    8    2
       -0.2677236636738 bend   15    8    2
       -0.0378796215802 bend   10    8    2
        0.2134209018383 bend   14    8    2
       -0.4462725186822 bend    9    4    2
        0.5529829137132 bend    9   11    2
        0.5234106857776 bend    9   16    2
  25 k -0.1014225560752 bend    5    4    2      val=  -1.75976
        0.3689459309882 bend   11    4    2
       -0.5077774238559 bend   12    4    2
        0.4567562182805 bend   17   11    2
       -0.1721355541188 bend   16   11    2
        0.1484943714745 bend    8    4    2
        0.0082229438832 bend    8    5    2
        0.3297576963736 bend    8   11    2
       -0.3121087873011 bend    8   17    2
        0.1895511791528 bend    8   16    2
        0.0659115668495 bend   13    8    2
       -0.1850779703882 bend   15    8    2
       -0.1890214450455 bend   10    8    2
        0.0256866508741 bend   14    8    2
        0.0230591077411 bend    9    4    2
        0.0479909201640 bend    9   11    2
       -0.1244014933637 bend    9   16    2
  26 k  1.0000000000000 bend    2    1    4      val=  88.19126
  27 k  1.0000000000000 bend   12    9    8      val= 108.13736
  28 k  1.0000000000000 bend   10    8    9      val= 107.93659
  29 k  1.0000000000000 bend   10   12   11      val= 107.89433
        19 non zero eigenvalues  of BmBt
           1           2.346717032    1    0
         1
           2           2.089623635    2    0
         2
           3           2.021637539    3    0
         3
           4           1.501021803    4    0
         4
           5           1.021815904    5    0
         5
           6           0.704727827    6    0
         6
           7           0.570177476    7    0
         7
           8           0.569337439    8    0
         8
           9           5.523206589    0    0
         0.000000000         0.000000000         0.000000000         0.000000000
         0.000000000         0.000000000         0.000000000         0.000000000
        -0.058686817         0.344413886         0.006487288        -0.029715073
        -0.481289965         0.618078799         0.046983427         0.138513522
         0.026727400        -0.113881310        -0.010015346        -0.475280516
         0.013429837         0.001894386         0.001566497        -0.002535279
        -0.003398947        -0.040593930         0.000171011         0.016802118
        -0.012050639
          10           1.408759505    0    0
         0.000000000         0.000000000         0.000000000         0.000000000
         0.000000000         0.000000000         0.000000000         0.000000000
         0.329061383        -0.594546831         0.168270690        -0.079586658
        -0.297390872         0.104583782        -0.255990436         0.138307516
         0.035779134         0.113095745         0.474809432        -0.054735256
         0.086119306        -0.052682541         0.038511982         0.119042326
        -0.062209681         0.012704377        -0.068155113        -0.129970597
         0.160057946
          11           1.243514228    0    0
         0.000000000         0.000000000         0.000000000         0.000000000
         0.000000000         0.000000000         0.000000000         0.000000000
        -0.033597646        -0.040489865        -0.579187905        -0.086823742
        -0.250939213        -0.098654226        -0.425431928         0.064481408
         0.436770814        -0.068490367        -0.183837689         0.103177257
        -0.203450020        -0.035515851        -0.104402181        -0.094817705
        -0.080171998         0.172568169        -0.175722866         0.147497798
         0.071379210
          12           1.228774821    0    0
         0.000000000         0.000000000         0.000000000         0.000000000
         0.000000000         0.000000000         0.000000000         0.000000000
        -0.054181897        -0.076438337        -0.555474508        -0.094503114
        -0.271632307        -0.039607163         0.325929517        -0.132513020
        -0.468273742         0.133766068         0.201266978         0.079094627
        -0.087323762        -0.081745877        -0.183212063         0.033768074
         0.079324083         0.173563153         0.225471390        -0.223209394
        -0.067580335
          13           1.044891553    0    0
         0.000000000         0.000000000         0.000000000         0.000000000
         0.000000000         0.000000000         0.000000000         0.000000000
        -0.079424772        -0.092138170        -0.315013590         0.205678571
         0.539755469         0.390606860         0.189159995         0.195719406
         0.363467484         0.182340419         0.317566834        -0.066171788
        -0.157548302        -0.082793521        -0.018805180         0.043863383
         0.001682212        -0.090767874         0.080849622        -0.074582536
        -0.028089020
          14           0.960074011    0    0
         0.000000000         0.000000000         0.000000000         0.000000000
         0.000000000         0.000000000         0.000000000         0.000000000
        -0.423702013        -0.167604423         0.186249500        -0.059348403
        -0.145361475         0.076355663        -0.180243760        -0.345644598
         0.284933620         0.286138152        -0.158491708         0.005778950
        -0.098303444         0.186512721         0.067923321         0.117615180
        -0.042007703         0.009323546         0.419594457        -0.336633206
        -0.181412262
          15           0.762069985    0    0
         0.000000000         0.000000000         0.000000000         0.000000000
         0.000000000         0.000000000         0.000000000         0.000000000
         0.116705451        -0.188761125        -0.179172551         0.180810205
         0.315533497         0.268532208        -0.462779749        -0.325542626
        -0.379700465        -0.294370497        -0.210553683        -0.216742976
         0.033874464         0.039664872        -0.164733105         0.017110357
        -0.067337841        -0.122845812         0.045425406        -0.133313366
         0.048899553
          16           0.451119335    0    0
         0.000000000         0.000000000         0.000000000         0.000000000
         0.000000000         0.000000000         0.000000000         0.000000000
         0.003229651         0.339353655        -0.040474367         0.089613214
         0.069055852        -0.194963899        -0.384551986         0.220909450
        -0.224368105         0.691373071         0.049349538        -0.233928337
         0.047116192         0.050577955        -0.083013573        -0.092612254
        -0.026502851        -0.083496980        -0.047678498        -0.088443026
         0.110397465
          17           0.377188026    0    0
         0.000000000         0.000000000         0.000000000         0.000000000
         0.000000000         0.000000000         0.000000000         0.000000000
         0.437609256         0.148682229        -0.006355684        -0.037357288
        -0.018805926         0.236510446         0.102354309        -0.657390455
         0.153633077         0.363086673        -0.001626871         0.126712807
         0.057695544        -0.167556727         0.069292081        -0.170265660
        -0.026492347         0.040816851        -0.139552714         0.164027973
         0.024262132
          18           0.240003158    0    0
         0.000000000         0.000000000         0.000000000         0.000000000
         0.000000000         0.000000000         0.000000000         0.000000000
        -0.062194573         0.148062749        -0.027897889         0.059765745
         0.007804695        -0.456212278         0.001798101        -0.355448944
         0.165934310        -0.223623412         0.373519367        -0.544160811
        -0.194833492        -0.208641529         0.130406797         0.098524084
         0.023985158        -0.061321373        -0.021996083        -0.066257169
         0.068834625
          19           0.015256532    0    0
         0.000000000         0.000000000         0.000000000         0.000000000
         0.000000000         0.000000000         0.000000000         0.000000000
         0.046476367        -0.072988679        -0.279547854         0.505965055
        -0.275706065        -0.119509784         0.094746956        -0.023497941
         0.061278065         0.023383754        -0.068459594         0.091424609
         0.298166366         0.166458457         0.313843453         0.080125185
         0.000644076        -0.562655993         0.019008990         0.031687438
        -0.041417954
$end
