$coord
    0.00000000000000      0.00000000000000      0.00000000000000      mo
    0.00000000000000      0.00000000000000     -6.38168945089953      dy
    0.00000000000000      0.00000000000000      6.38168945089953      dy
    2.38782412843009      2.38782412843009     -2.50242503354870      s
   -2.38782412843009     -2.38782412843009     -2.50242503354870      s
    2.38782412843009     -2.38782412843009      2.50242503354870      s
   -2.38782412843009      2.38782412843009      2.50242503354870      s
    4.63802670974263     -1.58454810169046     -7.62248340851537      c
    3.57722341869892     -3.57722341869892     -6.19730485953767      c
    1.58454810169046     -4.63802670974263     -7.62248340851537      c
    1.40423895460007     -3.29732456811586     -9.92825171520403      c
    3.29732456811586     -1.40423895460007     -9.92825171520403      c
   -1.58454810169046      4.63802670974263     -7.62248340851537      c
   -3.57722341869892      3.57722341869892     -6.19730485953767      c
   -4.63802670974263      1.58454810169046     -7.62248340851537      c
   -3.29732456811586      1.40423895460007     -9.92825171520403      c
   -1.40423895460007      3.29732456811586     -9.92825171520403      c
    1.58454810169046      4.63802670974263      7.62248340851537      c
    1.40423895460007      3.29732456811586      9.92825171520403      c
    3.29732456811586      1.40423895460007      9.92825171520403      c
    4.63802670974263      1.58454810169046      7.62248340851537      c
    3.57722341869892      3.57722341869892      6.19730485953767      c
   -4.63802670974263     -1.58454810169046      7.62248340851537      c
   -3.29732456811586     -1.40423895460007      9.92825171520403      c
   -1.40423895460007     -3.29732456811586      9.92825171520403      c
   -1.58454810169046     -4.63802670974263      7.62248340851537      c
   -3.57722341869892     -3.57722341869892      6.19730485953767      c
    0.37859117888499     -6.17317476991314     -7.02306310766268      h
    0.06857564496049     -3.65914270040803    -11.43087968132956      h
    4.12515529721157     -4.12515529721157     -4.30878101923906      h
    3.65914270040803     -0.06857564496049    -11.43087968132956      h
    6.17317476991314     -0.37859117888499     -7.02306310766268      h
   -0.06857564496049      3.65914270040803    -11.43087968132956      h
   -0.37859117888499      6.17317476991314     -7.02306310766268      h
   -4.12515529721157      4.12515529721157     -4.30878101923906      h
   -6.17317476991314      0.37859117888499     -7.02306310766268      h
   -3.65914270040803      0.06857564496049    -11.43087968132956      h
   -0.37859117888499     -6.17317476991314      7.02306310766268      h
   -4.12515529721157     -4.12515529721157      4.30878101923906      h
   -6.17317476991314     -0.37859117888499      7.02306310766268      h
   -3.65914270040803     -0.06857564496049     11.43087968132956      h
   -0.06857564496049     -3.65914270040803     11.43087968132956      h
    0.06857564496049      3.65914270040803     11.43087968132956      h
    0.37859117888499      6.17317476991314      7.02306310766268      h
    4.12515529721157      4.12515529721157      4.30878101923906      h
    3.65914270040803      0.06857564496049     11.43087968132956      h
    6.17317476991314      0.37859117888499      7.02306310766268      h
$user-defined bonds
$end
