# Excitation spectrum ; written at 2020-08-16 18:11:32
#     Exc.     energy (Eh)   energy (eV)   energy (cm-1)   energy (nm)     Osc.(vel)      Osc.(len) 
       1 a        0.016912       0.46021        3711.824      2694.093     0.00000104     0.00000001
       2 a        0.027869       0.75835        6116.493      1634.924     0.01640434     0.01766839
       3 a        0.055113       1.49971       12096.004       826.719     0.00122542     0.00085167
       4 a        0.056242       1.53041       12343.605       810.136     0.00158955     0.00140835
       5 a        0.075656       2.05870       16604.505       602.246     0.01162769     0.01168482
       6 a        0.081503       2.21781       17887.872       559.038     0.00017071     0.00015424
       7 a        0.081781       2.22538       17948.871       557.138     0.00051213     0.00048498
       8 a        0.083367       2.26853       18296.930       546.540     0.00002917     0.00003730
       9 a        0.085947       2.33874       18863.230       530.132     0.00204552     0.00196247
      10 a        0.086536       2.35476       18992.386       526.527     0.00107019     0.00106168
      11 a        0.086685       2.35883       19025.239       525.618     0.00064420     0.00065696
      12 a        0.086745       2.36045       19038.346       525.256     0.00185908     0.00188257
      13 a        0.089025       2.42248       19538.643       511.806     0.00058242     0.00070230
      14 a        0.089222       2.42784       19581.877       510.676     0.00080083     0.00094524
      15 a        0.089848       2.44488       19719.249       507.119     0.00139876     0.00134379
      16 a        0.091638       2.49360       20112.230       497.210     0.00132294     0.00116204
      17 a        0.092605       2.51991       20324.409       492.019     0.00128363     0.00122149
      18 a        0.093350       2.54019       20488.009       488.090     0.01394278     0.01397886
      19 a        0.093903       2.55524       20609.431       485.215     0.00007909     0.00006060
      20 a        0.094580       2.57365       20757.858       481.745     0.00223133     0.00278834
      21 a        0.094892       2.58214       20826.398       480.160     0.00144501     0.00210896
      22 a        0.095113       2.58816       20874.892       479.044     0.00015041     0.00030894
      23 a        0.095588       2.60108       20979.136       476.664     0.00008101     0.00007096
      24 a        0.096218       2.61824       21117.514       473.541     0.00003456     0.00002561
      25 a        0.096977       2.63889       21284.049       469.835     0.05662174     0.05603121
      26 a        0.097377       2.64978       21371.884       467.904     0.02893789     0.02832068
      27 a        0.098146       2.67069       21540.530       464.241     0.00005520     0.00003146
      28 a        0.098694       2.68559       21660.735       461.665     0.00039529     0.00037376
      29 a        0.098949       2.69255       21716.885       460.471     0.00046114     0.00044731
      30 a        0.099237       2.70037       21779.969       459.137     0.00162821     0.00164019
      31 a        0.099288       2.70177       21791.263       458.900     0.00081499     0.00073519
      32 a        0.099366       2.70388       21808.295       458.541     0.00267926     0.00265239
      33 a        0.101316       2.75696       22236.356       449.714     0.00049077     0.00048859
      34 a        0.101403       2.75931       22255.314       449.331     0.00045958     0.00047710
      35 a        0.101591       2.76444       22296.730       448.496     0.00016123     0.00016080
      36 a        0.104696       2.84891       22978.015       435.199     0.00102741     0.00135971
      37 a        0.104703       2.84912       22979.691       435.167     0.00049242     0.00043091
      38 a        0.106522       2.89862       23378.933       427.736     0.00000009     0.00000050
      39 a        0.107784       2.93296       23655.898       422.728     0.00006191     0.00005506
      40 a        0.107963       2.93781       23695.052       422.029     0.00058856     0.00056884
      41 a        0.108011       2.93914       23705.737       421.839     0.01165060     0.01149453
      42 a        0.108567       2.95426       23827.749       419.679     0.00000092     0.00000292
      43 a        0.109239       2.97255       23975.227       417.097     0.00073445     0.00070211
      44 a        0.109593       2.98219       24052.973       415.749     0.00036444     0.00033583
      45 a        0.110524       3.00751       24257.237       412.248     0.00021359     0.00020216
      46 a        0.110656       3.01110       24286.124       411.758     0.00016262     0.00016331
      47 a        0.110718       3.01278       24299.722       411.527     0.00098869     0.00097843
      48 a        0.111192       3.02569       24403.832       409.772     0.00007102     0.00006637
      49 a        0.111597       3.03670       24492.674       408.285     0.00002776     0.00002215
      50 a        0.116369       3.16656       25540.032       391.542     0.00165458     0.00162995
      51 a        0.116658       3.17444       25603.569       390.571     0.00002550     0.00002600
      52 a        0.117949       3.20955       25886.788       386.297     0.00010350     0.00010216
      53 a        0.118776       3.23205       26068.252       383.608     0.00026545     0.00024036
      54 a        0.119295       3.24618       26182.213       381.939     0.00008069     0.00005910
      55 a        0.120609       3.28194       26470.640       377.777     0.00074255     0.00069057
      56 a        0.120874       3.28915       26528.759       376.949     0.00049620     0.00048308
      57 a        0.121569       3.30805       26681.232       374.795     0.00015709     0.00017775
      58 a        0.121575       3.30822       26682.555       374.777     0.02114236     0.02077632
      59 a        0.121722       3.31222       26714.896       374.323     0.02184305     0.02151770
      60 a        0.122286       3.32758       26838.770       372.595     0.00116094     0.00116515
      61 a        0.122411       3.33097       26866.046       372.217     0.00099276     0.00093528
      62 a        0.123424       3.35853       27088.397       369.162     0.00040227     0.00041267
      63 a        0.124311       3.38267       27283.112       366.527     0.00016908     0.00016795
      64 a        0.125404       3.41241       27522.913       363.334     0.00344052     0.00340823
      65 a        0.125442       3.41346       27531.373       363.222     0.00037055     0.00036752
      66 a        0.125859       3.42480       27622.891       362.019     0.00447860     0.00444318
      67 a        0.126171       3.43328       27691.250       361.125     0.00012684     0.00008257
      68 a        0.126271       3.43602       27713.344       360.837     0.00000271     0.00000006
      69 a        0.126416       3.43996       27745.126       360.424     0.00000063     0.00000229
      70 a        0.126533       3.44313       27770.696       360.092     0.00006928     0.00007462
      71 a        0.127147       3.45985       27905.603       358.351     0.00151967     0.00130162
      72 a        0.127547       3.47074       27993.376       357.227     0.00162256     0.00153174
      73 a        0.128149       3.48712       28125.546       355.549     0.00003697     0.00003575
      74 a        0.128282       3.49074       28154.722       355.180     0.00000991     0.00001793
      75 a        0.128713       3.50245       28249.151       353.993     0.00183775     0.00199159
      76 a        0.129325       3.51912       28383.646       352.316     0.00005671     0.00007074
      77 a        0.129841       3.53316       28496.885       350.916     0.02265568     0.02188493
      78 a        0.130624       3.55447       28668.699       348.812     0.00000904     0.00001838
      79 a        0.130694       3.55636       28684.016       348.626     0.00006701     0.00006072
      80 a        0.130766       3.55833       28699.843       348.434     0.00089482     0.00083511
      81 a        0.130989       3.56440       28748.804       347.841     0.00327031     0.00332171
      82 a        0.132252       3.59875       29025.910       344.520     0.00527472     0.00548571
      83 a        0.132379       3.60220       29053.727       344.190     0.00014652     0.00014906
      84 a        0.132506       3.60566       29081.645       343.860     0.00018849     0.00023104
      85 a        0.133211       3.62485       29236.375       342.040     0.00429519     0.00461262
      86 a        0.134835       3.66905       29592.913       337.919     0.00000075     0.00000635
      87 a        0.135425       3.68511       29722.392       336.447     0.00115903     0.00117227
      88 a        0.135430       3.68523       29723.361       336.436     0.00140071     0.00144207
      89 a        0.135715       3.69298       29785.924       335.729     0.00168598     0.00172782
      90 a        0.136102       3.70353       29870.959       334.773     0.00064683     0.00066852
      91 a        0.137233       3.73430       30119.132       332.015     0.00004447     0.00004142
      92 a        0.137827       3.75046       30249.492       330.584     0.00116685     0.00129338
      93 a        0.138232       3.76149       30338.491       329.614     0.00035260     0.00035422
      94 a        0.138472       3.76802       30391.136       329.043     0.00002251     0.00002458
      95 a        0.139166       3.78689       30543.332       327.404     0.00007451     0.00004181
      96 a        0.139666       3.80050       30653.102       326.231     0.00105146     0.00111150
      97 a        0.139898       3.80683       30704.136       325.689     0.01653081     0.02130917
      98 a        0.140001       3.80961       30726.616       325.451     0.00117406     0.00127798
      99 a        0.140389       3.82017       30811.782       324.551     0.00028666     0.00024563
     100 a        0.141391       3.84744       31031.714       322.251     0.00002575     0.00003004
