# Electronic transition moments of , IRREP a   electric dipole (length) / electric dipole (velocity) / magnetic dipole
 0.11152337109235E-04   -.33462399123289E-05   0.95946036264951E-02   0.43367323021458E-05   -.67065294246802E-05   0.66891875017627E-03   0.15195036247562E-07   0.13374325307774E-07   0.84814476158812E-04
 0.35970990697760E+00   0.52639886175597E-01   -.37850357235400E+00   0.82170638645817E-01   -.55841914334835E-05   0.12570675722259E-05
 -.15835344420021E+00   0.92621040039881E+00   -.13406332933830E-05   -.13614492611550E+00   0.96563034516846E+00   0.60016129892385E-06   -.22120397309468E-03   -.42634540658175E-04   0.11309772133951E-08
 -.10980892136023E-04   0.28216875845787E-04   0.76752695643618E-06   -.94085673861739E-05   0.19696195875953E+00   0.43557208826880E+00
 -.40615546493221E-05   -.66232929651341E-05   -.18262495559797E+00   -.22699475130223E-05   -.63423841932509E-05   -.15224794148311E+00   -.22166098171745E-07   -.10999097919680E-07   0.13691610509193E-02
 0.86232858817138E-01   -.18702647038498E+00   -.29774440616140E+00   -.25127249505443E+00   -.97922763367986E-05   -.53114347320304E-05
 -.15988696495067E+00   -.12973285279693E+00   0.26832560354985E-05   -.12839070910511E+00   -.14518086170539E+00   0.32013172187347E-05   -.13129578303652E-02   -.40287382357677E-03   -.31861597820721E-07
 -.14659630861242E-04   0.25555508771787E-04   0.90490958775198E-05   0.18546648867609E-04   -.19916796938692E+00   -.36878353910449E+00
 -.60851172204108E-01   0.47627239312995E+00   -.18222409126432E-05   -.58799387065295E-01   0.47771720577159E+00   -.16355170816592E-05   0.18736559427373E-04   -.19115993120294E-04   0.24394473176753E-07
 -.32292646672341E-04   -.28503988731552E-04   0.16612426943804E-04   0.40336928154878E-04   -.52915842665700E-01   0.12259304503706E+00
 -.10287830614915E-03   -.40116908787126E-03   0.56050666579779E-01   -.95623509487076E-04   -.39236962136227E-03   0.53277605951327E-01   0.33773851000963E-05   -.15249154417878E-07   0.85645576793525E-03
 -.28813541141974E+00   0.27149885031397E-01   0.37843205202788E+00   0.41065762577618E-01   0.12111126510004E-04   -.11143925520005E-02
 0.20992563095134E-01   0.94618050935996E-01   0.22347658803020E-03   0.19053490481158E-01   0.92370129905328E-01   0.21157988709136E-03   -.82070303431511E-03   0.16764315680738E-04   0.34466752692129E-05
 -.12155158404415E-02   0.77913877423619E-04   0.15849996736059E-02   0.19463841551434E-03   -.34431258888733E-02   0.31274677020080E+00
 0.36378176596109E-05   -.41661540761848E-04   -.22908454819267E-01   0.17307078930777E-05   -.40746407409569E-04   -.25907372731122E-01   -.14285596554243E-06   -.57983631845269E-07   0.20573887266278E-03
 -.47689805182784E+00   0.43006787353855E+00   0.50036250467700E+00   -.30186899558770E+00   0.99219494098115E-04   -.15940728526592E-03
 -.38748301600488E-01   0.18492763056437E+00   -.41877429882304E-04   -.35476614223375E-01   0.18163600457450E+00   -.40941134497518E-04   0.71336871498164E-03   0.95061419548356E-04   -.12005139621035E-05
 -.67112250973639E-03   -.13109533540215E-02   0.49605902530766E-03   0.66483256458213E-03   -.41055214796047E+00   0.26933610541307E+00
 0.48650462237549E-03   0.16445697640598E-03   0.13619950170447E+00   0.49291607870088E-03   0.16058464617981E-03   0.13565697053010E+00   -.86781622795516E-06   0.47484532139708E-07   0.92952767871840E-03
 0.36444542687817E+00   0.67518047024481E+00   -.20568058562693E+00   -.17224574124638E+01   0.15556978812542E-03   -.44204109066193E-02
 0.14962068254673E-02   -.20793268090887E-03   0.10556977018060E+00   0.15011564232294E-02   -.20933809110095E-03   0.10661027046276E+00   -.55668650328212E-05   -.24261012344322E-06   -.47977433612301E-03
 -.20712176107930E+00   -.59201888984620E+00   0.22370727796314E+00   -.67713814077165E+00   0.20138938659532E-02   -.13880997222587E-01
 0.17926468554282E+00   0.31507097565399E-02   -.12539183928974E-02   0.18040436552228E+00   0.24792330105228E-02   -.12617243148106E-02   -.57404814338748E-03   -.13982696192465E-04   0.13738222658906E-05
 0.65387158173110E-03   0.30268283786295E-02   -.12111118925562E-02   0.10361584156741E-01   0.19064454061116E+00   -.16644531060411E+01
 -.99053939910192E-01   -.11859674772577E-02   0.42484553206026E-03   -.10871980822508E+00   -.36220432948270E-02   0.46020356768953E-03   -.10944990097201E-02   -.21163145080097E-03   -.33281003451310E-05
 -.11938822811453E-02   0.24708883955437E-02   0.31759248822144E-03   0.38493580090013E-02   0.13018345757582E+00   -.12721085931862E+01
 0.32018208895241E-03   0.36335515476159E-04   0.11603218119224E+00   0.35552584341529E-03   0.44383374947810E-04   0.12606076294535E+00   0.38920794660813E-05   0.11749822860982E-05   -.95254096245283E-03
 -.35073494225867E+00   0.66919980104247E+00   0.94508205022305E-01   0.11030583551968E+01   -.56422566112283E-03   0.44374302761002E-02
 -.15246253257047E+00   -.10364717175457E-01   -.86281093668641E-04   -.14935602742292E+00   -.11279209610602E-01   -.87305323614447E-04   -.36459295824166E-03   0.20376290207054E-02   0.27496126189678E-06
 0.13970317366377E-03   -.52438885074018E-03   -.92269316519744E-04   -.21503967005384E-03   -.21178395348202E+00   -.20142459454164E-01
 -.70109029118014E-04   0.64528177050565E-04   -.14715600610163E+00   -.62531687783980E-04   0.65652918373551E-04   -.13791726806884E+00   0.32566980308808E-06   -.21151535786078E-05   -.27323081801750E-03
 0.13679673569216E+00   -.94271467280495E+00   -.12983137887504E+00   0.59765250140635E+00   -.33137500930406E-03   0.34930196599679E-03
 0.13335809208081E+00   -.54842055778282E-01   -.13013587796082E-03   0.13041835754285E+00   -.52692577068565E-01   -.12368836968524E-03   0.33197970827667E-04   0.16473498536088E-02   -.18849909332871E-06
 0.21067766251734E-03   -.90132683797831E-03   -.12474580967792E-03   0.52830928278760E-03   0.32363567840969E+00   -.75409155615906E-01
 -.88445423707580E-01   0.46499159518294E+00   0.68769661709797E-04   -.84087414751106E-01   0.46642136120444E+00   0.61808570327683E-04   0.99683293269569E-03   0.85599631094344E-04   0.24302669901522E-05
 -.77631188774372E-03   -.34008471231188E-03   0.93878926440775E-03   -.15203569973145E-03   -.10904821744180E+00   0.17746352081620E-01
 -.15173872701957E-03   0.10052379183551E-02   -.35528623118998E-01   -.14322371871805E-03   0.10074855927566E-02   -.31096379694713E-01   0.16818391092693E-05   0.10662112961293E-06   -.13231466505413E-02
 0.45375040137507E+00   0.15772320365826E+00   -.55751818583598E+00   0.10731396888266E+00   -.23101183600234E-03   -.45402349371728E-04
 -.15816994015174E-03   -.11193462675515E-03   0.18811720080140E+00   -.19539173525238E-03   -.11965619025767E-03   0.21029014122951E+00   -.24146036302871E-05   -.18196352739166E-06   -.15918552150929E-02
 0.82940128827383E-01   0.13014964543437E+00   -.30186064154408E+00   0.14535730996433E+01   0.29133612086325E-03   -.20603998220470E-02
 0.13716821387981E+00   0.63457019955303E-01   0.10780229141556E-03   0.16895072177116E+00   0.69231317101071E-01   0.76571347001683E-04   0.22082292189125E-02   0.33550277541417E-03   0.20360970082690E-05
 0.28623986614538E-02   -.15997867141516E-02   -.25862936362660E-02   -.10729922965301E-02   -.31802493916636E+00   0.18447232405035E+01
 -.36459320269860E-03   -.22539067817615E-03   -.48701247866137E-01   -.44999261190321E-03   -.24118881089004E-03   -.69799444822835E-01   -.58149703556738E-05   -.86390911609036E-06   0.14373543644576E-02
 0.10472155785822E+01   -.68371559889170E+00   -.82439470949286E+00   -.99517613926918E+00   0.78244809503410E-03   -.49714357700777E-02
 0.30332485365502E-01   -.18740978038332E-01   -.42354188107122E-04   0.28680244297448E-01   -.17057575492096E-01   -.33290270098395E-04   -.11333959269052E-03   -.26260905018681E-03   -.12249590203244E-06
 -.74230835658627E-03   -.22925706999161E-03   0.60627373568277E-03   0.17867645722629E-03   -.29039137760332E-02   0.89274029011512E-01
 0.98298773383348E-04   -.18157470554377E-03   0.23211015991779E-01   0.89405341218016E-04   -.17777956509946E-03   0.19980925459452E-01   -.68338291810764E-06   -.85901581375119E-06   0.13616214791217E-03
 0.21847062299649E+00   0.26442641713812E+00   -.14643608352648E+00   -.15880596596637E-01   0.10285643308540E-03   0.44828630662686E-04
 -.10372363694273E+00   0.93007562466164E+00   0.60675523056516E-05   -.98821147298098E-01   0.92568866001310E+00   0.70107890737139E-05   -.89635256334316E-03   -.30547061476669E-03   0.37082989123366E-06
 0.22273048818732E-03   -.25827432061731E-03   -.31970797375988E-03   0.19649580275576E-03   -.50633091646500E-01   0.35745877442658E+00
 -.37841731560214E-01   0.66657819846118E+00   -.39577469569440E-05   -.40993944022724E-01   0.65921968676368E+00   -.13449512838580E-04   0.87417365588093E-04   0.45686632736656E-03   -.83759468325523E-06
 -.94412613979869E-03   -.15760176922857E-02   0.96155528606512E-03   -.10347538316955E-03   -.40839859232234E+00   -.78639698062815E-01
 0.14692798267460E-04   -.55180952115871E-03   0.29040173566354E-01   0.19539692286847E-04   -.54418615091272E-03   0.21920450571882E-01   -.53778198935514E-06   -.78136755106268E-06   -.79020964739091E-03
 -.50795808080016E+00   -.11350390125642E+01   0.63642580215013E+00   -.80386682726454E-01   0.54390044158409E-03   0.14935074347622E-03
 -.17395121533615E-03   -.31291339682838E-03   -.77509652119262E-01   -.16613310392240E-03   -.29294023473699E-03   -.75369489948460E-01   0.26905509194162E-06   -.31948479262089E-06   -.13400674402733E-03
 -.45042978520138E+00   0.62233338145297E+00   -.19346772606094E+00   0.45539678308441E+00   -.10451876244389E-02   0.19063928303666E-02
 -.24003824971921E-03   0.23579434135202E-03   -.83608629860021E-01   -.23671768355742E-03   0.23887409124300E-03   -.82345245143956E-01   0.67011204517664E-06   0.82216436087179E-07   -.15239019712946E-03
 0.62146610706073E-01   0.23114237462359E+01   0.16892058441141E+00   0.72968380951252E+00   -.51218939829058E-03   0.21111637467488E-02
 0.10151339773050E-02   -.29177348893574E-03   0.15687551445610E+00   0.10109929596893E-02   -.29127026745373E-03   0.15745159109138E+00   -.38905618010874E-05   -.27828443362372E-06   0.45677805458177E-03
 0.20097589065710E+00   0.12168792064514E+01   0.29487392253169E-01   -.16334760460635E+01   0.14143668614424E-02   -.96723448264566E-02
 -.94052875220151E-01   -.58875013667429E-01   0.46850932320248E-03   -.91597353247617E-01   -.52120983375944E-01   0.46330407065981E-03   0.23053474896331E-03   -.19483086367440E-03   0.10150206325452E-05
 0.14419976576015E-02   -.20610080724325E-02   0.45866724024836E-03   -.37969005862017E-02   -.43056488047773E+00   0.97755702509102E+00
 0.17268860701406E+00   -.10306942385380E+00   -.86638107522241E-03   0.17249524160969E+00   -.10141190342733E+00   -.86974430078168E-03   -.66151875147726E-03   -.10238671848364E-03   -.23644794084601E-05
 -.78687585372438E-03   -.48888787316242E-02   0.92642254103422E-04   0.90543990108992E-02   0.17462305956091E+00   -.16006391873494E+01
 -.84863767990776E-01   0.79572757702629E-02   0.85207042292214E-03   -.84741853503819E-01   0.71856480444521E-02   0.86838967991651E-03   -.68262193692565E-03   -.16182730923025E-03   -.60331949873745E-05
 -.32438779919163E-02   0.53836143778996E-02   0.46364722320116E-03   0.79469612158642E-02   0.86019198839630E-01   -.80148173087716E+00
 -.85331477023657E-03   0.29640254057402E-04   -.82447597139863E-01   -.85162464669765E-03   0.22667320630825E-04   -.84004889942736E-01   -.70618314194496E-05   -.31718863810833E-05   0.59014461273254E-03
 0.32182411999557E+00   -.51940046424358E+00   -.51795815814718E-01   -.77901019489484E+00   0.98544508058110E-03   -.79097819283053E-02
 0.30709996609945E-01   -.37913821153472E-01   0.53122620719955E-04   0.30690551539164E-01   -.37846251421566E-01   0.53856287273367E-04   -.71386281147264E-04   -.16309014857379E-02   -.52723666019149E-06
 -.38765451769570E-03   0.79025474316176E-03   0.24497148207583E-04   0.77791210077495E-03   0.10425996365207E+00   0.16699288909928E+00
 -.91942706557645E-01   0.77592158562037E-01   -.15684290315230E-01   -.90498386315184E-01   0.10528683335461E+00   -.14341777491202E-01   0.18234487823874E-03   -.30932280786521E-04   -.31868728372344E-04
 -.79583485160004E-01   0.34039344746966E+00   -.41998908198103E-01   0.68736864291000E-01   -.74967478063298E+00   0.61748493245662E+00
 -.17915453875731E-01   0.15106699578807E-01   0.80655890402107E-01   -.17634145948252E-01   0.20502779011707E-01   0.73769865154363E-01   0.35568740874715E-04   -.61197963914171E-05   0.16304305465251E-03
 0.40846699597086E+00   -.17537668925430E+01   0.21494074978387E+00   -.35173181485513E+00   -.14606900689077E+00   0.12033802427233E+00
 0.43358715294550E-04   -.95968494870854E-04   -.11052651372716E-02   0.42222664529170E-04   -.10327828325875E-03   -.26594459729018E-02   -.59973101895136E-07   0.79281863329808E-07   -.27842136016135E-03
 -.37945296499907E+00   -.27061162144551E+01   -.14660937366456E+00   0.57033513828361E+00   0.31277983349582E-03   -.26412431321622E-03
 0.20706897074306E-04   -.34463656660322E-04   -.29353129886877E-01   0.19309902939329E-04   -.38858824936049E-04   -.27680816500286E-01   -.56047236246086E-07   0.11225005498010E-08   0.47330304065433E-04
 0.35577834269071E+00   0.40649638884094E+00   -.36774541267631E+00   0.15657543292675E+00   0.12431020847696E-03   -.18552069538112E-03
 0.41535943195588E-03   0.90427492216104E-01   0.11101870568913E-04   0.32731874450976E-02   0.88839796440730E-01   0.45171187513886E-05   0.62813635237543E-04   0.42458873311966E-03   0.53727326440953E-07
 0.54453389931389E-03   0.51321469874919E-03   -.49537062977721E-03   -.19844001459592E-03   0.49645156102237E-02   0.19812184869168E+00
 -.18401833890862E-01   0.40181874438599E+00   -.22006401744290E-04   -.19120436774017E-01   0.39907896816954E+00   -.19356438837768E-04   -.24277680736766E-03   -.18528713974695E-03   -.56477555265413E-07
 -.22131965182332E-03   -.56819594373709E-03   0.67366168500376E-04   0.11209754345319E-03   0.63989713379628E-01   0.28109419622847E+00
 0.92000286729634E-04   -.18450851983059E-03   0.35605891553039E-02   0.96440425388595E-04   -.18709728115249E-03   0.63477737572171E-02   0.26334722287997E-06   0.10006639243616E-05   -.42371693419353E-04
 -.23646651619580E+00   -.63651049679810E+00   0.12355894025634E+00   0.15937579756185E+00   -.92181287474894E-05   0.38994842004700E-03
 0.82110145441573E-01   -.57817545349785E-01   -.13499951320273E-03   0.78534528640470E-01   -.58934093108395E-01   -.13317596099417E-03   -.20053043391065E-03   -.13363144273276E-03   -.24598466316666E-06
 0.37527049915683E-03   0.29719826815721E-02   0.45632898201863E-04   -.65618462239690E-03   0.34327037577521E-01   0.25908261679041E-01
 -.12671075223089E-03   0.40213788707368E-04   -.70625782359592E-01   -.11949723847810E-03   0.41491708678519E-04   -.67797535354567E-01   0.46291216665589E-06   0.42190750011189E-06   -.19106245579116E-03
 0.10143943064352E+00   0.88135145553074E+00   0.55406157531010E-01   -.28806646797126E+00   -.50557517864408E-04   -.75812790069705E-04
 -.20859571952572E-03   -.68332332930026E-03   -.53835707506512E-01   -.19450475019485E-03   -.68164181546859E-03   -.52375093216173E-01   -.66729516816378E-06   -.40237125072748E-05   0.39799798164840E-03
 0.24560189074433E+00   0.10654420145004E+01   -.69954964548566E+00   0.34738218528492E+00   -.99898740651728E-03   0.40086243926463E-02
 0.40423430711845E-03   0.14794376173793E-02   0.46926584812145E-01   0.37381824729884E-03   0.14752442557328E-02   0.47026184395570E-01   0.21433852216999E-05   0.13250798578327E-04   0.44944807773644E-03
 0.10111842176678E+01   -.62583594241056E+00   -.78459021038986E+00   0.58575663368132E-01   0.18688956694648E-02   -.86630083700870E-02
 0.27228357582173E-01   0.11248376412817E+00   -.88502649536507E-03   0.25046517226049E-01   0.11237256108440E+00   -.87896549662352E-03   0.20570020402491E-03   0.11957699086267E-02   -.36667344482833E-05
 -.11854006591553E-01   0.12939112741354E-01   0.62349616691899E-02   0.12783975850132E-02   0.11607366303589E+00   -.63541971490613E+00
 -.25995053775731E-01   -.16801660952407E-01   0.12986166433050E-03   -.25157434121916E-01   -.16199214429823E-01   0.13113016162419E-03   0.35600783730968E-03   0.17077457339545E-02   -.62866624181597E-07
 0.10750843934502E-02   0.66010803297372E-03   0.32783224595275E-03   -.57135345757482E-03   -.23871041838560E+00   0.29348539821346E+00
 -.93802381470570E-05   0.11917185866744E-03   -.19314758794771E-01   -.97296381946963E-05   0.11888407493578E-03   -.17256025121574E-01   -.12449055590843E-06   -.90840296964404E-06   0.10333764307521E-03
 0.24104232826609E+00   0.41404918343033E+01   0.23603558320831E+00   -.13995986684780E+00   0.16460742942369E-03   -.19313476532885E-03
 0.50439901428088E-02   0.14595270028928E+00   0.19907346516980E-04   0.40595407646823E-02   0.14489198930915E+00   0.20000517357386E-04   -.11583955520314E-03   -.13592643847209E-04   0.61449065616811E-07
 0.26594969308478E-04   -.10648529245726E-05   0.10036762542106E-04   0.10827630965268E-03   -.10734541687930E+00   0.12520646285992E+00
 -.50159662601177E-05   -.12959255697270E-03   0.18105814260458E-01   -.40280176001565E-05   -.12948189306569E-03   0.18284912787438E-01   0.16003467689787E-06   0.27917422130616E-07   0.52761499596403E-04
 0.55802672412795E-01   -.13230523377824E+00   -.12764718664080E-01   0.13024766386910E+00   0.90598103853677E-04   -.73995178808564E-04
 -.51884902035572E-02   0.35907000672370E-01   0.68031307862665E-05   -.29538696858142E-02   0.35923030258593E-01   0.68753459007588E-05   0.12168812718771E-03   -.22549174655470E-03   0.38247989378399E-07
 0.13208583918086E-03   -.82829081816355E-04   -.12912157351933E-03   0.26381611203808E-04   -.58787164789621E-01   -.31944970086485E-01
 -.32832199552599E-01   -.47689931867537E-01   0.22766048815956E-05   -.28502600425207E-01   -.47149012985628E-01   0.23774526478201E-05   0.62856591241309E-03   0.16611890861431E-03   -.80498351096567E-07
 -.95015193605863E-04   -.65328224653573E-04   0.87222461174049E-04   -.48679809759623E-05   -.63958635867674E-01   0.17288583751268E+00
 0.75504445245553E-05   0.55121224070008E-06   -.31852702936415E-01   0.73283426896296E-05   -.79662517603220E-06   -.27260312938336E-01   -.83084028791478E-07   0.28466983379580E-09   -.49508245203625E-03
 -.12448461835388E+00   -.18325357341470E-01   0.14937525426992E+00   0.18482456195333E+00   0.28918717374626E-04   -.21991185659918E-04
 -.31241499471978E-03   0.96098458803863E-01   0.74233645565315E-04   0.17722596722626E-02   0.92657484362753E-01   0.71668503566992E-04   -.74391541155441E-04   0.23293461162177E-03   0.17184133947133E-06
 -.37978984266679E-03   0.27468006046453E-03   0.43048048323209E-03   -.16263637207956E-03   0.46179687227230E-01   -.17922475508027E+00
 -.33734177676512E-04   0.13169628335074E-03   -.78470328523421E-01   -.33988891492072E-04   0.12775698920664E-03   -.77426125537835E-01   -.12986472624305E-06   -.94945295472538E-07   0.17233870824489E-03
 0.48806325003698E+00   -.19658863189478E-01   -.62885027300199E+00   0.16800714825479E+00   0.10876135337979E-04   -.28181028641144E-03
 0.27840427010642E-03   -.16550851399131E-02   -.43993593395188E-01   0.29999767243122E-03   -.16342741062868E-02   -.46801543441905E-01   -.12584739463764E-06   0.11098364683134E-05   0.48456834158303E-03
 0.28745987956266E+00   0.26484128367639E+00   -.50068567216515E+00   0.13243697684959E+00   0.10158553018700E-02   -.50624937277404E-04
 -.10329894113076E+00   0.50018578167533E+00   -.12817378381786E-03   -.10943595109028E+00   0.49433191137445E+00   -.13784238616845E-03   0.91509051336835E-04   -.32846899894064E-03   0.14492578295790E-05
 0.68144144087499E-03   0.73771307819759E-03   -.13786934603516E-02   0.37662062345825E-03   -.32752122355445E+00   0.10050145449319E+00
 -.48717659151463E-01   -.51652876250148E+00   -.91328239733543E-05   -.48789696569785E-01   -.51262617489452E+00   -.95319780782328E-05   0.12654300462499E-03   -.39104705638485E-03   -.21801335046297E-06
 -.29936399156323E-03   0.27844008316765E-03   0.28988792695804E-03   0.21062133698262E-04   0.12093790987384E+00   -.13753889592688E+00
 -.10437306245414E-03   -.15210283099650E-03   0.11933283756610E+00   -.10198889540440E-03   -.15291894638829E-03   0.11954930027090E+00   0.11571838455771E-06   0.97197266286852E-07   0.62127661465838E-03
 0.46893338450113E+00   0.10014384906826E-01   -.32676341549538E+00   -.15107900935801E+00   0.25643884117851E-05   0.17760902621963E-03
 0.88478443850885E-01   0.65852806315923E-01   0.15929318293645E-03   0.84157522273390E-01   0.66168030540358E-01   0.15799378309550E-03   -.22062945630208E-03   -.27422237280407E-03   0.93925484235081E-06
 0.14491787092347E-03   0.16451988704511E-03   -.58989868930149E-04   -.15219079418951E-03   0.48050754562930E-01   -.22389793707703E+00
 0.72943572281204E-04   0.98139573098553E-05   -.69920845152998E-01   0.68949747286637E-04   0.10729319354201E-04   -.70818652456162E-01   -.24325973704347E-06   -.12847923512771E-08   -.16722691733749E-03
 0.53546274469803E+00   0.13547694314351E+00   -.60669906329894E+00   0.77925182710817E-01   0.24526376856563E-04   -.26763249435810E-03
 -.41515416476240E-01   -.17796513521858E-01   -.48926529185844E-04   -.40535017610425E-01   -.19583376132277E-01   -.48690382694171E-04   0.24789803359636E-03   -.39461186068694E-03   -.35826620022202E-06
 0.32982003792614E-04   0.34448851076567E-04   -.11557167950901E-03   0.48249761243395E-04   0.37087432989380E-01   0.18577713538235E+00
 0.81756335687459E-04   -.20286261984857E+00   0.31798724902387E-03   0.90428821933577E-04   -.20190838489203E+00   0.32044613592714E-03   0.95285762463908E-03   -.51817363567129E-03   -.51465265321577E-06
 0.75717630812092E-03   -.29806807100746E-02   -.13260345024830E-02   0.38440516469142E-03   -.90974228956280E-01   -.30206198482918E+00
 -.23242089749402E-04   0.85387199078291E-03   0.66559336945263E-01   -.21712625884617E-04   0.84971784818931E-03   0.66286777114612E-01   -.40805877375519E-05   0.24767854751627E-05   0.62093384737369E-04
 0.25096723373035E+00   -.55204865161689E+00   -.39520661890628E+00   0.30793638953337E-01   0.42215120027333E-03   0.13911788803319E-02
 0.19926732456700E-01   0.23017215636001E+00   -.15727160801808E-04   0.22360272674355E-01   0.22902891458466E+00   -.69320077820038E-05   0.11710244072813E-02   -.43935461556771E-03   -.14526172808242E-05
 -.82151285266979E-03   -.73839279933334E-03   0.53369256006032E-03   0.74676360809624E-04   -.28504747230557E+00   0.42184373524283E+00
 -.33064826681783E-04   0.20283808920209E-03   0.38831512259978E-01   -.32740795933897E-04   0.20318500108119E-03   0.31329953378383E-01   0.14212086382630E-05   0.13811161540143E-06   0.10730747904979E-02
 0.73657021458867E+00   0.15669270788538E+00   -.43664705845875E+00   -.16574321102028E+00   -.21475643747369E-03   0.15234068184630E-03
 0.39356947754106E-04   -.13460952969813E-03   0.56683778081875E-02   0.50478786857995E-04   -.13439833866977E-03   0.84650841867651E-03   0.17262346040591E-05   -.47969391712363E-06   0.11311724042602E-02
 -.12860242489155E+00   0.70516892495795E+00   -.22165257008270E+00   -.65264064652927E+00   -.35860995628004E-03   0.65613776454201E-03
 -.11264862612921E-02   -.24843326995860E-02   0.13522614866876E-04   -.47527704544148E-02   -.21473918861830E-02   0.15875296878486E-04   -.53263836780721E-03   0.15548945352630E-03   -.12955442509509E-06
 -.19392598294093E-02   -.10013259324963E-02   0.99493921387971E-03   -.20882506095258E-02   0.11594020108065E+00   -.27834129942069E+00
 0.68567670178695E-04   -.18424331390795E-03   0.28657716045272E-01   0.71243951152056E-04   -.18331759830060E-03   0.29741689067636E-01   0.19310150292693E-07   -.39820566988336E-06   -.68608928303946E-03
 -.11683601908712E+00   -.11934381310292E+01   0.40741151734444E+00   -.20418345752047E+00   -.94047756899970E-04   0.15673386891033E-03
 -.13126844759423E+00   0.26392761639845E-01   -.16159574260662E-03   -.12079140638777E+00   0.27660001854054E-01   -.15230028111927E-03   0.13645956084367E-02   0.95488371043762E-03   -.24878273609192E-05
 0.17939509792061E-03   -.88324508310626E-03   -.33112924840036E-03   0.11328868609119E-04   -.13546107863737E+00   0.34724143765182E+00
 -.18096567647778E-03   0.12998861768475E-03   0.13813688264997E+00   -.16998225406466E-03   0.13101756735698E-03   0.13421537386825E+00   0.13757369304302E-05   0.83191593008586E-06   0.16694155210479E-02
 -.54964250722228E+00   0.13462696592963E+00   0.76251696365116E+00   -.11807073535864E+00   -.13151362759580E-03   0.47803185734481E-03
 0.15952278407057E-01   -.13352825651126E-01   0.99142967502049E-04   0.15044678908110E-01   -.13858019763991E-01   0.11899162139172E-03   -.50687968046461E-03   0.59830107286610E-03   0.12735280503886E-05
 -.40661904352708E-03   0.20849497414326E-02   -.67091465437744E-03   0.62860448572717E-03   -.15075828967396E-01   0.33559040173950E-01
 0.23538937457235E-03   -.22432062396902E-03   -.10762235445498E-01   0.23160862442233E-03   -.22850592929775E-03   -.14474320387578E-01   -.34670242528037E-05   0.34496343173936E-05   -.16052783707710E-03
 0.36914141576916E-01   -.42610968335607E+00   0.17474355284282E+00   -.12945535238750E+00   -.25416929085642E-04   0.14694242541769E-03
 0.13450659605023E+00   -.57661280771309E-01   0.11467238361425E-04   0.13936686215989E+00   -.61535744434070E-01   0.15611158093277E-04   -.10158147163030E-02   0.56166528639417E-03   0.28921747263527E-06
 -.63495923398794E-04   0.62107628219588E-04   -.44699878230928E-04   0.16673773814722E-03   0.91111239104212E-01   0.21715010623644E+00
 0.50080733550585E-04   -.48992648743174E-03   0.25640961527839E-01   0.48416226972763E-04   -.48135427341043E-03   0.28639195800360E-01   0.10050769116217E-05   -.50894123293526E-07   0.69906844877980E-03
 0.23531178860730E+00   -.53459285903453E+00   -.32488324197339E+00   0.36118839542460E-01   -.22195912902510E-03   -.75083748292729E-03
 0.86644004362034E-01   -.50420626115164E+00   0.10241204484562E-04   0.86263717370821E-01   -.49536404554164E+00   0.66183189771000E-05   0.84409164852100E-03   0.35713399396453E-03   -.53146791592999E-06
 0.12278734854695E-03   -.16628834346226E-03   0.55140427406014E-03   0.26875517542603E-03   -.21028879497251E+00   -.79996527818569E+00
 0.78549282078734E-04   -.31879647553540E-03   0.10183334994025E-01   0.83842379877580E-04   -.31121146115212E-03   0.14523989916279E-01   0.80474299374048E-06   0.61869896833925E-07   -.45206990051527E-03
 -.32712902176098E+00   0.37086942566583E+00   0.28429767270727E-01   -.15689114343973E+00   -.33872515435958E-03   -.40970569298732E-03
 0.18351450649897E-03   -.10898462085826E-02   -.27709863151864E-01   0.20233598487146E-03   -.10670043598652E-02   -.26376865773518E-01   0.18949827100629E-05   -.57437253789497E-06   0.59869797232361E-03
 -.50493967870627E+00   0.16800441110591E+01   -.41985118663868E+00   -.14565679719683E+00   -.14805134294091E-02   -.46839089662069E-03
 0.84343176386981E-02   -.10096135931287E+00   0.15863406522001E-03   0.11425971445882E-01   -.97205165192129E-01   0.14470888969783E-03   0.22709727581610E-03   -.15999994516611E-03   -.29750384268022E-05
 0.32715922612512E-02   -.97446874887429E-02   0.23555156418402E-02   0.11560020437500E-02   -.24279583309308E+00   -.12272758337719E+00
 0.66935186238031E-01   -.18157392372579E+00   0.33111606726858E-04   0.67441591869290E-01   -.18300173668078E+00   0.29939103800832E-04   0.13399279081100E-03   0.11931025766559E-03   -.10810590321402E-05
 0.83357157027352E-03   -.26067621983104E-02   0.68470040215500E-03   0.30662155733928E-03   -.17789164299527E-01   0.36103743214768E+00
 -.89703902473635E-04   -.73105293438566E-05   -.24459320625510E+00   -.92506194272941E-04   -.59245240912146E-05   -.24943728861892E+00   -.95590843800779E-06   0.91331732735483E-07   0.17974462823364E-02
 0.60338370398517E-01   0.10387461100323E+01   -.35449086163117E+00   -.88266535129106E+00   -.18845403197551E-03   -.24482424290691E-03
 -.15498219110092E-01   -.37681234272144E-01   -.45387545923843E-03   -.15025687361025E-01   -.38248644752161E-01   -.48841259896830E-03   0.14308228649456E-03   -.27316791628716E-03   0.43080450324844E-05
 0.65539081459847E-03   -.22815954853658E-02   0.18606160724069E-02   -.20338503937297E-02   0.51565951904304E-01   -.22829847778093E+00
 -.77859617380407E-04   -.29409008250201E-03   0.46191384405021E-01   -.72771825398678E-04   -.29724008492964E-03   0.51140487356011E-01   0.11951359070717E-05   -.16314885807668E-05   -.50530062740966E-03
 -.86616617841751E-01   0.44230798738987E+00   -.32510796283250E+00   0.24641982302945E+00   0.34287898380449E-03   -.14882770301002E-02
 0.21670696903003E+00   -.37462327302079E-01   -.11373702869602E-03   0.22515843126538E+00   -.35262449033642E-01   -.11564080230604E-03   0.22549763932148E-02   0.30990048472480E-03   0.90670234384051E-06
 0.85395432698059E-04   0.54206794976725E-03   -.17075808434443E-03   -.44205497035618E-03   0.17349641281625E+00   0.67448272190221E+00
 0.28447683348742E-04   -.22494092879073E-05   0.28868599733646E-02   0.27991387871684E-04   -.68549397700324E-05   -.84028069411855E-02   0.71506342511381E-07   -.40677521888990E-07   0.70891383229273E-03
 0.29207806811290E+00   -.32962852659161E+01   0.44716774681205E+00   0.39219736872735E+00   0.51175655185895E-04   0.60844863051018E-04
 -.34369314229419E-02   0.35791416855988E-02   0.11319471525514E+00   -.35015628978106E-02   0.36160099674799E-02   0.11383759488599E+00   -.95569609002007E-05   -.20896307343388E-04   0.38544710876841E-04
 -.15956660855940E+00   -.33058124299214E+00   0.28187269478472E+00   0.85563248612189E-01   -.44880504696447E-02   0.16616016667989E-02
 -.88671181302947E-01   0.87348452254316E-01   -.46664138839718E-02   -.90319050542323E-01   0.88275599511286E-01   -.46916120711074E-02   -.24274544324739E-03   -.52737996561489E-03   -.17104109462178E-05
 0.63626590251067E-02   0.13954916332919E-01   -.11529562834486E-01   -.43725492515284E-02   -.11144598728909E+00   0.28676216436778E-01
 0.12589603178248E+00   0.52768828627823E-01   -.37535293065242E-03   0.12773488646963E+00   0.52731316098015E-01   -.37733903804184E-03   0.22076651710707E-03   0.31961210515063E-03   -.16668963666317E-06
 0.22306916523457E-03   0.62980225977496E-03   -.58549127055841E-03   -.17510046688553E-02   0.14664580633577E-01   0.42674913419505E+00
 0.25361049126727E-03   0.29180305613607E-03   0.84431136655758E-01   0.25839717394903E-03   0.29319596679447E-03   0.85835024016806E-01   0.56821063534660E-06   -.40843554206579E-07   -.33234164219551E-04
 -.49035790262765E-01   0.80680412745355E-01   0.66062857433704E-01   0.51184701312829E+00   -.11850023750967E-03   0.13566839304257E-02
 0.94095671161036E-04   -.17698532225448E-03   0.22046639792969E-01   0.98774648045301E-04   -.19024646328299E-03   0.21275369079958E-01   0.31612088862143E-06   0.35553192226272E-07   -.25470408516022E-03
 0.10873567315755E-02   0.44725556550404E+00   0.64983607853592E-01   -.26556085428777E-01   0.52163707947944E-03   0.10308100753485E-02
 -.36407585607601E-01   0.10664664487626E+00   0.19914533166378E-03   -.38572833821346E-01   0.11219739349079E+00   0.19514265494724E-03   -.22734679757535E-03   0.15236688743306E-03   -.21799049242228E-05
 -.21843073721764E-03   -.23539062837260E-04   0.31954505618623E-03   -.29260411840123E-04   -.21949952381829E+00   -.38766218207440E+00
 -.68390010326414E-04   0.28247545478783E-03   -.61855273673364E-01   -.73449992676534E-04   0.29381383088576E-03   -.61997647763021E-01   -.81419919819808E-06   0.11112478699270E-05   0.77539211619297E-03
 0.10535764048886E+00   0.34555029238920E+00   -.54103401747270E-01   -.11506109748872E+00   -.52805655002393E-03   -.93662261835828E-03
 -.80602121089132E-02   -.13373418837447E-01   -.42856471872182E-04   -.90945199469710E-02   -.13546859378781E-01   -.42439713482676E-04   0.43096972409094E-04   -.17673173189540E-02   -.11175268322237E-07
 0.89741322093679E-04   0.23278494796283E-03   -.53046455140318E-04   0.45035837496936E-04   -.82845482942717E-02   -.43912742948900E-01
 0.12228924416439E-04   -.46638960351256E-04   0.28339226048169E-01   0.12350956923631E-04   -.48284795678825E-04   0.21227750792994E-01   -.41993840806856E-07   -.44224007140076E-06   0.13526595757356E-02
 -.95455813811487E-02   -.19587663866780E+00   0.16830128715150E+00   -.81338831044041E+00   0.28054547656205E-04   -.33021261283650E-04
 0.10574760144282E+00   0.10476004641810E-01   -.53280450500255E-03   0.10922402981820E+00   0.26978592115068E-02   -.55571061847111E-03   0.72094964858791E-03   -.32692282954141E-03   0.45098628705460E-05
 0.22974936539187E-03   -.37522431476897E-02   0.40394185831644E-03   -.41281507676229E-02   0.24090314215077E-01   0.61829467918851E+00
 -.15099201083378E-01   0.42073323640538E+00   -.32421098159022E-03   -.22643768093958E-01   0.47745739613609E+00   -.34058825382333E-03   -.19856030695032E-03   -.11635472993917E-03   0.29343625461267E-05
 0.25503253743322E-03   -.26248297615939E-02   0.32085788378919E-03   -.25271767768962E-02   -.46472005392806E+00   0.26403460088321E+00
 -.42463663008972E-03   -.13549144355756E-02   -.11214782863973E+00   -.41999120662608E-03   -.14897144993864E-02   -.11700523125729E+00   -.27257940294181E-05   0.19044083937097E-05   0.92536547479665E-03
 0.64493941807272E-01   -.76458549833635E+00   0.83053071448124E-01   -.81302614349852E+00   0.13282341269876E-02   -.37666856794154E-02
 -.54236024483317E-01   -.11011470114392E-01   -.12897638196775E-04   -.49752985006551E-01   -.12212240251570E-01   -.15703611882554E-04   0.12403017941134E-02   0.28055372447166E-03   0.17312196119301E-06
 0.36890937965218E-04   -.35987343513048E-04   0.26557895271484E-04   -.15091736591032E-03   0.36553255450547E-01   0.61628281343559E+00
 -.22169617003703E-03   0.33389231990161E-03   0.16523931275043E-01   -.24190544916413E-03   0.36189834056083E-03   0.17846030210680E-01   -.31321145471115E-05   -.19836915820649E-06   0.15190145446825E-03
 -.81848564801438E-01   -.30568247759748E+00   -.66044417403431E-01   0.73045263117919E-01   -.11280537364180E-02   -.32862573971844E-02
