# Electronic excitation spectrum of , IRREP a   
#  excitation energy / cm^(-1)  oscillator strength (length rep.)
 0.37118240512593E+04   0.50456885472670E-08
 0.61164928071053E+04   0.17668394247626E-01
 0.12096004194972E+05   0.85166578918547E-03
 0.12343605106070E+05   0.14083518664356E-02
 0.16604505203960E+05   0.11684824853590E-01
 0.17887871967488E+05   0.15424015324416E-03
 0.17948870761033E+05   0.48497927208116E-03
 0.18296930375600E+05   0.37303576538600E-04
 0.18863230195747E+05   0.19624742671825E-02
 0.18992386409675E+05   0.10616821667569E-02
 0.19025238955531E+05   0.65696222264038E-03
 0.19038345712160E+05   0.18825692469655E-02
 0.19538643097396E+05   0.70230491048297E-03
 0.19581876750095E+05   0.94524001284032E-03
 0.19719249164666E+05   0.13437863868560E-02
 0.20112229790673E+05   0.11620427776079E-02
 0.20324409357299E+05   0.12214866925867E-02
 0.20488009131420E+05   0.13978861124357E-01
 0.20609431449654E+05   0.60600320566736E-04
 0.20757857732060E+05   0.27883371562978E-02
 0.20826398369434E+05   0.21089649746512E-02
 0.20874891687723E+05   0.30894119130765E-03
 0.20979136372876E+05   0.70959315747340E-04
 0.21117514296028E+05   0.25611881518052E-04
 0.21284048907613E+05   0.56031206960813E-01
 0.21371883617101E+05   0.28320684678889E-01
 0.21540529584826E+05   0.31459199279630E-04
 0.21660734682404E+05   0.37376395797719E-03
 0.21716884603472E+05   0.44730755639432E-03
 0.21779969063109E+05   0.16401938197970E-02
 0.21791263009451E+05   0.73518926569778E-03
 0.21808295339637E+05   0.26523899381246E-02
 0.22236356195137E+05   0.48858562724146E-03
 0.22255313941035E+05   0.47710276914616E-03
 0.22296730477499E+05   0.16080233013154E-03
 0.22978014826370E+05   0.13597132002676E-02
 0.22979690545832E+05   0.43091080447120E-03
 0.23378933035406E+05   0.50314737399131E-06
 0.23655897570948E+05   0.55058288226033E-04
 0.23695052074050E+05   0.56883502471683E-03
 0.23705736942234E+05   0.11494533204164E-01
 0.23827749253892E+05   0.29196284521319E-05
 0.23975227198485E+05   0.70211055329791E-03
 0.24052972574277E+05   0.33583232367601E-03
 0.24257237439397E+05   0.20215985356438E-03
 0.24286123676374E+05   0.16331147603564E-03
 0.24299721959132E+05   0.97842639166473E-03
 0.24403831838397E+05   0.66368915058762E-04
 0.24492674376219E+05   0.22154548432797E-04
 0.25540032454671E+05   0.16299541994712E-02
 0.25603569397174E+05   0.26003542319945E-04
 0.25886787773820E+05   0.10215863419763E-03
 0.26068251518051E+05   0.24035668423249E-03
 0.26182212975269E+05   0.59100679093308E-04
 0.26470639953246E+05   0.69057202127934E-03
 0.26528759013149E+05   0.48307845597910E-03
 0.26681232014807E+05   0.17774512681142E-03
 0.26682554594897E+05   0.20776322765040E-01
 0.26714895833774E+05   0.21517696878667E-01
 0.26838770440646E+05   0.11651507884530E-02
 0.26866045586360E+05   0.93527673452987E-03
 0.27088397048540E+05   0.41267053361193E-03
 0.27283111696635E+05   0.16795234145214E-03
 0.27522912611567E+05   0.34082284377780E-02
 0.27531373250866E+05   0.36751705788190E-03
 0.27622890778847E+05   0.44431825953350E-02
 0.27691250489941E+05   0.82566755574908E-04
 0.27713344393004E+05   0.62057078993923E-07
 0.27745125881064E+05   0.22923764599870E-05
 0.27770696001749E+05   0.74621062267200E-04
 0.27905602948928E+05   0.13016205304887E-02
 0.27993376456132E+05   0.15317410098653E-02
 0.28125546383492E+05   0.35745250017601E-04
 0.28154721828479E+05   0.17926330507008E-04
 0.28249151295621E+05   0.19915933251009E-02
 0.28383645991944E+05   0.70735616279700E-04
 0.28496885045809E+05   0.21884931849983E-01
 0.28668699023145E+05   0.18378839946981E-04
 0.28684016053935E+05   0.60722040272168E-04
 0.28699842731534E+05   0.83510878207220E-03
 0.28748804139683E+05   0.33217116331410E-02
 0.29025910461839E+05   0.54857129601164E-02
 0.29053727305659E+05   0.14905544971369E-03
 0.29081644903724E+05   0.23104078770635E-03
 0.29236375008957E+05   0.46126232516012E-02
 0.29592912740061E+05   0.63469635893276E-05
 0.29722391544714E+05   0.11722705630815E-02
 0.29723360736726E+05   0.14420655043297E-02
 0.29785923851597E+05   0.17278226612870E-02
 0.29870958642979E+05   0.66851574990510E-03
 0.30119131861844E+05   0.41415714196090E-04
 0.30249492015408E+05   0.12933813450144E-02
 0.30338491270179E+05   0.35422497770444E-03
 0.30391136380097E+05   0.24576923571704E-04
 0.30543331713174E+05   0.41807209220759E-04
 0.30653102264117E+05   0.11115048387838E-02
 0.30704135642267E+05   0.21309167315785E-01
 0.30726615633357E+05   0.12779848062885E-02
 0.30811782133524E+05   0.24563348715693E-03
 0.31031713513186E+05   0.30038050088636E-04
