$coord
    0.00000000000000     -0.00000000000000      0.00000000000000      mo
   -0.00000000000000      0.00000000000000     -6.31029506600304      y
    0.00000000000000     -0.00000000000000      6.31029506600304      y
    3.41901633054344      0.04316479837579     -2.47293646139909      s
   -3.41901633054344     -0.04316479837579     -2.47293646139909      s
    0.04316479837579     -3.41901633054344      2.47293646139909      s
   -0.04316479837579      3.41901633054344      2.47293646139909      s
    2.26712305288615     -4.26433415528763     -7.64814120002259      c
    0.18435492467763     -5.01232035127496     -6.12713877903538      c
   -2.06754147883880     -4.42136019068571     -7.46013164413222      c
   -1.38260798926773     -3.29703534033116     -9.80385603494477      c
    1.30417248773782     -3.20388864238103     -9.92182755971191      c
    2.06754147883880      4.42136019068571     -7.46013164413222      c
   -0.18435492467763      5.01232035127496     -6.12713877903538      c
   -2.26712305288615      4.26433415528763     -7.64814120002259      c
   -1.30417248773782      3.20388864238103     -9.92182755971191      c
    1.38260798926773      3.29703534033116     -9.80385603494477      c
    4.26433415528763      2.26712305288615      7.64814120002259      c
    3.20388864238103      1.30417248773782      9.92182755971191      c
    3.29703534033116     -1.38260798926773      9.80385603494477      c
    4.42136019068571     -2.06754147883880      7.46013164413222      c
    5.01232035127496      0.18435492467763      6.12713877903538      c
   -4.42136019068571      2.06754147883880      7.46013164413222      c
   -3.29703534033116      1.38260798926773      9.80385603494477      c
   -3.20388864238103     -1.30417248773782      9.92182755971191      c
   -4.26433415528763     -2.26712305288615      7.64814120002259      c
   -5.01232035127496     -0.18435492467763      6.12713877903538      c
   -3.98601202017298     -4.74244700819340     -6.77763841154308      h
   -2.68293917920579     -2.65449470642828    -11.26986996225023      h
    0.29418024074078     -5.81593013418812     -4.23236959182905      h
    2.42303854755218     -2.47227609628816    -11.49183196944029      h
    4.25585463213698     -4.44880302795869     -7.13612555585953      h
    2.68293917920579      2.65449470642828    -11.26986996225023      h
    3.98601202017298      4.74244700819340     -6.77763841154308      h
   -0.29418024074078      5.81593013418812     -4.23236959182905      h
   -4.25585463213698      4.44880302795869     -7.13612555585953      h
   -2.42303854755218      2.47227609628816    -11.49183196944029      h
   -4.44880302795869     -4.25585463213698      7.13612555585953      h
   -5.81593013418812     -0.29418024074078      4.23236959182905      h
   -4.74244700819340      3.98601202017298      6.77763841154308      h
   -2.65449470642828      2.68293917920579     11.26986996225023      h
   -2.47227609628816     -2.42303854755218     11.49183196944029      h
    2.47227609628816      2.42303854755218     11.49183196944029      h
    4.44880302795869      4.25585463213698      7.13612555585953      h
    5.81593013418812      0.29418024074078      4.23236959182905      h
    2.65449470642828     -2.68293917920579     11.26986996225023      h
    4.74244700819340     -3.98601202017298      6.77763841154308      h
$redundant
     number_of_atoms            47
     degrees_of_freedom         33
     internal_coordinates       51
     frozen_coordinates          0
# definitions of redundant internals
   1 k  1.0000000000000 stre   11   29           val=   2.06226
   2 k  1.0000000000000 stre    9   30           val=   2.06107
   3 k  1.0000000000000 stre   12   31           val=   2.06205
   4 k  1.0000000000000 stre   10   28           val=   2.06141
   5 k  1.0000000000000 stre    8   32           val=   2.06185
   6 k -0.7071059259577 bend   10   30    9      val=   0.06902
        0.7071073908734 bend    8   30    9
        0.0005892772807 bend    2   30    9
   7 k -0.7071055557070 bend    8   31   12      val=   0.20027
        0.7070997066370 bend   11   31   12
        0.0034260709490 bend    2   31   12
   8 k -0.7071111630139 bend    9   28   10      val=   0.43955
        0.7071004005709 bend   11   28   10
        0.0016812654951 bend    2   28   10
   9 k -0.7071062790222 bend   10   29   11      val=   0.21483
        0.7070992162879 bend   12   29   11
        0.0033776459968 bend    2   29   11
  10 k -0.7071114595234 bend    9   32    8      val=   0.38416
        0.7071013629026 bend   12   32    8
        0.0010229329892 bend    2   32    8
  11 k  0.0276364670350 bend   10   30    9      val= 115.70377
        0.0268036644156 bend    8   30    9
        0.9992586198096 bend    2   30    9
  12 k  0.0132146010894 bend    9   28   10      val= 116.65450
        0.0108374595610 bend   11   28   10
        0.9998539512290 bend    2   28   10
  13 k -0.0057137378640 bend    8   31   12      val= 113.74666
       -0.0105586804143 bend   11   31   12
        0.9999279311368 bend    2   31   12
  14 k -0.0093750363704 bend   10   29   11      val= 112.15256
       -0.0141512056356 bend   12   29   11
        0.9998559156559 bend    2   29   11
  15 k  0.0100211399211 bend    9   32    8      val= 116.67094
        0.0085747520481 bend   12   32    8
        0.9999130214084 bend    2   32    8
  16 k  1.0000000000000 tors    1    4    2    5 val=  98.10113
        1.0000000000000 tors    1    4    2    8
        1.0000000000000 tors    1    4    2    9
        1.0000000000000 tors    1    4    2   10
        1.0000000000000 tors    1    4    2   11
        1.0000000000000 tors    1    4    2   12
        1.0000000000000 tors    1    4    2   13
        1.0000000000000 tors    1    4    2   14
        1.0000000000000 tors    1    4    2   15
        1.0000000000000 tors    1    4    2   16
        1.0000000000000 tors    1    4    2   17
  17 k  1.0000000000000 tors   10   11    2    4 val=  93.69171
        1.0000000000000 tors   10   11    2    5
        1.0000000000000 tors   10   11    2    8
        1.0000000000000 tors   10   11    2    9
        1.0000000000000 tors   10   11    2   13
        1.0000000000000 tors   10   11    2   14
        1.0000000000000 tors   10   11    2   15
        1.0000000000000 tors   10   11    2   16
        1.0000000000000 tors   10   11    2   17
        1.0000000000000 tors   12   11    2    4
        1.0000000000000 tors   12   11    2    5
        1.0000000000000 tors   12   11    2    8
        1.0000000000000 tors   12   11    2    9
        1.0000000000000 tors   12   11    2   13
        1.0000000000000 tors   12   11    2   14
        1.0000000000000 tors   12   11    2   15
        1.0000000000000 tors   12   11    2   16
        1.0000000000000 tors   12   11    2   17
  18 k  1.0000000000000 tors    8   12    2    4 val=  82.57103
        1.0000000000000 tors    8   12    2    5
        1.0000000000000 tors    8   12    2    9
        1.0000000000000 tors    8   12    2   10
        1.0000000000000 tors    8   12    2   13
        1.0000000000000 tors    8   12    2   14
        1.0000000000000 tors    8   12    2   15
        1.0000000000000 tors    8   12    2   16
        1.0000000000000 tors    8   12    2   17
        1.0000000000000 tors   11   12    2    4
        1.0000000000000 tors   11   12    2    5
        1.0000000000000 tors   11   12    2    9
        1.0000000000000 tors   11   12    2   10
        1.0000000000000 tors   11   12    2   13
        1.0000000000000 tors   11   12    2   14
        1.0000000000000 tors   11   12    2   15
        1.0000000000000 tors   11   12    2   16
        1.0000000000000 tors   11   12    2   17
  19 k  1.0000000000000 tors    9    8    2    4 val=  70.01645
        1.0000000000000 tors    9    8    2    5
        1.0000000000000 tors    9    8    2   10
        1.0000000000000 tors    9    8    2   11
        1.0000000000000 tors    9    8    2   13
        1.0000000000000 tors    9    8    2   14
        1.0000000000000 tors    9    8    2   15
        1.0000000000000 tors    9    8    2   16
        1.0000000000000 tors    9    8    2   17
        1.0000000000000 tors   12    8    2    4
        1.0000000000000 tors   12    8    2    5
        1.0000000000000 tors   12    8    2   10
        1.0000000000000 tors   12    8    2   11
        1.0000000000000 tors   12    8    2   13
        1.0000000000000 tors   12    8    2   14
        1.0000000000000 tors   12    8    2   15
        1.0000000000000 tors   12    8    2   16
        1.0000000000000 tors   12    8    2   17
  20 k  1.0000000000000 tors    9   10    2    4 val=  86.08437
        1.0000000000000 tors    9   10    2    5
        1.0000000000000 tors    9   10    2    8
        1.0000000000000 tors    9   10    2   12
        1.0000000000000 tors    9   10    2   13
        1.0000000000000 tors    9   10    2   14
        1.0000000000000 tors    9   10    2   15
        1.0000000000000 tors    9   10    2   16
        1.0000000000000 tors    9   10    2   17
        1.0000000000000 tors   11   10    2    4
        1.0000000000000 tors   11   10    2    5
        1.0000000000000 tors   11   10    2    8
        1.0000000000000 tors   11   10    2   12
        1.0000000000000 tors   11   10    2   13
        1.0000000000000 tors   11   10    2   14
        1.0000000000000 tors   11   10    2   15
        1.0000000000000 tors   11   10    2   16
        1.0000000000000 tors   11   10    2   17
  21 k  1.0000000000000 tors    8    9    2    4 val=  41.84341
        1.0000000000000 tors    8    9    2    5
        1.0000000000000 tors    8    9    2   11
        1.0000000000000 tors    8    9    2   12
        1.0000000000000 tors    8    9    2   13
        1.0000000000000 tors    8    9    2   15
        1.0000000000000 tors    8    9    2   16
        1.0000000000000 tors    8    9    2   17
        1.0000000000000 tors   10    9    2    4
        1.0000000000000 tors   10    9    2    5
        1.0000000000000 tors   10    9    2   11
        1.0000000000000 tors   10    9    2   12
        1.0000000000000 tors   10    9    2   13
        1.0000000000000 tors   10    9    2   15
        1.0000000000000 tors   10    9    2   16
        1.0000000000000 tors   10    9    2   17
  22 k  1.0000000000000 stre    1    4           val=   4.21983
  23 k  1.0000000000000 bend    5    4    1      val= 108.24874
  24 k  1.0000000000000 stre    2    4           val=   5.13973
  25 k  1.0000000000000 stre    2   11           val=   4.99870
  26 k  1.0000000000000 stre    2   12           val=   5.00089
  27 k  1.0000000000000 stre   11   12           val=   2.69098
  28 k  1.0000000000000 stre    2    8           val=   5.01141
  29 k  1.0000000000000 stre   12    8           val=   2.68728
  30 k  1.0000000000000 stre    2   10           val=   5.01451
  31 k  1.0000000000000 stre   11   10           val=   2.68817
  32 k  1.0000000000000 stre    2    9           val=   5.01905
  33 k  1.0000000000000 stre    8    9           val=   2.68530
  34 k  1.0000000000000 stre   10    9           val=   2.68275
  35 k -0.2049108273241 bend    5    4    2      val=  70.81423
       -0.0293294932059 bend   11    4    2
       -0.0193645771613 bend   11    5    2
        0.2512249461642 bend   17   11    2
        0.2180604285454 bend   16   11    2
       -0.0143722224783 bend   12    4    2
       -0.0198712263645 bend   12    5    2
        0.2436731350222 bend   12   16    2
       -0.0775266582706 bend    8    4    2
       -0.1425729211126 bend    8    5    2
        0.0710453950940 bend    8   11    2
        0.2218170038482 bend    8   17    2
        0.2856535214891 bend    8   16    2
        0.3302329635050 bend    8   15    2
       -0.1454193383642 bend   10    4    2
       -0.0818756609050 bend   10    5    2
        0.2277052966669 bend   10   16    2
        0.0705748837330 bend   10   12    2
        0.0310068060711 bend   10    8    2
        0.2920372583032 bend   13   11    2
        0.1566135818773 bend   13    8    2
        0.3333979229189 bend   13   10    2
       -0.1217653597082 bend    9    4    2
       -0.1255763876765 bend    9    5    2
        0.0415679332306 bend    9   11    2
        0.2540864344434 bend    9   17    2
        0.2633976569671 bend    9   16    2
        0.0434752083282 bend    9   12    2
        0.1280668363832 bend    9   13    2
        0.1540484743861 bend   14    8    2
  36 k -0.0713574403265 bend    5    4    2      val=   3.79296
       -0.1380689404612 bend   11    4    2
       -0.0103517478383 bend   11    5    2
        0.2621461135525 bend   17   11    2
       -0.1100453630172 bend   16   11    2
        0.1103953543483 bend   12    4    2
        0.2484316871751 bend   12    5    2
       -0.4721893137493 bend   12   16    2
        0.0273888281794 bend    8    4    2
        0.0923663330503 bend    8    5    2
       -0.1280144146693 bend    8   11    2
        0.0633421849485 bend    8   17    2
       -0.2910769950790 bend    8   16    2
       -0.1319636210374 bend    8   15    2
       -0.1563048315243 bend   10    4    2
       -0.0537237301085 bend   10    5    2
       -0.1041071264978 bend   10   16    2
        0.2833558377408 bend   10   12    2
        0.0234035156093 bend   10    8    2
        0.2687008316834 bend   13   11    2
        0.0293583343333 bend   13    8    2
        0.2802166781112 bend   13   10    2
       -0.0436997542636 bend    9    4    2
        0.0036808029632 bend    9    5    2
       -0.1259391481706 bend    9   11    2
        0.1725593973286 bend    9   17    2
       -0.2365944904208 bend    9   16    2
        0.2854995923744 bend    9   12    2
        0.0896940089427 bend    9   13    2
       -0.0504708532336 bend   14    8    2
  37 k -0.2097657023020 bend    5    4    2      val=  10.17334
        0.3216288774537 bend   11    4    2
        0.0870945241953 bend   11    5    2
       -0.3945278393356 bend   17   11    2
       -0.3375271033941 bend   16   11    2
        0.1996063887674 bend   12    4    2
        0.0388154513521 bend   12    5    2
       -0.2169000083789 bend   12   16    2
        0.0390423564401 bend    8    4    2
       -0.2277758382348 bend    8    5    2
        0.2464413965577 bend    8   11    2
       -0.0869264750340 bend    8   17    2
        0.0339951892237 bend    8   16    2
        0.2731644075083 bend    8   15    2
        0.0229256525502 bend   10    4    2
       -0.1095646995370 bend   10    5    2
       -0.0352752853485 bend   10   16    2
        0.1480965086192 bend   10   12    2
        0.0167077214215 bend   10    8    2
       -0.1095250423991 bend   13   11    2
        0.1045512049548 bend   13    8    2
        0.1657505685076 bend   13   10    2
        0.0292042179277 bend    9    4    2
       -0.1694738622179 bend    9    5    2
        0.3088815563499 bend    9   11    2
       -0.1418107922868 bend    9   17    2
       -0.0272213620266 bend    9   16    2
        0.1998358692099 bend    9   12    2
        0.0546850212765 bend    9   13    2
        0.1199233724763 bend   14    8    2
  38 k -0.0577007868085 bend    5    4    2      val=   3.15298
       -0.2269228847597 bend   11    4    2
        0.3076175234395 bend   11    5    2
       -0.1944190075106 bend   17   11    2
       -0.0978318964143 bend   16   11    2
       -0.2283773282829 bend   12    4    2
        0.3238118417531 bend   12    5    2
        0.0210673020240 bend   12   16    2
       -0.3094335253138 bend    8    4    2
        0.2601004762076 bend    8    5    2
        0.0857094559927 bend    8   11    2
       -0.0186386662360 bend    8   17    2
        0.0778042518372 bend    8   16    2
        0.1278890625793 bend    8   15    2
       -0.3189529826579 bend   10    4    2
        0.2976120504513 bend   10    5    2
       -0.0159354551627 bend   10   16    2
        0.0205185974721 bend   10   12    2
       -0.0000404937572 bend   10    8    2
       -0.0981785110512 bend   13   11    2
        0.0316419048423 bend   13    8    2
       -0.0036031005997 bend   13   10    2
       -0.3552080492290 bend    9    4    2
        0.3135152319864 bend    9    5    2
        0.1235635364183 bend    9   11    2
       -0.0733089020413 bend    9   17    2
        0.0284300642287 bend    9   16    2
        0.0219659468933 bend    9   12    2
       -0.0097935595093 bend    9   13    2
        0.0639892888984 bend   14    8    2
  39 k  0.0229288874287 bend    5    4    2      val=  -0.09489
        0.0936488494824 bend   11    4    2
        0.0430901037213 bend   11    5    2
       -0.2193374869488 bend   17   11    2
       -0.0074759704717 bend   16   11    2
       -0.0727137916040 bend   12    4    2
       -0.0854449027487 bend   12    5    2
        0.2263791059673 bend   12   16    2
        0.1116949425440 bend    8    4    2
        0.2169315285991 bend    8    5    2
       -0.0061825382365 bend    8   11    2
       -0.3321135055908 bend    8   17    2
       -0.1084526916968 bend    8   16    2
       -0.4224975216932 bend    8   15    2
       -0.1955995496916 bend   10    4    2
       -0.1726507139085 bend   10    5    2
        0.3155699271199 bend   10   16    2
        0.0835359873696 bend   10   12    2
        0.0747141960984 bend   10    8    2
        0.1294513362376 bend   13   11    2
       -0.0338072990558 bend   13    8    2
        0.4712822572203 bend   13   10    2
        0.0031357779322 bend    9    4    2
        0.0132200957902 bend    9    5    2
        0.1123411342997 bend    9   11    2
       -0.1312234571423 bend    9   17    2
        0.1063995230440 bend    9   16    2
       -0.1271090647190 bend    9   12    2
        0.1029828561988 bend    9   13    2
       -0.1684652301446 bend   14    8    2
  40 k  0.4588429661406 bend    5    4    2      val=  -5.17580
       -0.0285910196436 bend   11    4    2
       -0.2234687833604 bend   11    5    2
        0.0328261109751 bend   17   11    2
       -0.0676277628424 bend   16   11    2
       -0.2038331297965 bend   12    4    2
       -0.0265708032729 bend   12    5    2
       -0.0239786922867 bend   12   16    2
       -0.3184475287913 bend    8    4    2
        0.0442706519057 bend    8    5    2
        0.2686789144522 bend    8   11    2
       -0.0201732206178 bend    8   17    2
        0.1201893107600 bend    8   16    2
        0.2738233679249 bend    8   15    2
        0.0942670378472 bend   10    4    2
       -0.2714198484493 bend   10    5    2
       -0.0814319156294 bend   10   16    2
        0.2377941297805 bend   10   12    2
        0.3408809603639 bend   10    8    2
        0.0936295128339 bend   13   11    2
       -0.1899523659423 bend   13    8    2
        0.1592338099974 bend   13   10    2
        0.0662613162047 bend    9    4    2
        0.0854922079941 bend    9    5    2
       -0.0593587657917 bend    9   11    2
       -0.1164095840403 bend    9   17    2
       -0.1302252598628 bend    9   16    2
       -0.0503044498136 bend    9   12    2
       -0.1733954575145 bend    9   13    2
       -0.1198896824170 bend   14    8    2
  41 k -0.3494087421187 bend    5    4    2      val=  -5.88604
        0.0602315156164 bend   11    4    2
        0.0555757923193 bend   11    5    2
        0.1267906573127 bend   17   11    2
        0.0667829115654 bend   16   11    2
        0.0696492812456 bend   12    4    2
        0.0731962904298 bend   12    5    2
        0.0996233204790 bend   12   16    2
        0.0051851236080 bend    8    4    2
        0.1646246872308 bend    8    5    2
        0.1278448529314 bend    8   11    2
       -0.1617508491062 bend    8   17    2
       -0.0248683793976 bend    8   16    2
       -0.1199783239350 bend    8   15    2
        0.1758569008975 bend   10    4    2
        0.0157359096714 bend   10    5    2
       -0.1740202102678 bend   10   16    2
        0.0856755520089 bend   10   12    2
        0.4194945550660 bend   10    8    2
       -0.0245185571503 bend   13   11    2
       -0.4587191603843 bend   13    8    2
       -0.1639263927487 bend   13   10    2
       -0.1710029124554 bend    9    4    2
       -0.1652534919752 bend    9    5    2
        0.1706438169400 bend    9   11    2
        0.2299736470556 bend    9   17    2
        0.2416068338449 bend    9   16    2
        0.1742145562130 bend    9   12    2
       -0.1530937747269 bend    9   13    2
       -0.1117580748352 bend   14    8    2
  42 k  0.5199722516256 bend    5    4    2      val=   6.60433
       -0.0641216079642 bend   11    4    2
       -0.1770184951391 bend   11    5    2
       -0.0556778326318 bend   17   11    2
       -0.0646409454515 bend   16   11    2
       -0.1729488093060 bend   12    4    2
       -0.0825787612917 bend   12    5    2
       -0.0597128013118 bend   12   16    2
       -0.0365110621786 bend    8    4    2
        0.0464580473503 bend    8    5    2
       -0.0722160491775 bend    8   11    2
       -0.0458291190697 bend    8   17    2
       -0.0894886892911 bend    8   16    2
       -0.1340023741410 bend    8   15    2
        0.0371507808576 bend   10    4    2
       -0.0509473858621 bend   10    5    2
       -0.0314956135842 bend   10   16    2
       -0.0500225425086 bend   10   12    2
       -0.1448181379631 bend   10    8    2
       -0.0673494468970 bend   13   11    2
        0.0709509781420 bend   13    8    2
       -0.0850503212587 bend   13   10    2
       -0.2482020399379 bend    9    4    2
       -0.2290244923075 bend    9    5    2
        0.3387732875942 bend    9   11    2
        0.2636801145140 bend    9   17    2
        0.2811685513172 bend    9   16    2
        0.3424050351043 bend    9   12    2
        0.1704013116751 bend    9   13    2
        0.2022495784649 bend   14    8    2
  43 k  0.0079076158522 bend    5    4    2      val=   2.23204
        0.0489494553118 bend   11    4    2
       -0.0726026015071 bend   11    5    2
        0.0569233914100 bend   17   11    2
       -0.0091217605691 bend   16   11    2
        0.0589875315912 bend   12    4    2
       -0.0373727868208 bend   12    5    2
       -0.0622633872252 bend   12   16    2
       -0.2206227441732 bend    8    4    2
        0.1400903335036 bend    8    5    2
        0.3059118602792 bend    8   11    2
       -0.1428141939244 bend    8   17    2
        0.0072108852759 bend    8   16    2
        0.1339204567486 bend    8   15    2
       -0.1445148079195 bend   10    4    2
        0.2160371183343 bend   10    5    2
        0.1215607230727 bend   10   16    2
       -0.2689308625473 bend   10   12    2
       -0.0062454485790 bend   10    8    2
       -0.0183544874012 bend   13   11    2
        0.0038565417846 bend   13    8    2
       -0.1198209000660 bend   13   10    2
        0.1874534158466 bend    9    4    2
       -0.2058830359227 bend    9    5    2
       -0.0861365661592 bend    9   11    2
        0.1130019384998 bend    9   17    2
       -0.0838136461679 bend    9   16    2
        0.1042242780588 bend    9   12    2
        0.5193235848341 bend    9   13    2
       -0.4745780361498 bend   14    8    2
  44 k -0.0267992665666 bend    5    4    2      val=   0.19043
        0.1933125609443 bend   11    4    2
       -0.3245172301624 bend   11    5    2
        0.3420824543319 bend   17   11    2
       -0.0002391905695 bend   16   11    2
        0.2361657672322 bend   12    4    2
       -0.1215664634633 bend   12    5    2
       -0.2333092619067 bend   12   16    2
       -0.0486654382468 bend    8    4    2
        0.0715566159186 bend    8    5    2
        0.3166218819369 bend    8   11    2
       -0.1971316167064 bend    8   17    2
       -0.1536258925139 bend    8   16    2
       -0.0125707704707 bend    8   15    2
       -0.0969621970832 bend   10    4    2
        0.1189107207004 bend   10    5    2
        0.1483826456099 bend   10   16    2
       -0.2629219225637 bend   10   12    2
       -0.0614969976954 bend   10    8    2
        0.1720004234346 bend   13   11    2
        0.0408820912985 bend   13    8    2
       -0.0380422589398 bend   13   10    2
       -0.2329934019277 bend    9    4    2
        0.2561728393141 bend    9    5    2
        0.1513778136883 bend    9   11    2
       -0.2028335652549 bend    9   17    2
        0.0970241334545 bend    9   16    2
       -0.1136253011379 bend    9   12    2
       -0.1977009816132 bend    9   13    2
        0.2183753466683 bend   14    8    2
  45 k -0.1014332721540 bend    5    4    2      val=   4.21576
        0.2600563843567 bend   11    4    2
       -0.2860549503316 bend   11    5    2
        0.2512808646690 bend   17   11    2
       -0.1574171764215 bend   16   11    2
       -0.3831658350884 bend   12    4    2
        0.3392930119224 bend   12    5    2
        0.3188853099940 bend   12   16    2
        0.1639507718267 bend    8    4    2
       -0.0500213938628 bend    8    5    2
        0.1496600038386 bend    8   11    2
       -0.1696800376427 bend    8   17    2
        0.1491437760005 bend    8   16    2
       -0.1413264301457 bend    8   15    2
       -0.0159647468695 bend   10    4    2
        0.1155033589432 bend   10    5    2
       -0.2410202102968 bend   10   16    2
        0.2541447477050 bend   10   12    2
       -0.2251861192098 bend   10    8    2
        0.0858218952130 bend   13   11    2
        0.1320185324868 bend   13    8    2
       -0.1170877113469 bend   13   10    2
        0.0644295946466 bend    9    4    2
       -0.0198369152564 bend    9    5    2
        0.0293015482754 bend    9   11    2
       -0.0994600131703 bend    9   17    2
       -0.1181928708998 bend    9   16    2
        0.0429781723553 bend    9   12    2
        0.0934107412083 bend    9   13    2
        0.0243637842453 bend   14    8    2
  46 k  1.0000000000000 bend    2    1    4      val=  84.17291
  47 k  1.0000000000000 bend   12    9    8      val= 108.13331
  48 k  1.0000000000000 bend    8   10    9      val= 107.95406
  49 k  1.0000000000000 bend   11    9   10      val= 108.14761
  50 k  1.0000000000000 bend   12   10   11      val= 107.88436
  51 k  1.0000000000000 bend   11    8   12      val= 107.88006
        33 non zero eigenvalues  of BmBt
           1           2.347762065    1    0
         1
           2           2.347569683    2    0
         2
           3           2.172005425    3    0
         3
           4           2.091670162    4    0
         4
           5           2.085753290    5    0
         5
           6           2.022566195    6    0
         6
           7           1.502503519    7    0
         7
           8           1.499432124    8    0
         8
           9           1.024676365    9    0
         9
          10           1.023368169   10    0
        10
          11           0.715571479   11    0
        11
          12           0.577297896   12    0
        12
          13           0.576799751   13    0
        13
          14           0.575121836   14    0
        14
          15           0.574000540   15    0
        15
          16           5.548709756    0    0
         0.000000000         0.000000000         0.000000000         0.000000000
         0.000000000         0.000000000         0.000000000         0.000000000
         0.000000000         0.000000000         0.000000000         0.000000000
         0.000000000         0.000000000         0.000000000         0.000215581
        -0.041183150         0.032983595         0.235090653        -0.240374949
         0.014016128        -0.003883957        -0.027658419        -0.459125768
         0.431878442         0.448974745         0.045609355         0.111314527
         0.019480353         0.083077481         0.017070893        -0.117972561
        -0.005901211        -0.007601467        -0.495328771        -0.004025547
        -0.011071808        -0.003498714         0.001601413         0.010352811
        -0.003263542         0.004086381        -0.000859519        -0.000949425
        -0.004394037        -0.046615459        -0.001197340         0.016665551
         0.000741159        -0.008449445        -0.007754299
          17           1.402203246    0    0
         0.000000000         0.000000000         0.000000000         0.000000000
         0.000000000         0.000000000         0.000000000         0.000000000
         0.000000000         0.000000000         0.000000000         0.000000000
         0.000000000         0.000000000         0.000000000         0.055447285
         0.350950642         0.030847953        -0.335291576         0.263812478
        -0.402475470         0.059739998        -0.059937807        -0.222705897
         0.056317811         0.067736754        -0.175547638        -0.008685159
        -0.108620916         0.153409515         0.147705771         0.086300989
        -0.030358244         0.517635250        -0.031685358        -0.034541931
        -0.006896606        -0.043084328         0.026099385         0.021476677
         0.061226372         0.066643593        -0.115282719        -0.001634086
        -0.050953167         0.018471099         0.119812138        -0.098226564
        -0.178933372         0.109241519         0.048046135
          18           1.397953758    0    0
         0.000000000         0.000000000         0.000000000         0.000000000
         0.000000000         0.000000000         0.000000000         0.000000000
         0.000000000         0.000000000         0.000000000         0.000000000
         0.000000000         0.000000000         0.000000000        -0.060427108
        -0.018399636        -0.359583533        -0.253954161         0.347231628
         0.390169532         0.065864238        -0.053927868        -0.199808643
         0.052801089         0.049003401        -0.189414885         0.157003057
         0.136199903        -0.010759586        -0.098790576         0.080052930
         0.528495536        -0.049006883        -0.033544505         0.016395423
        -0.054300423         0.027175324        -0.008645697         0.022061328
         0.068305072         0.061826714         0.110038511        -0.025457957
        -0.053669746         0.014159196        -0.187462692        -0.087432032
         0.107636970         0.054980838         0.112343382
          19           1.287658550    0    0
         0.000000000         0.000000000         0.000000000         0.000000000
         0.000000000         0.000000000         0.000000000         0.000000000
         0.000000000         0.000000000         0.000000000         0.000000000
         0.000000000         0.000000000         0.000000000         0.005785609
         0.076560692        -0.061910379         0.018117274        -0.031625050
        -0.001336380         0.777558219         0.119415070         0.383575780
         0.102449522         0.099590799         0.139344013         0.042245300
        -0.053204904         0.036489376        -0.046561309        -0.018388794
         0.055020289         0.062194519        -0.115540194        -0.041771785
        -0.115599494        -0.040423515         0.016353439         0.217490325
        -0.071730641         0.169634590         0.001609157        -0.001794440
         0.005120163        -0.236544184        -0.006066470         0.009673726
        -0.004119827        -0.005227527         0.005760759
          20           1.259845354    0    0
         0.000000000         0.000000000         0.000000000         0.000000000
         0.000000000         0.000000000         0.000000000         0.000000000
         0.000000000         0.000000000         0.000000000         0.000000000
         0.000000000         0.000000000         0.000000000         0.040131544
         0.181165658         0.188614555        -0.136435824        -0.147800298
        -0.110048572        -0.002816194        -0.001133433        -0.003632778
         0.154598612        -0.157035654        -0.013903377         0.034176176
        -0.414280404        -0.033874842         0.442249797        -0.005052116
         0.311348762        -0.335169758         0.000630635        -0.070700317
         0.032606928        -0.029585989         0.188983168        -0.027540646
        -0.014159579         0.004188390         0.056465503        -0.034682426
         0.006727398         0.001282812        -0.092126260         0.007485700
         0.085542552        -0.305191402         0.304541717
          21           1.248380453    0    0
         0.000000000         0.000000000         0.000000000         0.000000000
         0.000000000         0.000000000         0.000000000         0.000000000
         0.000000000         0.000000000         0.000000000         0.000000000
         0.000000000         0.000000000         0.000000000         0.004614108
        -0.008590663         0.009369210        -0.018713326         0.018089768
        -0.000628368        -0.103578885        -0.025085397        -0.078379300
         0.011586826         0.004015074         0.506652653        -0.101091823
        -0.473975131        -0.105709552        -0.452518970         0.136034550
         0.199124841         0.163019987        -0.003043551        -0.029199267
        -0.101389228        -0.035944974        -0.001698319        -0.050428038
         0.112722997         0.022255500        -0.000018283         0.016034630
         0.113741049         0.037452410         0.186805291        -0.253940619
         0.196577361        -0.071932191        -0.057115793
          22           1.038261365    0    0
         0.000000000         0.000000000         0.000000000         0.000000000
         0.000000000         0.000000000         0.000000000         0.000000000
         0.000000000         0.000000000         0.000000000         0.000000000
         0.000000000         0.000000000         0.000000000         0.014334845
         0.157283904        -0.094426865         0.021029226        -0.122139458
         0.061013264         0.283108970        -0.177681473        -0.471954779
        -0.213901835        -0.294326214        -0.190063234        -0.059854392
        -0.240542655        -0.104652425        -0.318874209        -0.245181146
        -0.260342440        -0.129925962         0.042621201        -0.106780140
        -0.167443271        -0.058470086        -0.016257546         0.088516622
        -0.075503923         0.004890966        -0.003380884         0.017371456
        -0.009647839         0.065005136        -0.154410363         0.138637560
        -0.088087088        -0.002551870         0.106206415
          23           1.023259948    0    0
         0.000000000         0.000000000         0.000000000         0.000000000
         0.000000000         0.000000000         0.000000000         0.000000000
         0.000000000         0.000000000         0.000000000         0.000000000
         0.000000000         0.000000000         0.000000000        -0.025149396
        -0.133449295        -0.177781235         0.271816900         0.229009080
        -0.299850777         0.064717844        -0.031928330        -0.084090424
        -0.247811096         0.154913857        -0.031563624        -0.155181454
        -0.249296348         0.123160400         0.142798201        -0.058599017
         0.260992395        -0.355870692         0.006902848         0.219476817
        -0.101803144        -0.047165652         0.101133398        -0.005670414
        -0.032743669         0.010259974         0.001731223        -0.111443158
         0.015585937         0.008881920         0.153564510         0.034874276
        -0.205260610         0.293686168        -0.277261908
          24           0.960126982    0    0
         0.000000000         0.000000000         0.000000000         0.000000000
         0.000000000         0.000000000         0.000000000         0.000000000
         0.000000000         0.000000000         0.000000000         0.000000000
         0.000000000         0.000000000         0.000000000        -0.003554456
        -0.266375971         0.262361627        -0.109774922         0.115893279
         0.004335763         0.281179989        -0.095527886        -0.239136089
         0.014206497         0.020700318        -0.215129498        -0.272473644
         0.127973406        -0.279725272         0.115190969         0.240938172
        -0.138475640        -0.151751077         0.006175228         0.014998136
         0.076022565         0.030628684        -0.024041986        -0.055109884
        -0.152684832         0.177696583         0.006888854        -0.000967241
        -0.032571773         0.010247612         0.279326844        -0.325518618
         0.284703950        -0.115467652        -0.122266123
          25           0.785075470    0    0
         0.000000000         0.000000000         0.000000000         0.000000000
         0.000000000         0.000000000         0.000000000         0.000000000
         0.000000000         0.000000000         0.000000000         0.000000000
         0.000000000         0.000000000         0.000000000        -0.018353799
        -0.087011007         0.064920718         0.128290757        -0.135424313
         0.001429516         0.200307659        -0.193826055        -0.363131515
        -0.163018061        -0.185634772         0.457381227         0.193682735
         0.253787592         0.222900665         0.251229067         0.272987414
         0.142714034         0.135843875         0.241766384         0.044231282
         0.089241243         0.043601348         0.018656932         0.182848016
        -0.014796011         0.042647787         0.011886023         0.012956386
         0.063689335         0.120128347        -0.029594658         0.127187274
        -0.024979925        -0.037881498        -0.034985028
          26           0.699095544    0    0
         0.000000000         0.000000000         0.000000000         0.000000000
         0.000000000         0.000000000         0.000000000         0.000000000
         0.000000000         0.000000000         0.000000000         0.000000000
         0.000000000         0.000000000         0.000000000        -0.685174888
        -0.153499952        -0.173226538        -0.151423458        -0.148593160
        -0.188422813         0.004015081         0.003899470         0.005630844
         0.059272781        -0.053743758        -0.008709853        -0.010792787
        -0.060243441        -0.010895851         0.028814278        -0.016619659
        -0.060312424         0.049778380        -0.009490771         0.099491399
        -0.186099200         0.568100316         0.048499733        -0.005723082
         0.000470673         0.000494312        -0.000283378         0.066896950
        -0.011147124        -0.004405900         0.005259979        -0.002230953
        -0.005417732        -0.045618024         0.048163152
          27           0.553547727    0    0
         0.000000000         0.000000000         0.000000000         0.000000000
         0.000000000         0.000000000         0.000000000         0.000000000
         0.000000000         0.000000000         0.000000000         0.000000000
         0.000000000         0.000000000         0.000000000         0.056073507
        -0.172890580        -0.182710462        -0.007325959         0.013366802
         0.221562204        -0.001661540         0.000722373         0.000944761
         0.352711952        -0.302177886         0.000090568        -0.576614396
        -0.075686967         0.548068758         0.080276786        -0.018912149
        -0.072282290         0.064740402        -0.002338838         0.023717260
         0.002355755        -0.058396890        -0.046190867         0.002708903
         0.006165635        -0.000525094         0.055209941         0.019927003
        -0.007517199        -0.000325332         0.040170500        -0.001996785
        -0.033955510        -0.027469678         0.023191358
          28           0.513171848    0    0
         0.000000000         0.000000000         0.000000000         0.000000000
         0.000000000         0.000000000         0.000000000         0.000000000
         0.000000000         0.000000000         0.000000000         0.000000000
         0.000000000         0.000000000         0.000000000        -0.262222168
         0.396520322         0.396216307         0.286188287         0.291308226
         0.472011822         0.002764328        -0.000606871        -0.000865377
        -0.156372197         0.150793792         0.011241201        -0.126720484
        -0.113067457         0.127539798         0.105070868        -0.010200458
        -0.034035013         0.030681720        -0.002774871        -0.141396700
        -0.013167358         0.268913803        -0.054276781         0.009937636
         0.004103848        -0.004149067         0.010912789        -0.134849479
         0.023197557        -0.000028073         0.059915104         0.003118624
        -0.060861689         0.004303254        -0.007384304
          29           0.457207467    0    0
         0.000000000         0.000000000         0.000000000         0.000000000
         0.000000000         0.000000000         0.000000000         0.000000000
         0.000000000         0.000000000         0.000000000         0.000000000
         0.000000000         0.000000000         0.000000000        -0.003296428
        -0.026125489         0.013733093         0.214056850        -0.265089863
         0.018373250        -0.025920336         0.081175228         0.066281902
        -0.189153540        -0.132171950        -0.370017375         0.145134839
        -0.153770734         0.219841316        -0.133058336         0.673946940
         0.041409520         0.046770202        -0.250784730        -0.036157370
        -0.078690500        -0.021352096        -0.002288518        -0.058425097
        -0.070271201        -0.070716667         0.003325938         0.003247266
        -0.019078044        -0.077425661        -0.025987475        -0.090094354
        -0.034628252         0.074241884         0.077012216
          30           0.424712577    0    0
         0.000000000         0.000000000         0.000000000         0.000000000
         0.000000000         0.000000000         0.000000000         0.000000000
         0.000000000         0.000000000         0.000000000         0.000000000
         0.000000000         0.000000000         0.000000000        -0.042119626
         0.012385522         0.030291296         0.404843493         0.370620430
        -0.098277658         0.002027135         0.006938993         0.004497068
         0.481463306        -0.506540862        -0.027447352         0.286392819
        -0.018770315        -0.240371162        -0.010344586         0.039269333
        -0.033431466         0.032051501        -0.022496440         0.128788680
        -0.045543169         0.018256399        -0.088920932        -0.000111941
        -0.011105792        -0.002554068        -0.086903505        -0.106863384
         0.013736771        -0.007717021         0.034991761        -0.006079027
        -0.037668473         0.048063771        -0.036458631
          31           0.374855142    0    0
         0.000000000         0.000000000         0.000000000         0.000000000
         0.000000000         0.000000000         0.000000000         0.000000000
         0.000000000         0.000000000         0.000000000         0.000000000
         0.000000000         0.000000000         0.000000000         0.001530965
        -0.322395239         0.309686319        -0.132207639         0.111229324
         0.001139973         0.034073659         0.024924999         0.009105545
        -0.168508627        -0.160082518        -0.067067531         0.440281185
        -0.092817152         0.464607908        -0.093768892        -0.392102939
         0.005787370         0.004001480        -0.119123509        -0.003183264
         0.028408208         0.011989456        -0.035950372        -0.184303023
        -0.046625081         0.165369501         0.003661730         0.017611536
         0.044181604        -0.034598962         0.098219217        -0.157366290
         0.100747502        -0.024771042        -0.020657185
          32           0.247226772    0    0
         0.000000000         0.000000000         0.000000000         0.000000000
         0.000000000         0.000000000         0.000000000         0.000000000
         0.000000000         0.000000000         0.000000000         0.000000000
         0.000000000         0.000000000         0.000000000        -0.013241304
         0.039500298        -0.029921435        -0.098828431         0.096632106
        -0.001208268        -0.002339417        -0.048574006        -0.006090832
         0.316928894         0.322196723        -0.006345061         0.254213726
        -0.099754662         0.250257178        -0.110838237         0.228310486
        -0.256120235        -0.261781873         0.525905146        -0.101582897
        -0.275510272        -0.072233724        -0.028236166        -0.111660035
        -0.202641991        -0.027009959        -0.003595057        -0.003029293
        -0.017421750         0.055919545         0.013677495         0.063516450
         0.019659185        -0.048073777        -0.048728150
          33           0.015268617    0    0
         0.000000000         0.000000000         0.000000000         0.000000000
         0.000000000         0.000000000         0.000000000         0.000000000
         0.000000000         0.000000000         0.000000000         0.000000000
         0.000000000         0.000000000         0.000000000         0.003568454
        -0.023008139         0.019463197         0.045308199        -0.043624312
         0.001124181         0.286713510        -0.504145302         0.250746405
         0.078677220         0.081731835        -0.071558088         0.016198802
        -0.039209340         0.012220820        -0.035814085        -0.010795961
         0.034441616         0.038899953        -0.088771112         0.044463271
         0.133455830         0.036872445        -0.015896748        -0.315621491
         0.186668815        -0.285804170        -0.007814293         0.005199712
         0.008863180         0.569145248        -0.019287219        -0.012601620
        -0.020419025         0.024958570         0.027434276
$user-defined bonds
$end
