$coord
   -0.00000000000000      0.00000000000000      0.00000000000000  mo
   -0.00000000000000      0.00000000000000     -6.38092760132128  dy
   -0.00000000000000     -0.00000000000000      6.38092760132128  dy
    2.38816183863935      2.38816183863935     -2.50176694177973  s
   -2.38816183863935     -2.38816183863935     -2.50176694177973  s
    2.38816183863935     -2.38816183863935      2.50176694177973  s
   -2.38816183863935      2.38816183863935      2.50176694177973  s
    4.63732653836502     -1.58390441880916     -7.62635178512835  c
    3.57803112538845     -3.57803112538845     -6.20212538260147  c
    1.58390441880916     -4.63732653836502     -7.62635178512835  c
    1.40123738294691     -3.29431750211392     -9.93056031601247  c
    3.29431750211392     -1.40123738294691     -9.93056031601247  c
   -1.58390441880916      4.63732653836502     -7.62635178512835  c
   -3.57803112538845      3.57803112538845     -6.20212538260147  c
   -4.63732653836502      1.58390441880916     -7.62635178512835  c
   -3.29431750211392      1.40123738294691     -9.93056031601247  c
   -1.40123738294691      3.29431750211392     -9.93056031601247  c
    1.58390441880916      4.63732653836502      7.62635178512835  c
    1.40123738294691      3.29431750211392      9.93056031601247  c
    3.29431750211392      1.40123738294691      9.93056031601247  c
    4.63732653836502      1.58390441880916      7.62635178512835  c
    3.57803112538845      3.57803112538845      6.20212538260147  c
   -4.63732653836502     -1.58390441880916      7.62635178512835  c
   -3.29431750211392     -1.40123738294691      9.93056031601247  c
   -1.40123738294691     -3.29431750211392      9.93056031601247  c
   -1.58390441880916     -4.63732653836502      7.62635178512835  c
   -3.57803112538845     -3.57803112538845      6.20212538260147  c
    0.37876830486522     -6.17340789895907     -7.02761848680693  h
    0.06345588145762     -3.65420492830680    -11.43173753600850  h
    4.12844359056323     -4.12844359056323     -4.31503700027191  h
    3.65420492830680     -0.06345588145762    -11.43173753600850  h
    6.17340789895907     -0.37876830486522     -7.02761848680693  h
   -0.06345588145762      3.65420492830680    -11.43173753600850  h
   -0.37876830486521      6.17340789895907     -7.02761848680693  h
   -4.12844359056323      4.12844359056323     -4.31503700027191  h
   -6.17340789895907      0.37876830486521     -7.02761848680693  h
   -3.65420492830680      0.06345588145762    -11.43173753600850  h
   -0.37876830486521     -6.17340789895907      7.02761848680693  h
   -4.12844359056323     -4.12844359056323      4.31503700027191  h
   -6.17340789895907     -0.37876830486521      7.02761848680693  h
   -3.65420492830680     -0.06345588145762     11.43173753600850  h
   -0.06345588145762     -3.65420492830680     11.43173753600850  h
    0.06345588145762      3.65420492830680     11.43173753600850  h
    0.37876830486522      6.17340789895907      7.02761848680693  h
    4.12844359056323      4.12844359056323      4.31503700027191  h
    3.65420492830680      0.06345588145762     11.43173753600850  h
    6.17340789895907      0.37876830486522      7.02761848680693  h
$user-defined bonds
$end
