# Excitation spectrum ; written at 2020-07-25 23:35:13
#     Exc.     energy (Eh)   energy (eV)   energy (cm-1)   energy (nm)     Osc.(vel)      Osc.(len) 
       1 a        0.008502       0.23136        1866.025      5358.986     0.00866147     0.00000041
       2 a        0.008528       0.23207        1871.731      5342.647     0.00865589     0.00000041
       3 a        0.011739       0.31944        2576.479      3881.266     0.01965906     0.00000213
       4 a        0.011786       0.32071        2586.662      3865.986     0.00083768     0.00000009
       5 a        0.011877       0.32319        2606.663      3836.323     0.01085973     0.00002011
       6 a        0.011895       0.32368        2610.621      3830.506     0.01084850     0.00002014
       7 a        0.012083       0.32880        2651.989      3770.754     0.00000000     0.00000000
       8 a        0.012166       0.33106        2670.139      3745.123     0.00000000     0.00000000
       9 a        0.014976       0.40751        3286.814      3042.460     0.00002345     0.00000028
      10 a        0.014995       0.40805        3291.114      3038.485     0.00002330     0.00000028
      11 a        0.017437       0.47448        3826.940      2613.054     0.00093602     0.00000448
      12 a        0.017463       0.47519        3832.659      2609.155     0.00093327     0.00000448
      13 a        0.018395       0.50055        4037.221      2476.951     0.00000000     0.00000000
      14 a        0.026457       0.71992        5806.550      1722.193     0.02543055     0.02394478
      15 a        0.046158       1.25601       10130.426       987.125     0.01207459     0.00282595
      16 a        0.046460       1.26425       10196.868       980.693     0.00000984     0.00000233
      17 a        0.057774       1.57211       12679.908       788.649     0.00059694     0.00114545
      18 a        0.057784       1.57239       12682.156       788.509     0.00059460     0.00114377
      19 a        0.078433       2.13428       17214.143       580.918     0.01036327     0.01053646
      20 a        0.079875       2.17352       17530.597       570.431     0.00000000     0.00000000
      21 a        0.080448       2.18909       17656.212       566.373     0.00000015     0.00000004
      22 a        0.081582       2.21996       17905.223       558.496     0.00935385     0.00279157
      23 a        0.082826       2.25382       18178.315       550.106     0.00000000     0.00000000
      24 a        0.083269       2.26586       18275.380       547.184     0.00000000     0.00000000
      25 a        0.088362       2.40445       19393.199       515.645     0.00030261     0.00029398
      26 a        0.088391       2.40525       19399.625       515.474     0.00030277     0.00029408
      27 a        0.089147       2.42581       19565.453       511.105     0.00000000     0.00000000
      28 a        0.089404       2.43282       19622.005       509.632     0.00000970     0.00001305
      29 a        0.089425       2.43339       19626.610       509.512     0.00000982     0.00001323
      30 a        0.095934       2.61051       21055.165       474.943     0.00003776     0.00121742
      31 a        0.095949       2.61092       21058.457       474.869     0.00003681     0.00121273
      32 a        0.097809       2.66152       21466.623       465.839     0.00000000     0.00000000
      33 a        0.102305       2.78385       22453.246       445.370     0.14326346     0.14409295
      34 a        0.102829       2.79812       22568.341       443.099     0.00110466     0.00068522
      35 a        0.102846       2.79860       22572.196       443.023     0.00110559     0.00068448
      36 a        0.104627       2.84705       22962.967       435.484     0.00000533     0.00037847
      37 a        0.104643       2.84748       22966.491       435.417     0.00000464     0.00037442
      38 a        0.105828       2.87974       23226.644       430.540     0.00000002     0.00000001
      39 a        0.106378       2.89470       23347.294       428.315     0.00291568     0.00232369
      40 a        0.106384       2.89485       23348.579       428.292     0.00291878     0.00232887
      41 a        0.108928       2.96409       23907.036       418.287     0.00389335     0.00334112
      42 a        0.108933       2.96423       23908.111       418.268     0.00389988     0.00334487
      43 a        0.110839       3.01608       24326.289       411.078     0.00306938     0.00152929
      44 a        0.110847       3.01630       24328.099       411.047     0.00307287     0.00153126
      45 a        0.111934       3.04589       24566.721       407.055     0.00216743     0.00001029
      46 a        0.111936       3.04593       24567.089       407.049     0.00216407     0.00001019
      47 a        0.114709       3.12139       25175.669       397.209     0.00000015     0.00000033
      48 a        0.114969       3.12846       25232.770       396.310     0.00021745     0.00004095
      49 a        0.114987       3.12895       25236.647       396.249     0.00021962     0.00004186
      50 a        0.115248       3.13606       25293.992       395.351     0.00000001     0.00000000
      51 a        0.115944       3.15501       25446.871       392.976     0.00180444     0.00011828
      52 a        0.115953       3.15524       25448.704       392.947     0.00180123     0.00012174
      53 a        0.116145       3.16048       25490.984       392.296     0.00366310     0.01067456
      54 a        0.117301       3.19192       25744.602       388.431     0.00000024     0.00000071
      55 a        0.118427       3.22258       25991.823       384.736     0.00044401     0.00226551
      56 a        0.118434       3.22276       25993.277       384.715     0.00044157     0.00226498
      57 a        0.118655       3.22876       26041.734       383.999     0.00000000     0.00000001
      58 a        0.119544       3.25295       26236.772       381.144     0.00010821     0.00000698
      59 a        0.119545       3.25299       26237.132       381.139     0.00011047     0.00000638
      60 a        0.119657       3.25602       26261.567       380.785     0.00000002     0.00000002
      61 a        0.119899       3.26261       26314.720       380.015     0.00018511     0.00000195
      62 a        0.120015       3.26578       26340.315       379.646     0.00071589     0.00063827
      63 a        0.120021       3.26593       26341.492       379.629     0.00071767     0.00063539
      64 a        0.120575       3.28101       26463.139       377.884     0.00008903     0.00000163
      65 a        0.120588       3.28137       26466.072       377.842     0.00008981     0.00000178
      66 a        0.121623       3.30954       26693.204       374.627     0.00000000     0.00000000
      67 a        0.121659       3.31050       26701.004       374.518     0.00080785     0.00042147
      68 a        0.121816       3.31477       26735.426       374.036     0.00000026     0.00000013
      69 a        0.122222       3.32584       26824.670       372.791     0.00000010     0.00000293
      70 a        0.122229       3.32602       26826.162       372.770     0.00003263     0.00074524
      71 a        0.122236       3.32621       26827.716       372.749     0.00003523     0.00075558
      72 a        0.122835       3.34251       26959.189       370.931     0.00000104     0.00000001
      73 a        0.122862       3.34324       26965.069       370.850     0.00001101     0.00000012
      74 a        0.123824       3.36942       27176.178       367.969     0.00000000     0.00000000
      75 a        0.124004       3.37432       27215.708       367.435     0.00366324     0.00089123
      76 a        0.124016       3.37466       27218.450       367.398     0.00367262     0.00089756
      77 a        0.124303       3.38245       27281.264       366.552     0.00050795     0.00109459
      78 a        0.124313       3.38273       27283.530       366.521     0.00049902     0.00108578
      79 a        0.125589       3.41745       27563.631       362.797     0.00000000     0.00000001
      80 a        0.125668       3.41960       27580.957       362.569     0.00982714     0.02054071
      81 a        0.125918       3.42640       27635.808       361.849     0.00000856     0.00001119
      82 a        0.126381       3.43900       27737.392       360.524     0.06568312     0.04519347
      83 a        0.127282       3.46351       27935.130       357.972     0.00004486     0.00133178
      84 a        0.127293       3.46383       27937.642       357.940     0.00004337     0.00132211
      85 a        0.127456       3.46825       27973.346       357.483     0.00000000     0.00000001
      86 a        0.127470       3.46865       27976.531       357.442     0.00000000     0.00000000
      87 a        0.127737       3.47590       28034.994       356.697     0.00000001     0.00000002
      88 a        0.127943       3.48151       28080.232       356.122     0.00190086     0.00001910
      89 a        0.127946       3.48160       28080.964       356.113     0.00191064     0.00002052
      90 a        0.128749       3.50343       28257.046       353.894     0.00005789     0.00100764
      91 a        0.128947       3.50884       28300.682       353.348     0.00000000     0.00000000
      92 a        0.129287       3.51808       28375.250       352.420     0.00132057     0.00015408
      93 a        0.129289       3.51813       28375.642       352.415     0.00132485     0.00015917
      94 a        0.129773       3.53129       28481.778       351.102     0.00000000     0.00000000
      95 a        0.129883       3.53429       28505.959       350.804     0.00000000     0.00000000
      96 a        0.130394       3.54820       28618.170       349.428     0.00059462     0.00005327
      97 a        0.130402       3.54841       28619.890       349.407     0.00059475     0.00005144
      98 a        0.130544       3.55228       28651.079       349.027     0.00000001     0.00000001
      99 a        0.130598       3.55374       28662.842       348.884     0.00000023     0.00000021
     100 a        0.130774       3.55853       28701.477       348.414     0.00000005     0.00000007
