# Electronic transition moments of , IRREP a   electric dipole (length) / electric dipole (velocity) / magnetic dipole
 0.87420590691511E+00   0.87398944893393E+00   -.67958092373550E-05   -.59844463859964E-02   -.59849187943623E-02   0.14526465148277E-06   -.14388655692878E-02   0.14384393243661E-02   -.14930008841853E-06
 -.13394377496555E-05   0.52390138704180E-05   0.13374804586607E-04   -.12852886815156E-05   0.55963648842117E-01   0.55997919527360E-01
 0.87234369944336E+00   -.87262166285458E+00   0.35171110807674E-05   -.59790445308519E-02   0.59802303191775E-02   -.15378651764992E-05   -.14397903619247E-02   -.14401667048592E-02   0.83104449921567E-07
 -.13247038591613E-05   0.56649724492723E-05   -.94742292550206E-05   0.44603553790113E-06   -.55963085082794E-01   0.55944476135232E-01
 -.10541380410656E-03   0.17466936350931E-03   0.15849148222743E+01   0.52075294200721E-05   -.99198126659777E-05   0.16492841035964E-01   -.57496499889214E-08   -.52173149931027E-08   -.17849384936152E-06
 -.50558784996355E-03   -.50727263218396E-03   -.10055630664732E-01   0.80562982553508E-01   -.92614622966291E-04   0.38771392057427E-04
 0.16467461622321E-03   -.72484569675094E-04   0.32651871531414E+00   -.10430957208247E-04   0.21421566863989E-05   0.33969233731752E-02   0.80912977227695E-08   0.14126649585869E-07   0.15188805374523E-06
 0.24707646076875E-02   0.24707295291419E-02   0.48000883708640E-01   0.16628805925828E-01   0.18884846570876E-04   -.92674233012006E-04
 0.82805172706162E+00   -.82817533068002E+00   0.32729661395637E-03   -.35629753136056E-01   0.35637588710774E-01   -.10627390900423E-04   0.21526785995139E-03   0.21532255801977E-03   -.16279257919969E-06
 -.10019034603958E-04   -.13843494996094E-04   0.12920402449831E-04   0.82344225954822E-05   0.32931218593719E+00   -.32925621047808E+00
 -.82714210884573E+00   -.82697263986877E+00   0.18932264329071E-03   0.35634662296782E-01   0.35628835628191E-01   -.11300357784600E-04   -.21511806701631E-03   0.21512629427481E-03   -.60841940524431E-07
 0.13103432459170E-04   0.10695176257117E-04   -.18980386215192E-04   0.12900642653286E-05   0.32921960778157E+00   0.32927476888041E+00
 0.30928278337747E-04   -.32812302156517E-04   0.51473568005480E-04   -.92844559155690E-06   0.29444599471065E-05   0.47302054188732E-06   -.22923758011194E-07   0.62631845672811E-07   0.41553547368144E-02
 -.62696345434206E-02   0.62649641352842E-02   0.20436591638531E-05   0.12194738221058E-05   0.22377302822563E-04   -.30676255013888E-05
 0.41593473540101E-04   -.50226252180502E-05   0.33169039300575E-04   0.40332379707528E-06   -.23421126435314E-06   -.10888475843878E-06   -.42700214348348E-07   0.25259296369838E-07   -.58203270076123E-03
 -.44044464227151E-01   0.44050258839911E-01   -.25436731181610E-04   0.46310088854579E-05   0.45439242369412E-05   -.80853953854500E-05
 0.34261321156120E-01   0.34278879575061E-01   -.62574376543925E-05   0.37384839841893E-02   0.37382422209658E-02   0.15260540593180E-05   0.51725299612528E-03   -.51720293278786E-03   0.31569156685713E-06
 -.29659082162217E-05   0.97799579225563E-05   -.39580379498011E-05   -.39030597449875E-05   -.79948475929698E-01   -.79961144836259E-01
 0.34122913543427E-01   -.34146574110826E-01   0.27487095772238E-05   0.37451080647956E-02   -.37447043813187E-02   0.11726695992709E-05   0.51752866697931E-03   0.51741406066322E-03   -.29400473038299E-06
 -.33186062956881E-05   -.34897629184609E-05   0.81098392987440E-05   -.18238962126483E-05   0.79950167877174E-01   -.79944051047774E-01
 0.20059281010620E+00   -.20070751655185E+00   -.18374283237215E-04   -.13871012327897E-01   0.13879706175404E-01   0.70601728204800E-06   -.26005952599338E-02   -.26020406089550E-02   -.82806630443207E-09
 0.60154251156038E-05   0.91843603816235E-06   0.87137641076252E-05   -.24047424156029E-05   0.18553539652869E-01   -.18558380514211E-01
 0.20026289721812E+00   0.20014746980776E+00   0.16779872841052E-04   -.13876210197293E-01   -.13870523407569E-01   0.38127184952282E-07   -.26028047113492E-02   0.26014332539727E-02   0.92214209620466E-08
 -.28478735340189E-05   0.84205419891903E-05   0.17537867487101E-04   0.93491614077298E-06   -.18516722707724E-01   -.18563207328275E-01
 -.98309992295136E-05   0.11896603303103E-05   -.22859949780135E-04   0.59742246166390E-06   0.82956592455563E-06   -.30666145798126E-04   0.23700959290156E-07   0.69344478595022E-09   -.57739843037209E-06
 -.52753877591978E+00   0.52749254157581E+00   0.18982341003006E-03   0.33206419528403E-04   -.51301043956999E-05   -.12686647229457E-04
 -.57166861246966E-06   -.15050988486978E-04   -.12007611159735E+01   -.54254575932303E-06   -.16778091123400E-04   -.11651561562243E+01   -.45198155685327E-08   -.15689505197961E-07   0.75407257990133E-07
 -.22291867121854E-03   -.21709896473951E-03   -.17150426706765E-03   0.25372862439598E+00   -.17213535785702E-03   0.66329911485960E-04
 0.50664151248161E-05   -.35378723429927E-04   -.62641203868237E+00   0.17608488878199E-05   -.16778053925129E-04   0.30304446465205E+00   0.17658846591014E-08   0.41907335182071E-08   -.79386768887058E-08
 -.45305594998749E-02   -.45506630874048E-02   -.37538463167551E-01   0.38777895497341E+00   -.16582984712351E-03   0.51656388728359E-05
 0.34038484884956E-04   -.47632800885604E-05   0.17822385212884E-01   0.19474560873826E-04   -.76130955086387E-07   -.86823852820095E-02   0.11555385984962E-08   0.67985493309669E-08   0.16580896427260E-07
 -.15974283700336E+00   -.15976805101523E+00   -.13092802363712E+01   -.11187900327400E-01   -.58704196822274E-05   0.16417704629186E-03
 -.94548524363227E-01   0.80988744113426E-01   -.34996289947719E-06   -.13096678503653E+00   0.11219335474044E+00   0.13317060917502E-05   -.95016290868974E-03   -.81404118897449E-03   -.94152995464621E-08
 -.31015808457077E-05   0.38716485307695E-05   0.69699571715003E-04   -.14929765022063E-04   -.25790368959367E+00   0.30101328076801E+00
 -.80848552113739E-01   -.94332359181455E-01   -.58765980233308E-06   -.11211079665192E+00   -.13085058139744E+00   -.15824008458073E-05   -.81384861187681E-03   0.95002504899077E-03   0.18830658794578E-08
 0.34101333773172E-05   0.31607071836081E-05   0.45662096940872E-04   0.13288087077640E-04   0.30094229328135E+00   0.25777172664623E+00
 0.29334840684912E-05   -.22970749236464E-04   0.44518794599508E+00   0.11526635099734E-05   -.18253625738723E-04   0.44889258819872E+00   0.57072248598394E-08   -.27747682795540E-07   0.79633724981964E-07
 0.28700881008546E-03   0.21270188892733E-03   0.22433732654285E-02   0.12437806823903E-01   -.20817192087813E-03   0.20472180373536E-05
 -.84094251309329E-06   -.50927663939681E-05   0.48544466599286E-05   -.84162169914999E-07   -.23327963125148E-06   -.59446507684862E-05   -.15487553076293E-07   0.42850966913491E-07   0.29231875272315E-03
 -.46456118961173E-03   0.48014686586468E-03   -.84336598112791E-04   -.41592007175924E-04   0.39759038667543E-06   0.23515470068871E-05
 0.50646551654194E-05   -.73853328754817E-06   -.16803042257574E-02   0.46935326278314E-05   -.92128184565312E-06   -.85416069809677E-03   0.97939640944685E-09   0.66281095073108E-08   0.10244555797218E-06
 -.36743025032772E-01   -.36765903245674E-01   0.15645780941094E+00   0.77869342751836E-03   -.26995937737625E-07   0.38163491118487E-04
 -.96457549148803E-06   -.98721472263798E-05   -.41470864077577E+00   -.58167315314224E-06   -.67266613770569E-05   -.22655431216669E+00   -.51426309662015E-09   -.17799044520112E-07   0.41256679480274E-08
 0.13497703287173E-03   0.13249152859736E-03   -.72996874944211E-03   0.20523138126999E+00   -.35985939443245E-04   0.13002790087513E-04
 0.14024813999325E-04   0.27407915992512E-05   0.22808451628377E-04   0.61591762340559E-05   0.16024931542560E-05   0.80338707949938E-05   0.13815016492543E-06   -.31874470059471E-07   0.31559486880981E-06
 -.35521295102701E-01   0.35544674000259E-01   -.12084726577600E-04   -.23665809567559E-04   -.16261434413507E-04   -.83291977042805E-04
 -.23712317091614E-04   -.57974043401751E-05   0.32132038730170E-06   -.20250101859719E-04   -.47859811103602E-05   -.36662169220382E-05   -.24669043334270E-06   0.39141588275637E-07   0.10073790898250E-05
 0.52202886586802E+00   -.52204266899767E+00   -.53304403534812E-04   -.29427621196310E-04   0.28842098706618E-04   0.20070809719949E-03
 -.51454344460906E-01   0.49893860892635E-01   0.10464678882775E-04   -.50710744678378E-01   0.49182046121976E-01   0.10193871508741E-04   0.62779903848164E-03   0.60941589708850E-03   0.16532973955303E-06
 -.11574994511909E-04   0.97009706417403E-06   -.58779461215131E-04   0.84901392746727E-05   -.21141082422130E+00   0.21771850413659E+00
 0.49934558009761E-01   0.51425244789184E-01   0.43649580167634E-06   0.49208762483001E-01   0.50684864053806E-01   0.44840850073087E-06   -.61073058812238E-03   0.62914670115914E-03   0.26906576988619E-06
 0.19547079614968E-04   -.23806497729023E-04   0.63804250472231E-04   0.17389152765809E-04   -.21735526350945E+00   -.21067490295311E+00
 0.67159621457239E-05   0.32766116658267E-04   0.54621032077047E-04   0.39725813018883E-05   0.24592802276307E-04   0.43044621366662E-04   -.18675793666532E-07   -.36941641556694E-07   -.17437376709413E-02
 -.25715724981467E-03   0.24751487968704E-03   -.57286165581972E-04   -.13374981365083E-04   -.10445990567889E-03   -.87158381383691E-05
 0.88921403357251E-02   0.91509565754165E-02   -.16826093251035E-04   0.10311402537708E-01   0.10613913031742E-01   -.11419370860103E-04   -.60267673208406E-03   0.61936983357301E-03   0.59806830948003E-07
 0.19924764648022E-05   -.10975859559925E-05   -.62257705082996E-04   -.20189853823214E-04   0.27523620217516E+00   0.26776408253494E+00
 -.91868746210021E-02   0.89662243407071E-02   -.21699126485894E-04   -.10665642826690E-01   0.10401839258340E-01   -.13849712304864E-04   0.62131504741357E-03   0.60449238405492E-03   -.20230331154499E-07
 0.41564333282597E-04   -.18938040587089E-04   0.56065098216826E-04   -.53685105632713E-04   0.26722021260769E+00   -.27494670101327E+00
 0.17475431577446E-01   0.16880559373679E-01   -.75893142558572E-05   0.99311048394051E-01   0.95773541960174E-01   -.15874521206461E-04   -.40357369752423E-03   0.38898354083635E-03   0.68009075684639E-07
 0.14407197565527E-04   -.23616642381262E-04   -.31657575066147E-05   -.44542229707155E-04   0.15783876998257E-01   0.16541056624008E-01
 0.16643567043129E-01   -.17277434262907E-01   0.59924260920563E-05   0.95563250542838E-01   -.99128682934205E-01   0.14942224995491E-04   -.38883367152782E-03   -.40339106476305E-03   -.73752047788721E-07
 -.17980145597475E-04   -.21179974805645E-04   0.22609178708491E-04   0.96700832289439E-04   -.16677895168225E-01   0.16225393018365E-01
 0.48950600846007E-04   0.95214112570031E-05   -.65139533796208E-04   0.40483830156045E-04   0.69470098956336E-05   -.63290922754646E-04   0.40766008928888E-06   -.77438396765011E-07   -.13032959083114E-05
 -.63640851596872E+00   0.63643466673137E+00   0.12596918217914E-03   0.18037446857132E-04   -.46023924588323E-04   -.28497776763627E-03
 0.10726868958082E-04   -.43938616220084E-04   0.14493255467592E+01   0.11621256489548E-04   -.57599826246049E-04   0.14535152681831E+01   0.49689060039392E-07   0.73102781481302E-06   0.29468606849737E-06
 0.59097805400934E-03   0.52815606426479E-03   0.42582039907301E-02   0.15950621179506E+00   -.12678001569757E-02   0.14087862120441E-03
 -.91290415478371E-01   0.88203296643183E-01   -.53969746566861E-03   -.71915211660334E-01   0.69450800508495E-01   -.53794351603146E-03   0.12927465240232E-02   0.12497950178978E-02   0.14129765513893E-06
 0.27608619936856E-05   0.11899223624093E-04   -.91790348886809E-05   -.71671151497676E-04   0.23721522191960E-03   -.73997127680679E-03
 -.88274999082764E-01   -.91280676528463E-01   0.50996244290826E-03   -.69456566535883E-01   -.71823200762131E-01   0.50950389986860E-03   0.12493132864528E-02   -.12922314015957E-02   -.25649768986430E-06
 -.23343622904730E-04   0.44447201885965E-04   -.41885575350317E-04   0.53199499892601E-04   -.14410064409634E-02   -.16337865617671E-02
 0.61171495933670E-02   0.62404776115920E-02   -.75911877916785E-04   0.51335802023616E-01   0.52825845528178E-01   -.70929954989543E-04   -.10772770460507E-04   0.11818829494614E-04   0.27229165030273E-06
 0.51077109441026E-05   -.18402436131699E-04   0.10734111532875E-03   0.25282974103997E-04   -.15208070010752E-01   -.14977784335640E-01
 -.58809133223430E-02   0.56448577382020E-02   -.11805514385825E-03   -.52581768270719E-01   0.51012584413702E-01   -.11261570064995E-03   0.12976529299211E-04   0.12472663736810E-04   0.17651088551965E-06
 -.64625463892190E-04   0.26852956359926E-04   0.12529448240385E-04   0.60376338162568E-04   -.13482196231393E-01   0.13886732162126E-01
 -.44512991662693E-04   0.95306552704069E-05   0.50320249141510E-03   -.46591630289128E-04   0.10726638768867E-04   0.37520013708008E-03   0.12336179192195E-06   -.26214401364900E-07   -.15922584268298E-07
 0.18953485080547E+00   0.18941522717858E+00   -.45217454977613E+01   0.60393170912812E-03   0.42214139591692E-04   -.53942252907547E-03
 0.13736311260480E+00   0.14914547682269E+00   -.10540206301398E-04   0.12262238169988E+00   0.13315113073467E+00   -.75949726976783E-05   0.13011541589856E-02   -.14123040317481E-02   -.14278068417364E-05
 -.20395360147679E-04   0.28119242090585E-04   0.15520284650982E-04   -.31343532076187E-04   -.80355864100375E+00   -.74063264642149E+00
 0.14920180463248E+00   -.13745254103666E+00   0.17452317471115E-04   0.13327092954471E+00   -.12278285376154E+00   0.13166183960246E-04   0.14132740598073E-02   0.13021427831257E-02   0.91469018884883E-06
 -.27690614777819E-04   -.29242404329360E-05   0.17499534033905E-04   0.90143221155697E-05   0.74077288517908E+00   -.80380534079111E+00
 0.17437879307148E+00   -.15233313570206E+00   -.29461268584004E-03   0.16153678403837E+00   -.14111925122023E+00   -.30782560713685E-03   -.42693364294800E-03   -.37330937120837E-03   -.31809409996588E-07
 -.26739340636075E-03   -.26187041333220E-03   -.29303445587306E-02   0.13738053009049E-03   -.15834775039257E+01   0.18125342144283E+01
 0.15244525292737E+00   0.17453146354336E+00   0.24556595221403E-03   0.14117790659965E+00   0.16163924316129E+00   0.25739547126791E-03   -.37222324269781E-03   0.42626299773195E-03   0.45026799379738E-07
 -.17495373356938E-03   -.18087776946079E-03   -.17779973646165E-02   -.13541718375150E-03   0.18132621338669E+01   0.15842150257387E+01
 -.14842901436636E+00   -.13966841967106E+00   0.61446923041789E-05   -.10477598372201E+00   -.98580372432804E-01   0.67042858621909E-05   -.12317857504665E-02   0.11592076366311E-02   0.64111152096804E-06
 0.89820032823963E-04   -.14518973046673E-03   -.11459617433458E-03   -.63137047198627E-05   0.79074478009531E+00   0.84021971240844E+00
 0.13972797815267E+00   -.14852153370990E+00   0.19941253161846E-04   0.98641311621927E-01   -.10483891451965E+00   0.20324546941650E-04   0.11571989087793E-02   0.12300084145442E-02   0.47581915003682E-06
 -.61320524448023E-04   0.90790864918889E-04   0.24380467216247E-03   -.32555498086027E-04   0.83989713278525E+00   -.79050810627550E+00
 -.81473012215938E-01   -.14969062496270E+00   0.35864031632099E-04   -.56299174897900E-02   -.10308069449543E-01   0.31844421951071E-04   0.45036188603641E-03   -.82838152952701E-03   0.14031623678561E-06
 -.22320263882657E-04   -.89442451317113E-06   -.11786266682614E-03   -.22108199561150E-04   0.53360647480634E+00   0.29043037074706E+00
 -.14961328638878E+00   0.81336166025086E-01   -.24705888646024E-04   -.10273667714923E-01   0.55720719485744E-02   -.24330215598287E-04   0.82886817467109E-03   0.45115912939312E-03   -.52908431289904E-07
 -.42951034675997E-04   -.20056634845118E-04   -.33962925175556E-03   0.12199676974525E-04   -.28980369627009E+00   0.53337766824039E+00
 -.14283943296127E-04   0.14428543144770E-04   -.13863408839373E-02   -.13545879174914E-03   0.30320812362665E-04   -.20775141910835E-02   0.70801614534338E-06   0.12237834553682E-06   0.56353619362431E-06
 -.13865175899827E+00   -.13870546943608E+00   -.93642560369570E+00   0.12505586394670E-02   0.40548844847893E-03   -.22145602638151E-02
 0.38540126907612E-01   -.36766007260674E-01   0.14004097666777E-05   0.16735049318129E-01   -.15942527949694E-01   0.55165251794971E-06   -.33041981340946E-03   -.31536962385373E-03   0.49374536103821E-06
 0.10645446001278E-03   0.11264277580480E-03   0.72568579019982E-03   0.17895141689239E-04   -.12097651572298E+00   0.12727261072241E+00
 0.36926403152120E-01   0.38746980928592E-01   -.19737173746322E-05   0.16132508572268E-01   0.16907616824712E-01   -.12079266730391E-05   -.31127396491306E-03   0.32686222864111E-03   -.68281223415436E-06
 0.95614504522966E-04   0.82574443033183E-04   0.54219495350447E-03   -.15510486020513E-04   0.12991530334170E+00   0.12417844902669E+00
 0.42249653542526E-04   0.33457366010311E-03   0.25157016427430E-04   0.26220637106924E-04   0.17112600712576E-03   0.37669774779574E-04   0.32586657107382E-06   -.23092722900062E-05   0.20710120347360E-02
 0.32171075064334E-03   -.22490953448998E-03   0.68307560519582E-04   0.25921382083511E-04   -.89341824626820E-03   -.15493875498870E-03
 -.10777002982144E+00   0.10830541573305E+00   0.42034992833258E-04   -.27609779134341E-01   0.27710636286374E-01   0.39096816552107E-04   -.60259564424070E-03   -.60586421661868E-03   -.13185366750052E-05
 0.11098216654369E-03   -.10095233462620E-04   0.39289333613269E-03   -.19588252527185E-03   0.24187795645256E+00   -.24100066026294E+00
 0.10826116813870E+00   0.10761399784592E+00   -.43542968745190E-05   0.28160966802777E-01   0.27961228655054E-01   -.27847910890836E-04   0.60315272896974E-03   -.59954311070611E-03   -.15879699703479E-05
 -.97469436939012E-04   0.31595972792845E-04   -.34245490940220E-03   -.93951555647106E-04   0.24206924835051E+00   0.24332356886831E+00
 -.80029808576132E-05   -.19063639027935E-04   -.21750468718800E+00   -.67227198582568E-07   -.41385086379375E-05   -.37129528686581E+00   -.72378250929792E-07   0.19227864528764E-06   0.24306605056326E-06
 0.26724126455789E-02   0.26888527380316E-02   0.22378485163660E-01   0.31144004907122E+00   -.62621826776075E-04   0.31842455067153E-04
 0.19199396209377E-03   -.37388546100711E-04   0.17347928819172E-02   0.20975177051512E-03   -.44243121824395E-04   0.30083828990991E-02   -.28462250311895E-07   -.73009406760939E-07   0.86475569250865E-07
 0.27071540077782E+00   0.27075012174649E+00   0.23481757813196E+01   -.26664333752708E-02   -.46412813685534E-03   0.25507654122666E-02
 0.54506529084746E-01   -.51505846258222E-01   -.11948265041629E-03   0.12308700523771E+00   -.11638101617497E+00   -.96161286050907E-04   -.40535161530163E-03   -.38261269820609E-03   -.25634601151843E-06
 0.33185854436060E-03   -.71748481147814E-03   -.34080621012372E-02   -.82929848528286E-04   -.60952153119972E+00   0.64595546855452E+00
 0.51382061657481E-01   0.54336479115045E-01   0.87773215790780E-04   0.11637066766944E+00   0.12306275751681E+00   0.71448924185178E-04   -.38536278824154E-03   0.40672649551197E-03   0.31335706581324E-06
 0.52359667270051E-03   -.77590379988497E-03   -.20818025396032E-02   0.35387838739117E-04   0.64585065243296E+00   0.61159115371211E+00
 -.56386686635113E-04   -.22727629697816E-05   0.91649806784603E-05   -.38169658954994E-03   -.39980045917753E-04   -.99861193192930E-05   0.48233271067786E-05   -.74744509213831E-06   0.39744511635034E-05
 0.24060311351179E+00   -.24071373839500E+00   -.40142909870205E-04   -.50860610001157E-04   -.75594651715031E-03   -.54023970963299E-02
 -.21989166659347E-01   -.29567916244230E-01   0.62911502315465E-04   0.56628630075742E-02   0.74509239771218E-02   -.28255290857897E-04   0.49852494977991E-03   -.66951412133084E-03   -.17527782036805E-05
 -.17527856598017E-03   0.29430111087067E-03   -.91093121873944E-03   0.77388920883870E-04   -.96956123889695E+00   -.72182651162835E+00
 -.29818208375898E-01   0.22293735128709E-01   -.86233144505087E-04   0.72267424407185E-02   -.52733520914826E-02   0.29222825977865E-04   0.66943079599291E-03   0.49926902754982E-03   0.81919104907574E-06
 -.13777408082301E-03   0.29291428854589E-03   -.26000530159505E-02   -.10750335331305E-03   0.72691328810814E+00   -.97375984401790E+00
 -.12159169647335E-03   0.42517688467832E-04   0.42922263988032E-03   0.41047787755549E-03   -.94550374526132E-04   0.17793724033635E-03   0.62455283557596E-05   0.16912537039611E-05   0.37955532663081E-06
 -.64830720481404E-02   -.67382012946210E-02   0.53033281507758E+00   0.20593800479646E-03   0.23671551103958E-02   -.83690774285577E-02
 -.67470105995820E-04   0.24134328199497E-03   -.48121878126894E-01   -.12371340097512E-03   0.46020819073575E-03   -.49173351234129E-02   -.50535523044439E-06   -.18144347872813E-05   0.37755785092736E-06
 0.39519082227449E-04   -.11600264017556E-03   0.59261856080595E-02   -.93292025811078E-01   0.76968272458970E-03   -.22759115334286E-03
 -.65380447941200E-01   0.68358321417270E-01   0.26864850533208E-03   -.61749519106592E-01   0.64532209116711E-01   0.10114108911736E-03   -.14274532359401E-03   -.14815349751500E-03   -.18602479945056E-06
 0.42585881242281E-03   0.46204293167795E-03   0.48547996221246E-02   -.21524150306971E-04   0.10290754622248E+01   -.98435059122827E+00
 -.68368069547801E-01   -.65536788404097E-01   -.16249887354923E-03   -.64331970547120E-01   -.61663318794561E-01   -.65991209605848E-04   -.14799863516729E-03   0.14141417196576E-03   0.14749550336778E-06
 0.30706755247200E-03   0.36360009773384E-03   0.36377699132155E-02   0.31239950055136E-04   -.98841130623043E+00   -.10311605455839E+01
 -.23529578066998E-01   0.23534556447594E-01   -.17295529356260E-04   -.31834555746379E-02   0.31874021104053E-02   -.66808301173252E-05   -.40930982096839E-04   -.40988955794237E-04   -.65950931964706E-07
 -.41312629417320E-04   -.63050381680759E-04   -.39921727804491E-03   0.48767599394884E-04   -.15154542979228E+00   0.15161662489951E+00
 -.23639164009072E-01   -.23630382023018E-01   0.11331093228601E-04   -.33268321727242E-02   -.33297288759206E-02   0.51711317789941E-05   -.40583213732594E-04   0.40569443104468E-04   0.10766923942296E-06
 -.22233346495506E-04   -.50382977652268E-04   -.28067174689207E-03   -.34423779157503E-04   0.15133412357358E+00   0.15137864498223E+00
 -.32776049811871E-04   -.13793417234266E-03   0.50573084373881E-04   -.10654332251996E-04   -.45946892878208E-04   0.20445489250469E-04   0.96173011825722E-08   -.49587372069944E-07   0.10339410547525E-02
 0.33931973492230E-05   -.28539856700683E-03   0.57650535442252E-03   -.18740093649798E-03   -.14507089332407E-02   -.35405103739168E-03
 0.13162947819648E-04   -.81393246248065E-04   0.99801982228051E-01   0.14295224848518E-04   -.92650859248672E-04   0.72087129211873E-01   0.18915432480910E-06   0.69112930681785E-06   -.84746875539687E-06
 0.43019857581658E-02   0.43078055034863E-02   -.18795222055786E-01   -.62181192524630E+00   0.80622003058845E-03   -.14301682585472E-03
 -.74597977675894E-04   0.23973116542701E-04   0.17997617207393E-02   -.12756221147487E-03   0.35614852049444E-04   0.12493759936725E-02   -.34972731324823E-06   -.78068459562815E-07   -.95653644515994E-06
 -.23989648567252E+00   -.23994805977770E+00   0.10154824699304E+01   -.11025539421425E-01   -.27832819975870E-03   0.10671195191735E-02
 0.93299858290552E-03   0.59591312484975E-03   0.18964607411942E-04   0.51505895516578E-02   0.30666060392177E-02   0.27691298677244E-04   -.31283686864902E-04   0.18491207784398E-04   -.14728460902185E-05
 0.30384516408093E-01   -.30404350874593E-01   -.19773788248702E-04   -.21611294844673E-03   -.21985437138851E-01   -.37843241400567E-01
 -.13698483454819E-01   -.14585204568075E-01   -.74211505623434E-04   -.65462078789433E-01   -.69716150569966E-01   -.54834010994089E-04   0.39531209164486E-03   -.42129679410562E-03   0.20298314333023E-05
 0.19705238686857E-02   -.17614570678168E-02   -.11087938602861E-02   0.28330724252675E-03   0.48732949445130E+00   0.45774522705814E+00
 0.15115154456616E-01   -.14279182043214E-01   -.11103641845533E-03   0.70084054791490E-01   -.66031667199591E-01   -.82965575830596E-04   -.42648185449780E-03   -.40228393448676E-03   0.13439008617246E-05
 -.75232472072561E-03   0.31519759467076E-03   0.18375035491503E-02   0.42146509052629E-03   0.45689911250862E+00   -.48594011144845E+00
 0.67754166064314E-04   0.16288631251587E-04   0.35558027182016E-02   0.28949858233696E-05   0.30290977277553E-05   0.40815282983705E-03   -.20985732501288E-06   0.75465809050990E-07   -.13368159018089E-07
 0.30912584765610E-01   0.30912358937098E-01   0.96752978200066E-01   0.49392100154967E-02   -.46023943659873E-04   -.54772961496520E-04
 -.24724147982234E-04   0.71397379489972E-04   0.11593276774164E-01   -.33249824443922E-05   0.10697030866690E-04   0.11966553177810E-02   0.10346089046682E-06   0.33760952371908E-06   -.62440802193267E-07
 -.93717598421054E-02   -.93726119389955E-02   -.29070339366394E-01   0.16959604824542E-01   -.13655227486818E-03   0.52559467766676E-04
 0.25675790247244E-04   0.41593274827353E-04   -.30435880332818E-04   -.51576833325056E-05   -.10319836764334E-03   -.15860468837866E-04   -.42782326588431E-06   0.15510898028268E-05   -.21105821925720E-02
 -.33821126638469E-03   0.43630649314304E-03   0.20803992345563E-03   0.10941679806376E-03   0.16168710894231E-02   0.30413767977177E-03
 0.14823754296884E+00   0.14945793764442E+00   -.94253351103270E-06   0.73094025415807E-01   0.73742195581761E-01   0.15313503132979E-04   -.85550549678039E-03   0.86306919764079E-03   0.11081244665228E-05
 0.56900812522805E-04   -.54420264965185E-04   0.13398089943955E-03   -.70404042177891E-04   0.73654097160111E-01   0.72756875691535E-01
 -.14960552556024E+00   0.14845603798677E+00   0.82365215884527E-05   -.73933528235956E-01   0.73416210402476E-01   0.31232173029869E-04   0.86400565412964E-03   0.85783685532229E-03   0.57720123141039E-06
 -.42597402971728E-04   0.36898966480409E-04   -.21594493538499E-03   -.74972715208936E-04   0.74832918581816E-01   -.75079566887758E-01
 0.54821453759675E-01   0.55895137669902E-01   -.13251934275305E-04   0.80403799642711E-01   0.82121918206813E-01   0.24572160501990E-04   -.71429973600821E-03   0.72955701285728E-03   0.81815935546283E-06
 0.15926889656876E-03   -.19212989023436E-03   0.12177250677362E-03   -.11336592996679E-03   0.39334157390708E+00   0.38483803648547E+00
 -.55543404900196E-01   0.54187730300476E-01   0.41005152156019E-05   -.81848856581020E-01   0.80013041728747E-01   0.50876981811537E-04   0.72642239216668E-03   0.71001142268634E-03   0.36886981751573E-06
 -.12952642311042E-03   0.17537163931882E-03   -.21049470521113E-03   -.13380597714420E-03   0.38464356449742E+00   -.39320140575068E+00
 -.19600087634017E-04   -.87191031705661E-05   0.21757143388727E-03   0.13430507238701E-04   -.31871867819023E-05   0.34576594297322E-03   -.17436962935323E-05   0.26306772954476E-06   0.39731839881974E-05
 -.56535166199775E+00   0.56550921187064E+00   0.10993264268537E-02   -.11777621884810E-03   0.89995698419922E-04   0.68650340060718E-03
 0.14846049735367E-04   -.65840762879495E-04   0.34248907958381E+00   0.14461967585788E-04   -.77961194679492E-04   0.49515468051110E+00   -.29780769107666E-08   -.62437218817146E-06   0.58086346492509E-07
 -.46283885919062E-02   -.55241815597887E-02   -.48657871850802E-01   -.81043075361116E-03   -.14421602915994E-03   0.77862881974876E-05
 -.44075232859890E-04   0.17059192886181E-04   -.10098639350150E-01   0.11336781129369E-04   0.10252763550224E-04   -.11544156836001E-01   0.80016982118526E-06   0.49321490691876E-07   -.27119655020482E-06
 -.35185884220758E+00   -.35182019776965E+00   -.33800001562712E+01   -.36163841730278E-02   0.18424668151473E-03   -.98829525659082E-03
 0.18600709568101E-05   0.38218814203046E-04   0.88294139496179E+00   -.38782348769218E-06   0.58647563775543E-04   0.73239073373003E+00   0.52425737210979E-07   0.25385064366090E-06   0.36259961804857E-07
 -.21212915368876E-02   -.20288028825648E-02   -.24444030931256E-01   0.69024331879655E+00   0.37475826996263E-03   -.95563409792089E-04
 0.16268414395110E-01   0.16247183525781E-01   -.53244651897889E-04   0.88504698138108E-01   0.88666784692676E-01   -.37464963750615E-04   0.31810627553483E-03   -.31788235330498E-03   -.10652997477688E-04
 -.10141416957826E-02   0.57703388259625E-03   -.87838300604095E-02   -.13346150248811E-03   0.58881106740249E+00   0.58752929732834E+00
 -.16002083325219E-01   0.15969258649885E-01   -.69375223773322E-04   -.88360523556423E-01   0.88158280550579E-01   -.49645847636252E-04   -.32330440272968E-03   -.32352338313303E-03   -.71736044489679E-05
 0.77666510541767E-03   -.20098912232347E-03   0.11474285915365E-01   -.15099074466480E-03   0.58507826815576E+00   -.58637845140711E+00
 0.27644253565657E-05   0.73635116108779E-04   -.15181454603881E-04   0.38214054532031E-04   0.38224656156866E-03   0.18567863505265E-04   0.59347034752339E-07   -.13254880893375E-05   0.32957906370567E-02
 -.14257683738795E+00   0.14262359585922E+00   0.19834319939249E-02   -.46831311833798E-04   0.29618985864393E-02   0.21535527925801E-03
 0.52027902192493E-04   0.34313050947042E-04   -.99337249941447E-05   0.14092041892224E-03   0.13875171017659E-03   -.23302680854389E-04   0.89620252408944E-06   -.46875206739581E-06   0.87829445406549E-03
 0.53542311900394E+00   -.53532478989237E+00   0.12175797436728E-03   -.41001893330240E-04   0.11653524156594E-02   0.15392859604977E-02
 0.12382539792628E-03   -.26398549112721E-04   -.27767135730866E-03   -.44081704118396E-03   0.63445771252836E-04   -.72887633118607E-04   0.27971072297169E-05   0.70912369072883E-06   0.12030967075873E-05
 -.17297399449649E+00   -.17295243303174E+00   -.48696031423056E+01   -.87787694875550E-03   0.77659338013830E-03   -.51255227429639E-02
 -.96133224267203E-01   0.11421043811674E+00   -.13776557373614E-03   -.95671626416092E-02   0.11507599124805E-01   -.10968900855745E-03   -.16343649889783E-02   -.19385265712114E-02   0.81414130763658E-06
 -.33344297917642E-03   -.34372337621500E-03   -.83861091251327E-02   -.22029077097683E-03   -.32654312635352E+00   0.27512310328857E+00
 0.11443227599291E+00   0.96462110682050E-01   -.57603550024082E-04   0.11805202177938E-01   0.10059226652394E-01   -.43356095906166E-04   0.19294779228242E-02   -.16228062252141E-02   0.95821319153966E-06
 0.30022401135843E-03   0.27122899059309E-03   0.69881714119369E-02   -.11727625414372E-03   -.27608339028484E+00   -.32738459337304E+00
 -.16568092159358E-04   0.92381801215244E-04   0.25970309095625E-01   -.27955558846623E-05   -.48448650959529E-05   0.10834971465377E+00   0.98091472632874E-08   -.42328883393998E-07   -.26728717688261E-06
 -.29121702729783E-03   -.29531887930810E-03   -.79277558552458E-02   0.36529055578930E+00   -.11937752031688E-03   0.53076101907378E-04
 0.78346017801725E-05   0.33289906729029E-04   0.45350695130961E-04   0.89366844198909E-05   0.35072674665295E-04   0.78609364670684E-04   0.80978373620559E-06   -.37821248545998E-05   0.31938448228946E-03
 -.15252366806628E-02   0.14117464904533E-02   -.11295626571149E-02   0.28443286291761E-03   0.95960900910271E-03   0.15184067927431E-03
 0.97347326347610E-01   0.76451849135907E-01   -.32029147561237E-04   0.33334897163580E-01   0.26008415875644E-01   -.26774712348832E-04   0.25268975183798E-02   -.19896926677030E-02   -.51113993707411E-06
 -.15290645636164E-03   0.13401881918577E-03   -.11595378343233E-02   0.13448800202259E-04   0.49260855176364E-01   0.62399022016519E-01
 -.76706312189369E-01   0.97400825894521E-01   0.24614832536180E-05   -.26685421368354E-01   0.33684128615323E-01   0.13551610472623E-04   -.19798954960397E-02   -.25198746805030E-02   -.42304142807345E-06
 0.99633237116840E-04   -.54736580038343E-04   0.13116232328244E-02   0.90498213203152E-04   0.62121784726687E-01   -.48656883171085E-01
 0.71357112828776E-06   -.61513467532799E-04   0.14041209297499E-04   -.42558714474015E-05   -.45843787635320E-04   -.12590461882241E-04   -.15781403834154E-06   0.19754924601499E-05   -.76705135880359E-03
 -.13873348826310E-02   0.13889867619727E-02   0.82861341618280E-03   -.22725949457021E-03   0.94967653180283E-04   -.20345313833747E-04
 0.12298417609531E-03   0.30755536080355E-04   0.73241185708030E-04   0.37538721834246E-04   0.10211092827568E-04   0.65184811778919E-04   0.38738406771184E-06   -.11216558057644E-06   0.45607293854810E-05
 -.71650120550646E-01   0.71679731154977E-01   -.20820929503336E-02   0.84650568824088E-04   -.77621585058678E-04   -.24870307451099E-03
 0.58570864006938E-01   0.58393201024547E-01   0.59530593523486E-04   -.17525415015335E-01   -.17482521911499E-01   -.93328886237511E-05   0.12108318202832E-02   -.12066515761120E-02   0.81096591833541E-07
 -.18814487793700E-03   -.94928651929897E-04   0.12340776367654E-02   -.80101075079494E-04   -.13209880357187E+00   -.13278016167057E+00
 0.58367905482911E-01   -.58604701397227E-01   -.12649240348992E-03   -.17160085031912E-01   0.17239733298439E-01   -.18231303650468E-04   0.12020078120779E-02   0.12069607481306E-02   -.84362499693212E-07
 -.16156800446659E-03   -.15740642471461E-03   0.15545060556741E-02   0.28910794141458E-04   0.13356163884520E+00   -.13310752055981E+00
 0.23178705267489E-04   0.12651421364465E-03   -.35929224162909E-03   0.24803487680196E-04   0.15673092346742E-03   -.27779138992668E-03   0.28907417359045E-07   -.63091000235422E-07   0.32521732046762E-03
 -.15235078554365E-02   0.25201138538831E-02   -.44976699193290E-02   0.16140277685243E-03   -.40425985194672E-03   -.74451881918445E-04
 0.15670333366209E-03   -.42351189052482E-04   -.16280636762956E-02   0.22100780733620E-03   -.37874879275560E-04   -.15377241387553E-02   -.14972238606449E-05   0.10506314829650E-08   0.10458334051922E-05
 -.15952130359023E+00   -.15896755124146E+00   0.15566348555499E+01   -.16018034730800E-02   0.82911648601775E-04   -.36347268176341E-03
 0.21304257243125E-03   -.44923248626255E-04   0.70214525839103E-03   0.24005725771299E-03   -.60373554269959E-04   0.88261415311650E-03   0.78753760868075E-06   -.19505461484288E-07   0.51030156336531E-06
 -.62856918350285E-05   -.70178829376879E-03   0.13143789595702E+00   0.19471128480439E-02   0.80051337741660E-05   -.14624090487014E-03
