$dipgrad          cartesian dipole gradients
  0.67207812796818D+00  -.66841063933731D-16  0.20993288081224D-16
  0.16263032587283D-17  0.67207812796823D+00  0.25355719517821D-16
  -.15108103163701D-16  0.76853628644988D-16  -.55601025002341D+00
  0.95145538393181D+00  -.71411123438811D+00  -.26642235509758D-15
  -.71411123438809D+00  0.95145538393183D+00  -.44099923365848D-16
  0.14643505592132D-16  0.35582160048259D-16  0.99091735223119D+00
  0.95145538393180D+00  0.71411123438805D+00  -.36212352561016D-16
  0.71411123438808D+00  0.95145538393180D+00  -.31225022567583D-15
  -.49973249822109D-16  -.26240657189465D-16  0.99091735223119D+00
  -.40049974099124D+00  -.25177199018356D+00  0.20405430990454D+00
  -.25177199018357D+00  -.40049974099123D+00  0.20405430990454D+00
  0.22910785982799D+00  0.22910785982797D+00  -.12896503867542D+00
  -.40049974099122D+00  -.25177199018358D+00  -.20405430990454D+00
  -.25177199018357D+00  -.40049974099124D+00  -.20405430990454D+00
  -.22910785982799D+00  -.22910785982796D+00  -.12896503867543D+00
  -.40049974099122D+00  0.25177199018358D+00  -.20405430990454D+00
  0.25177199018356D+00  -.40049974099122D+00  0.20405430990454D+00
  -.22910785982797D+00  0.22910785982798D+00  -.12896503867544D+00
  -.40049974099122D+00  0.25177199018358D+00  0.20405430990454D+00
  0.25177199018357D+00  -.40049974099122D+00  -.20405430990454D+00
  0.22910785982798D+00  -.22910785982797D+00  -.12896503867544D+00
  -.16819480811144D+00  0.91999727309637D-01  0.12410924454947D+00
  0.11112963911097D+00  -.14362337649756D+00  -.15079394082796D+00
  0.10119011759204D+00  -.13531701224393D+00  -.14872193564929D+00
  -.19123772157570D+00  0.17884206219269D+00  0.12908880990030D+00
  0.17884206219269D+00  -.19123772157570D+00  -.12908880990031D+00
  0.51564147100839D-01  -.51564147100839D-01  -.10383319533141D+00
  -.14362337649756D+00  0.11112963911097D+00  0.15079394082796D+00
  0.91999727309638D-01  -.16819480811143D+00  -.12410924454947D+00
  0.13531701224393D+00  -.10119011759204D+00  -.14872193564929D+00
  -.16656186262602D+00  0.15008180141178D+00  0.67502948448133D-01
  0.16067247428711D+00  -.16309418041598D+00  -.18549471983135D+00
  0.76096249704037D-01  -.11349775663895D+00  -.12321499917108D+00
  -.16309418041598D+00  0.16067247428711D+00  0.18549471983135D+00
  0.15008180141177D+00  -.16656186262602D+00  -.67502948448132D-01
  0.11349775663895D+00  -.76096249704036D-01  -.12321499917107D+00
  -.14362337649756D+00  0.11112963911096D+00  -.15079394082796D+00
  0.91999727309634D-01  -.16819480811143D+00  0.12410924454947D+00
  -.13531701224393D+00  0.10119011759204D+00  -.14872193564929D+00
  -.19123772157570D+00  0.17884206219269D+00  -.12908880990030D+00
  0.17884206219269D+00  -.19123772157569D+00  0.12908880990030D+00
  -.51564147100836D-01  0.51564147100837D-01  -.10383319533142D+00
  -.16819480811143D+00  0.91999727309635D-01  -.12410924454947D+00
  0.11112963911097D+00  -.14362337649755D+00  0.15079394082796D+00
  -.10119011759204D+00  0.13531701224393D+00  -.14872193564929D+00
  -.16309418041598D+00  0.16067247428712D+00  -.18549471983135D+00
  0.15008180141177D+00  -.16656186262601D+00  0.67502948448127D-01
  -.11349775663895D+00  0.76096249704041D-01  -.12321499917107D+00
  -.16656186262602D+00  0.15008180141177D+00  -.67502948448128D-01
  0.16067247428711D+00  -.16309418041598D+00  0.18549471983135D+00
  -.76096249704031D-01  0.11349775663895D+00  -.12321499917108D+00
  -.14362337649756D+00  -.11112963911097D+00  -.15079394082796D+00
  -.91999727309636D-01  -.16819480811143D+00  -.12410924454947D+00
  -.13531701224392D+00  -.10119011759203D+00  -.14872193564928D+00
  -.16656186262602D+00  -.15008180141177D+00  -.67502948448130D-01
  -.16067247428711D+00  -.16309418041598D+00  -.18549471983135D+00
  -.76096249704030D-01  -.11349775663895D+00  -.12321499917108D+00
  -.16309418041598D+00  -.16067247428712D+00  -.18549471983135D+00
  -.15008180141177D+00  -.16656186262601D+00  -.67502948448130D-01
  -.11349775663895D+00  -.76096249704043D-01  -.12321499917107D+00
  -.16819480811143D+00  -.91999727309640D-01  -.12410924454947D+00
  -.11112963911097D+00  -.14362337649756D+00  -.15079394082796D+00
  -.10119011759203D+00  -.13531701224393D+00  -.14872193564929D+00
  -.19123772157569D+00  -.17884206219270D+00  -.12908880990030D+00
  -.17884206219270D+00  -.19123772157570D+00  -.12908880990030D+00
  -.51564147100840D-01  -.51564147100834D-01  -.10383319533141D+00
  -.16819480811143D+00  -.91999727309635D-01  0.12410924454947D+00
  -.11112963911096D+00  -.14362337649755D+00  0.15079394082796D+00
  0.10119011759204D+00  0.13531701224393D+00  -.14872193564928D+00
  -.16309418041597D+00  -.16067247428712D+00  0.18549471983135D+00
  -.15008180141177D+00  -.16656186262602D+00  0.67502948448131D-01
  0.11349775663895D+00  0.76096249704038D-01  -.12321499917108D+00
  -.16656186262601D+00  -.15008180141177D+00  0.67502948448130D-01
  -.16067247428712D+00  -.16309418041598D+00  0.18549471983135D+00
  0.76096249704038D-01  0.11349775663895D+00  -.12321499917107D+00
  -.14362337649756D+00  -.11112963911096D+00  0.15079394082796D+00
  -.91999727309639D-01  -.16819480811144D+00  0.12410924454947D+00
  0.13531701224393D+00  0.10119011759204D+00  -.14872193564928D+00
  -.19123772157569D+00  -.17884206219270D+00  0.12908880990030D+00
  -.17884206219268D+00  -.19123772157570D+00  0.12908880990031D+00
  0.51564147100831D-01  0.51564147100835D-01  -.10383319533142D+00
  0.58662693218864D-01  -.99625383523274D-01  -.14509868003835D-01
  -.74477088071410D-01  0.37970471458539D-01  0.70345201376932D-01
  -.76076551448518D-03  0.65330419690670D-01  0.10305817768860D+00
  0.37483263110431D-01  -.62384325004776D-01  -.13111498823651D+00
  -.53005749925518D-01  0.10407634087935D+00  0.22341372370298D-01
  -.90118006523201D-01  0.10894969546072D-02  -.16558378388897D-01
  0.10127169757930D+00  -.44246566917346D-01  -.81387395916909D-01
  -.44246566917346D-01  0.10127169757929D+00  0.81387395916909D-01
  -.60604930287149D-01  0.60604930287150D-01  -.27836085739998D-02
  0.10407634087935D+00  -.53005749925515D-01  -.22341372370298D-01
  -.62384325004779D-01  0.37483263110426D-01  0.13111498823651D+00
  -.10894969546038D-02  0.90118006523201D-01  -.16558378388895D-01
  0.37970471458537D-01  -.74477088071410D-01  -.70345201376932D-01
  -.99625383523273D-01  0.58662693218864D-01  0.14509868003837D-01
  -.65330419690668D-01  0.76076551448519D-03  0.10305817768860D+00
  0.37483263110431D-01  -.62384325004777D-01  0.13111498823651D+00
  -.53005749925518D-01  0.10407634087935D+00  -.22341372370298D-01
  0.90118006523205D-01  -.10894969546037D-02  -.16558378388897D-01
  0.58662693218863D-01  -.99625383523274D-01  0.14509868003837D-01
  -.74477088071404D-01  0.37970471458540D-01  -.70345201376931D-01
  0.76076551448519D-03  -.65330419690667D-01  0.10305817768860D+00
  0.10127169757929D+00  -.44246566917348D-01  0.81387395916909D-01
  -.44246566917345D-01  0.10127169757930D+00  -.81387395916909D-01
  0.60604930287147D-01  -.60604930287150D-01  -.27836085740000D-02
  0.37970471458538D-01  -.74477088071408D-01  0.70345201376932D-01
  -.99625383523274D-01  0.58662693218864D-01  -.14509868003837D-01
  0.65330419690667D-01  -.76076551448519D-03  0.10305817768860D+00
  0.10407634087935D+00  -.53005749925516D-01  0.22341372370298D-01
  -.62384325004777D-01  0.37483263110429D-01  -.13111498823651D+00
  0.10894969546033D-02  -.90118006523204D-01  -.16558378388896D-01
  0.58662693218863D-01  0.99625383523275D-01  -.14509868003839D-01
  0.74477088071407D-01  0.37970471458539D-01  -.70345201376931D-01
  -.76076551448518D-03  -.65330419690666D-01  0.10305817768860D+00
  0.10127169757930D+00  0.44246566917346D-01  -.81387395916909D-01
  0.44246566917348D-01  0.10127169757930D+00  -.81387395916909D-01
  -.60604930287148D-01  -.60604930287147D-01  -.27836085739997D-02
  0.37970471458540D-01  0.74477088071412D-01  -.70345201376931D-01
  0.99625383523273D-01  0.58662693218865D-01  -.14509868003837D-01
  -.65330419690670D-01  -.76076551448517D-03  0.10305817768860D+00
  0.10407634087935D+00  0.53005749925513D-01  -.22341372370298D-01
  0.62384325004776D-01  0.37483263110429D-01  -.13111498823651D+00
  -.10894969546006D-02  -.90118006523200D-01  -.16558378388896D-01
  0.37483263110428D-01  0.62384325004773D-01  -.13111498823651D+00
  0.53005749925516D-01  0.10407634087935D+00  -.22341372370298D-01
  -.90118006523204D-01  -.10894969545993D-02  -.16558378388895D-01
  0.37483263110429D-01  0.62384325004778D-01  0.13111498823651D+00
  0.53005749925517D-01  0.10407634087935D+00  0.22341372370300D-01
  0.90118006523206D-01  0.10894969546037D-02  -.16558378388896D-01
  0.58662693218864D-01  0.99625383523278D-01  0.14509868003835D-01
  0.74477088071409D-01  0.37970471458539D-01  0.70345201376932D-01
  0.76076551448516D-03  0.65330419690669D-01  0.10305817768860D+00
  0.10127169757930D+00  0.44246566917348D-01  0.81387395916909D-01
  0.44246566917345D-01  0.10127169757930D+00  0.81387395916909D-01
  0.60604930287149D-01  0.60604930287149D-01  -.27836085739993D-02
  0.10407634087935D+00  0.53005749925520D-01  0.22341372370298D-01
  0.62384325004776D-01  0.37483263110432D-01  0.13111498823651D+00
  0.10894969546034D-02  0.90118006523202D-01  -.16558378388895D-01
  0.37970471458535D-01  0.74477088071410D-01  0.70345201376932D-01
  0.99625383523273D-01  0.58662693218863D-01  0.14509868003837D-01
  0.65330419690668D-01  0.76076551448515D-03  0.10305817768860D+00
$end
