$grad          cartesian gradients
  cycle =      2    SCF energy =    -3298.1049824670   |dE/dxyz| =  0.000032
    0.00000000000000      0.00000000000000      0.00000000000000      mo
    0.00000000000000      0.00000000000000     -6.64701059758661      y
    2.32074021480673      2.32074021480673     -2.68006499764881      s
   -2.32074021480673     -2.32074021480673     -2.68006499764881      s
    2.32074021480673     -2.32074021480673      2.68006499764881      s
   -2.32074021480673      2.32074021480673      2.68006499764881      s
    4.67915095268009     -1.59667385005264     -7.62070283138648      c
    3.54814494662373     -3.54814494662373     -6.14451671402559      c
    1.59667385005264     -4.67915095268009     -7.62070283138648      c
    1.53968979658811     -3.45158810984752    -10.02290445377559      c
    3.45158810984752     -1.53968979658811    -10.02290445377559      c
   -1.59667385005264      4.67915095268009     -7.62070283138648      c
   -3.54814494662373      3.54814494662373     -6.14451671402559      c
   -4.67915095268009      1.59667385005264     -7.62070283138648      c
   -3.45158810984752      1.53968979658811    -10.02290445377559      c
   -1.53968979658811      3.45158810984752    -10.02290445377559      c
    0.04429255623296     -6.93752883532897     -6.87496387156962      c
    0.10253699640525     -4.38853720655069    -12.28465762733643      c
    4.39529806602579     -4.39529806602579     -3.57690723916162      c
    4.38853720655069     -0.10253699640525    -12.28465762733643      c
    6.93752883532897     -0.04429255623296     -6.87496387156962      c
   -0.10253699640525      4.38853720655069    -12.28465762733643      c
   -4.39529806602579      4.39529806602579     -3.57690723916162      c
   -6.93752883532897      0.04429255623296     -6.87496387156962      c
   -4.38853720655069      0.10253699640525    -12.28465762733643      c
    5.86922015836176     -5.86922015836176     -3.72850633637142      h
    2.82020570070802     -5.18043328543734     -2.47363897951999      h
   -2.82020570070802      5.18043328543734     -2.47363897951999      h
   -5.86922015836176      5.86922015836176     -3.72850633637142      h
    5.18043328543734     -2.82020570070802     -2.47363897951999      h
   -5.18043328543734      2.82020570070802     -2.47363897951999      h
    6.90538309586183      1.84118190912013     -7.75721463088812      h
    8.71639392799608     -0.97177430943498     -7.46286686483436      h
    7.00506832012483      0.23731032120141     -4.81743766637872      h
   -6.90538309586183     -1.84118190912013     -7.75721463088812      h
   -8.71639392799608      0.97177430943498     -7.46286686483436      h
   -7.00506832012483     -0.23731032120141     -4.81743766637872      h
   -0.04429255623296      6.93752883532897     -6.87496387156962      c
   -0.97177430943498      8.71639392799608     -7.46286686483436      h
    1.84118190912013      6.90538309586183     -7.75721463088812      h
    0.23731032120141      7.00506832012483     -4.81743766637872      h
    0.97177430943498     -8.71639392799608     -7.46286686483436      h
   -1.84118190912013     -6.90538309586183     -7.75721463088812      h
    2.94670042972851      0.03132981831442    -13.77295992861326      h
   -2.94670042972851     -0.03132981831442    -13.77295992861326      h
   -1.05234963648005      6.05246851899622    -13.12122782859850      h
    1.05234963648005     -6.05246851899622    -13.12122782859850      h
   -0.23731032120141     -7.00506832012483     -4.81743766637872      h
    0.00000000000000      0.00000000000000      6.64701059758661      y
    1.59667385005264      4.67915095268009      7.62070283138648      c
   -1.59667385005264     -4.67915095268009      7.62070283138648      c
    4.67915095268009      1.59667385005264      7.62070283138648      c
   -4.67915095268009     -1.59667385005264      7.62070283138648      c
    3.54814494662373      3.54814494662373      6.14451671402559      c
   -3.54814494662373     -3.54814494662373      6.14451671402559      c
    3.45158810984752      1.53968979658811     10.02290445377559      c
   -3.45158810984752     -1.53968979658811     10.02290445377559      c
    1.53968979658811      3.45158810984752     10.02290445377559      c
   -1.53968979658811     -3.45158810984752     10.02290445377559      c
    6.93752883532897      0.04429255623296      6.87496387156962      c
   -6.93752883532897     -0.04429255623296      6.87496387156962      c
    0.04429255623296      6.93752883532897      6.87496387156962      c
   -0.04429255623296     -6.93752883532897      6.87496387156962      c
    4.38853720655069      0.10253699640525     12.28465762733643      c
   -4.38853720655069     -0.10253699640525     12.28465762733643      c
    0.10253699640525      4.38853720655069     12.28465762733643      c
   -0.10253699640525     -4.38853720655069     12.28465762733643      c
    4.39529806602579      4.39529806602579      3.57690723916162      c
   -4.39529806602579     -4.39529806602579      3.57690723916162      c
    5.86922015836176      5.86922015836176      3.72850633637142      h
   -5.86922015836176     -5.86922015836176      3.72850633637142      h
    5.18043328543734      2.82020570070802      2.47363897951999      h
   -5.18043328543734     -2.82020570070802      2.47363897951999      h
    2.82020570070802      5.18043328543734      2.47363897951999      h
   -2.82020570070802     -5.18043328543734      2.47363897951999      h
   -1.84118190912013      6.90538309586183      7.75721463088812      h
    1.84118190912013     -6.90538309586183      7.75721463088812      h
    6.90538309586183     -1.84118190912013      7.75721463088812      h
   -6.90538309586183      1.84118190912013      7.75721463088812      h
    0.97177430943498      8.71639392799608      7.46286686483436      h
   -0.97177430943498     -8.71639392799608      7.46286686483436      h
    8.71639392799608      0.97177430943498      7.46286686483436      h
   -8.71639392799608     -0.97177430943498      7.46286686483436      h
   -0.23731032120141      7.00506832012483      4.81743766637872      h
    0.23731032120141     -7.00506832012483      4.81743766637872      h
    7.00506832012483     -0.23731032120141      4.81743766637872      h
   -7.00506832012483      0.23731032120141      4.81743766637872      h
    4.97825434633491     -1.83410708652730     11.80542690304881      h
   -1.83410708652730     -4.97825434633491    -11.80542690304881      h
    1.83410708652730      4.97825434633491    -11.80542690304881      h
   -0.03132981831442      2.94670042972851     13.77295992861326      h
    0.03132981831442     -2.94670042972851     13.77295992861326      h
    2.94670042972851     -0.03132981831442     13.77295992861326      h
   -0.03132981831442     -2.94670042972851    -13.77295992861326      h
   -2.94670042972851      0.03132981831442     13.77295992861326      h
    0.03132981831442      2.94670042972851    -13.77295992861326      h
   -4.97825434633491      1.83410708652730     11.80542690304881      h
    1.83410708652730     -4.97825434633491     11.80542690304881      h
   -4.97825434633491     -1.83410708652730    -11.80542690304881      h
   -1.83410708652730      4.97825434633491     11.80542690304881      h
    4.97825434633491      1.83410708652730    -11.80542690304881      h
   -6.05246851899622     -1.05234963648005     13.12122782859850      h
    6.05246851899622      1.05234963648005     13.12122782859850      h
   -1.05234963648005     -6.05246851899622     13.12122782859850      h
   -6.05246851899622      1.05234963648005    -13.12122782859850      h
    1.05234963648005      6.05246851899622     13.12122782859850      h
    6.05246851899622     -1.05234963648005    -13.12122782859850      h
  0.44542864294467D-09  0.14663870053118D-09  0.14044608321381D-08
  0.15509863185437D-09  0.89299995732593D-10  -.92933591298342D-05
  0.26766606672796D-05  0.26765636496721D-05  -.52673419888641D-06
  -.26770308045095D-05  -.26770110448642D-05  -.52670733615822D-06
  0.26794942728373D-05  -.26795377278972D-05  0.52054871384818D-06
  -.26797483039520D-05  0.26797308852484D-05  0.52085834752538D-06
  -.32763394607481D-05  0.15791549911994D-05  0.89103048246490D-06
  -.18920474166264D-05  0.18922995333238D-05  -.66524308600198D-05
  -.15793419666211D-05  0.32762704927042D-05  0.89063490091193D-06
  -.14906751457761D-05  -.69329735403198D-06  0.30575322385090D-05
  0.69327180609864D-06  0.14906680035607D-05  0.30571131892148D-05
  0.15790999246821D-05  -.32763084062562D-05  0.89102856868067D-06
  0.18923105891775D-05  -.18920334523753D-05  -.66524352128083D-05
  0.32762695670995D-05  -.15793552899570D-05  0.89063379183924D-06
  -.69328860583320D-06  -.14906683398037D-05  0.30575891682011D-05
  0.14906831005178D-05  0.69330539700517D-06  0.30571617462522D-05
  0.80252835215743D-06  -.50527435624566D-06  0.11355240221982D-05
  -.24508655526237D-06  0.21062869169294D-07  -.13411343737146D-05
  0.90361104464480D-06  -.90380397210310D-06  0.12120491972825D-05
  -.21915285726773D-07  0.24543359645329D-06  -.13412452754625D-05
  0.50467447350409D-06  -.80187121957905D-06  0.11354124797658D-05
  0.24518380739797D-06  -.20985035137106D-07  -.13410353092149D-05
  -.90290430683395D-06  0.90353810718036D-06  0.12122734042441D-05
  -.50483571659328D-06  0.80188918708652D-06  0.11354880840896D-05
  0.21988073629187D-07  -.24535223039183D-06  -.13413389638364D-05
  0.25535008560569D-06  -.25534785855902D-06  0.59280443692901D-06
  -.54395794214443D-07  0.12735985394086D-06  0.30781550046897D-06
  0.54036948748948D-07  -.12733687313176D-06  0.30759928536066D-06
  -.25561190024684D-06  0.25546705792294D-06  0.59290050938082D-06
  -.12719756053731D-06  0.54484208821676D-07  0.30787278296369D-06
  0.12708523193170D-06  -.54386861236821D-07  0.30787437688314D-06
  0.66621032740780D-06  0.16932948691817D-06  -.75806419427317D-06
  0.65258114087877D-07  -.40148701640173D-06  0.49013762413270D-06
  -.52625455833241D-06  0.15141736343274D-05  0.11920501279128D-06
  -.66621066368368D-06  -.16931821680659D-06  -.75805806391913D-06
  -.65235810918474D-07  0.40146809958917D-06  0.49014890632143D-06
  0.52628124290566D-06  -.15141710183590D-05  0.11920245483570D-06
  -.80244972813683D-06  0.50522196857984D-06  0.11353619272738D-05
  -.40133719265718D-06  0.64941316349661D-07  0.49006901301483D-06
  0.16966967705465D-06  0.66614316407505D-06  -.75804908483603D-06
  0.15143421681189D-05  -.52638274499589D-06  0.11912051055274D-06
  0.40135086986303D-06  -.64959561018457D-07  0.49005723440755D-06
  -.16967868502089D-06  -.66615213064838D-06  -.75806253739779D-06
  -.99499459112406D-06  0.27543205268528D-05  0.90216609362702D-06
  0.99499826800714D-06  -.27543281318070D-05  0.90214627347825D-06
  -.19899184115118D-05  -.17185805524971D-05  -.21688090982974D-05
  0.19899151623461D-05  0.17185684507634D-05  -.21688156994224D-05
  -.15143413154951D-05  0.52637999539511D-06  0.11917873533711D-06
  -.31347702049173D-10  -.41130576592177D-10  0.93043744483210D-05
  -.15794297278261D-05  -.32760685087221D-05  -.89087521780266D-06
  0.15794064307140D-05  0.32761081420196D-05  -.89088623939407D-06
  -.32765606148418D-05  -.15790802475480D-05  -.89071655317826D-06
  0.32765428091986D-05  0.15790725809172D-05  -.89072542347208D-06
  -.18915844174259D-05  -.18925724002538D-05  0.66521340302461D-05
  0.18916165574971D-05  0.18925648664547D-05  0.66521032973717D-05
  0.69345789974673D-06  -.14908258074626D-05  -.30575251736447D-05
  -.69345340649569D-06  0.14907697253770D-05  -.30574870978880D-05
  -.14907275535784D-05  0.69327267041355D-06  -.30571025987827D-05
  0.14907344877690D-05  -.69324187156137D-06  -.30571429465998D-05
  0.50471073076820D-06  0.80194088456506D-06  -.11355123450112D-05
  -.50468138503099D-06  -.80191230485832D-06  -.11355302077876D-05
  0.80196119868134D-06  0.50460072861976D-06  -.11354762436576D-05
  -.80193832148663D-06  -.50458960887032D-06  -.11354728415526D-05
  -.21559482062897D-07  -.24574672714904D-06  0.13409146889139D-05
  0.21902620286895D-07  0.24532419659834D-06  0.13412093186000D-05
  -.24543073563429D-06  -.21894907551280D-07  0.13412449603946D-05
  0.24543251861625D-06  0.21917678973398D-07  0.13412505703712D-05
  0.90362998685523D-06  0.90376899628507D-06  -.12120159200893D-05
  -.90361814192048D-06  -.90375552199741D-06  -.12120059745312D-05
  0.25536026362211D-06  0.25535351976663D-06  -.59279334952258D-06
  -.25533604812965D-06  -.25531994520770D-06  -.59280705464143D-06
  -.12737194595401D-06  -.54388360272092D-07  -.30779029802468D-06
  0.12736772716723D-06  0.54345108772488D-07  -.30777601484240D-06
  -.54492362054973D-07  -.12721530764145D-06  -.30786049580976D-06
  0.54466576349804D-07  0.12721071692128D-06  -.30785292781665D-06
  -.16934006738002D-06  0.66620092506182D-06  0.75806025786381D-06
  0.16933854805889D-06  -.66620995237625D-06  0.75807012153120D-06
  0.66620033227786D-06  -.16935083980117D-06  0.75805911799610D-06
  -.66620696482120D-06  0.16933249514725D-06  0.75806413270220D-06
  0.40146809727592D-06  0.65247076937516D-07  -.49014094960585D-06
  -.40148615047721D-06  -.65250895756042D-07  -.49013464278316D-06
  0.65241611077113D-07  0.40146609795334D-06  -.49014577403490D-06
  -.65235856038307D-07  -.40146148746339D-06  -.49015309883365D-06
  -.15141840561009D-05  -.52629019735734D-06  -.11920121324727D-06
  0.15141654007571D-05  0.52627097107070D-06  -.11918533026657D-06
  -.52628005430119D-06  -.15142220471706D-05  -.11917161604584D-06
  0.52627350768150D-06  0.15142144234739D-05  -.11916099531585D-06
  0.34101065930696D-05  0.94837331098517D-06  -.52992152119831D-06
  0.94803146838580D-06  -.34100445349804D-05  0.52994186710512D-06
  -.94806848873787D-06  0.34100305525099D-05  0.52993424689033D-06
  -.27543110204924D-05  -.99499144027605D-06  -.90215612079045D-06
  0.27543132284913D-05  0.99498903460751D-06  -.90215833903860D-06
  -.99517696790577D-06  -.27542512892552D-05  -.90182038650546D-06
  -.27544944262922D-05  0.99532542396398D-06  0.90178408079095D-06
  0.99507860801956D-06  0.27543476182564D-05  -.90207285968584D-06
  0.27544888808293D-05  -.99531362231318D-06  0.90180157263659D-06
  -.34102318891205D-05  -.94806188237311D-06  -.52992404798221D-06
  -.94811259457490D-06  -.34102695593290D-05  -.52993030321162D-06
  -.34102633137095D-05  0.94809896743035D-06  0.52992575864550D-06
  0.94809027900190D-06  0.34102304338043D-05  -.52993689590567D-06
  0.34102747336467D-05  -.94811744762863D-06  0.52992011116899D-06
  0.17182243697757D-05  -.19899640614114D-05  0.21690266654118D-05
  -.17183098959183D-05  0.19900208065885D-05  0.21690754040695D-05
  -.19899438876885D-05  0.17182207449028D-05  0.21690214569974D-05
  0.17182145146972D-05  0.19899482538496D-05  -.21690186724423D-05
  0.19899432592910D-05  -.17182294149241D-05  0.21690160127152D-05
  -.17182204751307D-05  -.19899522852389D-05  -.21690089080399D-05
  cycle =      3    SCF energy =    -3298.1049824990   |dE/dxyz| =  0.000027
   -0.00000000089093     -0.00000000029338     -0.00000000280893      mo
   -0.00000000031045     -0.00000000017824     -6.64699201086836      y
    2.32073486148668      2.32073486167808     -2.68006394418032      s
   -2.32073486074670     -2.32073486078313     -2.68006394423424      s
    2.32073485581676     -2.32073485573300      2.68006395655115      s
   -2.32073485530869      2.32073485534610      2.68006395593234      s
    4.67915750535774     -1.59667700836508     -7.62070461344769      c
    3.54814873071613     -3.54814873122466     -6.14450340916422      c
    1.59667700873340     -4.67915750522163     -7.62070461265666      c
    1.53969277793592     -3.45158672325317    -10.02291056884036      c
    3.45158672330261     -1.53969277792565    -10.02291056800218      c
   -1.59667700824989      4.67915750529831     -7.62070461344325      c
   -3.54814873124296      3.54814873069315     -6.14450340915482      c
   -4.67915750521852      1.59667700876653     -7.62070461265383      c
   -3.45158672326971      1.53969277792751    -10.02291056895373      c
   -1.53969277795253      3.45158672323827    -10.02291056809880      c
    0.04429095117171     -6.93752782477991     -6.87496614261816      c
    0.10253748657524     -4.38853724867574    -12.28465494506800      c
    4.39529625880082     -4.39529625842041     -3.57690966326045      c
    4.38853725038078     -0.10253748727440    -12.28465494484601      c
    6.93752782597973     -0.04429095249443     -6.87496614239478      c
   -0.10253748677057      4.38853724852157    -12.28465494526551      c
   -4.39529626021464      4.39529625895243     -3.57690966370801      c
   -6.93752782565777      0.04429095245924     -6.87496614254560      c
   -4.38853725052719      0.10253748711317    -12.28465494465838      c
    5.86921964765779     -5.86921964766951     -3.72850752198087      h
    2.82020580949627     -5.18043354015872     -2.47363959515144      h
   -2.82020580877886      5.18043354011289     -2.47363959471813      h
   -5.86921964713452      5.86921964743142     -3.72850752217187      h
    5.18043353983058     -2.82020580967957     -2.47363959526590      h
   -5.18043353960621      2.82020580948500     -2.47363959526841      h
    6.90538176344202      1.84118157045733     -7.75721311475980      h
    8.71639379747897     -0.97177350646591     -7.46286784510993      h
    7.00506937263389      0.23730729285005     -4.81743790478893      h
   -6.90538176344193     -1.84118157047900     -7.75721311477193      h
   -8.71639379752414      0.97177350650457     -7.46286784513187      h
   -7.00506937268767     -0.23730729285482     -4.81743790478346      h
   -0.04429095132949      6.93752782488543     -6.87496614229300      c
   -0.97177350675550      8.71639379811446     -7.46286784497176      h
    1.84118156978475      6.90538176357480     -7.75721311478953      h
    0.23730729252119      7.00506937289040     -4.81743790461927      h
    0.97177350672758     -8.71639379807714     -7.46286784494947      h
   -1.84118156976731     -6.90538176355600     -7.75721311476348      h
    2.94670241971726      0.03132430967240    -13.77296173294553      h
   -2.94670241972552     -0.03132430965548    -13.77296173290573      h
   -1.05234565663993      6.05247195615878    -13.12122349097986      h
    1.05234565664555     -6.05247195613296    -13.12122349096756      h
   -0.23730729252331     -7.00506937288444     -4.81743790473668      h
    0.00000000006281      0.00000000008169      6.64699198883771      y
    1.59667700891512      4.67915750481549      7.62070461313719      c
   -1.59667700886825     -4.67915750489603      7.62070461315867      c
    4.67915750580245      1.59667700820961      7.62070461281956      c
   -4.67915750576655     -1.59667700819555      7.62070461283734      c
    3.54814872979485      3.54814873176581      6.14450340975767      c
   -3.54814872985893     -3.54814873175181      6.14450340981884      c
    3.45158672293288      1.53969277823679     10.02291056882594      c
   -3.45158672294145     -1.53969277812624     10.02291056874977      c
    1.53969277804555      3.45158672330043     10.02291056798098      c
   -1.53969277805901     -3.45158672336363     10.02291056806128      c
    6.93752782590766      0.04429095234633      6.87496614259411      c
   -6.93752782596611     -0.04429095240466      6.87496614263022      c
    0.04429095231496      6.93752782612690      6.87496614252258      c
   -0.04429095236048     -6.93752782615031      6.87496614251481      c
    4.38853724966999      0.10253748789504     12.28465494550693      c
   -4.38853725035572     -0.10253748705190     12.28465494491790      c
    0.10253748726970      4.38853725033948     12.28465494484680      c
   -0.10253748727272     -4.38853725038695     12.28465494483498      c
    4.39529625876856      4.39529625848473      3.57690966319364      c
   -4.39529625879219     -4.39529625851239      3.57690966317338      c
    5.86921964764488      5.86921964765074      3.72850752195836      h
   -5.86921964769325     -5.86921964771861      3.72850752198528      h
    5.18043354018297      2.82020580948127      2.47363959510063      h
   -5.18043354017454     -2.82020580939532      2.47363959507196      h
    2.82020580969594      5.18043353986594      2.47363959524126      h
   -2.82020580964437     -5.18043353985731      2.47363959522556      h
   -1.84118157043559      6.90538176346047      7.75721311476813      h
    1.84118157043892     -6.90538176344371      7.75721311474734      h
    6.90538176346017     -1.84118157042336      7.75721311476956      h
   -6.90538176344662      1.84118157045875      7.75721311476017      h
    0.97177350650430      8.71639379750070      7.46286784511683      h
   -0.97177350646792     -8.71639379749431      7.46286784510306      h
    8.71639379751359      0.97177350649678      7.46286784512573      h
   -8.71639379752483     -0.97177350650726      7.46286784514073      h
   -0.23730729282891      7.00506937270493      4.81743790478164      h
    0.23730729286635     -7.00506937266736      4.81743790474888      h
    7.00506937268486     -0.23730729276208      4.81743790472173      h
   -7.00506937267164      0.23730729277644      4.81743790470092      h
    4.97824752612085     -1.83410898327792     11.80542796289158      h
   -1.83410898259371     -4.97824752624399    -11.80542796293285      h
    1.83410898266695      4.97824752627339    -11.80542796291701      h
   -0.03132430969025      2.94670241971034     13.77296173292570      h
    0.03132430968646     -2.94670241970766     13.77296173292972      h
    2.94670242008274     -0.03132430981472     13.77296173225394      h
   -0.03132430932784     -2.94670242037848    -13.77296173218163      h
   -2.94670241988539      0.03132430961994     13.77296173275906      h
    0.03132430933802      2.94670242035659    -13.77296173221621      h
   -4.97824752586974      1.83410898265321     11.80542796289717      h
    1.83410898274968     -4.97824752579785     11.80542796290901      h
   -4.97824752580981     -1.83410898272145    -11.80542796290032      h
   -1.83410898270453      4.97824752587425     11.80542796292299      h
    4.97824752578617      1.83410898275984    -11.80542796288905      h
   -6.05247195544531     -1.05234565654921     13.12122349054526      h
    6.05247195561696      1.05234565643368     13.12122349044759      h
   -1.05234565659571     -6.05247195543808     13.12122349055519      h
   -6.05247195542504      1.05234565658808    -13.12122349056092      h
    1.05234565659756      6.05247195545338     13.12122349056686      h
    6.05247195543608     -1.05234565657840    -13.12122349058093      h
  -.16028376271637D-11  0.67814092665971D-10  -.43266289476932D-09
  0.11478434999365D-09  0.82003272797388D-10  -.54231726990715D-05
  0.12467303524043D-05  0.12466856599081D-05  -.48157133388394D-06
  -.12468565215870D-05  -.12468416929973D-05  -.48138834584863D-06
  0.12491499168550D-05  -.12490899946767D-05  0.47766058180240D-06
  -.12491614907635D-05  0.12492256902755D-05  0.47777937962901D-06
  0.10673252869870D-05  0.32740262525857D-05  0.68521676481990D-06
  0.77150752613797D-06  -.77184552881788D-06  0.49046260467761D-05
  -.32737252743406D-05  -.10673300283410D-05  0.68558347182798D-06
  -.10388712549216D-05  0.18733443398625D-05  -.17071352668594D-05
  -.18734325311518D-05  0.10387498583231D-05  -.17067800825556D-05
  0.32739624693306D-05  0.10674136346257D-05  0.68524285302615D-06
  -.77172514207280D-06  0.77150674121745D-06  0.49046995527205D-05
  -.10672707845489D-05  -.32738474560327D-05  0.68563561914222D-06
  0.18735206812536D-05  -.10388512412546D-05  -.17073077406204D-05
  0.10387449504683D-05  -.18732996334868D-05  -.17067639914081D-05
  -.28863215545318D-06  0.93298458781962D-06  0.19795352325532D-07
  0.10200890075056D-06  -.31351453313316D-06  0.74839308398091D-06
  -.13281572047428D-05  0.13283205987868D-05  -.34881062315160D-05
  0.31410239472070D-06  -.10217907899738D-06  0.74848864823999D-06
  -.93277208254583D-06  0.28818359516314D-06  0.19931593836335D-07
  -.10202702402720D-06  0.31354429779677D-06  0.74827246012202D-06
  0.13276231872346D-05  -.13281924303336D-05  -.34882960108682D-05
  0.93279507304693D-06  -.28826195130264D-06  0.19878435150548D-07
  -.31409472512700D-06  0.10219675228626D-06  0.74863712896652D-06
  0.46821508946533D-06  -.46823401717022D-06  0.48004530628499D-06
  0.17373724257863D-06  0.15559955663324D-06  0.12412243255173D-06
  -.17357519761438D-06  -.15537881757708D-06  0.12426158288448D-06
  -.46797905503375D-06  0.46796347473281D-06  0.48016907090525D-06
  -.15554002856066D-06  -.17383601488494D-06  0.12407763705889D-06
  0.15550216261612D-06  0.17379565604540D-06  0.12407759990285D-06
  0.67753026637869D-06  -.84900181172853D-06  -.20144434944918D-06
  0.34531308394301D-07  -.68863369927620D-06  0.54929055717822D-06
  -.39572743283119D-06  0.14001231559908D-05  0.43235125682904D-06
  -.67756448433236D-06  0.84902493776955D-06  -.20141849286690D-06
  -.34617827396333D-07  0.68867526583499D-06  0.54927817972348D-06
  0.39575122925077D-06  -.14001065708740D-05  0.43240392543636D-06
  0.28856746593642D-06  -.93303585395593D-06  0.19903983790006D-07
  -.68882929223513D-06  0.34817307859730D-07  0.54904790565110D-06
  -.84916845245406D-06  0.67752855644217D-06  -.20125028660396D-06
  0.14002117692765D-05  -.39578974071210D-06  0.43223103820926D-06
  0.68883864966056D-06  -.34817227319989D-07  0.54906385293148D-06
  0.84925491211293D-06  -.67755474894422D-06  -.20118569903907D-06
  -.14536070006548D-05  0.26804639887440D-05  0.49726877476841D-06
  0.14536533017116D-05  -.26804632893304D-05  0.49723386910758D-06
  -.20007880415056D-05  -.16762178681132D-05  -.21752918000790D-05
  0.20007839891499D-05  0.16762074335399D-05  -.21752740029810D-05
  -.14002079533871D-05  0.39581390685395D-06  0.43234896971237D-06
  0.10812060014659D-10  -.48362697310442D-11  0.54298194949574D-05
  -.32733942910710D-05  0.10668692902189D-05  -.68543508294217D-06
  0.32734802797849D-05  -.10669568268427D-05  -.68539868931187D-06
  0.10677535559377D-05  -.32740656124902D-05  -.68556023747040D-06
  -.10677503161118D-05  0.32741014421773D-05  -.68551065446083D-06
  0.77119045160685D-06  0.77187629700197D-06  -.49042547423301D-05
  -.77122410035611D-06  -.77185695220505D-06  -.49042362952889D-05
  -.18736217657148D-05  -.10386118807128D-05  0.17073385661765D-05
  0.18734943802033D-05  0.10388055629949D-05  0.17073883428354D-05
  -.10384892528137D-05  -.18733412993832D-05  0.17070476856598D-05
  0.10387172949197D-05  0.18731118795251D-05  0.17070894667659D-05
  -.93295721626668D-06  -.28828870968309D-06  -.19846225561820D-07
  0.93287830639792D-06  0.28819816290729D-06  -.19796512715784D-07
  -.28834249173309D-06  -.93270939784378D-06  -.19949105825590D-07
  0.28826157081187D-06  0.93263187979625D-06  -.19909305148079D-07
  0.31388446920712D-06  0.10233891820061D-06  -.74823126019682D-06
  -.31416480513694D-06  -.10210143872036D-06  -.74843872702093D-06
  0.10212527603443D-06  0.31412950857526D-06  -.74836856825584D-06
  -.10214451515167D-06  -.31416432767469D-06  -.74840927783565D-06
  -.13282159116619D-05  -.13283003616619D-05  0.34880007286609D-05
  0.13281579488121D-05  0.13282298370436D-05  0.34878694801740D-05
  0.46817358935643D-06  0.46818076797177D-06  -.48002020936800D-06
  -.46818495424462D-06  -.46819600975009D-06  -.48001412878904D-06
  -.15563913963743D-06  0.17384680874206D-06  -.12410070341327D-06
  0.15563561636331D-06  -.17382165303816D-06  -.12411399048437D-06
  0.17372834079047D-06  -.15550388818156D-06  -.12407639494744D-06
  -.17372064352664D-06  0.15549916648327D-06  -.12408793127489D-06
  0.84907323593016D-06  0.67755045353201D-06  0.20140406968312D-06
  -.84907359194399D-06  -.67754283551301D-06  0.20139744077606D-06
  0.67755430868292D-06  0.84909828888639D-06  0.20139203978694D-06
  -.67754761343944D-06  -.84907910358287D-06  0.20139668245860D-06
  0.68863096729923D-06  0.34478806779266D-07  -.54929442100870D-06
  -.68861953103801D-06  -.34460227109345D-07  -.54930168365004D-06
  0.34500082923307D-07  0.68864460890921D-06  -.54928472868624D-06
  -.34484224174097D-07  -.68863307546400D-06  -.54929376247428D-06
  -.14001238850933D-05  -.39578832069511D-06  -.43237986160904D-06
  0.14001470917450D-05  0.39580650706928D-06  -.43235798189573D-06
  -.39575416855165D-06  -.14001335191596D-05  -.43237345723202D-06
  0.39579614673633D-06  0.14001738183399D-05  -.43239877587677D-06
  0.33042075895627D-05  0.98190415999226D-06  -.27839421060669D-06
  0.98205803825482D-06  -.33040613071867D-05  0.27830968362969D-06
  -.98193178515137D-06  0.33040604688972D-05  0.27834443841468D-06
  -.26804620454216D-05  -.14535771183325D-05  -.49727020205378D-06
  0.26804687679612D-05  0.14535873599985D-05  -.49726521434302D-06
  -.14534008573319D-05  -.26803971163084D-05  -.49737800210739D-06
  -.26805357667117D-05  0.14533210070874D-05  0.49746735979010D-06
  0.14535905602468D-05  0.26804637726558D-05  -.49730189911369D-06
  0.26805356377415D-05  -.14532738516725D-05  0.49750681506075D-06
  -.33041138350440D-05  -.98211088810952D-06  -.27826495719121D-06
  -.98208380944036D-06  -.33042065376910D-05  -.27828931813785D-06
  -.33041374800317D-05  0.98209690521309D-06  0.27826188602658D-06
  0.98203779064828D-06  0.33041427413066D-05  -.27829191232096D-06
  0.33041691199008D-05  -.98201153935808D-06  0.27828957289240D-06
  0.16765025243233D-05  -.20004968993631D-05  0.21752153446086D-05
  -.16765185735894D-05  0.20005221514153D-05  0.21752336095645D-05
  -.20004825535087D-05  0.16765308007705D-05  0.21752118114322D-05
  0.16764735411125D-05  0.20005039917514D-05  -.21752244356004D-05
  0.20004749979137D-05  -.16764861738502D-05  0.21752149763736D-05
  -.16764600725633D-05  -.20004998476002D-05  -.21752285233518D-05
$end
