$dipgrad          cartesian dipole gradients
  0.22785567243152D+01  0.16201206629146D-01  0.96766952030653D+00
  0.11833390150907D+00  0.73086080963236D+00  0.69818782230448D-01
  0.89251603111263D+00  0.86837412185727D-02  0.12859957095972D+01
  0.18464920224811D+01  -.96669881102598D-01  0.95288067613747D+00
  -.25975415786435D+00  0.17209120752950D+01  0.25126391121992D+00
  0.84351091967440D+00  0.29085615113691D+00  0.88918180734280D+00
  0.21459901577286D+01  0.18035871010463D+00  0.20905462735389D+00
  0.17542097570333D+00  0.33516156568324D+00  -.30901321422242D+00
  0.44068827378517D+00  -.24310367839025D+00  0.19372170646613D+01
  -.10392198638653D+01  0.34248706472894D-01  -.51575722139807D+00
  0.11151740675988D+00  -.19212069436685D+00  0.17001401612591D+00
  -.80749709382851D+00  0.10995181948050D+00  -.13166769147869D+01
  -.17985495413678D+01  -.10636736833886D+00  -.48465962846664D+00
  -.13929072653360D+00  -.21547363778842D+00  0.72308042236544D-01
  -.85573627551167D-01  0.89178780163846D-01  -.56728768133233D+00
  -.13563028439467D+01  0.29457032241027D+00  -.67697857217422D+00
  0.55414289677289D+00  -.62034237794706D+00  0.19252035150722D+00
  -.63365422766421D+00  0.43433841056361D-01  -.58797151567841D+00
  -.11424581314765D+01  -.13812847229018D+00  -.66342025304945D+00
  -.46442746966326D+00  -.68233382727360D+00  -.40541881662676D+00
  -.79863049220858D+00  -.19892247715981D+00  -.74652352916122D+00
  -.12776824972687D+00  -.13494911492131D+00  -.23573813787838D-01
  -.20705633361071D+00  -.21376325366476D+00  -.61356670436113D-01
  -.93635234474310D-01  -.29119033529582D-01  -.50081314274956D-01
  -.16648348654074D+00  -.92810236011893D-01  -.10543449245959D+00
  -.16903290556768D+00  -.16243179575898D+00  -.13454355496660D+00
  -.11309403850619D+00  -.87785704376314D-01  -.13128931830878D+00
  -.75033999877768D-01  -.24033790239529D-01  -.80015595259804D-01
  -.12641293744018D+00  -.13116294938951D+00  -.19860592907844D+00
  -.68847981650784D-01  -.15084060469415D+00  -.19667932310320D+00
  -.22473957979340D-01  -.19625116608427D-01  -.56427954226810D-02
  0.14595556147943D-01  -.22121913006786D+00  -.15717690242645D+00
  0.74062595882148D-01  -.12227143372157D+00  -.66561623450166D-01
  0.23812589317334D-01  -.59934394359790D-01  0.19066820171676D-01
  -.52406895046665D-01  -.28785958167847D+00  0.14568263471288D-01
  -.53891651006363D-01  -.63374997344725D-01  -.51217483061748D-01
  -.15424620422819D+00  0.13897079398338D+00  -.16030501437719D-01
  0.22705488475582D+00  -.14791494834403D+00  0.65213698483606D-01
  0.16157508050948D-02  -.29468558177250D-01  -.77642656528088D-01
  -.14184082239138D+00  0.69722124375650D-01  -.35032653698624D-01
  0.18675621387430D+00  -.20097609853701D+00  0.13324096161643D+00
  -.62728594784699D-02  0.78372695023899D-01  -.25835938431288D-01
  -.26091369990258D-01  0.82509627524510D-01  -.32576986581903D-01
  0.83882278967341D-01  -.29892719467870D+00  0.13658615011755D+00
  0.32674488497113D-01  0.69018554753347D-01  -.74442082141614D-01
  0.23902479336781D-01  0.50478550601936D-01  -.83197624763888D-02
  -.56059027315722D-01  -.25334419049631D+00  -.11329081528644D+00
  -.58382824830257D-01  -.61908018936220D-01  0.12571832558474D-01
  -.11671732278241D+00  0.12062563220557D+00  0.11287191732148D+00
  0.19606482989496D+00  -.21745635489568D+00  -.44853928556057D-01
  0.40821670255016D-01  -.54815598056558D-01  -.53348667867996D-01
  -.34570562650031D+00  0.53413436951076D-01  0.39007362091300D-01
  0.70614582216421D-02  -.18604478093449D-01  -.69810236530072D-01
  0.15148818989220D+00  -.12894045585027D-01  -.32660612692541D-01
  -.14623398907055D+00  0.34641789236467D-01  0.18618251523647D+00
  -.70980376334676D-01  -.30895004975964D-01  -.37450181109970D-01
  0.14776365617059D+00  -.31925176262369D-01  -.13522944792351D+00
  -.13543788791021D+00  -.10306656647622D+00  0.13506409466660D+00
  -.10229093497582D-01  -.77585774100903D-01  0.93773486266043D-01
  0.12485837603700D+00  0.11124196787197D+00  -.10809260583066D+00
  -.28476128033858D+00  -.14870972728394D+00  0.77411946044095D-02
  -.12014789482831D+00  -.10274023099604D+00  0.44823024444969D-01
  0.10907881647424D+00  0.45509823666050D-01  -.55347540831589D-02
  -.37287998399372D+00  -.43673384671412D-01  -.12954638990163D-01
  -.89575177132360D-01  -.56361282605609D-01  -.11688536658769D-01
  0.77235484504315D-01  0.13338008867857D-01  -.32421018813428D-01
  -.32638506339867D-02  -.10775589098012D-02  0.65130624898220D-01
  -.16183725677486D-01  -.14732379876500D+00  0.10438352053762D+00
  0.12691314570569D-01  0.18125864479632D+00  -.25507610120410D+00
  -.13784783920082D+00  -.45965164245229D-01  0.64892144816335D-01
  -.54475232053328D-01  0.38858024662171D-01  0.51956789683777D-01
  0.20233062364860D+00  0.68387999988755D-01  -.13145188533410D+00
  -.26106383532031D-02  -.20430659532546D-01  0.82295164358945D-01
  0.40150158219363D-01  -.56884072201767D-01  -.50250332995779D-02
  0.53939816355146D-01  -.78948116015939D-01  -.33665137484748D+00
  -.20907330915279D-01  0.22633404105078D-01  0.15200873984712D-01
  0.69675392055272D-01  -.42008366510494D-01  -.29123108743590D-02
  -.10295857348713D+00  0.41162780213464D-02  -.33199243118935D+00
  0.10548860676406D-01  -.22479798005303D-01  0.21890161880438D-02
  -.12170741519005D-01  -.89109920854226D-01  0.10014551408317D+00
  -.12271650918329D+00  0.69088114358942D-01  -.29480956095639D+00
  0.93759805678226D-01  0.44315235771239D-01  -.87498447483437D-02
  0.17265912587306D-01  0.16787819027438D+00  0.81440422175045D-01
  -.69854120790476D-01  -.41494273090071D-01  0.67604217873622D-01
  0.20613353273250D+00  0.65068612415928D-01  0.52047439974692D-01
  -.49945768877121D-01  0.14595025467543D+00  0.22179208752121D-01
  0.58036830594019D-03  -.30035355931879D-02  0.83222535693410D-01
  0.64009207962656D-01  -.56639569857127D-01  0.13701485872867D-01
  0.17206252266520D-01  0.13081432571493D+00  0.43561935413145D-01
  0.36021350479003D-01  0.54658204672696D-02  0.23867933404381D-01
  0.14633642711812D+00  0.29734541080375D-01  0.75758060724007D-01
  -.42167977074801D-01  0.15109979952992D+00  -.33362347593761D-01
  0.52100597711383D-01  0.55596044837535D-01  0.15472642713983D+00
  0.41317597337124D-01  -.18314189872646D-01  -.36741707627272D-01
  0.31038209529998D-01  0.15868912464345D+00  -.20119189000566D-01
  0.26435801249051D-01  0.72988418392043D-01  0.13933740554535D+00
  0.92065900231518D-01  0.25350369263671D-01  0.43125031266358D-01
  -.23162477750582D-01  0.16594504238935D+00  0.39497333653535D-01
  0.58228187915467D-01  -.67977902302222D-01  0.14435324853687D+00
  0.61635928909690D-01  0.40253149204802D-01  -.24853260934790D-01
  -.51164215701891D-01  0.16933758230010D+00  0.14318912555774D-01
  -.56090010570523D-01  -.28904756849103D-02  0.39687503468025D-02
  -.14901960911212D-01  -.23143308070859D-01  -.65186228938629D-02
  -.52799965368409D-01  0.15888759222472D+00  -.21468031698465D-01
  -.23442458702379D-01  0.61796372018073D-01  0.82001414713886D-01
  0.17956091656214D+00  -.50958270204055D-01  0.14267700761206D-02
  0.28491448313491D-01  0.14142380174620D+00  0.10201275835553D-02
  -.22478096214900D-01  0.67030007080168D-01  0.74869612282537D-01
  0.18042004926641D+00  -.70570348178192D-01  0.39940307416081D-01
  0.52286559236462D-01  0.15666164403009D+00  0.62572472656010D-01
  0.78763741111742D-01  -.37884813582749D-01  0.11719812998962D+00
  0.22146049566617D-01  0.35095834472257D-01  -.97764594467110D-01
  0.65533783771707D-01  0.70346710965891D-01  -.40963998207122D-01
  -.20968477504967D-01  0.12761094098705D-01  0.13050622593572D+00
  0.40385758605044D-01  -.88519365952679D-02  -.11152354265560D+00
  -.54406816525287D-01  0.58145593867935D-01  -.12117305106634D-01
  -.40170035787340D-01  -.53045136695514D-01  0.12587912577700D+00
  0.12490153382872D+00  0.44878932799638D-01  0.48800335757436D-02
  0.12763253411273D-01  0.90568615619393D-01  0.87448949320284D-01
  -.90873742026825D-02  -.16334688348614D-01  0.17487016966362D+00
  0.19362563992998D+00  -.77483802185571D-02  0.10352565887682D+00
  0.16513414330849D-01  0.81618187475189D-01  -.26454289463852D-01
  -.44263763413691D-01  -.11738103309984D-01  0.17450033498432D+00
  0.15035661173619D+00  -.48624119088850D-01  0.27161495912372D-02
  -.39698868800551D-03  0.10498287364108D+00  -.11240384512501D+00
  -.13368360677477D-01  -.62828223225198D-02  0.13198884955118D+00
  0.16360722738574D+00  0.16431317122122D-01  -.22241980117249D-01
  0.73733384618551D-01  0.98121144468417D-01  -.28599791113421D-01
  0.88669157753389D-01  0.47542874926704D-01  0.16683225998255D+00
  0.10412440361438D+00  -.13104225843098D-01  -.47792990728673D-01
  0.99705999825689D-01  0.11670570886528D+00  -.31194987882966D-01
  -.53282481644033D-01  0.35461725728697D-01  0.10847242463984D+00
  0.90341482273685D-01  0.18951478472800D-01  0.18166946350555D-01
  0.18949849805238D-01  0.73193279750566D-02  -.95715452072941D-02
  -.59154825428540D-01  -.23917816138652D-01  0.12577556377065D+00
  0.19849465959684D+00  0.37954221967492D-02  -.40607093464249D-01
  -.50370607401570D-01  0.90186481412328D-01  -.29437273756403D-01
  0.84182257715364D-01  -.34448649037330D-01  0.15941815186288D+00
  0.12363161488659D+00  0.28505603444392D-01  -.52872501338027D-01
  -.85371063698854D-01  0.10059000883757D+00  0.16330934709427D-02
  -.63149585295134D-01  -.45549132924670D-01  0.10864786235971D+00
  0.45035816032474D-01  0.49617435480764D-02  0.43491584422425D-03
  0.36822430175393D-01  -.19825453377213D+00  0.17931044972798D+00
  -.10369141943229D-01  0.76022665340367D-01  -.86613646346326D-01
  -.24853599548789D-01  -.51636186850176D-01  -.10444115682549D+00
  -.64139097361691D-01  0.30060577188446D-01  -.92911591216716D-01
  -.64640561068380D-01  -.20467162633884D-01  -.74194946670309D-01
  -.79089240251872D-01  0.16944217621262D-01  0.67983841968021D-01
  0.19879712871955D-01  0.49867835784333D-01  -.34574715484408D-01
  0.34277653650755D-01  0.15702157774615D-01  0.29971092240544D-01
  -.90781038710093D-01  -.63379996871143D-01  -.27921639068835D-01
  -.11150717029049D+00  0.19251558773313D-01  -.14456875320165D-01
  -.86190931720967D-01  -.51787595091744D-01  0.63560593782868D-02
  -.11574508622535D+00  0.54903513065598D-01  0.88025223582854D-01
  0.14779303499517D+00  -.90916967955315D-01  -.89309952632321D-01
  0.13496828498288D+00  -.66846082155158D-01  -.30613884301121D-01
  0.41882940636682D-01  0.38174140447610D-01  -.27995906484871D-01
  -.14315668859064D-01  0.12325394816666D-01  0.77446813307658D-01
  -.10808128245238D-01  0.55589950460872D-01  -.63029224858040D-01
  -.38299238594175D-01  0.38361983687565D-01  -.42527016114433D-01
  0.11216192814280D+00  0.16692419068325D-01  0.79346862771259D-01
  -.93487363754590D-01  0.83153074590365D-01  -.30008769394063D-01
  -.25925008158969D-01  -.90373358061725D-03  0.75724134611038D-02
  0.57290361536452D-01  0.51512407153803D-01  -.41561463520426D-01
  0.86002424792212D-01  -.58760145837370D-01  -.88341902636917D-01
  -.16782966315370D+00  -.77168484971791D-01  -.14696728782400D-01
  -.19241476288111D+00  -.14245596433705D+00  -.20834355313347D-01
  0.14070644717109D-01  -.56171123790263D-02  0.52590108485793D-01
  -.20208128453288D-01  0.40378055249988D-01  -.74106025929106D-01
  0.86121812294206D-01  0.79828321043001D-01  0.27925826664817D-01
  -.26565107010571D-01  0.37497895619104D-01  -.13573105831056D-01
  -.32990026353277D-01  -.12784011188143D+00  0.23245799701695D-01
  -.16643228032756D+00  -.20837439766691D+00  0.44576971608769D-01
  -.14457170620282D-01  0.18528098278572D-02  -.18150767064859D-01
  -.13754166901304D-01  0.31539737762464D-01  0.88822181873206D-01
  0.90601032042965D-01  -.10265935687813D-02  -.49915196115304D-01
  0.65682720128688D-01  0.54634509110776D-02  -.20784766326042D-01
  -.67836868482596D-01  0.91348460211519D-02  0.89466894741861D-02
  -.21492790250328D-01  0.50457242905304D-01  0.67794660325383D-01
  0.57665905212482D-01  0.70431804719613D-01  0.56318892998021D-01
  -.15421705989176D-01  0.19938588966051D-01  -.43506102593963D-01
  0.36792804711723D-01  -.24194260467301D+00  -.67446545590518D-01
  -.37290409040906D-01  -.70036325765205D-01  0.25627448684249D-01
  0.20378235629847D-01  0.60290097522241D-01  0.18692634438077D-01
  0.54926824635851D-01  0.84864943261429D-01  0.16651647579380D-01
  -.40820410653645D-01  0.15477315539814D-01  -.77073995299101D-01
  0.50923787705008D-02  -.23003001384466D-01  0.32471570029837D-02
  -.19617405509130D-01  -.90491773386098D-01  -.19486832401037D+00
  0.32337126132947D-01  -.12804068540413D+00  -.17534425421346D+00
  -.81352782625420D-01  0.21118531826819D-01  -.26364072399467D-02
  0.42691811309986D-01  0.65502527277610D-01  0.73705414536035D-01
  -.31411650295876D-01  0.18393649448305D-01  0.71275912638736D-01
  0.42220938579066D-01  0.33803989305291D-01  0.93062125588042D-02
  0.16218660583696D-02  -.62526382627187D-01  0.11984942488073D+00
  0.37963826651407D-01  0.44835853977231D-01  -.21083327364743D-01
  -.66725701151217D-02  -.82604194898268D-01  0.29780927941211D-01
  -.10264561544059D-01  -.45175242437113D-01  0.12295167500607D+00
  -.13078483254559D-01  0.61847310079057D-01  -.24575671289196D-01
  -.13800113303893D+00  0.65477046712748D-01  -.40857625435861D-01
  0.74351176727520D-01  0.52561714524638D-01  0.43255226552328D-01
  0.40225145649458D-01  -.53229825356333D-02  0.38683912833780D-01
  0.19424615770798D-01  0.13269489871242D-01  -.48117989267972D-01
  -.34835067058638D-01  -.65959985992376D-01  -.15006296168288D+00
  -.12333407151690D+00  -.72475272164510D-01  -.20949921095594D+00
  0.20547275154461D-01  0.84383421185965D-02  0.41405846678771D-01
  -.31129843385332D-01  0.79155020807083D-01  -.42778973901967D-01
  -.51405263852539D-01  -.21406815703816D-01  -.13868158638564D+00
  -.17169581284926D+00  0.10065272617904D+00  -.10133167619810D+00
  0.18714882109399D+00  -.12938729653869D+00  0.48639389240957D-01
  -.62831150115731D-01  -.98231434190687D-02  0.97546690895280D-02
  -.69874184796962D-01  -.64336231340969D-01  -.16199881307550D-01
  -.13614420057147D+00  0.51070729624439D-02  0.74729203406965D-02
  0.25360967175363D-01  0.59397021771630D-01  0.11317241629096D-01
  -.17140132674550D-01  -.30608694262866D-01  0.43494830456678D-01
  -.73926022078107D-02  0.55623126653430D-01  -.79961117223360D-01
  0.10169339318333D+00  -.17777785051447D-01  -.20828158887435D-01
  0.51329288633231D-02  -.64269337832414D-01  -.77699990701919D-02
  -.22655247784602D-01  0.72141350394431D-01  -.52509752700118D-02
  -.57475196200988D-01  -.12072152759636D-01  -.23099137470140D-01
  -.33948231540137D-01  0.10871619696219D-01  -.18957035288606D-01
  -.22869741533459D-01  -.26562210761249D+00  0.46268309241431D-01
  0.95912978899250D-02  0.82496124664651D-02  0.63896385893276D-01
  -.25340978374019D-01  -.47418041957352D-01  -.47488729216758D-01
  -.48829604546629D-01  0.73777049721495D-01  -.70071119347139D-02
  0.12221745562174D-01  -.24841981600534D-01  0.74808504904955D-02
  0.67120156101583D-01  -.49545254068480D-01  0.50351306979811D-01
  -.66035505098089D-01  0.49650557537088D-03  0.80055256611010D-01
  -.11193563890850D-01  0.18624963423034D-01  -.53789073684303D-01
  0.15520506463030D-01  0.71248506802367D-01  0.66673611875236D-02
  0.10320115221196D+00  -.18501332801111D+00  -.11799041623540D+00
  -.20591917822189D-01  -.83728369063340D-01  -.62162747861018D-01
  -.40424694719841D-01  0.15599276170404D-02  -.15486057248796D-01
  -.32039676585196D-01  0.16259238906889D-01  -.48690101584623D-01
  -.46593802946491D-01  -.77337961991905D-02  0.76271957682718D-01
  0.14063447759186D-01  -.33281113217422D-01  0.12618253697266D-01
  0.51739644488738D-01  -.88678465034397D-01  0.30100433795903D-01
  0.23591670639231D-01  0.49330603533765D-01  0.86799587720733D-01
  -.82370002203073D-01  0.47726326194930D-01  0.10981158653376D+00
  0.46052701073405D-01  0.40525654940112D-01  0.33238018557222D-01
  0.11313777943153D+00  -.21585379462334D-01  -.18969787576732D+00
  0.22471344142079D-01  0.51465049106907D-01  -.40431168593478D-01
  0.47417286148127D-01  -.51442782419375D-01  0.24187702581306D-01
  -.19619966363484D-01  0.80797725073156D-01  0.18223488584078D-01
  -.13515524733651D+00  -.87311251471795D-01  -.56838546557622D-01
  -.23305677832916D-01  0.12293571294665D-01  -.31059435591497D-01
  -.89197702861179D-02  -.39395518691317D-02  0.60870696584383D-01
  0.23842882278414D-01  0.22561160860737D-01  0.93697889752982D-01
  -.23339988285401D-01  -.46710747373721D-01  -.89140903173460D-01
  0.16458301544815D-01  -.14046639533380D+00  -.21838724320103D+00
  -.57883156322377D-01  0.60193333350404D-01  -.43865844914199D-01
  0.11685706089348D+00  -.45880739290320D-01  -.18122094689433D-01
  0.36742794658121D-01  -.53185470881726D-01  0.65948237191707D-01
  -.55822120475486D-01  -.53664948865699D-02  -.23798635135346D-01
  0.21321379010427D-02  0.48351101672402D-01  0.28228649343333D-01
  -.13496469361077D+00  0.27998975214484D-01  -.28462483231490D+00
  -.64210690805637D-01  -.48702456718480D-01  -.58554608897557D-01
  -.11839238625657D+00  -.74673229040368D-01  -.11194498036160D-01
  0.68357017461206D-02  0.21663001972982D-01  0.71095957514375D-01
  0.37405349856418D-01  -.23529056096247D-01  -.46030739617854D-01
  -.30896567933813D-01  -.11644477298604D-01  -.49721537019286D-01
  -.91438766603691D-02  -.96129178653248D-01  -.23038038290731D-01
  0.21217083156661D-01  -.22832722165346D-01  0.53736624108680D-01
  0.51303553073031D-01  -.15344672567099D+00  0.13271943760149D+00
  -.13998732864814D-01  0.16919593478724D+00  -.10933549473390D+00
  -.16772975792132D+00  0.62782207889514D-01  -.26662191702359D-01
  -.15596482958935D-01  0.31683266632802D-01  0.35704870358357D-02
  0.18102134343223D-02  -.11323689320636D-01  0.64384001325296D-01
  -.47173820089123D-01  -.10096651180427D-01  -.18673666644481D-01
  0.34207816708461D-01  0.11929368206722D-01  0.16117910577962D-01
  -.33170409238104D-01  -.30988606086769D-01  0.90321983158190D-01
  -.36595599453705D-01  -.10248158779030D+00  0.66928387778368D-01
  -.10210404967075D+00  -.40852635840652D-01  0.71289042028605D-01
  0.63128798931465D-01  0.12859793116891D+00  -.16039310822485D+00
  0.11187694208681D-01  0.41218808510889D-01  0.36618373724493D-01
  -.42553858577061D-01  -.30069468037653D-01  -.78139526242386D-01
  0.22026530223964D-01  -.10102139656215D+00  0.37832038326820D-01
  -.17508673536710D+00  -.15805503814913D+00  -.31381109862126D-01
  -.18318430509089D+00  -.76448991926741D-01  -.45884668782176D-01
  0.52510462276588D-01  0.29236086884156D-01  -.18171306919154D-01
  0.34307902484926D-01  0.24231818471737D-01  -.74286212314147D-01
  0.49595231040498D-01  0.68522380889086D-02  0.90633045598450D-01
  -.11057131301620D+00  0.17009698472965D-01  -.95792729916570D-01
  -.11010865670603D-01  0.91913295949270D-01  0.49874872259229D-01
  0.35504964480267D-01  -.48053950500364D-01  -.77146789766085D-01
  -.27848240485127D-01  -.64301023432351D-01  0.99490969323131D-02
  0.22870005354438D-01  0.69700720000728D-01  -.58072618222266D-01
  0.26292121701593D-01  0.43049084214332D-01  0.83237497748856D-02
  -.11064145339591D+00  -.39608769769312D-02  -.23317715559172D-01
  -.12990361620324D+00  -.14198699809575D+00  0.64681336329192D-01
  -.87509803066862D-01  -.13510662669923D+00  0.71132114122904D-01
  0.89251696271321D-01  0.10399253207959D+00  0.66820547794498D-02
  0.68242423227308D-01  0.38744160620021D-01  0.34831395990237D-01
  0.21036665606809D-01  -.33776683530636D-01  -.20342081739973D-01
  0.27941056622109D-01  -.10244264101954D+00  -.65599457485670D-01
  0.81437728949443D-01  -.30511176612473D-01  -.65346449221431D-01
  -.67494495183406D-01  -.49099934356873D-01  -.37592508109432D-01
  -.63942512871704D-01  0.81208140031756D-02  0.94848382115774D-02
  -.10739229882155D+00  -.40437878373037D-01  0.10615634076176D+00
  -.47284099761126D-01  0.52568611770061D-01  0.55348049075202D-01
  0.89370485897711D-01  0.48156820657912D-01  -.17693918510991D+00
  0.24229837322199D-01  0.65328966651336D-01  -.58217495125805D-01
  0.11244623130163D+00  -.15171913425770D-03  -.29059812574019D-02
  -.25853727404780D-01  -.22898658490058D-01  0.67472683685664D-03
  0.16474425406074D-01  -.65901625017621D-01  0.93532471164621D-02
  0.81536136433420D-02  -.11336502256393D+00  0.84888487534789D-01
  -.55451550947950D-01  0.52144225963804D-01  0.16123220436067D-01
  0.34074665104341D-01  0.68385238847877D-03  -.54963690197095D-01
  -.31886921415789D-01  0.12620230617668D-01  -.88536742123055D-01
  -.12223395440546D+00  -.26495096598462D-01  -.92244837555475D-01
  -.24745786628231D+00  0.10223667143783D+00  0.57363619291581D-03
  0.10608381984926D+00  0.79774935567512D-02  0.31178155176049D-01
  0.10846607742130D+00  -.15930000639196D-01  -.20628518737623D-01
  -.19541372127409D+00  0.10549072122299D+00  0.11834869558466D+00
  0.39627675847016D-01  -.35124074525834D-01  -.55424825483795D-01
  0.13739588201949D+00  -.82040126461677D-01  -.29923102875401D-01
  0.52632738202611D-01  -.62580832990683D-01  -.74216365907432D-01
  -.59151410357958D-02  0.29537096233573D-01  -.19300619281844D-01
  -.10312947507381D+00  -.14096402154258D-01  -.25053875617891D-01
  0.69155471218297D-01  -.44352639183521D-02  0.15699954338031D-01
  0.21568264879651D-01  -.75424094248887D-01  0.28476523704002D-01
  -.84873520605256D-02  0.10762402931541D+00  -.36868177692831D-01
$end
