$optinfo internal
 gdiistep   off
 trostep    on
 calchess   off
 iteration   2
 ndiis       1
 itrvec      0
 tradius    1.500000000000E-01
 actrad     1.500000000000E-01
 energyo   -3.292624940030E+03
 predengy  -5.418858419798E-01
 trnvec
  0.000000000000D+00  0.000000000000D+00  0.000000000000D+00
  0.000000000000D+00  0.000000000000D+00  0.000000000000D+00
  0.000000000000D+00  0.000000000000D+00  0.000000000000D+00
  0.000000000000D+00  0.000000000000D+00  0.000000000000D+00
  0.000000000000D+00  0.000000000000D+00  0.000000000000D+00
  0.000000000000D+00  0.000000000000D+00  0.000000000000D+00
  0.000000000000D+00  0.000000000000D+00  0.000000000000D+00
  0.000000000000D+00  0.000000000000D+00  0.000000000000D+00
  0.000000000000D+00  0.000000000000D+00  0.000000000000D+00
  0.000000000000D+00  0.000000000000D+00  0.000000000000D+00
  0.000000000000D+00  0.000000000000D+00  0.000000000000D+00
  0.000000000000D+00  0.000000000000D+00  0.000000000000D+00
  0.000000000000D+00  0.000000000000D+00  0.000000000000D+00
  0.000000000000D+00  0.000000000000D+00  0.000000000000D+00
  0.000000000000D+00  0.000000000000D+00  0.000000000000D+00
  0.000000000000D+00  0.000000000000D+00  0.000000000000D+00
  0.000000000000D+00  0.000000000000D+00  0.000000000000D+00
  0.000000000000D+00  0.000000000000D+00  0.000000000000D+00
  0.000000000000D+00  0.000000000000D+00  0.000000000000D+00
  0.000000000000D+00  0.000000000000D+00  0.000000000000D+00
  0.000000000000D+00  0.000000000000D+00  0.000000000000D+00
  0.000000000000D+00  0.000000000000D+00  0.000000000000D+00
  0.000000000000D+00  0.000000000000D+00  0.000000000000D+00
  0.000000000000D+00  0.000000000000D+00  0.000000000000D+00
  0.000000000000D+00  0.000000000000D+00  0.000000000000D+00
  0.000000000000D+00  0.000000000000D+00  0.000000000000D+00
  0.000000000000D+00  0.000000000000D+00  0.000000000000D+00
  0.000000000000D+00  0.000000000000D+00  0.000000000000D+00
  0.000000000000D+00  0.000000000000D+00  0.000000000000D+00
  0.000000000000D+00  0.000000000000D+00  0.000000000000D+00
  0.000000000000D+00  0.000000000000D+00  0.000000000000D+00
  0.000000000000D+00  0.000000000000D+00  0.000000000000D+00
  0.000000000000D+00  0.000000000000D+00  0.000000000000D+00
  0.000000000000D+00  0.000000000000D+00  0.000000000000D+00
  0.000000000000D+00  0.000000000000D+00  0.000000000000D+00
  0.000000000000D+00  0.000000000000D+00  0.000000000000D+00
  0.000000000000D+00  0.000000000000D+00  0.000000000000D+00
  0.000000000000D+00  0.000000000000D+00  0.000000000000D+00
  0.000000000000D+00  0.000000000000D+00  0.000000000000D+00
  0.000000000000D+00  0.000000000000D+00  0.000000000000D+00
  0.000000000000D+00  0.000000000000D+00  0.000000000000D+00
  0.000000000000D+00  0.000000000000D+00  0.000000000000D+00
  0.000000000000D+00  0.000000000000D+00  0.000000000000D+00
  0.000000000000D+00  0.000000000000D+00  0.000000000000D+00
  0.000000000000D+00  0.000000000000D+00  0.000000000000D+00
  0.000000000000D+00  0.000000000000D+00  0.000000000000D+00
  0.000000000000D+00  0.000000000000D+00  0.000000000000D+00
  0.000000000000D+00  0.000000000000D+00  0.000000000000D+00
  0.000000000000D+00  0.000000000000D+00  0.000000000000D+00
  0.000000000000D+00  0.000000000000D+00  0.000000000000D+00
  0.000000000000D+00  0.000000000000D+00  0.000000000000D+00
  0.000000000000D+00  0.000000000000D+00  0.000000000000D+00
  0.000000000000D+00  0.000000000000D+00  0.000000000000D+00
  0.000000000000D+00  0.000000000000D+00  0.000000000000D+00
  0.000000000000D+00  0.000000000000D+00  0.000000000000D+00
  0.000000000000D+00  0.000000000000D+00  0.000000000000D+00
  0.000000000000D+00  0.000000000000D+00  0.000000000000D+00
  0.000000000000D+00  0.000000000000D+00  0.000000000000D+00
  0.000000000000D+00  0.000000000000D+00  0.000000000000D+00
  0.000000000000D+00  0.000000000000D+00  0.000000000000D+00
  0.000000000000D+00  0.000000000000D+00  0.000000000000D+00
  0.000000000000D+00  0.000000000000D+00  0.000000000000D+00
  0.000000000000D+00  0.000000000000D+00  0.000000000000D+00
  0.000000000000D+00  0.000000000000D+00  0.000000000000D+00
  0.000000000000D+00  0.000000000000D+00  0.000000000000D+00
  0.000000000000D+00  0.000000000000D+00  0.000000000000D+00
  0.000000000000D+00  0.000000000000D+00  0.000000000000D+00
  0.000000000000D+00  0.000000000000D+00  0.000000000000D+00
  0.000000000000D+00  0.000000000000D+00  0.000000000000D+00
  0.000000000000D+00  0.000000000000D+00  0.000000000000D+00
  0.000000000000D+00  0.000000000000D+00  0.000000000000D+00
  0.000000000000D+00  0.000000000000D+00  0.000000000000D+00
  0.000000000000D+00  0.000000000000D+00  0.000000000000D+00
  0.000000000000D+00  0.000000000000D+00  0.000000000000D+00
  0.000000000000D+00  0.000000000000D+00  0.000000000000D+00
  0.000000000000D+00  0.000000000000D+00  0.000000000000D+00
  0.000000000000D+00  0.000000000000D+00  0.000000000000D+00
  0.000000000000D+00  0.000000000000D+00  0.000000000000D+00
  0.000000000000D+00  0.000000000000D+00  0.000000000000D+00
  0.000000000000D+00  0.000000000000D+00  0.000000000000D+00
  0.000000000000D+00  0.000000000000D+00  0.000000000000D+00
  0.000000000000D+00  0.000000000000D+00  0.000000000000D+00
  0.000000000000D+00  0.000000000000D+00  0.000000000000D+00
  0.000000000000D+00  0.000000000000D+00  0.000000000000D+00
  0.000000000000D+00  0.000000000000D+00  0.000000000000D+00
  0.000000000000D+00  0.000000000000D+00  0.000000000000D+00
  0.000000000000D+00  0.000000000000D+00  0.000000000000D+00
  0.000000000000D+00  0.000000000000D+00  0.000000000000D+00
  0.000000000000D+00  0.000000000000D+00  0.000000000000D+00
  0.000000000000D+00  0.000000000000D+00  0.000000000000D+00
  0.000000000000D+00  0.000000000000D+00  0.000000000000D+00
  0.000000000000D+00  0.000000000000D+00  0.000000000000D+00
  0.000000000000D+00  0.000000000000D+00  0.000000000000D+00
  0.000000000000D+00  0.000000000000D+00  0.000000000000D+00
  0.000000000000D+00  0.000000000000D+00  0.000000000000D+00
  0.000000000000D+00  0.000000000000D+00  0.000000000000D+00
  0.000000000000D+00  0.000000000000D+00  0.000000000000D+00
  0.000000000000D+00  0.000000000000D+00  0.000000000000D+00
  0.000000000000D+00  0.000000000000D+00  0.000000000000D+00
  0.000000000000D+00  0.000000000000D+00  0.000000000000D+00
  0.000000000000D+00  0.000000000000D+00  0.000000000000D+00
  0.000000000000D+00  0.000000000000D+00  0.000000000000D+00
  0.000000000000D+00  0.000000000000D+00  0.000000000000D+00
  0.000000000000D+00  0.000000000000D+00  0.000000000000D+00
  0.000000000000D+00  0.000000000000D+00  0.000000000000D+00
 displ
  0.420917616991D-03  0.185065908195D-02 -0.408907851423D-03
  0.135346387424D-02  0.347038270171D-02  0.130462311160D-02
 -0.398377015717D-03  0.275347006524D-03 -0.909327852525D-03
  0.943563175330D-04  0.127991590301D-02  0.155184392830D-02
  0.173831137396D-02  0.282355733839D-02 -0.339846217259D-03
 -0.354042769917D-03  0.167513323966D-03  0.202855738573D-03
  0.112317656714D-03  0.863035987354D-03  0.179887475955D-02
  0.167628207647D-02  0.284070703893D-02  0.103843051549D-02
 -0.706747978664D-03 -0.680995494899D-04 -0.261002132823D-03
  0.134114936442D-03  0.175416911732D-02  0.149291559672D-02
  0.115917319551D-02  0.282399821692D-02  0.284205825164D-03
  0.368419326217D-03  0.327519843915D-03 -0.122515532751D-03
  0.180251201330D-03  0.141806239484D-02  0.158353064395D-02
  0.110959929895D-02  0.292713043687D-02 -0.196513002500D-03
  0.151765511227D-03 -0.205144339789D-03 -0.152926630785D-03
 -0.444252367088D-06  0.179280045376D-02  0.123251984336D-02
  0.131089342827D-02  0.281633796510D-02  0.193092554592D-03
 -0.256875380698D-04  0.481926596298D-04 -0.585671365972D-04
 -0.853081565239D-03  0.114574342391D-02  0.169584402195D-02
 -0.362817888051D-03 -0.247502309370D-02  0.440394696102D-03
  0.149296468523D-02 -0.550001401762D-03 -0.188425037667D-03
  0.305821818473D-03  0.144844695434D-03  0.173400747141D-02
  0.942214735493D-03  0.295837702209D-02 -0.115512040565D-02
 -0.872185077100D-03  0.120350666842D-03  0.151105980395D-03
 -0.215652310178D-03  0.135311671637D-02  0.121198262827D-02
  0.161676229026D-02  0.290118384728D-02  0.401099719298D-03
  0.783317154281D-04 -0.220162394870D-03  0.210799161605D-03
 -0.131020989584D-03  0.117020759816D-02  0.172798435376D-02
  0.137364504586D-02 -0.283780603493D-02  0.329015885201D-03
 -0.397799669079D-03 -0.264830543454D-03 -0.166621761852D-03
 -0.120259393639D-03  0.159626903072D-02  0.113438427796D-02
  0.131219417915D-02  0.293359428321D-02  0.258421812619D-03
 -0.171309807781D-03  0.240058809228D-03 -0.867055423944D-04
 -0.108397160691D-03  0.180112155415D-02  0.116560317908D-02
  0.166946729632D-02 -0.290075085690D-02 -0.261702900744D-03
  0.278555643970D-03 -0.295492306030D-03  0.246001121515D-03
  0.744951259303D-03  0.102424241259D-02 -0.331182709599D-03
  0.184655664933D-02  0.251673854949D-02 -0.101250373844D-02
 -0.228410692480D-02 -0.677320563525D-03 -0.108049249564D-04
 -0.353419040093D-03 -0.223243548430D-03  0.176575978031D-02
  0.122875645892D-02 -0.339301108619D-02 -0.596976675893D-03
 -0.908575492722D-03 -0.786839796972D-03  0.610962357619D-03
  0.130084782162D-03  0.166971583338D-02  0.135333992512D-02
  0.113931776961D-02 -0.293917809477D-02 -0.299038028170D-03
 -0.129395490527D-03 -0.346704005056D-03  0.105356297836D-03
  0.108117509391D-02  0.149985672192D-02 -0.324914801590D-03
  0.193119247406D-02 -0.290265039483D-02  0.201704422203D-02
  0.752098053397D-03 -0.407169921829D-03 -0.340500379263D-03
  0.213863608892D-03  0.145803464594D-02  0.114225612563D-02
  0.167078939081D-02  0.286023066022D-02  0.252162214497D-03
  0.243245740605D-03  0.282729446370D-03  0.126500362333D-03
  0.174800172725D-03  0.111037335646D-02  0.158404712763D-02
  0.142080826475D-02 -0.293498469531D-02  0.209754591665D-03
 -0.141173311788D-03 -0.219508966794D-03  0.147343877564D-03
 -0.755335488372D-03  0.911587003659D-04  0.118847740352D-02
  0.173317638630D-02 -0.276568102125D-02  0.890451013240D-03
 -0.114379596779D-02  0.168312051166D-03  0.391888838030D-03
 -0.155320945666D-04  0.178455475861D-02  0.131267648074D-02
  0.122697020293D-02  0.281372221327D-02 -0.204003946819D-03
 -0.847375248889D-05  0.768653037125D-04  0.708087116185D-04
  0.331861188590D-01 -0.872293132346D-03  0.166346018170D-02
  0.324445183272D-01  0.208588710662D-02  0.472727188312D-02
  0.332248700412D-01  0.587861997748D-03  0.126609848054D-02
  0.314073030848D-01 -0.190861985646D-02  0.684490535788D-02
  0.330301311585D-01 -0.135294231514D-03  0.135903961084D-02
  0.329210636745D-01  0.339060185844D-02  0.722421453740D-02
  0.333682512160D-01  0.346174878620D-03  0.203630653070D-02
  0.331723329469D-01 -0.583612448294D-03  0.202442706209D-02
  0.330938350475D-01  0.487042280900D-03  0.118774062791D-02
  0.325480901136D-01  0.184279560159D-02  0.661548112581D-02
  0.332624751373D-01 -0.110569108674D-02  0.171250258104D-02
  0.331196860204D-01 -0.803308757468D-03  0.176367271291D-02
  0.331519387224D-01 -0.779391415762D-03  0.103344827171D-02
  0.312511594863D-01  0.379371254599D-02  0.906385064615D-02
  0.331268788229D-01  0.371671401381D-02  0.553510697934D-02
  0.320083733335D-01  0.109060983857D-02  0.921696011732D-02
  0.332956338748D-01 -0.688439970217D-03  0.169798858901D-02
  0.332792298062D-01  0.573470301231D-03  0.123938009135D-02
  0.319551198308D-01 -0.194008657699D-02  0.735684069878D-02
  0.330193955891D-01 -0.134046389503D-03  0.132590176307D-02
 -0.138427847158D-03  0.124284721466D-04 -0.394675576821D-04
 -0.582962661099D-04 -0.655521625015D-05 -0.873939809754D-04
 -0.135402289163D-03 -0.253810667726D-06 -0.170278482576D-04
 -0.116282108566D-03  0.131593028923D-03  0.969402644203D-04
  0.434782339649D-04 -0.554145009968D-03 -0.632381947612D-04
  0.610972659485D-04 -0.590247312695D-04 -0.681196993255D-05
  0.596397077024D-04  0.192869854976D-03 -0.108451572244D-02
 -0.395163692943D-03 -0.532431266720D-03  0.167259311038D-04
 -0.286016280962D-03 -0.148056125287D-03  0.295273987238D-03
  0.537468296746D-02  0.132040442115D-03 -0.167729578506D-02
  0.119864302624D-03  0.207450599711D-03 -0.742698788435D-03
 -0.207206104540D-03  0.126309937235D-03  0.703226340794D-03
  0.403557434203D-03  0.678336773152D-04  0.353814114220D-03
 -0.757697139699D-03 -0.436928358053D-03 -0.137204307604D-03
 -0.290195297035D-04  0.472101044778D-03 -0.116077547637D-02
 -0.106802557865D-02 -0.187608753685D-03  0.317071778777D-03
 -0.407523008980D-03 -0.136125227133D-02 -0.262489956297D-04
 -0.941318061336D-03 -0.351472473415D-03 -0.144648639672D-02
 -0.213204808969D-03 -0.243974299924D-02  0.523666967840D-04
 -0.139551212825D-02  0.503081731393D-03 -0.182518145476D-03
  0.445318422864D-03 -0.185034017071D-02 -0.532861260476D-04
  0.364242670179D-02  0.435118064429D-03  0.374270076556D-03
 -0.305487655040D-03  0.952298317784D-02  0.945991449045D-03
 -0.915334069370D-04 -0.231713473508D-03  0.334459520998D-04
  0.114994743389D-03  0.569459753127D-04 -0.244586842449D-04
 dxyz
 -0.874776374383D-04 -0.679900795991D-03 -0.671594028174D-03
 -0.130311967781D-02 -0.583941282598D-03 -0.187103981141D-02
  0.119355257344D-02 -0.456145737206D-03  0.877912485917D-03
 -0.849274993452D-03 -0.701566383442D-03 -0.446390474346D-03
 -0.175012245662D-03 -0.694466123243D-03 -0.172108830424D-02
  0.538075397693D-03  0.238343647067D-03  0.268126293505D-03
  0.123088075724D-03 -0.136536860310D-02 -0.414928923044D-03
  0.149837699250D-02 -0.129173089495D-02 -0.132459899948D-02
  0.384524071965D-03 -0.188607873669D-02 -0.102067530076D-02
  0.583021218448D-03 -0.194777190535D-02 -0.592738561541D-03
 -0.733911715981D-03 -0.399975043057D-02 -0.101184326853D-02
 -0.720361666517D-03 -0.457317380619D-02 -0.292354133213D-02
  0.940263673670D-03  0.345064233533D-03 -0.489468634334D-03
 -0.389084275843D-03  0.454403499350D-03 -0.690211976358D-03
 -0.186899107848D-03  0.541426220649D-04 -0.854300451344D-04
 -0.194678603177D-02  0.268220956871D-02 -0.100299048419D-02
  0.376028148275D-03  0.300992513712D-02 -0.219884299146D-02
 -0.170917325675D-03  0.148316089159D-03 -0.130670442804D-02
  0.350090863973D-02  0.146694644996D-02 -0.299598857312D-02
  0.394223444793D-02  0.118796698893D-03 -0.258667862228D-02
 -0.752460731870D-04 -0.811985185953D-03 -0.150461472246D-02
  0.885691383763D-03  0.391181262915D-04 -0.101578197442D-02
 -0.181180535371D-02 -0.308113792611D-03  0.559732115337D-03
 -0.225868647371D-02 -0.141557607225D-02  0.474605971197D-02
 -0.191619127305D-02 -0.319825428396D-02  0.162797026499D-02
 -0.179684799983D-02 -0.114597436287D-02  0.224252790155D-03
 -0.138663306221D-02 -0.750333728868D-03  0.715354937222D-03
 -0.464807139240D-02 -0.181729602290D-01  0.280372520149D-01
 -0.336385486350D-01 -0.964303572216D-02  0.679644832413D-02
  0.285651182745D-01 -0.171561957064D-01  0.799414141772D-02
 -0.222493332227D-01 -0.783052984704D-03 -0.304259880449D-01
  0.227986248310D-01  0.274042725341D-02 -0.263445787206D-01
 -0.257242956315D-02  0.172617771244D-01 -0.360211207896D-01
  0.285816469504D-01  0.157577105346D-01 -0.117530407195D-01
  0.168998208806D-01  0.124749221569D-01  0.252278979269D-01
 -0.163041717708D-01 -0.410106443175D-02  0.286150266425D-01
 -0.372437075298D-01  0.224569247474D-02 -0.686260453600D-02
 -0.162228577624D-01 -0.302981825430D-01 -0.731292128969D-02
 -0.338184826295D-01  0.612074545971D-02 -0.199769647235D-02
 -0.679335699751D-02  0.314605482298D-01  0.890455229642D-02
  0.187036063476D-01  0.116654658958D-01  0.333324187853D-01
  0.149622003667D-01 -0.334963283237D-01  0.101449846443D-01
  0.296240378320D-01  0.253368665629D-01  0.106454280222D-01
 -0.737716095239D-02  0.317022180327D-01 -0.967021962445D-02
 -0.135986054952D-01  0.374870743644D-03 -0.310626411825D-01
  0.334104752210D-01 -0.127305148574D-01  0.138364863169D-01
  0.140216996596D-02 -0.317028414561D-01 -0.133037374967D-01
 -0.199964785648D-02  0.251367265795D-01 -0.238502077074D-01
 -0.418830202962D-02  0.243869996090D-01 -0.528418924731D-01
 -0.274055520269D-02  0.227604433315D-01 -0.416955843898D-01
 -0.189144090612D-01 -0.310989538551D-02  0.316326586614D-01
 -0.153750158625D-01 -0.248541474319D-02  0.295957082561D-01
 -0.182067342085D-01 -0.475236309288D-02  0.325421508442D-01
 -0.408642412498D-01 -0.140351940815D-01  0.713698549966D-02
 -0.439438550820D-01 -0.116693742940D-01  0.988424361962D-02
 -0.262859053761D-01 -0.158151122401D-01  0.481652455089D-02
 -0.502845939201D-02 -0.196546949998D-01  0.311373881453D-01
 -0.537117187128D-02 -0.199039835048D-01  0.265046030627D-01
 -0.746174429261D-02 -0.209010722165D-01  0.321636437292D-01
  0.315455676297D-01 -0.189831961602D-01  0.884874658125D-02
  0.283510826195D-01 -0.187477071265D-01  0.797270306550D-02
  0.316407661284D-01 -0.196724535326D-01  0.979663738776D-02
  0.235733169851D-01  0.671135602775D-03 -0.267993062895D-01
  0.251697797766D-01  0.396808618236D-02 -0.289150503360D-01
  0.240667349420D-01  0.240682919636D-02 -0.306168251815D-01
 -0.271235029727D-01 -0.638291720667D-03 -0.360137904944D-01
 -0.334037439182D-01 -0.787884283264D-03 -0.401927493198D-01
 -0.194133719312D-01 -0.124626867110D-01 -0.245262055943D-01
 -0.450702254578D-01  0.572200450355D-02 -0.748866179353D-02
 -0.301377421976D-01  0.119696174051D-01 -0.263328160557D-02
 -0.521221813463D-01  0.217426572556D-02 -0.880400201642D-02
  0.310755983823D-01  0.190942077032D-01 -0.132029394704D-01
  0.331335673269D-01  0.185820730334D-01 -0.134947948516D-01
  0.272898800522D-01  0.171172386815D-01 -0.100688273744D-01
  0.185334152915D-01  0.145258393634D-01  0.280907834185D-01
  0.187464321064D-01  0.148388634376D-01  0.303785099366D-01
  0.146503889808D-01  0.138241616017D-01  0.247815660211D-01
 -0.375826477228D-01  0.681336331230D-02 -0.189474692426D-02
 -0.386464176357D-01  0.793364852307D-02 -0.158152130987D-02
 -0.336483953046D-01  0.617040982954D-02 -0.147820598106D-04
 -0.720744715502D-02  0.350055769152D-01  0.857911446856D-02
 -0.525858100461D-02  0.358770710760D-01  0.115308879787D-01
 -0.782348148299D-02  0.312188547375D-01  0.111512087777D-01
  0.247229326837D-01  0.160383255884D-01  0.433760046760D-01
  0.223501667825D-03  0.554811316716D-02  0.362750683769D-01
  0.277898859476D-01  0.198298114190D-01  0.466398924574D-01
  0.961555107858D-02 -0.332816986605D-01  0.129197234481D-01
  0.899489930952D-02 -0.337637376252D-01  0.147133404774D-01
  0.238704569453D-01 -0.487345105878D-01  0.141004957702D-01
 -0.177226256208D-01 -0.330779491048D-01 -0.819195907800D-02
 -0.165687606152D-01 -0.305505679397D-01 -0.507381840064D-02
 -0.174827393085D-01 -0.358020292418D-01 -0.762238666518D-02
  0.312180688922D-01  0.172931236399D-01 -0.696214206486D-02
  0.436129057306D-01  0.347846249700D-01  0.158577708767D-01
  0.382106388505D-01  0.338649071313D-01  0.161844261787D-01
 -0.867657698702D-02  0.344483474916D-01 -0.103023390833D-01
 -0.526925165773D-02  0.316649645789D-01 -0.111679723279D-01
 -0.686431464122D-02  0.376112006827D-01 -0.978778776364D-02
 -0.147159974467D-01  0.442658729318D-03 -0.344094310415D-01
 -0.126316081480D-01  0.124562256340D-02 -0.320051057269D-01
 -0.153929417528D-01  0.122053818002D-02 -0.351579780950D-01
  0.399293950183D-01 -0.147061474305D-01  0.165758870614D-01
  0.476912526488D-01 -0.160700648174D-01  0.224810952305D-01
  0.339888612076D-01 -0.419142253701D-02  0.179405874639D-02
  0.228945504564D-02 -0.313879315464D-01 -0.153773509540D-01
  0.106717996903D-02 -0.351997950894D-01 -0.140709401294D-01
  0.350259614721D-02 -0.356086779794D-01 -0.146217914410D-01
 grado
 -0.984918179540D-02 -0.437274181692D-01  0.966168455216D-02
 -0.319796679467D-01 -0.817375697633D-01 -0.307255990422D-01
  0.937895268392D-02 -0.648565381115D-02  0.214263916215D-01
 -0.220789256601D-02 -0.302418986113D-01 -0.366670012410D-01
 -0.410728423934D-01 -0.665030172519D-01  0.800383872206D-02
  0.833509910684D-02 -0.394568974418D-02 -0.477993135190D-02
 -0.262815392638D-02 -0.203918448564D-01 -0.425038512300D-01
 -0.396072250388D-01 -0.669068808233D-01 -0.244564070840D-01
  0.166389112833D-01  0.160404918772D-02  0.614996036314D-02
 -0.313843010978D-02 -0.414475504337D-01 -0.352746424007D-01
 -0.273889608262D-01 -0.665138280401D-01 -0.669350209784D-02
 -0.867342820586D-02 -0.771457887097D-02  0.288693965775D-02
 -0.421796980688D-02 -0.335060162808D-01 -0.374157008443D-01
 -0.262176376195D-01 -0.689427549440D-01  0.462817889041D-02
 -0.357291497025D-02  0.483207641896D-02  0.360351671027D-02
  0.103952927796D-04 -0.423603389731D-01 -0.291220128194D-01
 -0.309738159266D-01 -0.663329823677D-01 -0.454759145393D-02
  0.604752152455D-03 -0.113515319283D-02  0.138002979032D-02
  0.199620633166D-01 -0.270716545644D-01 -0.400694387583D-01
  0.857266822017D-02  0.582941216157D-01 -0.103719227010D-01
 -0.351481085417D-01  0.129550063882D-01  0.443994032766D-02
 -0.715620252185D-02 -0.342239369960D-02 -0.409711659048D-01
 -0.222626696232D-01 -0.696785305984D-01  0.272047213805D-01
  0.205333982009D-01 -0.283479957412D-02 -0.356057612002D-02
  0.504649065588D-02 -0.319714806029D-01 -0.286367415595D-01
 -0.382008776681D-01 -0.683317847341D-01 -0.944654051166D-02
 -0.184410734674D-02  0.518582349729D-02 -0.496724118779D-02
  0.306596629016D-02 -0.276496952540D-01 -0.408288516997D-01
 -0.324564904535D-01  0.668389080099D-01 -0.774882512428D-02
  0.936514222620D-02  0.623795663904D-02  0.392622297064D-02
  0.281412897303D-02 -0.377166933645D-01 -0.268032598533D-01
 -0.310045529849D-01 -0.690949928782D-01 -0.608622440267D-02
  0.403303393176D-02 -0.565446997320D-02  0.204310257125D-02
  0.253644202969D-02 -0.425569310929D-01 -0.275408913799D-01
 -0.394461934321D-01  0.683211458626D-01  0.616345803449D-02
 -0.655793349142D-02  0.696016764669D-02 -0.579657410738D-02
 -0.174317905585D-01 -0.242008307997D-01  0.782519301163D-02
 -0.436304690467D-01 -0.592766365688D-01  0.238458976795D-01
  0.537735579799D-01  0.159539456880D-01  0.254601070662D-03
  0.826975691444D-02  0.527480371483D-02 -0.417214039519D-01
 -0.290330761610D-01  0.799152364783D-01  0.140595882319D-01
  0.213905121481D-01  0.185335964027D-01 -0.143960328928D-01
 -0.304411717773D-02 -0.394520886541D-01 -0.319767460928D-01
 -0.269198210466D-01  0.692266598991D-01  0.704282324501D-02
  0.304626268505D-02  0.816645270033D-02 -0.248260233193D-02
 -0.252987522769D-01 -0.354386523297D-01  0.767709325604D-02
 -0.456302501818D-01  0.683658277055D-01 -0.475040567968D-01
 -0.177065765650D-01  0.959067326271D-02  0.802317152460D-02
 -0.500463124139D-02 -0.344504807453D-01 -0.269892571873D-01
 -0.394774407982D-01 -0.673672119146D-01 -0.593882353999D-02
 -0.572655784576D-02 -0.665956188336D-02 -0.298083750782D-02
 -0.409042384964D-02 -0.262359287749D-01 -0.374279039083D-01
 -0.335708763398D-01  0.691277606634D-01 -0.494004020429D-02
  0.332355280052D-02  0.517042868602D-02 -0.347196490158D-02
  0.176747905790D-01 -0.215389998281D-02 -0.280813636682D-01
 -0.409515190246D-01  0.651399683144D-01 -0.209713854149D-01
  0.269277964911D-01 -0.396450557519D-02 -0.923424645751D-02
  0.363443555906D-03 -0.421654969585D-01 -0.310159467540D-01
 -0.289908650687D-01 -0.662713680682D-01  0.480456927331D-02
  0.199494413971D-03 -0.181052234269D-02 -0.166848025954D-02
 -0.832294498427D+00  0.206618727714D-01 -0.388627872856D-01
 -0.813436376807D+00 -0.494049923755D-01 -0.110440391629D+00
 -0.833184916826D+00 -0.139245004379D-01 -0.295796381931D-01
 -0.787525202051D+00  0.452074949945D-01 -0.159913027920D+00
 -0.828152858883D+00  0.320456915242D-02 -0.317503690582D-01
 -0.825386465353D+00 -0.803077364708D-01 -0.168774930600D+00
 -0.836862671443D+00 -0.819978965851D-02 -0.475734427921D-01
 -0.831877200654D+00  0.138238435087D-01 -0.472963316016D-01
 -0.829749912448D+00 -0.115360493494D-01 -0.277484211950D-01
 -0.816124250471D+00 -0.436484055254D-01 -0.154553146994D+00
 -0.834205889284D+00  0.261903333072D-01 -0.400085451756D-01
 -0.830544677770D+00  0.190277143401D-01 -0.412043918354D-01
 -0.831207380391D+00  0.184606069651D-01 -0.241437890588D-01
 -0.783604356002D+00 -0.898577050878D-01 -0.211752786271D+00
 -0.830544560711D+00 -0.880317632106D-01 -0.129313368405D+00
 -0.802503933202D+00 -0.258315162348D-01 -0.215330254120D+00
 -0.835040096959D+00  0.163069641881D-01 -0.396694547992D-01
 -0.834557527091D+00 -0.135836083210D-01 -0.289554201694D-01
 -0.801257677690D+00  0.459528282641D-01 -0.171873043340D+00
 -0.827883460710D+00  0.317501233570D-02 -0.309761924151D-01
  0.328123485139D-02 -0.300927977123D-03  0.924415402933D-03
  0.138665483187D-02  0.180862072050D-04  0.311884650819D-02
  0.349834750205D-02  0.996258094048D-04  0.418173067510D-03
  0.302956555761D-02 -0.309067628483D-02 -0.227277835439D-02
 -0.962473063298D-03  0.139036770353D-01  0.147119391056D-02
 -0.146449973658D-02  0.137919840800D-02  0.157182934478D-03
 -0.141498546154D-02 -0.445729886784D-02  0.256877911396D-01
  0.930734164453D-02  0.125768629871D-01 -0.401842424201D-03
  0.689160468694D-02  0.355782886490D-02 -0.690905834962D-02
 -0.126748779976D+00 -0.306736990462D-02  0.393467419713D-01
 -0.272090510414D-02 -0.491338464708D-02  0.175084212227D-01
  0.483986380526D-02 -0.302136152620D-02 -0.169709154584D-01
 -0.947935492833D-02 -0.164112917420D-02 -0.830474584717D-02
  0.179845550471D-01  0.103131489047D-01  0.320514235483D-02
  0.674553225472D-03 -0.111220123935D-01  0.272552916998D-01
  0.259031935622D-01  0.445782728360D-02 -0.740271543337D-02
  0.958469697688D-02  0.319848664511D-01  0.605902746329D-03
  0.221478322206D-01  0.832740716766D-02  0.338327229648D-01
  0.504900465364D-02  0.573101998316D-01 -0.116175190675D-02
  0.328235864620D-01 -0.118171504166D-01  0.420362710273D-02
 -0.104383464708D-01  0.432637931567D-01  0.125322126173D-02
 -0.856632405988D-01 -0.102110664058D-01 -0.880389688087D-02
  0.714988852183D-02 -0.223738193388D+00 -0.222355292749D-01
  0.214039424203D-02  0.541934320424D-02 -0.905788330285D-03
 -0.267374596758D-02 -0.132192956708D-02  0.569635705332D-03
$end
