$energy      SCF               SCFKIN            SCFPOT
     1 -4752.001300354      4249.875347324     -9001.876647678
     2 -4752.001300544      4249.886373053     -9001.887673598
     3 -4752.001713922      4249.651553416     -9001.653267338
     4 -4752.001802765      4249.506097879     -9001.507900644
     5 -4752.001830872      4249.382696734     -9001.384527606
     6 -4752.001840922      4249.413650146     -9001.415491069
     7 -4752.001855338      4249.436877547     -9001.438732884
     8 -4752.001874766      4249.475129006     -9001.477003773
     9 -4752.001896744      4249.495344644     -9001.497241388
    10 -4752.001909318      4249.485465359     -9001.487374677
    11 -4752.001916930      4249.474706693     -9001.476623624
    12 -4752.001933414      4249.470043055     -9001.471976468
    13 -4752.001941683      4249.481016642     -9001.482958325
    14 -4752.001949742      4249.504854953     -9001.506804696
    15 -4752.001958456      4249.643617514     -9001.645575970
    16 -4752.001965855      4249.566742313     -9001.568708168
    17 -4752.001970262      4249.586829150     -9001.588799412
    18 -4752.001973923      4249.595121194     -9001.597095117
    19 -4752.001975971      4249.597842651     -9001.599818622
    20 -4752.001978147      4249.600993511     -9001.602971658
    21 -4752.001981963      4249.601288039     -9001.603270002
    22 -4752.001988780      4249.587059508     -9001.589048288
    23 -4752.001994980      4249.573763484     -9001.575758464
    24 -4752.001997352      4249.563036889     -9001.565034242
    25 -4752.001999354      4249.558309057     -9001.560308411
    26 -4752.002000478      4249.539772303     -9001.541772781
    27 -4752.002000949      4249.572283622     -9001.574284570
    28 -4752.002001405      4249.534389517     -9001.536390922
$end
