$dipgrad          cartesian dipole gradients
  0.69524305501624D+00  0.28012558796545D-02  0.13145950100616D-16
  -.28031643979654D-02  0.69524103731186D+00  0.13136464644756D-15
  -.57550808377704D-16  -.27091498062669D-16  0.31733766740961D+01
  0.95988806550082D+00  -.73759923265923D+00  0.24070966413202D-15
  -.73070815362142D+00  0.11082002199155D+01  0.55243741606317D-15
  0.11564173229814D-15  0.42734519490835D-16  0.24478265927637D+01
  -.45886720604633D+00  -.22980227917006D+00  0.48376543930474D+00
  -.22602617729803D+00  -.37836161584584D+00  0.43066621468899D+00
  0.21806741069497D+00  0.17157855826512D+00  -.18096662942796D+01
  -.45886720604632D+00  -.22980227917007D+00  -.48376543930473D+00
  -.22602617729802D+00  -.37836161584585D+00  -.43066621468902D+00
  -.21806741069497D+00  -.17157855826515D+00  -.18096662942796D+01
  -.37836225571954D+00  0.22602634609135D+00  -.43066531149260D+00
  0.22980300226911D+00  -.45886743479587D+00  0.48376380634171D+00
  -.17157910190469D+00  0.21806693995584D+00  -.18096639818504D+01
  -.37836225571956D+00  0.22602634609133D+00  0.43066531149260D+00
  0.22980300226910D+00  -.45886743479586D+00  -.48376380634173D+00
  0.17157910190470D+00  -.21806693995587D+00  -.18096639818504D+01
  -.43372787430632D-01  0.83305853397359D-01  0.13051909159165D+00
  0.75255082685165D-01  -.24499369132195D+00  -.16180199931153D+00
  0.13661361384270D-01  -.13628042400520D+00  -.11128132370854D+00
  -.10151284690443D+00  0.65958348604873D-01  0.15289683543488D+00
  0.68588045294577D-01  -.13798067224727D+00  -.18794159084854D+00
  0.78677023101283D-01  -.90856440639431D-01  -.22083888298639D+00
  -.18641023317934D+00  0.84835889007530D-01  0.15785844105451D+00
  0.71465725930445D-01  -.32655132860655D-01  -.16277694316251D+00
  0.92380396189132D-01  -.58528932466457D-01  -.15373725782113D+00
  -.25051848070424D+00  0.80818489578111D-01  0.39815460967847D-01
  0.13467219222288D+00  -.10023454376169D+00  -.76776998202693D-01
  0.81574118289624D-01  -.32102588613519D-01  -.93296164296045D-02
  -.62934777412005D-01  0.16857272817944D+00  0.25215074669139D-01
  0.11454723161942D+00  -.21158594306227D+00  0.72156716691002D-01
  0.30728379374274D-01  -.29436699290679D-01  0.15429737651203D-01
  -.18641023317934D+00  0.84835889007532D-01  -.15785844105451D+00
  0.71465725930465D-01  -.32655132860658D-01  0.16277694316251D+00
  -.92380396189117D-01  0.58528932466458D-01  -.15373725782113D+00
  -.10151284690443D+00  0.65958348604870D-01  -.15289683543489D+00
  0.68588045294579D-01  -.13798067224729D+00  0.18794159084853D+00
  -.78677023101295D-01  0.90856440639430D-01  -.22083888298640D+00
  -.43372787430631D-01  0.83305853397368D-01  -.13051909159164D+00
  0.75255082685188D-01  -.24499369132196D+00  0.16180199931152D+00
  -.13661361384276D-01  0.13628042400521D+00  -.11128132370854D+00
  -.62934777412005D-01  0.16857272817944D+00  -.25215074669124D-01
  0.11454723161943D+00  -.21158594306228D+00  -.72156716691016D-01
  -.30728379374273D-01  0.29436699290687D-01  0.15429737651217D-01
  -.25051848070425D+00  0.80818489578122D-01  -.39815460967850D-01
  0.13467219222289D+00  -.10023454376170D+00  0.76776998202676D-01
  -.81574118289636D-01  0.32102588613497D-01  -.93296164295917D-02
  0.11458222887188D+00  0.25647855013008D-01  -.39388728078713D-02
  -.72991549230621D-01  0.15228973303683D+00  0.62790120122244D-01
  -.14568128929578D-01  0.84114163706333D-02  0.40211868003578D-01
  0.12092915758506D+00  0.22519779584318D-01  0.62055287552704D-01
  -.59736646537986D-01  0.13753189588963D+00  0.22157560887845D-01
  -.10585758432477D-01  0.70382774763701D-01  0.17527344382829D+00
  0.97299410103373D-01  -.84390404636368D-01  -.82707212837124D-02
  -.52612799277608D-01  0.65288740506060D-01  0.47248946490151D-01
  0.44339205728470D-01  -.22060068025063D-01  0.67309978014321D-01
  0.12896017520005D+00  -.65897815334985D-01  0.29839948456636D-02
  -.26970351028745D-02  0.11788265946522D+00  -.91196834237021D-01
  -.49497660433577D-01  0.39694178747023D-01  0.20897845719940D+00
  0.14593699279971D+00  -.87895382818333D-01  -.53803010054855D-01
  0.24921962113505D-01  0.12464600662359D+00  -.57694930556773D-01
  -.24420846159263D-01  -.13941881880698D-01  0.81101381851023D-01
  0.12092915758506D+00  0.22519779584324D-01  -.62055287552690D-01
  -.59736646537990D-01  0.13753189588964D+00  -.22157560887849D-01
  0.10585758432465D-01  -.70382774763713D-01  0.17527344382832D+00
  0.97299410103380D-01  -.84390404636375D-01  0.82707212837113D-02
  -.52612799277625D-01  0.65288740506072D-01  -.47248946490162D-01
  -.44339205728473D-01  0.22060068025065D-01  0.67309978014342D-01
  0.14593699279970D+00  -.87895382818315D-01  0.53803010054864D-01
  0.24921962113489D-01  0.12464600662359D+00  0.57694930556756D-01
  0.24420846159280D-01  0.13941881880702D-01  0.81101381851026D-01
  0.12896017520006D+00  -.65897815334987D-01  -.29839948456556D-02
  -.26970351028709D-02  0.11788265946522D+00  0.91196834237030D-01
  0.49497660433580D-01  -.39694178747017D-01  0.20897845719941D+00
  -.12479980038120D+00  0.15349570806823D+00  -.20276949608484D-01
  0.16697622761404D+00  -.70350893287451D-01  -.12485428802298D-01
  0.13216965317100D-02  -.15368961300888D-01  -.40303088617365D-01
  -.19415724013219D-01  -.30275917031775D-01  0.44156096276113D-01
  -.48192637195902D-01  0.64800983351907D-01  0.73495435470395D-01
  -.23506768571180D-01  0.65389136422743D-01  -.21349747487102D-01
  -.19415724013219D-01  -.30275917031776D-01  -.44156096276111D-01
  -.48192637195902D-01  0.64800983351905D-01  -.73495435470398D-01
  0.23506768571176D-01  -.65389136422741D-01  -.21349747487104D-01
  -.12479980038121D+00  0.15349570806823D+00  0.20276949608486D-01
  0.16697622761404D+00  -.70350893287448D-01  0.12485428802294D-01
  -.13216965317108D-02  0.15368961300889D-01  -.40303088617364D-01
  0.63014453341640D-01  -.46089726771881D-01  -.93325958422482D-01
  -.68430067629021D-01  -.33619404036340D-01  -.36601514158262D-01
  -.55539803872435D-01  0.13059862973024D-01  0.31617811667376D-02
  0.63014453341641D-01  -.46089726771881D-01  0.93325958422483D-01
  -.68430067629028D-01  -.33619404036334D-01  0.36601514158265D-01
  0.55539803872435D-01  -.13059862973026D-01  0.31617811667385D-02
  0.27857390542044D-01  0.28162459852096D-01  -.34316855282082D-01
  -.44759111415304D-01  -.81578603109763D-01  0.97110716233576D-01
  0.14373949844946D-01  0.95054569942739D-01  -.68270094520674D-02
  -.24629301331169D+00  0.56215311033382D-02  0.10612439296746D+00
  0.74921454693689D-01  -.38768748591075D-02  -.54576421786451D-01
  0.84451134458890D-01  -.12629172223702D-01  0.27697802085519D-02
  0.63566803114003D-01  -.31383174315049D-02  -.77337045684396D-01
  -.41078609692919D-01  0.31916398663139D-01  0.14590979691987D-02
  -.71111413876359D-01  -.43777617768207D-01  -.43767957511824D-01
  0.27857390542041D-01  0.28162459852096D-01  0.34316855282084D-01
  -.44759111415302D-01  -.81578603109767D-01  -.97110716233577D-01
  -.14373949844943D-01  -.95054569942743D-01  -.68270094520680D-02
  -.24629301331169D+00  0.56215311033376D-02  -.10612439296746D+00
  0.74921454693695D-01  -.38768748591097D-02  0.54576421786451D-01
  -.84451134458893D-01  0.12629172223703D-01  0.27697802085548D-02
  0.63566803114006D-01  -.31383174315030D-02  0.77337045684396D-01
  -.41078609692915D-01  0.31916398663133D-01  -.14590979691998D-02
  0.71111413876354D-01  0.43777617768206D-01  -.43767957511821D-01
  0.11458222887189D+00  0.25647855013006D-01  0.39388728078645D-02
  -.72991549230620D-01  0.15228973303683D+00  -.62790120122239D-01
  0.14568128929575D-01  -.84114163706312D-02  0.40211868003577D-01
  0.91373037911337D-02  0.89063819706462D-01  -.70256207886849D-01
  0.30703809148361D-01  -.25559653778158D+00  0.50473547293638D-01
  -.35359134463482D-01  0.58536665817992D-01  -.12301338246368D-02
  -.10055584960871D+00  -.64475010268669D-01  0.22832824699006D-01
  0.11257311890192D-01  0.26764570182321D-01  -.44747527764417D-01
  0.47643893881201D-01  -.10091619337897D-01  0.60404549061507D-01
  0.40846876989297D-01  -.43209925288297D-01  0.57283103818310D-01
  -.59203917270363D-02  0.70105202779165D-01  -.36843464827576D-01
  -.26391595306934D-02  -.38437473603409D-01  -.82576653650713D-01
  0.91373037911345D-02  0.89063819706465D-01  0.70256207886846D-01
  0.30703809148361D-01  -.25559653778158D+00  -.50473547293640D-01
  0.35359134463484D-01  -.58536665817990D-01  -.12301338246357D-02
  -.10055584960871D+00  -.64475010268668D-01  -.22832824699004D-01
  0.11257311890192D-01  0.26764570182324D-01  0.44747527764416D-01
  -.47643893881196D-01  0.10091619337894D-01  0.60404549061507D-01
  -.52378973846996D-01  0.22409894523719D-01  -.14431923026058D+00
  -.15165537501939D-01  0.50759006326331D-01  0.53029067364628D-01
  -.61475881062768D-01  0.37879703433328D-01  -.70939980994568D-01
  -.52378973846996D-01  0.22409894523721D-01  0.14431923026058D+00
  -.15165537501943D-01  0.50759006326331D-01  -.53029067364627D-01
  0.61475881062767D-01  -.37879703433328D-01  -.70939980994566D-01
  0.91413401111702D-02  0.52107114234991D-01  0.14450697908475D-01
  -.30397994292498D-02  -.19962816204979D+00  0.19173776629367D+00
  0.37957215054928D-01  0.90727869943575D-01  -.54733874958424D-01
  0.91413401111708D-02  0.52107114234988D-01  -.14450697908471D-01
  -.30397994292511D-02  -.19962816204979D+00  -.19173776629367D+00
  -.37957215054927D-01  -.90727869943579D-01  -.54733874958419D-01
  0.40846876989299D-01  -.43209925288297D-01  -.57283103818309D-01
  -.59203917270315D-02  0.70105202779162D-01  0.36843464827571D-01
  0.26391595306905D-02  0.38437473603410D-01  -.82576653650710D-01
  0.11082002539944D+01  0.73070839496486D+00  -.93591211440969D-16
  0.73759888020042D+00  0.95988806963938D+00  -.15530010274729D-15
  0.56256328466605D-16  0.11300743005352D-16  0.24478271680818D+01
  -.24499431347801D+00  -.75255133116410D-01  -.16180086277728D+00
  -.83305871627167D-01  -.43372760045516D-01  -.13051903100678D+00
  -.13628058536428D+00  -.13661532514778D-01  -.11128223530882D+00
  -.24499431347804D+00  -.75255133116408D-01  0.16180086277728D+00
  -.83305871627168D-01  -.43372760045516D-01  0.13051903100677D+00
  0.13628058536428D+00  0.13661532514773D-01  -.11128223530882D+00
  -.32655180185716D-01  -.71465610463997D-01  -.16277638295698D+00
  -.84835975792151D-01  -.18641016483579D+00  -.15785892412557D+00
  -.58529374734648D-01  -.92380440597730D-01  -.15373679065689D+00
  -.32655180185721D-01  -.71465610463991D-01  0.16277638295698D+00
  -.84835975792158D-01  -.18641016483580D+00  0.15785892412555D+00
  0.58529374734648D-01  0.92380440597740D-01  -.15373679065689D+00
  -.13798053256774D+00  -.68588145431297D-01  -.18794243887888D+00
  -.65958359905194D-01  -.10151290951301D+00  -.15289622125597D+00
  -.90856644431821D-01  -.78677077711166D-01  -.22083877262661D+00
  -.13798053256775D+00  -.68588145431292D-01  0.18794243887888D+00
  -.65958359905202D-01  -.10151290951300D+00  0.15289622125596D+00
  0.90856644431830D-01  0.78677077711163D-01  -.22083877262661D+00
  -.10023482862379D+00  -.13467221442577D+00  -.76777825690107D-01
  -.80818579870819D-01  -.25051845390614D+00  -.39815188439156D-01
  -.32102368712991D-01  -.81573780648097D-01  -.93293162229386D-02
  -.10023482862379D+00  -.13467221442576D+00  0.76777825690103D-01
  -.80818579870837D-01  -.25051845390614D+00  0.39815188439141D-01
  0.32102368712972D-01  0.81573780648096D-01  -.93293162229397D-02
  -.21158569445056D+00  -.11454724988016D+00  0.72157517961190D-01
  -.16857268689886D+00  -.62934701273809D-01  -.25215744458960D-01
  -.29436708044442D-01  -.30728182659561D-01  0.15430425397384D-01
  -.21158569445055D+00  -.11454724988015D+00  -.72157517961193D-01
  -.16857268689887D+00  -.62934701273806D-01  0.25215744458943D-01
  0.29436708044455D-01  0.30728182659551D-01  0.15430425397383D-01
  0.15228981850962D+00  0.72991549442454D-01  0.62789895720828D-01
  -.25647710505229D-01  0.11458231095682D+00  0.39390593010884D-02
  0.84111880720615D-02  0.14568249641257D-01  0.40212757512402D-01
  0.15228981850963D+00  0.72991549442460D-01  -.62789895720830D-01
  -.25647710505223D-01  0.11458231095682D+00  -.39390593011015D-02
  -.84111880720830D-02  -.14568249641272D-01  0.40212757512400D-01
  0.12464575511975D+00  -.24922027534046D-01  -.57694804055058D-01
  0.87895399234719D-01  0.14593703645459D+00  0.53801445316159D-01
  -.13941791960890D-01  0.24420836226269D-01  0.81101292365306D-01
  0.12464575511975D+00  -.24922027534049D-01  0.57694804055056D-01
  0.87895399234718D-01  0.14593703645458D+00  -.53801445316173D-01
  0.13941791960896D-01  -.24420836226271D-01  0.81101292365300D-01
  0.13753185918233D+00  0.59736505025496D-01  0.22156046471077D-01
  -.22519800839954D-01  0.12092935091621D+00  -.62054402871430D-01
  0.70382812078307D-01  0.10585689196921D-01  0.17527236743930D+00
  0.13753185918233D+00  0.59736505025496D-01  -.22156046471081D-01
  -.22519800839954D-01  0.12092935091621D+00  0.62054402871412D-01
  -.70382812078307D-01  -.10585689196902D-01  0.17527236743930D+00
  0.11788258233634D+00  0.26968507993694D-02  -.91196810061971D-01
  0.65897861621995D-01  0.12896031163944D+00  -.29838393103139D-02
  0.39694177715895D-01  0.49497892506030D-01  0.20897744759519D+00
  0.11788258233634D+00  0.26968507993683D-02  0.91196810061966D-01
  0.65897861621983D-01  0.12896031163944D+00  0.29838393102963D-02
  -.39694177715895D-01  -.49497892506030D-01  0.20897744759519D+00
  0.65288698713149D-01  0.52612678419586D-01  0.47248500992361D-01
  0.84390675373452D-01  0.97299265204224D-01  0.82698162865652D-02
  -.22060127455479D-01  -.44339538750493D-01  0.67310328676762D-01
  0.65288698713150D-01  0.52612678419586D-01  -.47248500992361D-01
  0.84390675373452D-01  0.97299265204224D-01  -.82698162865767D-02
  0.22060127455480D-01  0.44339538750493D-01  0.67310328676757D-01
  -.70350892201086D-01  -.16697620810107D+00  -.12485571246486D-01
  -.15349571197761D+00  -.12479977865679D+00  0.20276971146096D-01
  -.15368920459964D-01  -.13216761195373D-02  -.40303377221497D-01
  -.70350892201086D-01  -.16697620810107D+00  0.12485571246486D-01
  -.15349571197761D+00  -.12479977865679D+00  -.20276971146097D-01
  0.15368920459964D-01  0.13216761195372D-02  -.40303377221497D-01
  0.64801036145449D-01  0.48192704129864D-01  0.73495542970438D-01
  0.30275872962480D-01  -.19415695178437D-01  -.44155949015239D-01
  0.65389041217609D-01  0.23506686188993D-01  -.21349833263575D-01
  0.64801036145448D-01  0.48192704129864D-01  -.73495542970439D-01
  0.30275872962480D-01  -.19415695178437D-01  0.44155949015238D-01
  -.65389041217609D-01  -.23506686188993D-01  -.21349833263575D-01
  -.33619327980729D-01  0.68430132454824D-01  -.36601548576506D-01
  0.46089743139535D-01  0.63014505557133D-01  0.93326146238357D-01
  0.13059846854896D-01  0.55539692815350D-01  0.31617364929403D-02
  -.33619327980730D-01  0.68430132454824D-01  0.36601548576506D-01
  0.46089743139535D-01  0.63014505557134D-01  -.93326146238358D-01
  -.13059846854896D-01  -.55539692815351D-01  0.31617364929398D-02
  -.81578572007503D-01  0.44759062291786D-01  0.97110712431994D-01
  -.28162346677665D-01  0.27857461397528D-01  0.34316961626808D-01
  0.95054628354676D-01  -.14373941726746D-01  -.68270683053378D-02
  -.81578572007503D-01  0.44759062291787D-01  -.97110712431993D-01
  -.28162346677665D-01  0.27857461397527D-01  -.34316961626810D-01
  -.95054628354676D-01  0.14373941726746D-01  -.68270683053372D-02
  0.26764706421759D-01  -.11257185946909D-01  0.44747121965696D-01
  0.64474957126869D-01  -.10055591046978D+00  0.22832907796935D-01
  0.10091519389856D-01  0.47643977307366D-01  0.60403879442010D-01
  0.26764706421759D-01  -.11257185946909D-01  -.44747121965696D-01
  0.64474957126867D-01  -.10055591046978D+00  -.22832907796936D-01
  -.10091519389856D-01  -.47643977307366D-01  0.60403879442010D-01
  -.38769281885102D-02  -.74921312487907D-01  -.54576541870582D-01
  -.56214898633486D-02  -.24629302732216D+00  -.10612436959865D+00
  -.12629251028501D-01  -.84451008446962D-01  0.27696019512791D-02
  -.38769281885102D-02  -.74921312487907D-01  0.54576541870582D-01
  -.56214898633488D-02  -.24629302732216D+00  0.10612436959865D+00
  0.12629251028501D-01  0.84451008446962D-01  0.27696019512786D-02
  -.25559651250974D+00  -.30703838311791D-01  -.50473693845809D-01
  -.89063795515466D-01  0.91370766692072D-02  -.70256210984814D-01
  -.58536540374587D-01  -.35359236918255D-01  -.12301276234017D-02
  -.25559651250974D+00  -.30703838311791D-01  0.50473693845808D-01
  -.89063795515465D-01  0.91370766692073D-02  0.70256210984813D-01
  0.58536540374587D-01  0.35359236918255D-01  -.12301276234017D-02
  0.31916506596079D-01  0.41078601271211D-01  0.14590257961351D-02
  0.31382987736240D-02  0.63566817380218D-01  0.77337000568909D-01
  -.43777620802761D-01  0.71111414622765D-01  -.43767931958353D-01
  0.31916506596079D-01  0.41078601271211D-01  -.14590257961355D-02
  0.31382987736240D-02  0.63566817380218D-01  -.77337000568911D-01
  0.43777620802761D-01  -.71111414622766D-01  -.43767931958352D-01
  0.70105185121070D-01  0.59203552973850D-02  0.36843617186243D-01
  0.43209903526444D-01  0.40846974159905D-01  0.57283144541333D-01
  0.38437537373896D-01  -.26392363826900D-02  -.82576441789162D-01
  0.70105185121069D-01  0.59203552973850D-02  -.36843617186243D-01
  0.43209903526443D-01  0.40846974159905D-01  -.57283144541334D-01
  -.38437537373897D-01  0.26392363826899D-02  -.82576441789162D-01
  0.47591134345068D-01  0.17974040754491D-01  -.60302442789137D-02
  0.52355436902051D-01  -.12141711538886D+00  0.16957774220322D-01
  -.12210646792211D-01  -.66871255435446D-01  0.73272875895355D-02
  -.12141709883056D+00  -.52355417823736D-01  -.16957673437486D-01
  -.17973927417591D-01  0.47591082996658D-01  -.60304754166770D-02
  0.66871305732346D-01  -.12210678614510D-01  0.73273693974938D-02
  -.12141709883056D+00  -.52355417823736D-01  0.16957673437484D-01
  -.17973927417591D-01  0.47591082996658D-01  0.60304754166774D-02
  -.66871305732346D-01  0.12210678614510D-01  0.73273693974943D-02
  0.50759050206637D-01  0.15165554445140D-01  0.53029256129222D-01
  -.22409907372243D-01  -.52378964375819D-01  0.14431920285457D+00
  0.37879745625010D-01  0.61475886499525D-01  -.70939981490384D-01
  0.50759050206637D-01  0.15165554445141D-01  -.53029256129223D-01
  -.22409907372243D-01  -.52378964375818D-01  -.14431920285457D+00
  -.37879745625010D-01  -.61475886499526D-01  -.70939981490384D-01
  0.27943606324106D-01  -.98017958126240D-02  0.11901149742383D+00
  0.31761444225346D-01  0.44564688808603D-01  0.26669819821688D-01
  0.40914113997786D-01  0.44674229223572D-01  -.12137030307291D+00
  0.44564703008248D-01  -.31761455478719D-01  -.26669802501000D-01
  0.98018246129376D-02  0.27943552463035D-01  0.11901126257216D+00
  -.44674246150169D-01  0.40914140417730D-01  -.12137025049853D+00
  0.27943606324106D-01  -.98017958126238D-02  -.11901149742383D+00
  0.31761444225346D-01  0.44564688808603D-01  -.26669819821691D-01
  -.40914113997786D-01  -.44674229223572D-01  -.12137030307291D+00
  0.44564703008248D-01  -.31761455478719D-01  0.26669802501001D-01
  0.98018246129376D-02  0.27943552463035D-01  -.11901126257216D+00
  0.44674246150169D-01  -.40914140417729D-01  -.12137025049853D+00
  0.47591134345068D-01  0.17974040754491D-01  0.60302442789135D-02
  0.52355436902051D-01  -.12141711538886D+00  -.16957774220324D-01
  0.12210646792212D-01  0.66871255435446D-01  0.73272875895351D-02
  -.80812394341116D-01  0.89821032442099D-01  -.71796022135436D-01
  0.78232058762242D-01  0.28519944980056D-01  0.15200717969266D-01
  0.27850984358811D-01  -.95504563294681D-02  0.18081606220185D-01
  0.28519934587263D-01  -.78232033920396D-01  -.15200770367975D-01
  -.89821013252835D-01  -.80812394725761D-01  -.71796021828757D-01
  0.95504397485390D-02  0.27850986579971D-01  0.18081503543416D-01
  -.80812394341116D-01  0.89821032442098D-01  0.71796022135438D-01
  0.78232058762242D-01  0.28519944980056D-01  -.15200717969268D-01
  -.27850984358811D-01  0.95504563294681D-02  0.18081606220186D-01
  0.28519934587263D-01  -.78232033920396D-01  0.15200770367975D-01
  -.89821013252836D-01  -.80812394725761D-01  0.71796021828756D-01
  -.95504397485391D-02  -.27850986579971D-01  0.18081503543417D-01
  -.19962817337093D+00  0.30398082433251D-02  0.19173783002207D+00
  -.52107210466094D-01  0.91411712520222D-02  -.14450396273216D-01
  0.90727812303777D-01  -.37957205602928D-01  -.54733989462806D-01
  -.19962817337093D+00  0.30398082433251D-02  -.19173783002207D+00
  -.52107210466093D-01  0.91411712520222D-02  0.14450396273215D-01
  -.90727812303777D-01  0.37957205602928D-01  -.54733989462806D-01
  -.25265084714769D-01  -.95159761869793D-01  0.85884642365902D-01
  -.66874330279983D-01  -.68524965784198D-01  0.18046447545593D+00
  0.13740023769409D-01  0.10688503393693D+00  -.19935582042429D+00
  -.68524914311223D-01  0.66874268301966D-01  -.18046419898658D+00
  0.95159777467179D-01  -.25265060595906D-01  0.85884386384336D-01
  -.10688496444600D+00  0.13739957936805D-01  -.19935575457691D+00
  -.25265084714769D-01  -.95159761869794D-01  -.85884642365900D-01
  -.66874330279982D-01  -.68524965784197D-01  -.18046447545593D+00
  -.13740023769409D-01  -.10688503393693D+00  -.19935582042429D+00
  -.68524914311223D-01  0.66874268301966D-01  0.18046419898658D+00
  0.95159777467179D-01  -.25265060595906D-01  -.85884386384336D-01
  0.10688496444600D+00  -.13739957936806D-01  -.19935575457691D+00
$end
