$coord
    0.00000000000000     -0.00000000000000      0.00000000000000      mo
    0.00000000000000     -0.00000000000000     -6.66079720226364      y
    2.36452257845645      2.34742774943567     -2.64278060769333      s
   -2.36452257845645     -2.34742774943567     -2.64278060769333      s
    2.34742774943567     -2.36452257845645      2.64278060769333      s
   -2.34742774943567      2.36452257845645      2.64278060769333      s
    4.70230509081389     -1.62328936074208     -7.71854503445255      c
    3.60303648406221     -3.56715801671783     -6.20278337910318      c
    1.63059963634774     -4.72500534272765     -7.63367317470289      c
    1.53106092417196     -3.52471604625743    -10.05333546760227      c
    3.43726287933613     -1.60369161721802    -10.10736143979751      c
   -1.63059963634774      4.72500534272765     -7.63367317470289      c
   -3.60303648406221      3.56715801671783     -6.20278337910318      c
   -4.70230509081389      1.62328936074208     -7.71854503445255      c
   -3.43726287933613      1.60369161721802    -10.10736143979751      c
   -1.53106092417196      3.52471604625743    -10.05333546760227      c
    0.13573207809659     -7.01780893180825     -6.85472661171953      c
    0.07685183910555     -4.51231636666320    -12.29037944074155      c
    4.53523195330822     -4.42237520899412     -3.66186790127892      c
    4.34861270535920     -0.21290332880931    -12.41552559226107      c
    6.99559020382649     -0.08213502211413     -7.03617145327723      c
   -0.07685183910555      4.51231636666320    -12.29037944074155      c
   -4.53523195330822      4.42237520899412     -3.66186790127892      c
   -6.99559020382649      0.08213502211413     -7.03617145327723      c
   -4.34861270535920      0.21290332880931    -12.41552559226107      c
    6.02429833072003     -5.87614103534267     -3.87266515332410      h
    3.00983262234952     -5.24455331627131     -2.51486221988252      h
   -3.00983262234952      5.24455331627131     -2.51486221988252      h
   -6.02429833072003      5.87614103534267     -3.87266515332410      h
    5.33703785391843     -2.85199821474782     -2.56188598741210      h
   -5.33703785391843      2.85199821474782     -2.56188598741210      h
    7.03292904292839      1.74137657927219     -8.04088911483745      h
    8.75683377249982     -1.09360000744410     -7.53570775972251      h
    7.05669505753578      0.33105221739519     -4.99913842915601      h
   -7.03292904292839     -1.74137657927219     -8.04088911483745      h
   -8.75683377249982      1.09360000744410     -7.53570775972251      h
   -7.05669505753578     -0.33105221739519     -4.99913842915601      h
   -0.13573207809659      7.01780893180825     -6.85472661171953      c
   -1.14891021865624      8.77848056794338     -7.35291833468469      h
    1.71920762774261      7.09201191005159     -7.79748091118349      h
    0.21122032922299      7.04097970169494     -4.80490498888286      h
    1.14891021865624     -8.77848056794338     -7.35291833468469      h
   -1.71920762774261     -7.09201191005159     -7.79748091118349      h
    2.88093041674661     -0.08110660534176    -13.88091394137794      h
   -2.88093041674661      0.08110660534176    -13.88091394137794      h
   -1.03651425395837      6.17868890636405    -13.11395219184228      h
    1.03651425395837     -6.17868890636405    -13.11395219184228      h
   -0.21122032922299     -7.04097970169494     -4.80490498888286      h
    0.00000000000000      0.00000000000000      6.66079720226364      y
    1.62328936074208      4.70230509081389      7.71854503445255      c
   -1.62328936074208     -4.70230509081389      7.71854503445255      c
    4.72500534272765      1.63059963634774      7.63367317470289      c
   -4.72500534272765     -1.63059963634774      7.63367317470289      c
    3.56715801671783      3.60303648406221      6.20278337910318      c
   -3.56715801671783     -3.60303648406221      6.20278337910318      c
    3.52471604625743      1.53106092417196     10.05333546760227      c
   -3.52471604625743     -1.53106092417196     10.05333546760227      c
    1.60369161721802      3.43726287933613     10.10736143979751      c
   -1.60369161721802     -3.43726287933613     10.10736143979751      c
    7.01780893180825      0.13573207809659      6.85472661171953      c
   -7.01780893180825     -0.13573207809659      6.85472661171953      c
    0.08213502211413      6.99559020382649      7.03617145327723      c
   -0.08213502211413     -6.99559020382649      7.03617145327723      c
    4.51231636666320      0.07685183910555     12.29037944074155      c
   -4.51231636666320     -0.07685183910555     12.29037944074155      c
    0.21290332880931      4.34861270535920     12.41552559226107      c
   -0.21290332880931     -4.34861270535920     12.41552559226107      c
    4.42237520899412      4.53523195330822      3.66186790127892      c
   -4.42237520899412     -4.53523195330822      3.66186790127892      c
    5.87614103534267      6.02429833072003      3.87266515332410      h
   -5.87614103534267     -6.02429833072003      3.87266515332410      h
    5.24455331627131      3.00983262234952      2.51486221988252      h
   -5.24455331627131     -3.00983262234952      2.51486221988252      h
    2.85199821474782      5.33703785391843      2.56188598741210      h
   -2.85199821474782     -5.33703785391843      2.56188598741210      h
   -1.74137657927219      7.03292904292839      8.04088911483745      h
    1.74137657927219     -7.03292904292839      8.04088911483745      h
    7.09201191005159     -1.71920762774261      7.79748091118349      h
   -7.09201191005159      1.71920762774261      7.79748091118349      h
    1.09360000744410      8.75683377249982      7.53570775972251      h
   -1.09360000744410     -8.75683377249982      7.53570775972251      h
    8.77848056794338      1.14891021865624      7.35291833468469      h
   -8.77848056794338     -1.14891021865624      7.35291833468469      h
   -0.33105221739519      7.05669505753578      4.99913842915601      h
    0.33105221739519     -7.05669505753578      4.99913842915601      h
    7.04097970169494     -0.21122032922299      4.80490498888286      h
   -7.04097970169494      0.21122032922299      4.80490498888286      h
    5.12100960890910     -1.84885805612947     11.78539393970320      h
   -1.84885805612947     -5.12100960890910    -11.78539393970320      h
    1.84885805612947      5.12100960890910    -11.78539393970320      h
    0.08110660534176      2.88093041674661     13.88091394137794      h
   -0.08110660534176     -2.88093041674661     13.88091394137794      h
    3.09829283593663     -0.09146364364352     13.80301080447582      h
   -0.09146364364352     -3.09829283593663    -13.80301080447582      h
   -3.09829283593663      0.09146364364352     13.80301080447582      h
    0.09146364364352      3.09829283593663    -13.80301080447582      h
   -5.12100960890910      1.84885805612947     11.78539393970320      h
    1.72287210595355     -4.98011513560817     11.98532427445624      h
   -4.98011513560817     -1.72287210595355    -11.98532427445624      h
   -1.72287210595355      4.98011513560817     11.98532427445624      h
    4.98011513560817      1.72287210595355    -11.98532427445624      h
   -6.17868890636405     -1.03651425395837     13.11395219184228      h
    6.17868890636405      1.03651425395837     13.11395219184228      h
   -1.20202251183597     -5.98047959372777     13.27278487885178      h
   -5.98047959372777      1.20202251183597    -13.27278487885178      h
    1.20202251183597      5.98047959372777     13.27278487885178      h
    5.98047959372777     -1.20202251183597    -13.27278487885178      h
$redundant
     number_of_atoms           107
     degrees_of_freedom         78
     internal_coordinates       96
     frozen_coordinates          0
# definitions of redundant internals
   1 k  1.0000000000000 stre   17   48           val=   2.07911
   2 k  1.0000000000000 stre   21   32           val=   2.08232
   3 k  1.0000000000000 stre   21   33           val=   2.09155
   4 k  1.0000000000000 stre   21   34           val=   2.07941
   5 k  1.0000000000000 stre   17   43           val=   2.08209
   6 k  1.0000000000000 stre   20   44           val=   2.07818
   7 k  1.0000000000000 stre   20  107           val=   2.09195
   8 k  1.0000000000000 stre   18   89           val=   2.08180
   9 k  1.0000000000000 stre   18   47           val=   2.09189
  10 k  1.0000000000000 stre   10   18           val=   2.84507
  11 k  1.0000000000000 stre    8   19           val=   2.83842
  12 k  1.0000000000000 stre   11   20           val=   2.84473
  13 k  1.0000000000000 stre   18   94           val=   2.07746
  14 k  1.0000000000000 stre   19   30           val=   2.07821
  15 k  1.0000000000000 stre   17   42           val=   2.09158
  16 k  1.0000000000000 stre    9   17           val=   2.84576
  17 k  1.0000000000000 stre   19   26           val=   2.09170
  18 k  1.0000000000000 stre   20  101           val=   2.08113
  19 k  1.0000000000000 stre   19   27           val=   2.07809
  20 k  1.0000000000000 stre    7   21           val=   2.84604
  21 k  0.4460921638839 bend   89   94   18      val=   1.91026
        0.4143990053720 bend   47   94   18
        0.4104784207959 bend   47   89   18
       -0.3915112551516 bend   10   94   18
       -0.3916563086681 bend   10   89   18
       -0.3925646248696 bend   10   47   18
  22 k  0.4465317394976 bend  101   44   20      val=   1.90395
        0.4125969490313 bend  107   44   20
        0.4116534603057 bend  107  101   20
       -0.3915578883560 bend   11   44   20
       -0.3915716198803 bend   11  101   20
       -0.3927705162818 bend   11  107   20
  23 k  0.4161107775575 bend   30   27   19      val=   1.70999
        0.4242374312976 bend   26   27   19
        0.4254886253642 bend   26   30   19
       -0.3989493364698 bend    8   27   19
       -0.3985997243707 bend    8   30   19
       -0.3844366515228 bend    8   26   19
  24 k  0.4250066947097 bend   32   34   21      val=   1.71722
        0.4269067082776 bend   33   34   21
        0.4141052721014 bend   33   32   21
       -0.3937262937231 bend    7   34   21
       -0.3979670380095 bend    7   32   21
       -0.3901777002679 bend    7   33   21
  25 k  0.4237003419300 bend   43   48   17      val=   1.70754
        0.4278866811576 bend   42   48   17
        0.4141639120621 bend   42   43   17
       -0.3940846233525 bend    9   48   17
       -0.3984914769047 bend    9   43   17
       -0.3895652894615 bend    9   42   17
  26 k  1.0000000000000 tors   48   17    9    2 val=  62.12220
        1.0000000000000 tors   48   17    9    8
        1.0000000000000 tors   48   17    9   10
        1.0000000000000 tors   43   17    9    2
        1.0000000000000 tors   43   17    9    8
        1.0000000000000 tors   43   17    9   10
        1.0000000000000 tors   42   17    9    2
        1.0000000000000 tors   42   17    9    8
        1.0000000000000 tors   42   17    9   10
  27 k  1.0000000000000 tors   34   21    7    2 val=  57.43761
        1.0000000000000 tors   34   21    7    8
        1.0000000000000 tors   34   21    7   11
        1.0000000000000 tors   32   21    7    2
        1.0000000000000 tors   32   21    7    8
        1.0000000000000 tors   32   21    7   11
        1.0000000000000 tors   33   21    7    2
        1.0000000000000 tors   33   21    7    8
        1.0000000000000 tors   33   21    7   11
  28 k  1.0000000000000 tors   94   18   10    2 val=  69.57148
        1.0000000000000 tors   94   18   10    9
        1.0000000000000 tors   94   18   10   11
        1.0000000000000 tors   89   18   10    2
        1.0000000000000 tors   89   18   10    9
        1.0000000000000 tors   89   18   10   11
        1.0000000000000 tors   47   18   10    2
        1.0000000000000 tors   47   18   10    9
        1.0000000000000 tors   47   18   10   11
  29 k  1.0000000000000 tors   44   20   11    2 val=  91.23094
        1.0000000000000 tors   44   20   11    7
        1.0000000000000 tors   44   20   11   10
        1.0000000000000 tors  101   20   11    2
        1.0000000000000 tors  101   20   11    7
        1.0000000000000 tors  101   20   11   10
        1.0000000000000 tors  107   20   11    2
        1.0000000000000 tors  107   20   11    7
        1.0000000000000 tors  107   20   11   10
  30 k  1.0000000000000 tors   27   19    8    2 val=  60.61960
        1.0000000000000 tors   27   19    8    7
        1.0000000000000 tors   27   19    8    9
        1.0000000000000 tors   30   19    8    2
        1.0000000000000 tors   30   19    8    7
        1.0000000000000 tors   30   19    8    9
        1.0000000000000 tors   26   19    8    2
        1.0000000000000 tors   26   19    8    7
        1.0000000000000 tors   26   19    8    9
  31 k  0.0142667450647 bend   30   27   19      val=   0.01826
        0.5906959291910 bend   26   27   19
       -0.6032356949722 bend   26   30   19
        0.3825550832815 bend    8   27   19
       -0.3749114127560 bend    8   30   19
       -0.0086322867539 bend    8   26   19
  32 k -0.6819271534652 bend   30   27   19      val=   0.26421
        0.3458909322431 bend   26   27   19
        0.3231377664161 bend   26   30   19
       -0.2136944875524 bend    8   27   19
       -0.2295752659983 bend    8   30   19
        0.4610278381031 bend    8   26   19
  33 k  0.0014916135130 bend   43   48   17      val=   0.02678
       -0.5903345194920 bend   42   48   17
        0.6026969332176 bend   42   43   17
       -0.3853241944826 bend    9   48   17
        0.3738754512281 bend    9   43   17
        0.0013224941069 bend    9   42   17
  34 k -0.0040130029297 bend   32   34   21      val=   0.00961
       -0.5876785658681 bend   33   34   21
        0.6045321874566 bend   33   32   21
       -0.3873007309827 bend    7   34   21
        0.3730088406076 bend    7   32   21
        0.0046023868268 bend    7   33   21
  35 k -0.1732170842927 bend  101   44   20      val=   0.15229
       -0.4786989628886 bend  107   44   20
        0.6631113033752 bend  107  101   20
       -0.4332425100627 bend   11   44   20
        0.3184466619940 bend   11  101   20
        0.1096320888885 bend   11  107   20
  36 k -0.1651673086940 bend   89   94   18      val=   0.18918
       -0.4828792848187 bend   47   94   18
        0.6615898756945 bend   47   89   18
       -0.4329708949879 bend   10   94   18
        0.3212903531254 bend   10   89   18
        0.1056167879281 bend   10   47   18
  37 k -0.6772907085537 bend   43   48   17      val=   0.22819
        0.3438730527448 bend   42   48   17
        0.3349341385302 bend   42   43   17
       -0.2245801367230 bend    9   48   17
       -0.2273317463544 bend    9   43   17
        0.4568717345588 bend    9   42   17
  38 k -0.6763115692130 bend   32   34   21      val=   0.23104
        0.3487821181520 bend   33   34   21
        0.3312960603190 bend   33   32   21
       -0.2222441219567 bend    7   34   21
       -0.2310876870891 bend    7   32   21
        0.4565113875410 bend    7   33   21
  39 k -0.6415316571371 bend  101   44   20      val=   0.97125
        0.4912332494976 bend  107   44   20
        0.1938887796472 bend  107  101   20
       -0.1194964672996 bend   11   44   20
       -0.3263930100440 bend   11  101   20
        0.4344218754888 bend   11  107   20
  40 k -0.6438470658082 bend   89   94   18      val=   0.94487
        0.4862043151790 bend   47   94   18
        0.1996067701475 bend   47   89   18
       -0.1243994604419 bend   10   94   18
       -0.3221833982315 bend   10   89   18
        0.4358280500479 bend   10   47   18
  41 k -0.7071011955184 bend    9   19    8      val=   0.10767
        0.7071115414971 bend    7   19    8
        0.0010803601835 bend    2   19    8
  42 k  0.7071278615994 bend    8   21    7      val=   0.48677
       -0.7070581806470 bend   11   21    7
        0.0062383114821 bend    2   21    7
  43 k  0.7071493130916 bend    8   17    9      val=   0.51450
       -0.7070435279309 bend   10   17    9
        0.0054128185833 bend    2   17    9
  44 k  0.7068181094147 bend    7   20   11      val=   0.79778
       -0.7072049274541 bend   10   20   11
        0.0164119099460 bend    2   20   11
  45 k  0.7067653748360 bend    9   18   10      val=   0.67662
       -0.7072512442713 bend   11   18   10
        0.0166847957640 bend    2   18   10
  46 k  0.0365310283204 bend   89   94   18      val=   0.25071
        0.3686322076462 bend   47   94   18
       -0.4073357711793 bend   47   89   18
       -0.6180033409354 bend   10   94   18
        0.5574109789928 bend   10   89   18
        0.0649478257095 bend   10   47   18
  47 k  0.0412159825865 bend  101   44   20      val=   0.23519
        0.3662017914169 bend  107   44   20
       -0.4085669382301 bend  107  101   20
       -0.6220737275681 bend   11   44   20
        0.5522467019044 bend   11  101   20
        0.0729273983702 bend   11  107   20
  48 k -0.4518240755905 bend   30   27   19      val=   0.82544
        0.2366981520144 bend   26   27   19
        0.2253191316437 bend   26   30   19
        0.3298617356177 bend    8   27   19
        0.3454175617400 bend    8   30   19
       -0.6789243123367 bend    8   26   19
  49 k -0.0056379685824 bend   30   27   19      val=   0.01796
       -0.3760053587549 bend   26   27   19
        0.3815422772966 bend   26   30   19
        0.6019430936691 bend    8   27   19
       -0.5921046851651 bend    8   30   19
       -0.0094988379744 bend    8   26   19
  50 k -0.0590180044354 bend   32   34   21      val=   0.50084
        0.4062590464791 bend   33   34   21
       -0.3471360924397 bend   33   32   21
       -0.5448580041884 bend    7   34   21
        0.6373877826449 bend    7   32   21
       -0.0885074315461 bend    7   33   21
  51 k -0.0580213478592 bend   43   48   17      val=   0.50983
        0.4051279144721 bend   42   48   17
       -0.3472440874857 bend   42   43   17
       -0.5457259768114 bend    9   48   17
        0.6375509405121 bend    9   43   17
       -0.0873979193096 bend    9   42   17
  52 k  0.4449272817567 bend   89   94   18      val=  -0.36838
       -0.2696308186941 bend   47   94   18
       -0.1927573600777 bend   47   89   18
       -0.2815067531445 bend   10   94   18
       -0.3833496634233 bend   10   89   18
        0.6826276577917 bend   10   47   18
  53 k  0.4442127354867 bend  101   44   20      val=  -0.36764
       -0.2745289542907 bend  107   44   20
       -0.1874363726766 bend  107  101   20
       -0.2746708899150 bend   11   44   20
       -0.3892515820157 bend   11  101   20
        0.6820671618080 bend   11  107   20
  54 k -0.4487711567737 bend   43   48   17      val=   0.27477
        0.1776723445858 bend   42   48   17
        0.2793782886356 bend   42   43   17
        0.4103202163794 bend    9   48   17
        0.2572324961043 bend    9   43   17
       -0.6741316797442 bend    9   42   17
  55 k -0.4489629516047 bend   32   34   21      val=   0.21010
        0.1771522519504 bend   33   34   21
        0.2799122324339 bend   33   32   21
        0.4111403736095 bend    7   34   21
        0.2558322602409 bend    7   32   21
       -0.6739524743314 bend    7   33   21
  56 k -0.0588980259037 bend    9   19    8      val=  95.14401
       -0.0604195654067 bend    7   19    8
        0.9964338907628 bend    2   19    8
  57 k -0.1353537873428 bend    7   20   11      val=  76.57729
       -0.1124351203584 bend   10   20   11
        0.9843971230972 bend    2   20   11
  58 k -0.1352882944688 bend    9   18   10      val=  76.60510
       -0.1119709366323 bend   11   18   10
        0.9844590325298 bend    2   18   10
  59 k -0.0740981412958 bend    8   17    9      val=  91.16228
       -0.0664916955508 bend   10   17    9
        0.9950318185261 bend    2   17    9
  60 k -0.0731842111794 bend    8   21    7      val=  91.45792
       -0.0644105418385 bend   11   21    7
        0.9952363303930 bend    2   21    7
  61 k  1.0000000000000 tors    1    3    2    4 val=  98.21712
        1.0000000000000 tors    1    3    2    7
        1.0000000000000 tors    1    3    2    8
        1.0000000000000 tors    1    3    2    9
        1.0000000000000 tors    1    3    2   10
        1.0000000000000 tors    1    3    2   11
        1.0000000000000 tors    1    3    2   12
        1.0000000000000 tors    1    3    2   13
        1.0000000000000 tors    1    3    2   14
        1.0000000000000 tors    1    3    2   15
        1.0000000000000 tors    1    3    2   16
  62 k  1.0000000000000 tors    8    7    2    3 val=  61.91903
        1.0000000000000 tors    8    7    2    4
        1.0000000000000 tors    8    7    2    9
        1.0000000000000 tors    8    7    2   10
        1.0000000000000 tors    8    7    2   12
        1.0000000000000 tors    8    7    2   13
        1.0000000000000 tors    8    7    2   15
        1.0000000000000 tors    8    7    2   16
        1.0000000000000 tors   11    7    2    3
        1.0000000000000 tors   11    7    2    4
        1.0000000000000 tors   11    7    2    9
        1.0000000000000 tors   11    7    2   10
        1.0000000000000 tors   11    7    2   12
        1.0000000000000 tors   11    7    2   13
        1.0000000000000 tors   11    7    2   15
        1.0000000000000 tors   11    7    2   16
  63 k  1.0000000000000 tors    7    8    2    3 val=  43.53497
        1.0000000000000 tors    7    8    2    4
        1.0000000000000 tors    7    8    2   10
        1.0000000000000 tors    7    8    2   11
        1.0000000000000 tors    7    8    2   12
        1.0000000000000 tors    7    8    2   14
        1.0000000000000 tors    7    8    2   15
        1.0000000000000 tors    7    8    2   16
        1.0000000000000 tors    9    8    2    3
        1.0000000000000 tors    9    8    2    4
        1.0000000000000 tors    9    8    2   10
        1.0000000000000 tors    9    8    2   11
        1.0000000000000 tors    9    8    2   12
        1.0000000000000 tors    9    8    2   14
        1.0000000000000 tors    9    8    2   15
        1.0000000000000 tors    9    8    2   16
  64 k  1.0000000000000 tors    8    9    2    3 val=  93.88513
        1.0000000000000 tors    8    9    2    4
        1.0000000000000 tors    8    9    2    7
        1.0000000000000 tors    8    9    2   11
        1.0000000000000 tors    8    9    2   13
        1.0000000000000 tors    8    9    2   14
        1.0000000000000 tors    8    9    2   15
        1.0000000000000 tors    8    9    2   16
        1.0000000000000 tors   10    9    2    3
        1.0000000000000 tors   10    9    2    4
        1.0000000000000 tors   10    9    2    7
        1.0000000000000 tors   10    9    2   11
        1.0000000000000 tors   10    9    2   13
        1.0000000000000 tors   10    9    2   14
        1.0000000000000 tors   10    9    2   15
        1.0000000000000 tors   10    9    2   16
  65 k  1.0000000000000 tors    7   11    2    3 val=  82.34419
        1.0000000000000 tors    7   11    2    4
        1.0000000000000 tors    7   11    2    8
        1.0000000000000 tors    7   11    2    9
        1.0000000000000 tors    7   11    2   12
        1.0000000000000 tors    7   11    2   13
        1.0000000000000 tors    7   11    2   14
        1.0000000000000 tors    7   11    2   15
        1.0000000000000 tors    7   11    2   16
        1.0000000000000 tors   10   11    2    3
        1.0000000000000 tors   10   11    2    4
        1.0000000000000 tors   10   11    2    8
        1.0000000000000 tors   10   11    2    9
        1.0000000000000 tors   10   11    2   12
        1.0000000000000 tors   10   11    2   13
        1.0000000000000 tors   10   11    2   14
        1.0000000000000 tors   10   11    2   15
        1.0000000000000 tors   10   11    2   16
  66 k  1.0000000000000 tors    9   10    2    3 val=  96.04494
        1.0000000000000 tors    9   10    2    4
        1.0000000000000 tors    9   10    2    7
        1.0000000000000 tors    9   10    2    8
        1.0000000000000 tors    9   10    2   12
        1.0000000000000 tors    9   10    2   13
        1.0000000000000 tors    9   10    2   14
        1.0000000000000 tors    9   10    2   15
        1.0000000000000 tors    9   10    2   16
        1.0000000000000 tors   11   10    2    3
        1.0000000000000 tors   11   10    2    4
        1.0000000000000 tors   11   10    2    7
        1.0000000000000 tors   11   10    2    8
        1.0000000000000 tors   11   10    2   12
        1.0000000000000 tors   11   10    2   13
        1.0000000000000 tors   11   10    2   14
        1.0000000000000 tors   11   10    2   15
        1.0000000000000 tors   11   10    2   16
  67 k  1.0000000000000 stre    1    3           val=   4.25273
  68 k  1.0000000000000 bend    4    3    1      val= 103.15840
  69 k  1.0000000000000 stre    2    3           val=   5.21975
  70 k  1.0000000000000 stre    2    7           val=   5.08582
  71 k  1.0000000000000 stre    2    8           val=   5.09080
  72 k  1.0000000000000 stre    7    8           val=   2.69899
  73 k  1.0000000000000 stre    2    9           val=   5.09225
  74 k  1.0000000000000 stre    8    9           val=   2.69788
  75 k  1.0000000000000 stre    2   11           val=   5.12498
  76 k  1.0000000000000 stre    7   11           val=   2.70318
  77 k  1.0000000000000 stre    2   10           val=   5.12612
  78 k  1.0000000000000 stre    9   10           val=   2.70284
  79 k  1.0000000000000 stre   11   10           val=   2.70682
  80 k -0.2219724592430 bend    4    3    2      val=  54.62233
       -0.0909875199973 bend    7    3    2
       -0.1673252967493 bend    7    4    2
       -0.1463142921271 bend    8    3    2
       -0.1477560645311 bend    8    4    2
        0.0994467947294 bend   13    7    2
        0.1483557672685 bend   12    7    2
        0.0845553981228 bend   12    8    2
       -0.1685767678116 bend    9    3    2
       -0.0927651089979 bend    9    4    2
        0.0219408721238 bend    9    7    2
       -0.0368462896916 bend   11    3    2
       -0.0563198914348 bend   11    4    2
        0.0352422033559 bend   11    8    2
        0.0590491738122 bend   11    9    2
        0.3275449200492 bend   15    7    2
        0.3015111254248 bend   15    8    2
        0.2531551952799 bend   15    9    2
        0.3001442712953 bend   15   11    2
       -0.0611042130827 bend   10    3    2
       -0.0388883318204 bend   10    4    2
        0.0596180422075 bend   10    7    2
        0.0343841913986 bend   10    8    2
        0.3303711393419 bend   10   12    2
        0.2688087578758 bend   10   15    2
        0.2502820243842 bend   16    7    2
        0.2949974170528 bend   16    8    2
        0.3032834077063 bend   16   10    2
  81 k -0.0054493084004 bend    4    3    2      val=   0.04023
       -0.2519908693748 bend    7    3    2
        0.2987065876037 bend    7    4    2
       -0.2966434593104 bend    8    3    2
        0.2938395062386 bend    8    4    2
       -0.0048741243950 bend   13    7    2
        0.0009839865714 bend   12    7    2
        0.0056444605097 bend   12    8    2
       -0.3013763780059 bend    9    3    2
        0.2547410374843 bend    9    4    2
        0.0007247365906 bend    9    7    2
       -0.1853536342332 bend   11    3    2
        0.3801849625902 bend   11    4    2
        0.1076104325186 bend   11    8    2
        0.0978632074690 bend   11    9    2
       -0.0944561454729 bend   15    7    2
       -0.1055445320995 bend   15    8    2
       -0.0889779026718 bend   15    9    2
       -0.1805077861380 bend   15   11    2
       -0.3790830308433 bend   10    3    2
        0.1901192458457 bend   10    4    2
       -0.0912948031843 bend   10    7    2
       -0.1021119377819 bend   10    8    2
        0.0951367885430 bend   10   12    2
       -0.0032362986370 bend   10   15    2
        0.0881398024319 bend   16    7    2
        0.1051995176362 bend   16    8    2
        0.1732195773928 bend   16   10    2
  82 k -0.0099556590858 bend    4    3    2      val=   0.27154
        0.1638258527244 bend    7    3    2
       -0.1356449347749 bend    7    4    2
        0.1783545793402 bend    8    3    2
       -0.1836669808654 bend    8    4    2
       -0.0387748852781 bend   13    7    2
        0.0030104565046 bend   12    7    2
        0.0415630130689 bend   12    8    2
        0.1282891702401 bend    9    3    2
       -0.1646047710416 bend    9    4    2
        0.0009303502820 bend    9    7    2
        0.2374866638758 bend   11    3    2
        0.0250915695442 bend   11    4    2
        0.2301403094716 bend   11    8    2
        0.1686369715650 bend   11    9    2
       -0.2232878524575 bend   15    7    2
       -0.2227863474671 bend   15    8    2
       -0.1587899569375 bend   15    9    2
       -0.4145351724520 bend   15   11    2
       -0.0186587367732 bend   10    3    2
       -0.2258975520248 bend   10    4    2
       -0.1549261408259 bend   10    7    2
       -0.2180971596262 bend   10    8    2
        0.2241134488021 bend   10   12    2
       -0.0052602942214 bend   10   15    2
        0.1589611055411 bend   16    7    2
        0.2217031621495 bend   16    8    2
        0.3996568832221 bend   16   10    2
  83 k -0.4381170838900 bend    4    3    2      val=   7.40178
        0.0537207925714 bend    7    3    2
       -0.1522257304464 bend    7    4    2
       -0.1724956083309 bend    8    3    2
       -0.1676908327890 bend    8    4    2
        0.1336418455994 bend   13    7    2
        0.1558883647924 bend   12    7    2
        0.1043946770044 bend   12    8    2
       -0.1483735766315 bend    9    3    2
        0.0496130947040 bend    9    4    2
       -0.0738090052105 bend    9    7    2
        0.2091738876479 bend   11    3    2
        0.1842056666273 bend   11    4    2
        0.3273053094228 bend   11    8    2
        0.1358883340556 bend   11    9    2
       -0.0191332026824 bend   15    7    2
        0.0577153247719 bend   15    8    2
       -0.0206511073758 bend   15    9    2
       -0.2500286767912 bend   15   11    2
        0.1892646794414 bend   10    3    2
        0.2156818038829 bend   10    4    2
        0.1339759324945 bend   10    7    2
        0.3398166474236 bend   10    8    2
       -0.0344371376458 bend   10   12    2
       -0.2806643073293 bend   10   15    2
       -0.0256640836784 bend   16    7    2
        0.0387557440709 bend   16    8    2
       -0.2708041240492 bend   16   10    2
  84 k  0.0752950754733 bend    4    3    2      val= -13.48504
       -0.2201363401467 bend    7    3    2
        0.1153185999129 bend    7    4    2
       -0.1091880647735 bend    8    3    2
       -0.1026435450096 bend    8    4    2
       -0.1854338096516 bend   13    7    2
       -0.4062270656248 bend   12    7    2
       -0.1989916867309 bend   12    8    2
        0.1030063655845 bend    9    3    2
       -0.2272016646713 bend    9    4    2
        0.5132637501403 bend    9    7    2
       -0.0864233849986 bend   11    3    2
        0.0543120779663 bend   11    4    2
        0.1621971305470 bend   11    8    2
        0.3053899993451 bend   11    9    2
        0.0638360969650 bend   15    7    2
        0.0942613825547 bend   15    8    2
       -0.1369853391463 bend   15    9    2
        0.0152753253423 bend   15   11    2
        0.0598684857401 bend   10    3    2
       -0.0930881315194 bend   10    4    2
        0.3131884556691 bend   10    7    2
        0.1688475661268 bend   10    8    2
        0.0823851079098 bend   10   12    2
       -0.0734869922145 bend   10   15    2
       -0.1595143469698 bend   16    7    2
        0.0810432484332 bend   16    8    2
        0.0210989927583 bend   16   10    2
  85 k  0.6875439830632 bend    4    3    2      val=  11.64849
       -0.1580881571072 bend    7    3    2
       -0.0786422711825 bend    7    4    2
       -0.1162487082377 bend    8    3    2
       -0.0802340458799 bend    8    4    2
        0.2180209997156 bend   13    7    2
        0.2683422033887 bend   12    7    2
        0.1172992789680 bend   12    8    2
       -0.0317573281503 bend    9    3    2
       -0.1564546748216 bend    9    4    2
       -0.2099373642951 bend    9    7    2
       -0.2209056134313 bend   11    3    2
       -0.0241047333901 bend   11    4    2
        0.2196379402783 bend   11    8    2
        0.0650067432122 bend   11    9    2
        0.0486033153528 bend   15    7    2
        0.0671293426516 bend   15    8    2
        0.0212089907784 bend   15    9    2
       -0.1245110949329 bend   15   11    2
       -0.0251765113849 bend   10    3    2
       -0.2189840357898 bend   10    4    2
        0.0370814276056 bend   10    7    2
        0.2268169669741 bend   10    8    2
        0.0210756113160 bend   10   12    2
       -0.1588542739058 bend   10   15    2
        0.0759674139062 bend   16    7    2
        0.0526694386756 bend   16    8    2
       -0.1139917624062 bend   16   10    2
  86 k  0.0563383318074 bend    4    3    2      val=   2.30343
       -0.0607237452753 bend    7    3    2
        0.2395053304032 bend    7    4    2
        0.1514668021259 bend    8    3    2
       -0.1782187462463 bend    8    4    2
       -0.4949693188472 bend   13    7    2
        0.0342981410677 bend   12    7    2
        0.5381361518775 bend   12    8    2
       -0.2598450110078 bend    9    3    2
        0.0364581924547 bend    9    4    2
       -0.0217802257589 bend    9    7    2
        0.0159679983219 bend   11    3    2
       -0.0510668389137 bend   11    4    2
        0.0802575763909 bend   11    8    2
       -0.1364643827759 bend   11    9    2
       -0.1379028941752 bend   15    7    2
       -0.0543170960677 bend   15    8    2
        0.2953940507176 bend   15    9    2
       -0.0029989382027 bend   15   11    2
        0.0520482973734 bend   10    3    2
       -0.0491844799484 bend   10    4    2
        0.1573403568624 bend   10    7    2
       -0.0319808700612 bend   10    8    2
        0.1394177801184 bend   10   12    2
       -0.0184694651310 bend   10   15    2
       -0.2847654429252 bend   16    7    2
        0.0795704199095 bend   16    8    2
       -0.0267999627801 bend   16   10    2
  87 k  0.0607799812046 bend    4    3    2      val=   7.03184
        0.1715827319063 bend    7    3    2
        0.1958243476664 bend    7    4    2
       -0.2253143527592 bend    8    3    2
       -0.2353534802562 bend    8    4    2
        0.0156850274371 bend   13    7    2
       -0.2059354685100 bend   12    7    2
        0.0255611795088 bend   12    8    2
        0.2091424538825 bend    9    3    2
        0.1855729644507 bend    9    4    2
       -0.0251015511856 bend    9    7    2
        0.0357152661878 bend   11    3    2
       -0.1176192854245 bend   11    4    2
        0.2172405002622 bend   11    8    2
       -0.2907379181234 bend   11    9    2
       -0.2268480084328 bend   15    7    2
        0.3554804730369 bend   15    8    2
       -0.1097292562932 bend   15    9    2
        0.0468143536208 bend   15   11    2
       -0.1226532248910 bend   10    3    2
        0.0395001553887 bend   10    4    2
       -0.2799468425705 bend   10    7    2
        0.1996108676962 bend   10    8    2
       -0.2413000106093 bend   10   12    2
        0.1583540301940 bend   10   15    2
       -0.0869383815256 bend   16    7    2
        0.3654315179998 bend   16    8    2
        0.0461959881439 bend   16   10    2
  88 k -0.0077225826855 bend    4    3    2      val=  -0.31362
       -0.2956709534798 bend    7    3    2
       -0.2293170902303 bend    7    4    2
        0.1709951543451 bend    8    3    2
       -0.1661340301574 bend    8    4    2
       -0.2222051802568 bend   13    7    2
       -0.0080091220942 bend   12    7    2
        0.2262378904424 bend   12    8    2
        0.2206828230820 bend    9    3    2
        0.2717381116849 bend    9    4    2
        0.0056044330137 bend    9    7    2
       -0.0803423308621 bend   11    3    2
        0.0844144378870 bend   11    4    2
        0.1171992188318 bend   11    8    2
       -0.1494772642176 bend   11    9    2
        0.3555631435225 bend   15    7    2
       -0.1479987643054 bend   15    8    2
       -0.3130263019342 bend   15    9    2
        0.0291443879518 bend   15   11    2
       -0.0632169901319 bend   10    3    2
        0.0706524737978 bend   10    4    2
        0.1867175815430 bend   10    7    2
       -0.1277606649519 bend   10    8    2
       -0.3307287968916 bend   10   12    2
       -0.0119982836298 bend   10   15    2
        0.3017400584836 bend   16    7    2
        0.1464352927685 bend   16    8    2
       -0.0297047817761 bend   16   10    2
  89 k -0.0160736538220 bend    4    3    2      val=   0.43076
       -0.2279920875054 bend    7    3    2
       -0.0174170712142 bend    7    4    2
       -0.1713679371621 bend    8    3    2
        0.1723477459637 bend    8    4    2
        0.1253072313092 bend   13    7    2
        0.0029449675251 bend   12    7    2
       -0.1106996413347 bend   12    8    2
        0.0240626428995 bend    9    3    2
        0.2645378389500 bend    9    4    2
       -0.0233664975162 bend    9    7    2
        0.2660055576063 bend   11    3    2
       -0.1084267372820 bend   11    4    2
       -0.0618641710716 bend   11    8    2
       -0.4212203394684 bend   11    9    2
       -0.0256241634601 bend   15    7    2
        0.0991471147939 bend   15    8    2
        0.0420049866287 bend   15    9    2
       -0.2850597647227 bend   15   11    2
        0.1290932904145 bend   10    3    2
       -0.2970692105672 bend   10    4    2
        0.4312906981404 bend   10    7    2
        0.0802905468398 bend   10    8    2
        0.0195216067873 bend   10   12    2
        0.0042467069834 bend   10   15    2
       -0.0768759944962 bend   16    7    2
       -0.1311628967428 bend   16    8    2
        0.3333938122970 bend   16   10    2
  90 k -0.1294385433984 bend    4    3    2      val=  10.42725
        0.2632500795797 bend    7    3    2
        0.0644661531360 bend    7    4    2
       -0.0076514520444 bend    8    3    2
       -0.0310899814570 bend    8    4    2
        0.0607547296351 bend   13    7    2
        0.0535290700174 bend   12    7    2
        0.0786079347464 bend   12    8    2
        0.0578860143427 bend    9    3    2
        0.2161570584834 bend    9    4    2
       -0.2419795608096 bend    9    7    2
       -0.3541475966754 bend   11    3    2
        0.2665000970319 bend   11    4    2
        0.0553421027947 bend   11    8    2
        0.1314739827900 bend   11    9    2
        0.0304566334318 bend   15    7    2
       -0.0577828355728 bend   15    8    2
       -0.2954238540561 bend   15    9    2
        0.3361226037327 bend   15   11    2
        0.2404861537554 bend   10    3    2
       -0.3189352567238 bend   10    4    2
        0.0740929431006 bend   10    7    2
        0.0591398761507 bend   10    8    2
        0.0321461253484 bend   10   12    2
       -0.1147532561835 bend   10   15    2
       -0.2878511923899 bend   16    7    2
       -0.0605990296744 bend   16    8    2
        0.3111521380228 bend   16   10    2
  91 k  1.0000000000000 bend    2    1    3      val=  88.75414
  92 k  1.0000000000000 bend   11    8    7      val= 108.11407
  93 k  1.0000000000000 bend    7    9    8      val= 107.99941
  94 k  1.0000000000000 bend   10    8    9      val= 108.12823
  95 k  1.0000000000000 bend   11    9   10      val= 107.88449
  96 k  1.0000000000000 bend   10    7   11      val= 107.86537
        78 non zero eigenvalues  of BmBt
           1           3.651272595    1    0
         1
           2           3.633961003    2    0
         2
           3           3.566657451    3    0
         3
           4           3.516958264    4    0
         4
           5           3.502783981    5    0
         5
           6           3.482076797    6    0
         6
           7           3.450927260    7    0
         7
           8           3.442322453    8    0
         8
           9           3.394114910    9    0
         9
          10           3.380812123   10    0
        10
          11           3.197142606   11    0
        11
          12           3.179736453   12    0
        12
          13           3.173558519   13    0
        13
          14           3.151904442   14    0
        14
          15           3.150545033   15    0
        15
          16           2.064381707   16    0
        16
          17           1.831539742   17    0
        17
          18           1.426313524   18    0
        18
          19           1.423407720   19    0
        19
          20           1.412892317   20    0
        20
          21           1.239776178   21    0
        21
          22           1.222192785   22    0
        22
          23           1.034469270   23    0
        23
          24           1.024810150   24    0
        24
          25           1.010589160   25    0
        25
          26           0.908693356   26    0
        26
          27           0.902334827   27    0
        27
          28           0.776046174   28    0
        28
          29           0.772503589   29    0
        29
          30           0.740698019   30    0
        30
          31           0.737035047   31    0
        31
          32           0.679691069   32    0
        32
          33           0.677759414   33    0
        33
          34           0.676760413   34    0
        34
          35           0.674926257   35    0
        35
          36           0.674833317   36    0
        36
          37           0.673419128   37    0
        37
          38           0.672728464   38    0
        38
          39           0.672040772   39    0
        39
          40           0.671773805   40    0
        40
          41           0.669368618   41    0
        41
          42           0.667601863   42    0
        42
          43           0.663672000   43    0
        43
          44           0.643670275   44    0
        44
          45           0.635871662   45    0
        45
          46           0.629815895   46    0
        46
          47           0.476441061   47    0
        47
          48           0.474520056   48    0
        48
          49           0.454880955   49    0
        49
          50           0.446559175   50    0
        50
          51           0.240717765   51    0
        51
          52           0.198038204   52    0
        52
          53           0.197650797   53    0
        53
          54           0.127292267   54    0
        54
          55           0.108220762   55    0
        55
          56           0.105765410   56    0
        56
          57           0.087086135   57    0
        57
          58           0.079964425   58    0
        58
          59           0.076010374   59    0
        59
          60           0.064736456   60    0
        60
          61           3.026855211    0    0
         0.000000000         0.000000000         0.000000000         0.000000000
         0.000000000         0.000000000         0.000000000         0.000000000
         0.000000000         0.000000000         0.000000000         0.000000000
         0.000000000         0.000000000         0.000000000         0.000000000
         0.000000000         0.000000000         0.000000000         0.000000000
         0.000000000         0.000000000         0.000000000         0.000000000
         0.000000000         0.000000000         0.000000000         0.000000000
         0.000000000         0.000000000         0.000000000         0.000000000
         0.000000000         0.000000000         0.000000000         0.000000000
         0.000000000         0.000000000         0.000000000         0.000000000
         0.000000000         0.000000000         0.000000000         0.000000000
         0.000000000         0.000000000         0.000000000         0.000000000
         0.000000000         0.000000000         0.000000000         0.000000000
         0.000000000         0.000000000         0.000000000         0.000000000
         0.000000000         0.000000000         0.000000000         0.000000000
        -0.000215372         0.163017518         0.000899414        -0.161853930
        -0.006672785         0.006072444         0.011115361        -0.065819254
        -0.580639719         0.039776300        -0.222591609         0.028017875
         0.025405959         0.029311371         0.438531906         0.017490777
         0.429308526         0.017752508        -0.015071021        -0.413159296
        -0.001208807        -0.002121364        -0.030204726         0.017666731
         0.005329398        -0.001018376         0.043635845        -0.002307729
        -0.001714682        -0.014465951        -0.017257447        -0.007522418
        -0.002747931        -0.007691840         0.008757193         0.009230565
          62           1.212637599    0    0
         0.000000000         0.000000000         0.000000000         0.000000000
         0.000000000         0.000000000         0.000000000         0.000000000
         0.000000000         0.000000000         0.000000000         0.000000000
         0.000000000         0.000000000         0.000000000         0.000000000
         0.000000000         0.000000000         0.000000000         0.000000000
         0.000000000         0.000000000         0.000000000         0.000000000
         0.000000000         0.000000000         0.000000000         0.000000000
         0.000000000         0.000000000         0.000000000         0.000000000
         0.000000000         0.000000000         0.000000000         0.000000000
         0.000000000         0.000000000         0.000000000         0.000000000
         0.000000000         0.000000000         0.000000000         0.000000000
         0.000000000         0.000000000         0.000000000         0.000000000
         0.000000000         0.000000000         0.000000000         0.000000000
         0.000000000         0.000000000         0.000000000         0.000000000
         0.000000000         0.000000000         0.000000000         0.000000000
         0.000433016        -0.002878186        -0.000524867         0.004725793
         0.050326093        -0.052238483        -0.873548890        -0.077670259
        -0.207688491        -0.011282326         0.032497107        -0.011599949
        -0.009301274        -0.011302651        -0.057002565         0.002665231
        -0.055955542         0.002415641        -0.010216299         0.102985957
         0.003661086         0.005522328         0.211241808        -0.087617723
        -0.240559620        -0.022451211        -0.012272928         0.001020259
         0.003723099         0.024215512         0.228382475         0.007620147
        -0.006826173         0.007209654        -0.003664820        -0.004381073
          63           0.923902788    0    0
         0.000000000         0.000000000         0.000000000         0.000000000
         0.000000000         0.000000000         0.000000000         0.000000000
         0.000000000         0.000000000         0.000000000         0.000000000
         0.000000000         0.000000000         0.000000000         0.000000000
         0.000000000         0.000000000         0.000000000         0.000000000
         0.000000000         0.000000000         0.000000000         0.000000000
         0.000000000         0.000000000         0.000000000         0.000000000
         0.000000000         0.000000000         0.000000000         0.000000000
         0.000000000         0.000000000         0.000000000         0.000000000
         0.000000000         0.000000000         0.000000000         0.000000000
         0.000000000         0.000000000         0.000000000         0.000000000
         0.000000000         0.000000000         0.000000000         0.000000000
         0.000000000         0.000000000         0.000000000         0.000000000
         0.000000000         0.000000000         0.000000000         0.000000000
         0.000000000         0.000000000         0.000000000         0.000000000
         0.000522990         0.120817478         0.000984642        -0.119895911
         0.018427111        -0.019360601        -0.276152639         0.305551811
         0.702270774         0.032574863        -0.147842870         0.014308513
         0.022529883         0.015833732         0.298222928         0.039699293
         0.292227107         0.038351276         0.030130487        -0.236818328
         0.000320805         0.001045736         0.063968767        -0.010605791
        -0.085581430        -0.008964433         0.015981217        -0.000641921
         0.000566446         0.001401181        -0.192753483        -0.005100641
         0.013279976        -0.004784029        -0.001798721        -0.001559248
          64           0.745550024    0    0
         0.000000000         0.000000000         0.000000000         0.000000000
         0.000000000         0.000000000         0.000000000         0.000000000
         0.000000000         0.000000000         0.000000000         0.000000000
         0.000000000         0.000000000         0.000000000         0.000000000
         0.000000000         0.000000000         0.000000000         0.000000000
         0.000000000         0.000000000         0.000000000         0.000000000
         0.000000000         0.000000000         0.000000000         0.000000000
         0.000000000         0.000000000         0.000000000         0.000000000
         0.000000000         0.000000000         0.000000000         0.000000000
         0.000000000         0.000000000         0.000000000         0.000000000
         0.000000000         0.000000000         0.000000000         0.000000000
         0.000000000         0.000000000         0.000000000         0.000000000
         0.000000000         0.000000000         0.000000000         0.000000000
         0.000000000         0.000000000         0.000000000         0.000000000
         0.000000000         0.000000000         0.000000000         0.000000000
        -0.757287851         0.001185371         0.023564053         0.003378551
        -0.147628929        -0.141414384        -0.000321380         0.000254766
         0.000449430         0.009365099        -0.000162026         0.042730360
        -0.007648793        -0.040603869         0.023689441         0.006351080
        -0.023526021        -0.007774185         0.000831974        -0.000121183
         0.574138178        -0.217529701        -0.001642005         0.000425164
        -0.002383275         0.032360164         0.000375011        -0.001771500
         0.011019165        -0.000989240        -0.000164571         0.000004161
         0.000586224        -0.001473174         0.024719968        -0.023844031
          65           0.512106443    0    0
         0.000000000         0.000000000         0.000000000         0.000000000
         0.000000000         0.000000000         0.000000000         0.000000000
         0.000000000         0.000000000         0.000000000         0.000000000
         0.000000000         0.000000000         0.000000000         0.000000000
         0.000000000         0.000000000         0.000000000         0.000000000
         0.000000000         0.000000000         0.000000000         0.000000000
         0.000000000         0.000000000         0.000000000         0.000000000
         0.000000000         0.000000000         0.000000000         0.000000000
         0.000000000         0.000000000         0.000000000         0.000000000
         0.000000000         0.000000000         0.000000000         0.000000000
         0.000000000         0.000000000         0.000000000         0.000000000
         0.000000000         0.000000000         0.000000000         0.000000000
         0.000000000         0.000000000         0.000000000         0.000000000
         0.000000000         0.000000000         0.000000000         0.000000000
         0.000000000         0.000000000         0.000000000         0.000000000
         0.001618192        -0.154034035        -0.013639813         0.180297470
         0.191859236        -0.203728050         0.049484483         0.002148409
        -0.000822597        -0.159315473         0.215295709        -0.089795745
        -0.143242094        -0.145147553         0.106662602         0.411516426
         0.084924013         0.446340258        -0.480113131        -0.051768674
         0.001997736         0.008034729         0.166897842        -0.106531148
         0.099613479         0.022828929         0.011966744        -0.005830164
        -0.014325107        -0.104519284        -0.012297950         0.129034185
        -0.160158474         0.116135690        -0.033785924        -0.054577777
          66           0.503128924    0    0
         0.000000000         0.000000000         0.000000000         0.000000000
         0.000000000         0.000000000         0.000000000         0.000000000
         0.000000000         0.000000000         0.000000000         0.000000000
         0.000000000         0.000000000         0.000000000         0.000000000
         0.000000000         0.000000000         0.000000000         0.000000000
         0.000000000         0.000000000         0.000000000         0.000000000
         0.000000000         0.000000000         0.000000000         0.000000000
         0.000000000         0.000000000         0.000000000         0.000000000
         0.000000000         0.000000000         0.000000000         0.000000000
         0.000000000         0.000000000         0.000000000         0.000000000
         0.000000000         0.000000000         0.000000000         0.000000000
         0.000000000         0.000000000         0.000000000         0.000000000
         0.000000000         0.000000000         0.000000000         0.000000000
         0.000000000         0.000000000         0.000000000         0.000000000
         0.000000000         0.000000000         0.000000000         0.000000000
         0.078379270         0.248301764        -0.192267167         0.233953901
        -0.143243507        -0.115628591        -0.003504472         0.000471750
         0.000649498        -0.124882404        -0.012646535         0.460918022
         0.145273408        -0.441986319         0.166724934        -0.298901893
        -0.174556071         0.247699912         0.029925897         0.001902471
         0.009042569         0.144585590        -0.012204758         0.005234144
        -0.016759264         0.138584467         0.001101764        -0.040627121
        -0.144154744         0.014837721         0.000233532         0.100902649
         0.009561241        -0.116764930         0.183179370        -0.176961825
          67           0.414494299    0    0
         0.000000000         0.000000000         0.000000000         0.000000000
         0.000000000         0.000000000         0.000000000         0.000000000
         0.000000000         0.000000000         0.000000000         0.000000000
         0.000000000         0.000000000         0.000000000         0.000000000
         0.000000000         0.000000000         0.000000000         0.000000000
         0.000000000         0.000000000         0.000000000         0.000000000
         0.000000000         0.000000000         0.000000000         0.000000000
         0.000000000         0.000000000         0.000000000         0.000000000
         0.000000000         0.000000000         0.000000000         0.000000000
         0.000000000         0.000000000         0.000000000         0.000000000
         0.000000000         0.000000000         0.000000000         0.000000000
         0.000000000         0.000000000         0.000000000         0.000000000
         0.000000000         0.000000000         0.000000000         0.000000000
         0.000000000         0.000000000         0.000000000         0.000000000
         0.000000000         0.000000000         0.000000000         0.000000000
        -0.001023345         0.219681641         0.002399713        -0.217933194
         0.096326640        -0.101572882         0.022173258         0.018127700
         0.010667193        -0.301739055        -0.364373792        -0.398132853
        -0.305032460        -0.405632926        -0.144696425        -0.217376966
        -0.149249391        -0.215729609        -0.261813435        -0.079957080
        -0.000161112        -0.001611229        -0.048355991        -0.152576566
        -0.011873786         0.000208971        -0.022363994        -0.000673401
        -0.000635633        -0.005981328        -0.023878078         0.017287592
         0.039597895         0.017753249        -0.036730236        -0.038177253
          68           0.344904623    0    0
         0.000000000         0.000000000         0.000000000         0.000000000
         0.000000000         0.000000000         0.000000000         0.000000000
         0.000000000         0.000000000         0.000000000         0.000000000
         0.000000000         0.000000000         0.000000000         0.000000000
         0.000000000         0.000000000         0.000000000         0.000000000
         0.000000000         0.000000000         0.000000000         0.000000000
         0.000000000         0.000000000         0.000000000         0.000000000
         0.000000000         0.000000000         0.000000000         0.000000000
         0.000000000         0.000000000         0.000000000         0.000000000
         0.000000000         0.000000000         0.000000000         0.000000000
         0.000000000         0.000000000         0.000000000         0.000000000
         0.000000000         0.000000000         0.000000000         0.000000000
         0.000000000         0.000000000         0.000000000         0.000000000
         0.000000000         0.000000000         0.000000000         0.000000000
         0.000000000         0.000000000         0.000000000         0.000000000
        -0.023649593        -0.181160793         0.272822133        -0.184823229
         0.080712458         0.082800198        -0.002703161        -0.000193326
         0.000082581         0.160130536         0.002623966         0.365990199
        -0.155661109        -0.365270551        -0.125520798        -0.187686059
         0.123104349         0.189724205         0.001514043         0.000134032
        -0.078639976        -0.153539054         0.001272499         0.002147504
        -0.013233614         0.152256341         0.000216553         0.008618124
         0.009371779         0.001264763         0.000766821        -0.239576252
         0.001499071         0.237843351        -0.359007342         0.359342473
          69           0.306311111    0    0
         0.000000000         0.000000000         0.000000000         0.000000000
         0.000000000         0.000000000         0.000000000         0.000000000
         0.000000000         0.000000000         0.000000000         0.000000000
         0.000000000         0.000000000         0.000000000         0.000000000
         0.000000000         0.000000000         0.000000000         0.000000000
         0.000000000         0.000000000         0.000000000         0.000000000
         0.000000000         0.000000000         0.000000000         0.000000000
         0.000000000         0.000000000         0.000000000         0.000000000
         0.000000000         0.000000000         0.000000000         0.000000000
         0.000000000         0.000000000         0.000000000         0.000000000
         0.000000000         0.000000000         0.000000000         0.000000000
         0.000000000         0.000000000         0.000000000         0.000000000
         0.000000000         0.000000000         0.000000000         0.000000000
         0.000000000         0.000000000         0.000000000         0.000000000
         0.000000000         0.000000000         0.000000000         0.000000000
         0.001918711        -0.035290440         0.005565094         0.038064843
        -0.239201230         0.234432345        -0.035638849         0.000643502
         0.002464569         0.186493911        -0.285455121        -0.060189254
         0.188858199        -0.058794769        -0.082275887         0.216605822
        -0.081696253         0.211983803        -0.406217473         0.029354324
        -0.002760958        -0.000621279        -0.072637170         0.048993814
        -0.066912466        -0.006250541        -0.065180064         0.001547111
        -0.007673896        -0.092980082         0.006586397        -0.342815281
         0.383141146        -0.342671525         0.153829201         0.151749636
          70           0.246727486    0    0
         0.000000000         0.000000000         0.000000000         0.000000000
         0.000000000         0.000000000         0.000000000         0.000000000
         0.000000000         0.000000000         0.000000000         0.000000000
         0.000000000         0.000000000         0.000000000         0.000000000
         0.000000000         0.000000000         0.000000000         0.000000000
         0.000000000         0.000000000         0.000000000         0.000000000
         0.000000000         0.000000000         0.000000000         0.000000000
         0.000000000         0.000000000         0.000000000         0.000000000
         0.000000000         0.000000000         0.000000000         0.000000000
         0.000000000         0.000000000         0.000000000         0.000000000
         0.000000000         0.000000000         0.000000000         0.000000000
         0.000000000         0.000000000         0.000000000         0.000000000
         0.000000000         0.000000000         0.000000000         0.000000000
         0.000000000         0.000000000         0.000000000         0.000000000
         0.000000000         0.000000000         0.000000000         0.000000000
        -0.020357219        -0.417800397        -0.113237504         0.379288528
        -0.153621714         0.281958408        -0.067957654         0.055494339
         0.012101589        -0.173661770        -0.169992186         0.129131295
        -0.198791356         0.186819093         0.097942874        -0.347932724
         0.096246942        -0.208725387        -0.333109267        -0.028269645
         0.002008602        -0.032294068        -0.062105265        -0.011961984
        -0.036512613        -0.017745978         0.178142762        -0.027912827
        -0.013404104        -0.027470550        -0.049876641         0.060612083
        -0.229330047         0.013489225         0.053548586         0.100319679
          71           0.244203902    0    0
         0.000000000         0.000000000         0.000000000         0.000000000
         0.000000000         0.000000000         0.000000000         0.000000000
         0.000000000         0.000000000         0.000000000         0.000000000
         0.000000000         0.000000000         0.000000000         0.000000000
         0.000000000         0.000000000         0.000000000         0.000000000
         0.000000000         0.000000000         0.000000000         0.000000000
         0.000000000         0.000000000         0.000000000         0.000000000
         0.000000000         0.000000000         0.000000000         0.000000000
         0.000000000         0.000000000         0.000000000         0.000000000
         0.000000000         0.000000000         0.000000000         0.000000000
         0.000000000         0.000000000         0.000000000         0.000000000
         0.000000000         0.000000000         0.000000000         0.000000000
         0.000000000         0.000000000         0.000000000         0.000000000
         0.000000000         0.000000000         0.000000000         0.000000000
         0.000000000         0.000000000         0.000000000         0.000000000
         0.108084471         0.030230605         0.575336159         0.190791097
        -0.349456636        -0.267386464        -0.012223442         0.009931583
         0.002092158        -0.056703569        -0.028462866         0.181757429
        -0.021122579        -0.116292688         0.026382315         0.310335604
         0.014506934        -0.417048970        -0.062828912        -0.006659451
        -0.029392151         0.136276750        -0.015695586        -0.003179498
        -0.010698544         0.047648946         0.041970873         0.109688322
         0.051525165        -0.009745276        -0.008925939        -0.120258004
        -0.047976209         0.139689222         0.124959596        -0.096770417
          72           0.216854451    0    0
         0.000000000         0.000000000         0.000000000         0.000000000
         0.000000000         0.000000000         0.000000000         0.000000000
         0.000000000         0.000000000         0.000000000         0.000000000
         0.000000000         0.000000000         0.000000000         0.000000000
         0.000000000         0.000000000         0.000000000         0.000000000
         0.000000000         0.000000000         0.000000000         0.000000000
         0.000000000         0.000000000         0.000000000         0.000000000
         0.000000000         0.000000000         0.000000000         0.000000000
         0.000000000         0.000000000         0.000000000         0.000000000
         0.000000000         0.000000000         0.000000000         0.000000000
         0.000000000         0.000000000         0.000000000         0.000000000
         0.000000000         0.000000000         0.000000000         0.000000000
         0.000000000         0.000000000         0.000000000         0.000000000
         0.000000000         0.000000000         0.000000000         0.000000000
         0.000000000         0.000000000         0.000000000         0.000000000
        -0.011943911         0.096468367        -0.063706840         0.086590124
         0.173500348         0.167687142         0.001070067        -0.000543583
        -0.000094684         0.544577112         0.012474467         0.070101762
        -0.531556391        -0.068899993         0.355945696         0.140580826
        -0.379290485        -0.138172517        -0.001289908         0.000306352
        -0.003734012        -0.032094192         0.002881669        -0.000889664
         0.004215521        -0.045084094        -0.003028450         0.010458359
        -0.047224849         0.002930509         0.000413492        -0.025770611
         0.001277822         0.023132331         0.089469002        -0.088073951
          73           0.117027139    0    0
         0.000000000         0.000000000         0.000000000         0.000000000
         0.000000000         0.000000000         0.000000000         0.000000000
         0.000000000         0.000000000         0.000000000         0.000000000
         0.000000000         0.000000000         0.000000000         0.000000000
         0.000000000         0.000000000         0.000000000         0.000000000
         0.000000000         0.000000000         0.000000000         0.000000000
         0.000000000         0.000000000         0.000000000         0.000000000
         0.000000000         0.000000000         0.000000000         0.000000000
         0.000000000         0.000000000         0.000000000         0.000000000
         0.000000000         0.000000000         0.000000000         0.000000000
         0.000000000         0.000000000         0.000000000         0.000000000
         0.000000000         0.000000000         0.000000000         0.000000000
         0.000000000         0.000000000         0.000000000         0.000000000
         0.000000000         0.000000000         0.000000000         0.000000000
         0.000000000         0.000000000         0.000000000         0.000000000
        -0.008075498         0.208922169         0.061075974        -0.266769602
        -0.073652760         0.136133234        -0.046557489         0.084224764
        -0.019270073         0.003309496         0.694905688         0.000711839
         0.129653278         0.016777378         0.080339372        -0.199339423
        -0.078214843        -0.185160468        -0.388915621        -0.143948300
        -0.015924109        -0.037803895        -0.176477664        -0.125046202
        -0.063408576         0.000244173        -0.021324997         0.006341394
         0.002911934        -0.038263090        -0.092710906        -0.063857433
        -0.047856495        -0.069742638         0.083756087         0.089107289
          74           0.116648117    0    0
         0.000000000         0.000000000         0.000000000         0.000000000
         0.000000000         0.000000000         0.000000000         0.000000000
         0.000000000         0.000000000         0.000000000         0.000000000
         0.000000000         0.000000000         0.000000000         0.000000000
         0.000000000         0.000000000         0.000000000         0.000000000
         0.000000000         0.000000000         0.000000000         0.000000000
         0.000000000         0.000000000         0.000000000         0.000000000
         0.000000000         0.000000000         0.000000000         0.000000000
         0.000000000         0.000000000         0.000000000         0.000000000
         0.000000000         0.000000000         0.000000000         0.000000000
         0.000000000         0.000000000         0.000000000         0.000000000
         0.000000000         0.000000000         0.000000000         0.000000000
         0.000000000         0.000000000         0.000000000         0.000000000
         0.000000000         0.000000000         0.000000000         0.000000000
         0.000000000         0.000000000         0.000000000         0.000000000
         0.049733210         0.200568370        -0.346788936         0.116714249
        -0.222998180        -0.191025154        -0.006069421         0.014553791
        -0.003480459         0.342482989         0.120858640         0.034828973
        -0.313138712        -0.034248453        -0.471392813        -0.007061135
         0.471053225        -0.058853128        -0.069249685        -0.024646870
         0.072418923         0.192014070        -0.033391675        -0.024563269
        -0.005921505        -0.048400059        -0.004820300        -0.049351102
        -0.035313139        -0.005785905        -0.016429319        -0.020430209
        -0.008138647        -0.001892467         0.029385661         0.001628006
          75           0.101044084    0    0
         0.000000000         0.000000000         0.000000000         0.000000000
         0.000000000         0.000000000         0.000000000         0.000000000
         0.000000000         0.000000000         0.000000000         0.000000000
         0.000000000         0.000000000         0.000000000         0.000000000
         0.000000000         0.000000000         0.000000000         0.000000000
         0.000000000         0.000000000         0.000000000         0.000000000
         0.000000000         0.000000000         0.000000000         0.000000000
         0.000000000         0.000000000         0.000000000         0.000000000
         0.000000000         0.000000000         0.000000000         0.000000000
         0.000000000         0.000000000         0.000000000         0.000000000
         0.000000000         0.000000000         0.000000000         0.000000000
         0.000000000         0.000000000         0.000000000         0.000000000
         0.000000000         0.000000000         0.000000000         0.000000000
         0.000000000         0.000000000         0.000000000         0.000000000
         0.000000000         0.000000000         0.000000000         0.000000000
        -0.001597414        -0.074225735         0.007633394         0.080929784
         0.281567922        -0.276781900         0.012545260         0.053101482
        -0.017635112         0.502051284        -0.214046050        -0.024779376
         0.512016867        -0.023164720        -0.098324140        -0.154499043
        -0.094868037        -0.151671594        -0.229785993        -0.066120421
        -0.000367777        -0.003385409         0.039870409        -0.238908599
         0.091828472         0.008449922         0.144929859        -0.003684578
         0.003863059         0.034201227        -0.067493014         0.098074824
        -0.178793699         0.096322082        -0.000074349         0.000611334
          76           0.080941880    0    0
         0.000000000         0.000000000         0.000000000         0.000000000
         0.000000000         0.000000000         0.000000000         0.000000000
         0.000000000         0.000000000         0.000000000         0.000000000
         0.000000000         0.000000000         0.000000000         0.000000000
         0.000000000         0.000000000         0.000000000         0.000000000
         0.000000000         0.000000000         0.000000000         0.000000000
         0.000000000         0.000000000         0.000000000         0.000000000
         0.000000000         0.000000000         0.000000000         0.000000000
         0.000000000         0.000000000         0.000000000         0.000000000
         0.000000000         0.000000000         0.000000000         0.000000000
         0.000000000         0.000000000         0.000000000         0.000000000
         0.000000000         0.000000000         0.000000000         0.000000000
         0.000000000         0.000000000         0.000000000         0.000000000
         0.000000000         0.000000000         0.000000000         0.000000000
         0.000000000         0.000000000         0.000000000         0.000000000
        -0.087885652         0.448407156         0.419266980         0.446649805
         0.349179199         0.353324629         0.000942172        -0.000452496
         0.000107000        -0.016654645         0.005783405        -0.056124423
         0.007914586         0.049831840        -0.186230132        -0.105728088
         0.191853688         0.107744229         0.004451246        -0.000625344
         0.049783164        -0.061005450         0.002759481        -0.003313844
         0.006683902        -0.089944810         0.002019853         0.161471881
        -0.131901332         0.005323988         0.000363698         0.070961633
         0.003922400        -0.073310405         0.016337547        -0.017546235
          77           0.064426088    0    0
         0.000000000         0.000000000         0.000000000         0.000000000
         0.000000000         0.000000000         0.000000000         0.000000000
         0.000000000         0.000000000         0.000000000         0.000000000
         0.000000000         0.000000000         0.000000000         0.000000000
         0.000000000         0.000000000         0.000000000         0.000000000
         0.000000000         0.000000000         0.000000000         0.000000000
         0.000000000         0.000000000         0.000000000         0.000000000
         0.000000000         0.000000000         0.000000000         0.000000000
         0.000000000         0.000000000         0.000000000         0.000000000
         0.000000000         0.000000000         0.000000000         0.000000000
         0.000000000         0.000000000         0.000000000         0.000000000
         0.000000000         0.000000000         0.000000000         0.000000000
         0.000000000         0.000000000         0.000000000         0.000000000
         0.000000000         0.000000000         0.000000000         0.000000000
         0.000000000         0.000000000         0.000000000         0.000000000
         0.000130623         0.110289746         0.003444866        -0.106832455
         0.065941968        -0.068662101        -0.025670764         0.077970303
        -0.031794797        -0.112182726        -0.106452648         0.307163036
        -0.106255101         0.311947804        -0.370808879         0.070803506
        -0.364070695         0.078020026        -0.071690892        -0.558530027
         0.003322745         0.006137675         0.197904977         0.253340513
         0.018951771         0.003029145         0.022342935         0.001692555
         0.001069996         0.010880222        -0.091441873        -0.011282861
        -0.109422070        -0.014331311         0.067483408         0.069863414
          78           0.006158198    0    0
         0.000000000         0.000000000         0.000000000         0.000000000
         0.000000000         0.000000000         0.000000000         0.000000000
         0.000000000         0.000000000         0.000000000         0.000000000
         0.000000000         0.000000000         0.000000000         0.000000000
         0.000000000         0.000000000         0.000000000         0.000000000
         0.000000000         0.000000000         0.000000000         0.000000000
         0.000000000         0.000000000         0.000000000         0.000000000
         0.000000000         0.000000000         0.000000000         0.000000000
         0.000000000         0.000000000         0.000000000         0.000000000
         0.000000000         0.000000000         0.000000000         0.000000000
         0.000000000         0.000000000         0.000000000         0.000000000
         0.000000000         0.000000000         0.000000000         0.000000000
         0.000000000         0.000000000         0.000000000         0.000000000
         0.000000000         0.000000000         0.000000000         0.000000000
         0.000000000         0.000000000         0.000000000         0.000000000
        -0.000625456        -0.064568172        -0.000892050         0.064685974
        -0.012884876         0.015937854        -0.276835765         0.484369807
        -0.277226517        -0.018517803         0.012835965        -0.073678498
        -0.018420616        -0.073608990        -0.076477452         0.066260177
        -0.073823855         0.062017477         0.119040611         0.125229105
        -0.003593246        -0.005209431        -0.272089985         0.103034862
         0.370710920         0.035497640        -0.026853308         0.000676770
        -0.004344026        -0.024879273        -0.557836958         0.023678046
         0.037781822         0.023385975        -0.040617096        -0.043983207
$user-defined bonds
$end
