$energy      SCF               SCFKIN            SCFPOT
     1 -4206.562109662      3938.231111770     -8144.793221432
     2 -4206.603005050      3907.088702703     -8113.691707753
     3 -4206.636198803      3938.111982273     -8144.748181077
     4 -4206.637896369      3938.352968362     -8144.990864731
     5 -4206.639127267      3938.886362029     -8145.525489297
     6 -4206.639141583      3938.832666173     -8145.471807757
     7 -4206.639151063      3938.809600578     -8145.448751641
     8 -4206.639163137      3938.815010258     -8145.454173395
     9 -4206.639165724      3938.810153631     -8145.449319355
    10 -4206.639167627      3938.830116103     -8145.469283731
    11 -4206.639185565      3938.791616081     -8145.430801647
    12 -4206.639189552      3938.731719281     -8145.370908833
    13 -4206.639193496      3938.728382306     -8145.367575802
    14 -4206.639197987      3938.727613230     -8145.366811217
    15 -4206.639200823      3938.719516999     -8145.358717822
    16 -4206.639204872      3938.728166147     -8145.367371018
    17 -4206.639209347      3938.723036865     -8145.362246212
    18 -4206.639210689      3938.731064840     -8145.370275529
    19 -4206.639211573      3938.724754692     -8145.363966266
    20 -4206.639211806      3938.737494017     -8145.376705823
    21 -4206.639212628      3938.727546242     -8145.366758870
    22 -4206.639212739      3938.726999206     -8145.366211945
    23 -4206.639212970      3938.729526412     -8145.368739383
    24 -4206.639214704      3938.727249959     -8145.366464663
    25 -4206.639215767      3938.727489707     -8145.366705474
    26 -4206.639216892      3938.727332160     -8145.366549052
    27 -4206.639218338      3938.720576743     -8145.359795081
    28 -4206.639220146      3938.719816344     -8145.359036490
    29 -4206.639222713      3938.727506646     -8145.366729358
    30 -4206.639223174      3938.728420065     -8145.367643239
    31 -4206.639223683      3938.721702846     -8145.360926530
    32 -4206.639224036      3938.724597227     -8145.363821264
    33 -4206.693774894      3938.875271960     -8145.569046854
    34 -4206.693935571      3938.871970876     -8145.565906447
    35 -4206.693831902      3938.875762169     -8145.569594071
    36 -4206.693788164      3938.880148425     -8145.573936588
    37 -4206.693787704      3938.879715874     -8145.573503578
    38 -4206.693806838      3938.875038408     -8145.568845246
    39 -4206.693790678      3938.871946987     -8145.565737664
    40 -4206.693787024      3938.873446038     -8145.567233063
    41 -4206.693782522      3938.888671137     -8145.582453659
    42 -4206.693781853      3938.880864729     -8145.574646582
    43 -4206.693779361      3938.880840251     -8145.574619612
    44 -4206.693769948      3938.884077189     -8145.577847137
    45 -4206.693759165      3938.883731455     -8145.577490619
    46 -4206.693750184      3938.871820189     -8145.565570374
    47 -4206.693745927      3938.879296620     -8145.573042547
    48 -4206.693751517      3938.873535097     -8145.567286614
    49 -4206.693745006      3938.881267951     -8145.575012957
    50 -4206.693718004      3938.884811998     -8145.578530002
    51 -4206.693695942      3938.883558651     -8145.577254593
    52 -4206.693689810      3938.881871867     -8145.575561677
    53 -4206.693688980      3938.882984641     -8145.576673621
    54 -4206.693691636      3938.884812435     -8145.578504071
    55 -4206.693691610      3938.862264040     -8145.555955650
    56 -4206.693691691      3938.877138792     -8145.570830482
    57 -4206.693689773      3938.878676631     -8145.572366404
    58 -4206.693689718      3938.887635114     -8145.581324832
    59 -4206.693695116      3938.880539335     -8145.574234451
    60 -4206.693699495      3938.880019792     -8145.573719287
    61 -4206.693693430      3938.877607819     -8145.571301249
    62 -4206.693693464      3938.883827397     -8145.577520860
    63 -4206.693696770      3938.880487276     -8145.574184046
    64 -4206.693696759      3938.884363550     -8145.578060309
    65 -4206.693694025      3938.873658840     -8145.567352865
    66 -4206.693693071      3938.884200437     -8145.577893508
    67 -4206.693692513      3938.883775990     -8145.577468503
    68 -4206.693697566      3938.887649834     -8145.581347400
    69 -4206.693697649      3938.906942926     -8145.600640575
$end
