# Excitation spectrum ; written at 2020-09-01 21:40:11
#     Exc.     energy (Eh)   energy (eV)   energy (cm-1)   energy (nm)     Osc.(vel)      Osc.(len) 
       1 a        0.029179       0.79399        6403.991      1561.526     0.00886463     0.00008180
       2 a        0.034220       0.93118        7510.449      1331.478     0.00006738     0.00018558
       3 a        0.037107       1.00973        8143.984      1227.900     0.00165450     0.00037662
       4 a        0.039203       1.06676        8604.026      1162.247     0.00002345     0.00000033
       5 a        0.041018       1.11616        9002.429      1110.811     0.00000452     0.00000449
       6 a        0.066737       1.81600       14647.040       682.732     0.00000033     0.00000102
       7 a        0.066905       1.82056       14683.846       681.020     0.00109857     0.00048235
       8 a        0.067917       1.84813       14906.162       670.863     0.00114485     0.00123631
       9 a        0.069108       1.88053       15167.528       659.303     0.00166747     0.00028175
      10 a        0.070627       1.92186       15500.879       645.125     0.00000045     0.00006104
      11 a        0.071357       1.94174       15661.156       638.522     0.00013264     0.00008943
      12 a        0.072512       1.97316       15914.611       628.353     0.00017664     0.00044196
      13 a        0.073279       1.99402       16082.861       621.780     0.00269393     0.00198634
      14 a        0.075713       2.06027       16617.170       601.787     0.00000150     0.00000519
      15 a        0.076244       2.07471       16733.669       597.598     0.00002622     0.00000676
      16 a        0.076690       2.08684       16831.482       594.125     0.00004967     0.00026365
      17 a        0.077977       2.12186       17113.972       584.318     0.00009569     0.00010953
      18 a        0.080202       2.18240       17602.246       568.109     0.00094055     0.00010768
      19 a        0.082193       2.23659       18039.277       554.346     0.00003282     0.00001848
      20 a        0.082442       2.24337       18093.970       552.670     0.00150255     0.00085601
      21 a        0.083371       2.26864       18297.790       546.514     0.00000221     0.00000711
      22 a        0.083836       2.28130       18399.951       543.480     0.00023256     0.00017799
      23 a        0.083876       2.28239       18408.707       543.221     0.00000444     0.00000234
      24 a        0.084098       2.28841       18457.295       541.791     0.00006740     0.00002060
      25 a        0.086626       2.35722       19012.295       525.975     0.00016222     0.00006986
      26 a        0.087234       2.37377       19145.732       522.310     0.00031824     0.00009449
      27 a        0.091494       2.48969       20080.680       497.991     0.00001117     0.00000322
      28 a        0.092750       2.52385       20356.202       491.251     0.00010525     0.00005818
      29 a        0.092837       2.52623       20375.428       490.787     0.00137234     0.00119766
      30 a        0.093091       2.53314       20431.178       489.448     0.00048144     0.00041800
      31 a        0.096869       2.63595       21260.367       470.359     0.00005523     0.00000313
      32 a        0.100190       2.72630       21989.079       454.771     0.00013243     0.00028032
      33 a        0.101410       2.75949       22256.818       449.301     0.00010204     0.00000881
      34 a        0.103272       2.81018       22665.594       441.197     0.00094925     0.00030371
      35 a        0.105396       2.86796       23131.698       432.307     0.00284731     0.00020350
      36 a        0.108966       2.96512       23915.315       418.142     0.00059826     0.00040777
      37 a        0.111324       3.02927       24432.718       409.287     0.00001359     0.00000376
      38 a        0.112397       3.05849       24668.398       405.377     0.00001295     0.00000476
      39 a        0.112632       3.06488       24719.951       404.532     0.00000953     0.00000077
      40 a        0.113024       3.07555       24806.000       403.128     0.00000026     0.00000058
      41 a        0.114812       3.12419       25198.291       396.852     0.00003017     0.00000108
      42 a        0.115369       3.13934       25320.522       394.937     0.00019468     0.00005048
      43 a        0.115933       3.15471       25444.459       393.013     0.00092216     0.00037673
      44 a        0.116223       3.16258       25507.940       392.035     0.00001404     0.00001893
      45 a        0.116905       3.18115       25657.682       389.747     0.00000095     0.00000016
      46 a        0.117094       3.18628       25699.102       389.119     0.00031580     0.00025167
      47 a        0.119620       3.25503       26253.608       380.900     0.00043917     0.00064357
      48 a        0.120045       3.26660       26346.909       379.551     0.00007840     0.00013650
      49 a        0.120588       3.28136       26465.965       377.844     0.00012066     0.00012265
      50 a        0.121989       3.31950       26773.540       373.503     0.00243154     0.00188191
       1 b        0.029271       0.79650        6424.166      1556.622     0.00918462     0.00018009
       2 b        0.033579       0.91372        7369.630      1356.920     0.02377066     0.01221565
       3 b        0.036865       1.00315        8090.927      1235.952     0.03500015     0.01125194
       4 b        0.043504       1.18381        9548.099      1047.329     0.00000900     0.00001214
       5 b        0.046420       1.26314       10187.929       981.554     0.02070332     0.02497812
       6 b        0.066761       1.81666       14652.361       682.484     0.00100891     0.00052183
       7 b        0.067739       1.84328       14867.078       672.627     0.00028700     0.00071276
       8 b        0.068991       1.87735       15141.827       660.422     0.00237398     0.00077569
       9 b        0.070544       1.91959       15482.514       645.890     0.00008801     0.00005679
      10 b        0.071210       1.93773       15628.837       639.843     0.00079939     0.00125741
      11 b        0.072856       1.98251       15990.017       625.390     0.00191006     0.00060868
      12 b        0.073074       1.98844       16037.834       623.526     0.00265300     0.00211971
      13 b        0.073785       2.00778       16193.869       617.518     0.00365899     0.00488436
      14 b        0.074956       2.03965       16450.903       607.869     0.00002933     0.00000729
      15 b        0.076141       2.07190       16711.024       598.407     0.00146887     0.00082881
      16 b        0.076393       2.07877       16766.420       596.430     0.00663978     0.00415676
      17 b        0.076742       2.08827       16843.019       593.718     0.00373096     0.00365295
      18 b        0.077415       2.10658       16990.704       588.557     0.00369753     0.00281425
      19 b        0.078017       2.12296       17122.791       584.017     0.00016282     0.00011407
      20 b        0.079770       2.17065       17507.455       571.185     0.00199280     0.00087659
      21 b        0.082567       2.24675       18121.292       551.837     0.00136668     0.00074705
      22 b        0.083269       2.26585       18275.335       547.186     0.00047800     0.00046134
      23 b        0.083358       2.26829       18295.005       546.597     0.04457816     0.04686296
      24 b        0.084597       2.30200       18566.910       538.593     0.01062965     0.01140644
      25 b        0.086623       2.35714       19011.587       525.995     0.00511628     0.00480002
      26 b        0.092913       2.52828       20391.979       490.389     0.00110229     0.00099668
      27 b        0.093627       2.54773       20548.844       486.645     0.00046890     0.00044941
      28 b        0.095208       2.59073       20895.661       478.568     0.00857888     0.00743049
      29 b        0.095934       2.61049       21055.045       474.946     0.01026355     0.00654086
      30 b        0.097943       2.66517       21496.068       465.201     0.00012641     0.00011354
      31 b        0.099332       2.70297       21800.931       458.696     0.04130116     0.03262086
      32 b        0.100206       2.72674       21992.613       454.698     0.00007934     0.00002142
      33 b        0.102809       2.79758       22563.979       443.184     0.00005053     0.00001574
      34 b        0.103029       2.80356       22612.234       442.238     0.01411693     0.01309895
      35 b        0.104210       2.83571       22871.519       437.225     0.02733775     0.02561682
      36 b        0.106262       2.89153       23321.784       428.784     0.02865009     0.02565569
      37 b        0.107210       2.91735       23529.981       424.990     0.00007424     0.00006819
      38 b        0.109548       2.98095       24042.963       415.922     0.00057313     0.00040743
      39 b        0.111224       3.02657       24410.941       409.652     0.00020617     0.00009076
      40 b        0.112112       3.05074       24605.841       406.408     0.00244206     0.00247373
      41 b        0.112685       3.06631       24731.487       404.343     0.00010545     0.00012400
      42 b        0.113076       3.07695       24817.295       402.945     0.00159692     0.00145432
      43 b        0.113543       3.08966       24919.771       401.288     0.02394126     0.02161254
      44 b        0.114821       3.12444       25200.347       396.820     0.00005001     0.00003511
      45 b        0.116012       3.15684       25461.639       392.748     0.00025229     0.00025886
      46 b        0.116423       3.16804       25551.969       391.359     0.00078771     0.00068593
      47 b        0.116524       3.17078       25574.057       391.021     0.00126400     0.00074747
      48 b        0.118842       3.23386       26082.863       383.393     0.03013541     0.02793884
      49 b        0.119148       3.24217       26149.872       382.411     0.00057861     0.00086551
      50 b        0.119783       3.25945       26289.238       380.384     0.00690007     0.00712949
# Excitation spectrum ; written at 2020-09-02 11:09:51
#     Exc.     energy (Eh)   energy (eV)   energy (cm-1)   energy (nm)     Osc.(vel)      Osc.(len) 
       1 a        0.029179       0.79399        6403.986      1561.527     0.00886516     0.00008182
       2 a        0.034220       0.93118        7510.491      1331.471     0.00006709     0.00018615
       3 a        0.037107       1.00973        8144.011      1227.896     0.00165519     0.00037706
       4 a        0.039203       1.06676        8604.027      1162.246     0.00002349     0.00000033
       5 a        0.041018       1.11616        9002.472      1110.806     0.00000478     0.00000422
       6 a        0.066737       1.81600       14647.038       682.732     0.00000035     0.00000106
       7 a        0.066905       1.82057       14683.857       681.020     0.00109859     0.00048225
       8 a        0.067917       1.84813       14906.147       670.864     0.00115061     0.00124244
       9 a        0.069109       1.88054       15167.611       659.300     0.00167840     0.00028626
      10 a        0.070627       1.92187       15500.916       645.123     0.00000085     0.00006498
      11 a        0.071358       1.94174       15661.196       638.521     0.00012433     0.00008298
      12 a        0.072512       1.97314       15914.475       628.359     0.00017943     0.00044664
      13 a        0.073279       1.99402       16082.861       621.780     0.00269768     0.00199005
      14 a        0.075713       2.06026       16617.099       601.790     0.00000131     0.00000561
      15 a        0.076243       2.07467       16733.365       597.608     0.00002672     0.00000698
      16 a        0.076690       2.08683       16831.431       594.127     0.00004732     0.00025807
      17 a        0.077977       2.12187       17114.007       584.317     0.00009369     0.00010744
      18 a        0.080202       2.18240       17602.261       568.109     0.00093703     0.00010637
      19 a        0.082193       2.23659       18039.311       554.345     0.00003432     0.00001971
      20 a        0.082442       2.24337       18093.967       552.670     0.00149912     0.00085319
      21 a        0.083371       2.26863       18297.741       546.516     0.00000296     0.00000845
      22 a        0.083838       2.28136       18400.373       543.467     0.00023783     0.00018242
      23 a        0.083876       2.28239       18408.700       543.221     0.00000425     0.00000226
      24 a        0.084098       2.28841       18457.288       541.791     0.00006623     0.00001989
      25 a        0.086627       2.35724       19012.401       525.972     0.00016187     0.00006994
      26 a        0.087238       2.37386       19146.501       522.289     0.00032504     0.00009812
      27 a        0.091492       2.48963       20080.192       498.003     0.00001131     0.00000334
      28 a        0.092750       2.52384       20356.182       491.251     0.00010618     0.00005888
      29 a        0.092837       2.52623       20375.400       490.788     0.00136969     0.00119510
      30 a        0.093091       2.53314       20431.180       489.448     0.00048249     0.00041894
      31 a        0.096869       2.63595       21260.355       470.359     0.00005573     0.00000326
      32 a        0.100190       2.72630       21989.073       454.771     0.00013251     0.00028063
      33 a        0.101410       2.75949       22256.817       449.301     0.00010139     0.00000864
      34 a        0.103271       2.81014       22665.314       441.203     0.00093993     0.00029870
      35 a        0.105396       2.86796       23131.683       432.307     0.00286247     0.00020768
      36 a        0.108968       2.96517       23915.746       418.135     0.00059717     0.00040748
      37 a        0.111324       3.02927       24432.711       409.287     0.00001251     0.00000321
      38 a        0.112398       3.05849       24668.426       405.376     0.00001255     0.00000446
      39 a        0.112632       3.06488       24719.963       404.531     0.00000909     0.00000065
      40 a        0.113024       3.07555       24805.988       403.128     0.00000025     0.00000056
      41 a        0.114812       3.12419       25198.331       396.852     0.00002670     0.00000052
      42 a        0.115369       3.13935       25320.532       394.936     0.00020198     0.00005424
      43 a        0.115932       3.15468       25444.172       393.017     0.00094357     0.00039082
      44 a        0.116222       3.16257       25507.854       392.036     0.00001901     0.00002490
      45 a        0.116905       3.18115       25657.709       389.746     0.00000128     0.00000031
      46 a        0.117093       3.18628       25699.053       389.119     0.00032243     0.00025753
      47 a        0.119622       3.25509       26254.067       380.893     0.00044184     0.00064791
      48 a        0.120046       3.26662       26347.090       379.549     0.00008596     0.00014675
      49 a        0.120587       3.28134       26465.781       377.846     0.00014097     0.00014367
      50 a        0.121990       3.31952       26773.735       373.500     0.00239036     0.00185674
       1 b        0.029271       0.79649        6424.154      1556.625     0.00918653     0.00018014
       2 b        0.033577       0.91369        7369.406      1356.962     0.02376454     0.01220651
       3 b        0.036864       1.00313        8090.778      1235.975     0.03496558     0.01123461
       4 b        0.043504       1.18381        9548.095      1047.329     0.00000906     0.00001218
       5 b        0.046418       1.26309       10187.538       981.591     0.02066325     0.02493926
       6 b        0.066761       1.81666       14652.379       682.483     0.00101024     0.00052265
       7 b        0.067739       1.84328       14867.077       672.627     0.00028648     0.00071194
       8 b        0.068991       1.87735       15141.830       660.422     0.00237547     0.00077637
       9 b        0.070543       1.91958       15482.456       645.892     0.00008696     0.00005662
      10 b        0.071211       1.93774       15628.911       639.840     0.00080637     0.00126606
      11 b        0.072856       1.98252       15990.068       625.388     0.00189732     0.00060550
      12 b        0.073074       1.98844       16037.841       623.525     0.00265188     0.00211717
      13 b        0.073785       2.00778       16193.855       617.518     0.00365453     0.00487729
      14 b        0.074956       2.03965       16450.890       607.870     0.00002858     0.00000776
      15 b        0.076141       2.07190       16711.031       598.407     0.00146614     0.00082678
      16 b        0.076393       2.07877       16766.413       596.430     0.00663967     0.00415664
      17 b        0.076743       2.08827       16843.072       593.716     0.00373561     0.00365908
      18 b        0.077415       2.10658       16990.698       588.557     0.00370171     0.00281823
      19 b        0.078017       2.12296       17122.789       584.017     0.00016251     0.00011386
      20 b        0.079770       2.17065       17507.445       571.186     0.00198968     0.00087601
      21 b        0.082567       2.24675       18121.289       551.837     0.00136614     0.00074672
      22 b        0.083269       2.26585       18275.350       547.185     0.00044714     0.00043021
      23 b        0.083359       2.26830       18295.101       546.594     0.04462142     0.04691166
      24 b        0.084598       2.30202       18567.031       538.589     0.01063960     0.01141297
      25 b        0.086623       2.35714       19011.599       525.995     0.00509521     0.00477893
      26 b        0.092913       2.52828       20391.977       490.389     0.00110236     0.00099658
      27 b        0.093627       2.54773       20548.794       486.647     0.00046680     0.00044307
      28 b        0.095207       2.59072       20895.528       478.571     0.00858504     0.00743192
      29 b        0.095936       2.61055       21055.526       474.935     0.01030948     0.00658103
      30 b        0.097943       2.66517       21496.048       465.202     0.00012767     0.00011474
      31 b        0.099333       2.70300       21801.130       458.692     0.04139823     0.03270340
      32 b        0.100206       2.72674       21992.641       454.698     0.00007914     0.00002140
      33 b        0.102810       2.79759       22564.086       443.182     0.00005039     0.00001574
      34 b        0.103028       2.80354       22612.114       442.241     0.01409453     0.01307504
      35 b        0.104206       2.83560       22870.624       437.242     0.02731393     0.02559228
      36 b        0.106260       2.89149       23321.428       428.790     0.02860828     0.02559753
      37 b        0.107210       2.91735       23529.980       424.990     0.00007509     0.00006884
      38 b        0.109549       2.98098       24043.210       415.918     0.00057952     0.00041311
      39 b        0.111224       3.02657       24410.935       409.652     0.00020601     0.00009041
      40 b        0.112112       3.05072       24605.751       406.409     0.00244664     0.00247765
      41 b        0.112685       3.06632       24731.529       404.342     0.00010427     0.00012295
      42 b        0.113076       3.07695       24817.295       402.945     0.00161901     0.00147534
      43 b        0.113540       3.08957       24919.090       401.299     0.02383069     0.02151399
      44 b        0.114821       3.12445       25200.354       396.820     0.00005044     0.00003821
      45 b        0.116012       3.15684       25461.600       392.748     0.00025526     0.00025867
      46 b        0.116425       3.16809       25552.392       391.353     0.00083118     0.00072318
      47 b        0.116534       3.17104       25576.199       390.989     0.00126333     0.00072797
      48 b        0.118848       3.23403       26084.228       383.373     0.03025779     0.02807352
      49 b        0.119150       3.24223       26150.356       382.404     0.00056105     0.00083827
      50 b        0.119783       3.25945       26289.265       380.383     0.00690215     0.00712602
# Excitation spectrum ; written at 2020-09-06 15:34:30
#     Exc.     energy (Eh)   energy (eV)   energy (cm-1)   energy (nm)     Osc.(vel)      Osc.(len) 
       1 a        0.029179       0.79399        6403.991      1561.526     0.00886463     0.00008180
       2 a        0.034220       0.93118        7510.449      1331.478     0.00006738     0.00018558
       3 a        0.037107       1.00973        8143.984      1227.900     0.00165450     0.00037662
       4 a        0.039203       1.06676        8604.026      1162.247     0.00002345     0.00000033
       5 a        0.041018       1.11616        9002.429      1110.811     0.00000452     0.00000449
       6 a        0.066737       1.81600       14647.040       682.732     0.00000033     0.00000102
       7 a        0.066905       1.82056       14683.846       681.020     0.00109857     0.00048235
       8 a        0.067917       1.84813       14906.162       670.863     0.00114485     0.00123631
       9 a        0.069108       1.88053       15167.528       659.303     0.00166747     0.00028175
      10 a        0.070627       1.92186       15500.879       645.125     0.00000045     0.00006104
      11 a        0.071357       1.94174       15661.156       638.522     0.00013264     0.00008943
      12 a        0.072512       1.97316       15914.611       628.353     0.00017664     0.00044196
      13 a        0.073279       1.99402       16082.861       621.780     0.00269393     0.00198634
      14 a        0.075713       2.06027       16617.170       601.787     0.00000150     0.00000519
      15 a        0.076244       2.07471       16733.669       597.598     0.00002622     0.00000676
      16 a        0.076690       2.08684       16831.482       594.125     0.00004967     0.00026365
      17 a        0.077977       2.12186       17113.972       584.318     0.00009569     0.00010953
      18 a        0.080202       2.18240       17602.246       568.109     0.00094055     0.00010768
      19 a        0.082193       2.23659       18039.277       554.346     0.00003282     0.00001848
      20 a        0.082442       2.24337       18093.970       552.670     0.00150255     0.00085601
      21 a        0.083371       2.26864       18297.790       546.514     0.00000221     0.00000711
      22 a        0.083836       2.28130       18399.951       543.480     0.00023256     0.00017799
      23 a        0.083876       2.28239       18408.707       543.221     0.00000444     0.00000234
      24 a        0.084098       2.28841       18457.295       541.791     0.00006740     0.00002060
      25 a        0.086626       2.35722       19012.295       525.975     0.00016222     0.00006986
      26 a        0.087234       2.37377       19145.732       522.310     0.00031824     0.00009449
      27 a        0.091494       2.48969       20080.680       497.991     0.00001117     0.00000322
      28 a        0.092750       2.52385       20356.202       491.251     0.00010525     0.00005818
      29 a        0.092837       2.52623       20375.428       490.787     0.00137234     0.00119766
      30 a        0.093091       2.53314       20431.178       489.448     0.00048144     0.00041800
      31 a        0.096869       2.63595       21260.367       470.359     0.00005523     0.00000313
      32 a        0.100190       2.72630       21989.079       454.771     0.00013243     0.00028032
      33 a        0.101410       2.75949       22256.818       449.301     0.00010204     0.00000881
      34 a        0.103272       2.81018       22665.594       441.197     0.00094925     0.00030371
      35 a        0.105396       2.86796       23131.698       432.307     0.00284731     0.00020350
      36 a        0.108966       2.96512       23915.315       418.142     0.00059826     0.00040777
      37 a        0.111324       3.02927       24432.718       409.287     0.00001359     0.00000376
      38 a        0.112397       3.05849       24668.398       405.377     0.00001295     0.00000476
      39 a        0.112632       3.06488       24719.951       404.532     0.00000953     0.00000077
      40 a        0.113024       3.07555       24806.000       403.128     0.00000026     0.00000058
      41 a        0.114812       3.12419       25198.291       396.852     0.00003017     0.00000108
      42 a        0.115369       3.13934       25320.522       394.937     0.00019468     0.00005048
      43 a        0.115933       3.15471       25444.459       393.013     0.00092216     0.00037673
      44 a        0.116223       3.16258       25507.940       392.035     0.00001404     0.00001893
      45 a        0.116905       3.18115       25657.682       389.747     0.00000095     0.00000016
      46 a        0.117094       3.18628       25699.102       389.119     0.00031580     0.00025167
      47 a        0.119620       3.25503       26253.608       380.900     0.00043917     0.00064357
      48 a        0.120045       3.26660       26346.909       379.551     0.00007840     0.00013650
      49 a        0.120588       3.28136       26465.965       377.844     0.00012066     0.00012265
      50 a        0.121989       3.31950       26773.540       373.503     0.00243154     0.00188191
       1 b        0.029271       0.79650        6424.166      1556.622     0.00918462     0.00018009
       2 b        0.033579       0.91372        7369.630      1356.920     0.02377066     0.01221565
       3 b        0.036865       1.00315        8090.927      1235.952     0.03500015     0.01125194
       4 b        0.043504       1.18381        9548.099      1047.329     0.00000900     0.00001214
       5 b        0.046420       1.26314       10187.929       981.554     0.02070332     0.02497812
       6 b        0.066761       1.81666       14652.361       682.484     0.00100891     0.00052183
       7 b        0.067739       1.84328       14867.078       672.627     0.00028700     0.00071276
       8 b        0.068991       1.87735       15141.827       660.422     0.00237398     0.00077569
       9 b        0.070544       1.91959       15482.514       645.890     0.00008801     0.00005679
      10 b        0.071210       1.93773       15628.837       639.843     0.00079939     0.00125741
      11 b        0.072856       1.98251       15990.017       625.390     0.00191006     0.00060868
      12 b        0.073074       1.98844       16037.834       623.526     0.00265300     0.00211971
      13 b        0.073785       2.00778       16193.869       617.518     0.00365899     0.00488436
      14 b        0.074956       2.03965       16450.903       607.869     0.00002933     0.00000729
      15 b        0.076141       2.07190       16711.024       598.407     0.00146887     0.00082881
      16 b        0.076393       2.07877       16766.420       596.430     0.00663978     0.00415676
      17 b        0.076742       2.08827       16843.019       593.718     0.00373096     0.00365295
      18 b        0.077415       2.10658       16990.704       588.557     0.00369753     0.00281425
      19 b        0.078017       2.12296       17122.791       584.017     0.00016282     0.00011407
      20 b        0.079770       2.17065       17507.455       571.185     0.00199280     0.00087659
      21 b        0.082567       2.24675       18121.292       551.837     0.00136668     0.00074705
      22 b        0.083269       2.26585       18275.335       547.186     0.00047800     0.00046134
      23 b        0.083358       2.26829       18295.005       546.597     0.04457816     0.04686295
      24 b        0.084597       2.30200       18566.910       538.593     0.01062965     0.01140644
      25 b        0.086623       2.35714       19011.587       525.995     0.00511628     0.00480002
      26 b        0.092913       2.52828       20391.979       490.389     0.00110229     0.00099668
      27 b        0.093627       2.54773       20548.844       486.645     0.00046890     0.00044941
      28 b        0.095208       2.59073       20895.661       478.568     0.00857888     0.00743049
      29 b        0.095934       2.61049       21055.045       474.946     0.01026355     0.00654086
      30 b        0.097943       2.66517       21496.068       465.201     0.00012641     0.00011354
      31 b        0.099332       2.70297       21800.931       458.696     0.04130116     0.03262087
      32 b        0.100206       2.72674       21992.613       454.698     0.00007934     0.00002142
      33 b        0.102809       2.79758       22563.979       443.184     0.00005053     0.00001574
      34 b        0.103029       2.80356       22612.234       442.238     0.01411693     0.01309895
      35 b        0.104210       2.83571       22871.519       437.225     0.02733775     0.02561682
      36 b        0.106262       2.89153       23321.784       428.784     0.02865009     0.02565569
      37 b        0.107210       2.91735       23529.981       424.990     0.00007424     0.00006819
      38 b        0.109548       2.98095       24042.963       415.922     0.00057313     0.00040743
      39 b        0.111224       3.02657       24410.941       409.652     0.00020617     0.00009076
      40 b        0.112112       3.05074       24605.841       406.408     0.00244206     0.00247373
      41 b        0.112685       3.06631       24731.487       404.343     0.00010545     0.00012400
      42 b        0.113076       3.07695       24817.295       402.945     0.00159692     0.00145432
      43 b        0.113543       3.08966       24919.771       401.288     0.02394126     0.02161253
      44 b        0.114821       3.12444       25200.347       396.820     0.00005001     0.00003511
      45 b        0.116012       3.15684       25461.639       392.748     0.00025229     0.00025886
      46 b        0.116423       3.16804       25551.969       391.359     0.00078771     0.00068593
      47 b        0.116524       3.17078       25574.057       391.021     0.00126400     0.00074747
      48 b        0.118842       3.23386       26082.863       383.393     0.03013541     0.02793884
      49 b        0.119148       3.24217       26149.872       382.411     0.00057861     0.00086551
      50 b        0.119783       3.25945       26289.238       380.384     0.00690006     0.00712949
