# Electronic excitation spectrum of , IRREP a   
#  excitation energy / cm^(-1)  oscillator strength (length rep.)
 0.64039913535255E+04   0.81795821731841E-04
 0.75104487766174E+04   0.18557815220067E-03
 0.81439842699015E+04   0.37662209178987E-03
 0.86040259251508E+04   0.32657489887726E-06
 0.90024291605660E+04   0.44861278232628E-05
 0.14647040249429E+05   0.10226357673626E-05
 0.14683846009365E+05   0.48235207434861E-03
 0.14906162324061E+05   0.12363117478945E-02
 0.15167527907751E+05   0.28175424841701E-03
 0.15500878582479E+05   0.61037373745667E-04
 0.15661155891468E+05   0.89426748701107E-04
 0.15914610983605E+05   0.44196029941187E-03
 0.16082860595358E+05   0.19863406352102E-02
 0.16617170284745E+05   0.51938097823732E-05
 0.16733669268444E+05   0.67550838563261E-05
 0.16831481702464E+05   0.26365229565763E-03
 0.17113972154031E+05   0.10953323570355E-03
 0.17602246103182E+05   0.10768106485203E-03
 0.18039277198151E+05   0.18478073045540E-04
 0.18093969853920E+05   0.85601216333329E-03
 0.18297789727750E+05   0.71143115799965E-05
 0.18399951485623E+05   0.17799156019349E-03
 0.18408706768068E+05   0.23396599573270E-05
 0.18457294977127E+05   0.20601180499589E-04
 0.19012294524472E+05   0.69860297990779E-04
 0.19145731859621E+05   0.94485645816548E-04
 0.20080680301831E+05   0.32228985137471E-05
 0.20356201904679E+05   0.58182544217020E-04
 0.20375428276219E+05   0.11976629941375E-02
 0.20431178105237E+05   0.41799674783806E-03
 0.21260367013608E+05   0.31261668159407E-05
 0.21989078824533E+05   0.28032187881805E-03
 0.22256817944401E+05   0.88127328709732E-05
 0.22665593818990E+05   0.30371235181230E-03
 0.23131697823430E+05   0.20349502452820E-03
 0.23915315272211E+05   0.40777494856400E-03
 0.24432717525364E+05   0.37557374755365E-05
 0.24668398228174E+05   0.47601146319661E-05
 0.24719951248429E+05   0.76801954137108E-06
 0.24806000444195E+05   0.58454065643123E-06
 0.25198291034224E+05   0.10789196012245E-05
 0.25320522450227E+05   0.50484978800593E-04
 0.25444459086800E+05   0.37673460931695E-03
 0.25507939667377E+05   0.18934932289685E-04
 0.25657681593509E+05   0.16024193367716E-06
 0.25699102190918E+05   0.25167249405374E-03
 0.26253608204228E+05   0.64356510489012E-03
 0.26346908799634E+05   0.13649903615258E-03
 0.26465965464646E+05   0.12265314954587E-03
 0.26773539958750E+05   0.18819070060353E-02
# Electronic excitation spectrum of , IRREP b   
#  excitation energy / cm^(-1)  oscillator strength (length rep.)
 0.64241661128266E+04   0.18009243624590E-03
 0.73696303114067E+04   0.12215650315919E-01
 0.80909266070602E+04   0.11251938025088E-01
 0.95480990575607E+04   0.12143181208723E-04
 0.10187929033923E+05   0.24978123412824E-01
 0.14652361111921E+05   0.52183300206079E-03
 0.14867078187846E+05   0.71276460748346E-03
 0.15141826547681E+05   0.77569053204570E-03
 0.15482513649431E+05   0.56787682046635E-04
 0.15628837433265E+05   0.12574076292625E-02
 0.15990017019784E+05   0.60867768271012E-03
 0.16037834025010E+05   0.21197094478707E-02
 0.16193869400464E+05   0.48843551872806E-02
 0.16450903022932E+05   0.72862470485425E-05
 0.16711023986456E+05   0.82881202256543E-03
 0.16766419864326E+05   0.41567630191331E-02
 0.16843018947406E+05   0.36529483023048E-02
 0.16990704073835E+05   0.28142541910529E-02
 0.17122790532083E+05   0.11407120892028E-03
 0.17507455053232E+05   0.87658764887569E-03
 0.18121291739004E+05   0.74705207016338E-03
 0.18275334923598E+05   0.46134029335657E-03
 0.18295004659110E+05   0.46862954953408E-01
 0.18566909830926E+05   0.11406440250577E-01
 0.19011587110143E+05   0.48000214781032E-02
 0.20391979137268E+05   0.99668139702313E-03
 0.20548844284614E+05   0.44941196423549E-03
 0.20895661029850E+05   0.74304854321664E-02
 0.21055045422648E+05   0.65408610521286E-02
 0.21496067742894E+05   0.11354114108149E-03
 0.21800931119899E+05   0.32620865331861E-01
 0.21992613416658E+05   0.21422920129173E-04
 0.22563978793514E+05   0.15744736341078E-04
 0.22612233587390E+05   0.13098953026184E-01
 0.22871518659578E+05   0.25616818332628E-01
 0.23321783591509E+05   0.25655693044722E-01
 0.23529980516731E+05   0.68187294926367E-04
 0.24042963055373E+05   0.40743391926160E-03
 0.24410940985420E+05   0.90760367161943E-04
 0.24605841071013E+05   0.24737310149500E-02
 0.24731487196685E+05   0.12399894581732E-03
 0.24817295111181E+05   0.14543190050528E-02
 0.24919770753447E+05   0.21612533944340E-01
 0.25200347209955E+05   0.35113439850791E-04
 0.25461638783947E+05   0.25886215651495E-03
 0.25551969308563E+05   0.68592722095046E-03
 0.25574056768665E+05   0.74746531702682E-03
 0.26082863333831E+05   0.27938835037136E-01
 0.26149871537203E+05   0.86551279126748E-03
 0.26289238051768E+05   0.71294939255285E-02
