$coord
    0.00000000000000      0.00000000000000      0.00000000000000  mo
    0.00000000000000      0.00000000000000     -6.62712316112633  y
    0.00000000000000     -0.00000000000000      6.62712316112633  y
    2.49399335780236      2.16559613191105     -2.67406726237390  s
   -2.49399335780236     -2.16559613191105     -2.67406726237390  s
    2.16559613191105     -2.49399335780236      2.67406726237390  s
   -2.16559613191105      2.49399335780236      2.67406726237390  s
    4.49382495236490     -1.72973209109520     -7.98949757081648  c
    3.59434787470611     -3.50447104095811     -6.16572243041142  c
    1.48559888343624     -4.79336517721653     -7.23308114812819  c
    1.08179019612744     -3.83322215234125     -9.72229403328830  c
    2.96399741660296     -1.95052366677438    -10.20338078989488  c
   -1.48559888343624      4.79336517721653     -7.23308114812819  c
   -3.59434787470611      3.50447104095811     -6.16572243041142  c
   -4.49382495236490      1.72973209109520     -7.98949757081648  c
   -2.96399741660296      1.95052366677438    -10.20338078989488  c
   -1.08179019612744      3.83322215234125     -9.72229403328830  c
    1.72973209109520      4.49382495236490      7.98949757081648  c
    1.95052366677438      2.96399741660296     10.20338078989488  c
    3.83322215234125      1.08179019612744      9.72229403328830  c
    4.79336517721653      1.48559888343624      7.23308114812819  c
    3.50447104095811      3.59434787470611      6.16572243041142  c
   -4.79336517721653     -1.48559888343624      7.23308114812819  c
   -3.83322215234125     -1.08179019612744      9.72229403328830  c
   -1.95052366677438     -2.96399741660296     10.20338078989488  c
   -1.72973209109520     -4.49382495236490      7.98949757081648  c
   -3.50447104095811     -3.59434787470611      6.16572243041142  c
    0.11081174344477     -6.98462560058391     -6.06349423789637  c
   -0.72075166158393     -4.95921129530869    -11.61018322527001  c
    4.78295657497475     -4.07560127939917     -3.65672512127274  c
    3.56353864552480     -0.79066081656248    -12.72420525607266  c
    6.77224567058825     -0.06037339350371     -7.67466238172960  c
    0.72075166158393      4.95921129530869    -11.61018322527001  c
   -0.11081174344477      6.98462560058391     -6.06349423789637  c
   -4.78295657497475      4.07560127939917     -3.65672512127274  c
   -6.77224567058825      0.06037339350371     -7.67466238172960  c
   -3.56353864552480      0.79066081656248    -12.72420525607266  c
   -0.06037339350371     -6.77224567058825      7.67466238172960  c
   -4.07560127939917     -4.78295657497475      3.65672512127274  c
   -6.98462560058391     -0.11081174344477      6.06349423789637  c
   -4.95921129530869      0.72075166158393     11.61018322527001  c
   -0.79066081656248     -3.56353864552480     12.72420525607266  c
    0.79066081656248      3.56353864552480     12.72420525607266  c
    0.06037339350371      6.77224567058825      7.67466238172960  c
    4.07560127939917      4.78295657497475      3.65672512127274  c
    4.95921129530869     -0.72075166158393     11.61018322527001  c
    6.98462560058391      0.11081174344477      6.06349423789637  c
    0.59169534881621     -6.94937399785788      5.70715637386062  h
   -1.06768938277235     -8.53347559813406      8.17598410380579  h
    1.62878609006125     -6.66504555542515      8.88750424877330  h
   -0.59169534881621      6.94937399785788      5.70715637386062  h
    1.06768938277235      8.53347559813406      8.17598410380579  h
   -1.62878609006125      6.66504555542515      8.88750424877330  h
    6.66504555542515      1.62878609006125     -8.88750424877330  h
    8.53347559813406     -1.06768938277235     -8.17598410380579  h
    6.94937399785788      0.59169534881621     -5.70715637386062  h
   -6.66504555542515     -1.62878609006125     -8.88750424877330  h
   -8.53347559813406      1.06768938277235     -8.17598410380579  h
   -6.94937399785788     -0.59169534881621     -5.70715637386062  h
   -8.79050882412808     -1.04416845803580      6.55307176713336  h
   -6.82099194309375     -0.05122633525819      3.99343981890011  h
   -7.10191318717972      1.85793687057824      6.72583193951268  h
    8.79050882412808      1.04416845803580      6.55307176713336  h
    6.82099194309375      0.05122633525819      3.99343981890011  h
    7.10191318717972     -1.85793687057824      6.72583193951268  h
   -1.85793687057824     -7.10191318717972     -6.72583193951268  h
    0.05122633525819     -6.82099194309375     -3.99343981890011  h
    1.04416845803580     -8.79050882412808     -6.55307176713336  h
    1.85793687057824      7.10191318717972     -6.72583193951268  h
   -0.05122633525819      6.82099194309375     -3.99343981890011  h
   -1.04416845803580      8.79050882412808     -6.55307176713336  h
    2.38973422935433      5.66649082219320      2.82446209538769  h
    4.75541789497078      3.37769055770045      2.28552767809450  h
    5.55287901231472      6.24906933371711      3.84983804688884  h
   -5.66649082219320      2.38973422935433     -2.82446209538769  h
   -6.24906933371711      5.55287901231472     -3.84983804688884  h
   -3.37769055770045      4.75541789497078     -2.28552767809450  h
   -5.55287901231472     -6.24906933371711      3.84983804688884  h
   -2.38973422935433     -5.66649082219320      2.82446209538769  h
   -4.75541789497078     -3.37769055770045      2.28552767809450  h
    6.24906933371711     -5.55287901231472     -3.84983804688884  h
    3.37769055770045     -4.75541789497078     -2.28552767809450  h
    5.66649082219320     -2.38973422935433     -2.82446209538769  h
   -0.10187777489384     -6.87301822944525    -12.17641221437429  h
   -0.84213214509787     -3.81425190906767    -13.33687604672019  h
   -2.65142940403755     -5.15662118275815    -10.85035911802009  h
    0.10187777489384      6.87301822944525    -12.17641221437429  h
    0.84213214509787      3.81425190906767    -13.33687604672019  h
    2.65142940403755      5.15662118275815    -10.85035911802009  h
   -6.87301822944525      0.10187777489384     12.17641221437429  h
   -5.15662118275815      2.65142940403755     10.85035911802009  h
   -3.81425190906767      0.84213214509787     13.33687604672019  h
    6.87301822944525     -0.10187777489384     12.17641221437429  h
    5.15662118275815     -2.65142940403755     10.85035911802009  h
    3.81425190906767     -0.84213214509787     13.33687604672019  h
   -1.04841605399889      4.51077528486388     12.52970139654370  h
    2.02718557896667      4.84900307280556     13.81486595287691  h
    0.50283253857277      1.86568234906814     13.88791569953513  h
    1.04841605399889     -4.51077528486388     12.52970139654370  h
   -2.02718557896667     -4.84900307280556     13.81486595287691  h
   -0.50283253857277     -1.86568234906814     13.88791569953513  h
   -1.86568234906814      0.50283253857277    -13.88791569953513  h
   -4.84900307280556      2.02718557896667    -13.81486595287691  h
   -4.51077528486388     -1.04841605399889    -12.52970139654370  h
    4.51077528486388      1.04841605399889    -12.52970139654370  h
    1.86568234906814     -0.50283253857277    -13.88791569953513  h
    4.84900307280556     -2.02718557896667    -13.81486595287691  h
$user-defined bonds
$redundant
     number_of_atoms           107
     degrees_of_freedom         78
     internal_coordinates       96
     frozen_coordinates          0
# definitions of redundant internals
   1 k  2.0000000000000 stre  29   84           val=   2.08956
   2 k  2.0000000000000 stre  28   67           val=   2.07737
   3 k  2.0000000000000 stre  28   66           val=   2.08049
   4 k  2.0000000000000 stre  28   68           val=   2.09095
   5 k  2.0000000000000 stre  30   82           val=   2.07776
   6 k  2.0000000000000 stre  29   85           val=   2.07536
   7 k  2.0000000000000 stre  29   86           val=   2.08418
   8 k  2.0000000000000 stre  32   56           val=   2.08030
   9 k  2.0000000000000 stre  31  105           val=   2.07781
  10 k  2.0000000000000 stre  31  106           val=   2.07841
  11 k  2.0000000000000 stre  31  107           val=   2.09068
  12 k  2.0000000000000 stre  11   29           val=   2.84273
  13 k  2.0000000000000 stre   9   30           val=   2.83444
  14 k  2.0000000000000 stre  12   31           val=   2.83889
  15 k  2.0000000000000 stre  32   55           val=   2.08996
  16 k  2.0000000000000 stre  10   28           val=   2.83894
  17 k  2.0000000000000 stre  30   83           val=   2.07736
  18 k  2.0000000000000 stre  30   81           val=   2.09025
  19 k  2.0000000000000 stre  32   54           val=   2.08224
  20 k  2.0000000000000 stre   8   32           val=   2.84202
  21 k  0.8970082797482 bend 106  105   31      val=   1.98593
        0.8174061706816 bend 107  105   31
        0.8264163138322 bend 107  106   31
       -0.7833992725396 bend  12  105   31
       -0.7823230599670 bend  12  106   31
       -0.7864576174564 bend  12  107   31
  22 k  0.8885310536428 bend  86   85   29      val=   2.00042
        0.8321535649574 bend  84   85   29
        0.8214620115448 bend  84   86   29
       -0.7827755900854 bend  11   85   29
       -0.7825592044912 bend  11   86   29
       -0.7861912246154 bend  11   84   29
  23 k  0.8298502283052 bend  83   82   30      val=   1.85876
        0.8469547656952 bend  81   82   30
        0.8545506153470 bend  81   83   30
       -0.8005559779760 bend   9   82   30
       -0.7964163339126 bend   9   83   30
       -0.7671965970088 bend   9   81   30
  24 k  0.8546459360911 bend  54   56   32      val=   1.92687
        0.8468663991657 bend  55   56   32
        0.8329261425971 bend  55   54   32
       -0.7861194946807 bend   8   56   32
       -0.7921216567623 bend   8   54   32
       -0.7830651874761 bend   8   55   32
  25 k  0.8427769158902 bend  66   67   28      val=   1.85683
        0.8568459548228 bend  68   67   28
        0.8306790330558 bend  68   66   28
       -0.7912878196224 bend  10   67   28
       -0.7989201693074 bend  10   66   28
       -0.7753093404436 bend  10   68   28
  26 k  0.6666666666667 tors  56   32    8    2 val=  95.64093
        0.6666666666667 tors  56   32    8    9
        0.6666666666667 tors  56   32    8   12
        0.6666666666667 tors  54   32    8    2
        0.6666666666667 tors  54   32    8    9
        0.6666666666667 tors  54   32    8   12
        0.6666666666667 tors  55   32    8    2
        0.6666666666667 tors  55   32    8    9
        0.6666666666667 tors  55   32    8   12
  27 k  0.6666666666667 tors  67   28   10    2 val=  60.36907
        0.6666666666667 tors  67   28   10    9
        0.6666666666667 tors  67   28   10   11
        0.6666666666667 tors  66   28   10    2
        0.6666666666667 tors  66   28   10    9
        0.6666666666667 tors  66   28   10   11
        0.6666666666667 tors  68   28   10    2
        0.6666666666667 tors  68   28   10    9
        0.6666666666667 tors  68   28   10   11
  28 k  0.6666666666667 tors  85   29   11    2 val=  78.99295
        0.6666666666667 tors  85   29   11   10
        0.6666666666667 tors  85   29   11   12
        0.6666666666667 tors  86   29   11    2
        0.6666666666667 tors  86   29   11   10
        0.6666666666667 tors  86   29   11   12
        0.6666666666667 tors  84   29   11    2
        0.6666666666667 tors  84   29   11   10
        0.6666666666667 tors  84   29   11   12
  29 k  0.6666666666667 tors  82   30    9    2 val=  60.79479
        0.6666666666667 tors  82   30    9    8
        0.6666666666667 tors  82   30    9   10
        0.6666666666667 tors  83   30    9    2
        0.6666666666667 tors  83   30    9    8
        0.6666666666667 tors  83   30    9   10
        0.6666666666667 tors  81   30    9    2
        0.6666666666667 tors  81   30    9    8
        0.6666666666667 tors  81   30    9   10
  30 k  0.6666666666667 tors 105   31   12    2 val=  60.68311
        0.6666666666667 tors 105   31   12    8
        0.6666666666667 tors 105   31   12   11
        0.6666666666667 tors 106   31   12    2
        0.6666666666667 tors 106   31   12    8
        0.6666666666667 tors 106   31   12   11
        0.6666666666667 tors 107   31   12    2
        0.6666666666667 tors 107   31   12    8
        0.6666666666667 tors 107   31   12   11
  31 k  0.0090671587628 bend  83   82   30      val=  -0.16025
        1.1946264473470 bend  81   82   30
       -1.1954954840104 bend  81   83   30
        0.7554135260780 bend   9   82   30
       -0.7568988671292 bend   9   83   30
       -0.0055222457850 bend   9   81   30
  32 k  0.1782466445080 bend 106  105   31      val=   0.00593
        1.0809547280594 bend 107  105   31
       -1.2605187004099 bend 107  106   31
        0.8282315580228 bend  12  105   31
       -0.7160116644586 bend  12  106   31
       -0.1105323399682 bend  12  107   31
  33 k -0.0047200048558 bend  66   67   28      val=   0.02389
       -1.1786158170868 bend  68   67   28
        1.2099474546428 bend  68   66   28
       -0.7698843805718 bend  10   67   28
        0.7443744975080 bend  10   66   28
        0.0073676510308 bend  10   68   28
  34 k -1.3663334778348 bend  83   82   30      val=   0.47803
        0.6735379739358 bend  81   82   30
        0.6632525497058 bend  81   83   30
       -0.4375862574452 bend   9   82   30
       -0.4443522058394 bend   9   83   30
        0.9223041064550 bend   9   81   30
  35 k -1.3591734252528 bend  66   67   28      val=   0.42877
        0.6919746412810 bend  68   67   28
        0.6622732914924 bend  68   66   28
       -0.4402974756554 bend  10   67   28
       -0.4538989918420 bend  10   66   28
        0.9139620459422 bend  10   68   28
  36 k -1.3460471219728 bend  54   56   32      val=   0.28389
        0.7412068224004 bend  55   56   32
        0.6184650977298 bend  55   54   32
       -0.4169973341876 bend   8   56   32
       -0.4984548478304 bend   8   54   32
        0.9131957636240 bend   8   55   32
  37 k  0.0658623852110 bend  54   56   32      val=   0.06985
        1.1501571302843 bend  55   56   32
       -1.2292546886567 bend  55   54   32
        0.7894557745490 bend   8   56   32
       -0.7325426021068 bend   8   54   32
       -0.0432960554312 bend   8   55   32
  38 k -0.5474479692560 bend  86   85   29      val=   0.22090
       -0.7874491390406 bend  84   85   29
        1.3731043022506 bend  84   86   29
       -0.8930487489392 bend  11   85   29
        0.5243610404360 bend  11   86   29
        0.3497407337068 bend  11   84   29
  39 k -1.2137123097026 bend  86   85   29      val=   0.91460
        1.1153000186176 bend  84   85   29
        0.1694008826276 bend  84   86   29
       -0.0952666500614 bend  11   85   29
       -0.7495218302454 bend  11   86   29
        0.8267121204414 bend  11   84   29
  40 k -1.3148877462110 bend 106  105   31      val=   1.12897
        0.8555053605480 bend 107  105   31
        0.5582783878704 bend 107  106   31
       -0.3521966976062 bend  12  105   31
       -0.5629275566860 bend  12  106   31
        0.8868912485154 bend  12  107   31
  41 k -1.4141620990034 bend  10   30    9      val=   0.85320
        1.4142013149812 bend   8   30    9
        0.0134238015378 bend   2   30    9
  42 k  1.4141137453462 bend   9   32    8      val=  -0.13610
       -1.4142837890304 bend  12   32    8
        0.0091476395052 bend   2   32    8
  43 k -1.4143298593088 bend   9   28   10      val=   0.18132
        1.4140792568296 bend  11   28   10
        0.0071347369626 bend   2   28   10
  44 k  1.4135174754071 bend  10   29   11      val=   0.00616
       -1.4146530831397 bend  12   29   11
        0.0269258441312 bend   2   29   11
  45 k  1.4136538724264 bend   8   31   12      val=   0.76874
       -1.4144694681530 bend  11   31   12
        0.0293061876894 bend   2   31   12
  46 k  0.0173949598812 bend 106  105   31      val=   0.13740
        0.7719561530934 bend 107  105   31
       -0.7858746603688 bend 107  106   31
       -1.1991102379792 bend  12  105   31
        1.1606023698850 bend  12  106   31
        0.0363167654530 bend  12  107   31
  47 k  0.1368031067804 bend  86   85   29      val=   0.46230
        0.6960279221484 bend  84   85   29
       -0.8391805220072 bend  84   86   29
       -1.2768784377884 bend  11   85   29
        1.0510838397162 bend  11   86   29
        0.2396044867012 bend  11   84   29
  48 k -0.9012386299400 bend  83   82   30      val=   0.82593
        0.4891958491848 bend  81   82   30
        0.4336778034762 bend  81   83   30
        0.6331329863296 bend   9   82   30
        0.7181282917074 bend   9   83   30
       -1.3578712361954 bend   9   81   30
  49 k -0.1052775399592 bend  54   56   32      val=   0.52672
        0.8109168869632 bend  55   56   32
       -0.7031856699732 bend  55   54   32
       -1.1050563856242 bend   8   56   32
        1.2618680788670 bend   8   54   32
       -0.1529695776616 bend   8   55   32
  50 k -0.0319573702290 bend  83   82   30      val=   0.15043
       -0.7388443088152 bend  81   82   30
        0.7724700628950 bend  81   83   30
        1.2192756650104 bend   9   82   30
       -1.1693686023356 bend   9   83   30
       -0.0481844408052 bend   9   81   30
  51 k -0.0794272887788 bend  66   67   28      val=   0.54353
        0.7929593247010 bend  68   67   28
       -0.7148445405890 bend  68   66   28
       -1.1253724150406 bend  10   67   28
        1.2542335194222 bend  10   66   28
       -0.1197468336976 bend  10   68   28
  52 k  0.8901448317288 bend 106  105   31      val=  -0.29040
       -0.4875441840722 bend 107  105   31
       -0.4404281554064 bend 107  106   31
       -0.6410047607186 bend  12  105   31
       -0.6925245828984 bend  12  106   31
        1.3731309063110 bend  12  107   31
  53 k -0.8973377227708 bend  66   67   28      val=   0.53404
        0.3885235398544 bend  68   67   28
        0.5289698632892 bend  68   66   28
        0.7769544967042 bend  10   67   28
        0.5666715829950 bend  10   66   28
       -1.3561896552770 bend  10   68   28
  54 k  0.8849071476306 bend  86   85   29      val=  -0.28743
       -0.5988986790158 bend  84   85   29
       -0.3155529394134 bend  84   86   29
       -0.4695869439208 bend  11   85   29
       -0.8483841074168 bend  11   86   29
        1.3484875094544 bend  11   84   29
  55 k  0.9047317561554 bend  54   56   32      val=   0.12609
       -0.3712670856000 bend  55   56   32
       -0.5462648805540 bend  55   54   32
       -0.8035705682198 bend   8   56   32
       -0.5306027731248 bend   8   54   32
        1.3483141028226 bend   8   55   32
  56 k -0.1210768925858 bend  10   30    9      val=  92.67700
       -0.1399763633608 bend   8   30    9
        1.9914183397222 bend   2   30    9
  57 k -0.2640514624872 bend   8   31   12      val=  76.61792
       -0.2230851155354 bend  11   31   12
        1.9699009762891 bend   2   31   12
  58 k -0.1451288219420 bend   9   28   10      val=  90.10672
       -0.1551884342998 bend  11   28   10
        1.9886815167093 bend   2   28   10
  59 k -0.2354633117504 bend  10   29   11      val=  79.89932
       -0.1976596453936 bend  12   29   11
        1.9762306781857 bend   2   29   11
  60 k -0.1283078838610 bend   9   32    8      val=  92.42940
       -0.1154046298836 bend  12   32    8
        1.9925408046865 bend   2   32    8
  61 k  0.6030226891555 tors   1    4    2    5 val= 131.03979
        0.6030226891555 tors   1    4    2    8
        0.6030226891555 tors   1    4    2    9
        0.6030226891555 tors   1    4    2   10
        0.6030226891555 tors   1    4    2   11
        0.6030226891555 tors   1    4    2   12
        0.6030226891555 tors   1    4    2   13
        0.6030226891555 tors   1    4    2   14
        0.6030226891555 tors   1    4    2   15
        0.6030226891555 tors   1    4    2   16
        0.6030226891555 tors   1    4    2   17
  62 k  0.4714045207910 tors   9    8    2    4 val=  60.99676
        0.4714045207910 tors   9    8    2    5
        0.4714045207910 tors   9    8    2   10
        0.4714045207910 tors   9    8    2   11
        0.4714045207910 tors   9    8    2   13
        0.4714045207910 tors   9    8    2   14
        0.4714045207910 tors   9    8    2   15
        0.4714045207910 tors   9    8    2   16
        0.4714045207910 tors   9    8    2   17
        0.4714045207910 tors  12    8    2    4
        0.4714045207910 tors  12    8    2    5
        0.4714045207910 tors  12    8    2   10
        0.4714045207910 tors  12    8    2   11
        0.4714045207910 tors  12    8    2   13
        0.4714045207910 tors  12    8    2   14
        0.4714045207910 tors  12    8    2   15
        0.4714045207910 tors  12    8    2   16
        0.4714045207910 tors  12    8    2   17
  63 k  0.4714045207910 tors  10   11    2    4 val=  89.69314
        0.4714045207910 tors  10   11    2    5
        0.4714045207910 tors  10   11    2    8
        0.4714045207910 tors  10   11    2    9
        0.4714045207910 tors  10   11    2   13
        0.4714045207910 tors  10   11    2   14
        0.4714045207910 tors  10   11    2   15
        0.4714045207910 tors  10   11    2   16
        0.4714045207910 tors  10   11    2   17
        0.4714045207910 tors  12   11    2    4
        0.4714045207910 tors  12   11    2    5
        0.4714045207910 tors  12   11    2    8
        0.4714045207910 tors  12   11    2    9
        0.4714045207910 tors  12   11    2   13
        0.4714045207910 tors  12   11    2   14
        0.4714045207910 tors  12   11    2   15
        0.4714045207910 tors  12   11    2   16
        0.4714045207910 tors  12   11    2   17
  64 k  0.5000000000000 tors   8    9    2    4 val=  76.85166
        0.5000000000000 tors   8    9    2    5
        0.5000000000000 tors   8    9    2   11
        0.5000000000000 tors   8    9    2   12
        0.5000000000000 tors   8    9    2   13
        0.5000000000000 tors   8    9    2   15
        0.5000000000000 tors   8    9    2   16
        0.5000000000000 tors   8    9    2   17
        0.5000000000000 tors  10    9    2    4
        0.5000000000000 tors  10    9    2    5
        0.5000000000000 tors  10    9    2   11
        0.5000000000000 tors  10    9    2   12
        0.5000000000000 tors  10    9    2   13
        0.5000000000000 tors  10    9    2   15
        0.5000000000000 tors  10    9    2   16
        0.5000000000000 tors  10    9    2   17
  65 k  0.5000000000000 tors   9   10    2    4 val=  86.88902
        0.5000000000000 tors   9   10    2    5
        0.5000000000000 tors   9   10    2    8
        0.5000000000000 tors   9   10    2   12
        0.5000000000000 tors   9   10    2   14
        0.5000000000000 tors   9   10    2   15
        0.5000000000000 tors   9   10    2   16
        0.5000000000000 tors   9   10    2   17
        0.5000000000000 tors  11   10    2    4
        0.5000000000000 tors  11   10    2    5
        0.5000000000000 tors  11   10    2    8
        0.5000000000000 tors  11   10    2   12
        0.5000000000000 tors  11   10    2   14
        0.5000000000000 tors  11   10    2   15
        0.5000000000000 tors  11   10    2   16
        0.5000000000000 tors  11   10    2   17
  66 k  0.4714045207910 tors   8   12    2    4 val=  75.99806
        0.4714045207910 tors   8   12    2    5
        0.4714045207910 tors   8   12    2    9
        0.4714045207910 tors   8   12    2   10
        0.4714045207910 tors   8   12    2   13
        0.4714045207910 tors   8   12    2   14
        0.4714045207910 tors   8   12    2   15
        0.4714045207910 tors   8   12    2   16
        0.4714045207910 tors   8   12    2   17
        0.4714045207910 tors  11   12    2    4
        0.4714045207910 tors  11   12    2    5
        0.4714045207910 tors  11   12    2    9
        0.4714045207910 tors  11   12    2   10
        0.4714045207910 tors  11   12    2   13
        0.4714045207910 tors  11   12    2   14
        0.4714045207910 tors  11   12    2   15
        0.4714045207910 tors  11   12    2   16
        0.4714045207910 tors  11   12    2   17
  67 k  2.0000000000000 stre   1    4           val=   4.24976
  68 k  1.4142135623731 bend   5    4    1      val= 102.01361
  69 k  2.0000000000000 stre   2    4           val=   5.15136
  70 k  2.0000000000000 stre   2    8           val=   5.00425
  71 k  2.0000000000000 stre   2   11           val=   5.04420
  72 k  2.0000000000000 stre   2    9           val=   5.04118
  73 k  2.0000000000000 stre   8    9           val=   2.69906
  74 k  2.0000000000000 stre   2   10           val=   5.05475
  75 k  2.0000000000000 stre  11   10           val=   2.69835
  76 k  2.0000000000000 stre   9   10           val=   2.69209
  77 k  2.0000000000000 stre   2   12           val=   5.03780
  78 k  2.0000000000000 stre   8   12           val=   2.70007
  79 k  2.0000000000000 stre  11   12           val=   2.70531
  80 k -0.3630061736350 bend   5    4    2      val=  63.09594
       -0.1454337323246 bend   8    4    2
       -0.2719321584842 bend   8    5    2
        0.6070425917846 bend  15    8    2
       -0.1257064695888 bend  11    4    2
       -0.0744971913942 bend  11    5    2
        0.1152742079411 bend  11    8    2
        0.3984265441302 bend  17    8    2
        0.5080543293167 bend  17   11    2
       -0.2203610936176 bend   9    4    2
       -0.2508199929906 bend   9    5    2
        0.0540614165103 bend   9   11    2
        0.4207988835263 bend   9   17    2
        0.3002151459007 bend  14    8    2
        0.2550473056902 bend  13    8    2
        0.5479667960527 bend  13   11    2
        0.0639257755066 bend  13    9    2
       -0.2722817950462 bend  10    4    2
       -0.1635778119591 bend  10    5    2
        0.0384947464518 bend  10    8    2
        0.5212418195022 bend  16    8    2
        0.4308844485602 bend  16   11    2
        0.5136237066734 bend  16    9    2
        0.4297552415214 bend  16   10    2
       -0.0405983175967 bend  12    4    2
       -0.0547326283915 bend  12    5    2
        0.0681246429437 bend  12    9    2
        0.0964694267076 bend  12   10    2
        0.4565706438116 bend  12   16    2
  81 k -0.0442948399410 bend   5    4    2      val=   0.37739
       -0.3905384493210 bend   8    4    2
        0.5420697185380 bend   8    5    2
       -0.0899660499237 bend  15    8    2
       -0.7380278961964 bend  11    4    2
        0.3181379013841 bend  11    5    2
       -0.1884869524977 bend  11    8    2
        0.1962421331585 bend  17    8    2
        0.4167007360643 bend  17   11    2
       -0.5214549708973 bend   9    4    2
        0.4954107639713 bend   9    5    2
       -0.2402822125227 bend   9   11    2
        0.2572187734181 bend   9   17    2
       -0.0270298106440 bend  14    8    2
        0.0063137987427 bend  13    8    2
        0.2689038941904 bend  13   11    2
        0.0198325872048 bend  13    9    2
       -0.5559004953356 bend  10    4    2
        0.4490797042420 bend  10    5    2
        0.0196313289795 bend  10    8    2
       -0.2407173863823 bend  16    8    2
        0.0006307001838 bend  16   11    2
       -0.2336232838463 bend  16    9    2
       -0.1842867640395 bend  16   10    2
       -0.2743430587598 bend  12    4    2
        0.6895701651435 bend  12    5    2
        0.2573728344377 bend  12    9    2
        0.2608241043808 bend  12   10    2
       -0.4522088374016 bend  12   16    2
  82 k -0.1716270565431 bend   5    4    2      val=   1.65571
        0.3489729235808 bend   8    4    2
       -0.3473444738108 bend   8    5    2
       -0.0259132164263 bend  15    8    2
        0.1041140525640 bend  11    4    2
       -0.3445448894643 bend  11    5    2
       -0.1635613563420 bend  11    8    2
        0.2434482261040 bend  17    8    2
        0.5354246043884 bend  17   11    2
        0.3292817172629 bend   9    4    2
       -0.4165157703384 bend   9    5    2
       -0.2484605994832 bend   9   11    2
        0.3279842424139 bend   9   17    2
       -0.0054933502522 bend  14    8    2
        0.0419133542724 bend  13    8    2
        0.3662365587230 bend  13   11    2
        0.0512439303987 bend  13    9    2
        0.2428313536027 bend  10    4    2
       -0.3608507806629 bend  10    5    2
        0.0204189123218 bend  10    8    2
       -0.3650159617299 bend  16    8    2
       -0.0821028229010 bend  16   11    2
       -0.3454300835543 bend  16    9    2
       -0.2509680045570 bend  16   10    2
        0.5371541769743 bend  12    4    2
        0.0037075138277 bend  12    5    2
        0.4502595438830 bend  12    9    2
        0.3740219342857 bend  12   10    2
       -0.7666711816155 bend  12   16    2
  83 k -0.3581273838881 bend   5    4    2      val=   7.43607
       -0.1912241697279 bend   8    4    2
       -0.2848394008720 bend   8    5    2
        0.6831384980843 bend  15    8    2
        0.2604736292574 bend  11    4    2
        0.3083305525887 bend  11    5    2
        0.3171377445433 bend  11    8    2
        0.0246577197272 bend  17    8    2
       -0.5747381194037 bend  17   11    2
       -0.2479555663026 bend   9    4    2
       -0.0602687134373 bend   9    5    2
        0.5097584854373 bend   9   11    2
       -0.1876158000868 bend   9   17    2
        0.3868187130081 bend  14    8    2
        0.2182631294540 bend  13    8    2
       -0.2428424343200 bend  13   11    2
       -0.0493439290906 bend  13    9    2
       -0.1374981264577 bend  10    4    2
        0.0813853471270 bend  10    5    2
       -0.0904611639678 bend  10    8    2
        0.1595228110014 bend  16    8    2
       -0.5545442297204 bend  16   11    2
       -0.0353825610301 bend  16    9    2
       -0.1779271350946 bend  16   10    2
        0.1720915323881 bend  12    4    2
        0.3280360594818 bend  12    5    2
        0.4089057617492 bend  12    9    2
        0.2491468672085 bend  12   10    2
       -0.4374662924008 bend  12   16    2
  84 k  0.7141129643187 bend   5    4    2      val=  -9.36022
       -0.5909710592003 bend   8    4    2
        0.1026979748222 bend   8    5    2
        0.5028871677107 bend  15    8    2
        0.0035927195259 bend  11    4    2
       -0.4197819497558 bend  11    5    2
        0.5706971372089 bend  11    8    2
       -0.1060826747129 bend  17    8    2
        0.2001381074014 bend  17   11    2
       -0.0104033294265 bend   9    4    2
        0.1166372772106 bend   9    5    2
        0.0215716322943 bend   9   11    2
       -0.1249869489281 bend   9   17    2
       -0.1660725441952 bend  14    8    2
       -0.5152367413223 bend  13    8    2
        0.1705282397498 bend  13   11    2
       -0.4089183766928 bend  13    9    2
        0.2536131560723 bend  10    4    2
       -0.3989585974787 bend  10    5    2
        0.6762519753571 bend  10    8    2
        0.1683146914231 bend  16    8    2
       -0.0792949688818 bend  16   11    2
       -0.1078357701861 bend  16    9    2
       -0.2206735086262 bend  16   10    2
       -0.2753063387531 bend  12    4    2
       -0.0396192747728 bend  12    5    2
        0.0132991760451 bend  12    9    2
        0.3625180481391 bend  12   10    2
       -0.0931725759093 bend  12   16    2
  85 k -0.6599590452495 bend   5    4    2      val=  -7.01243
        0.2212792261822 bend   8    4    2
        0.3872957347181 bend   8    5    2
       -0.5854168278026 bend  15    8    2
        0.1846893319621 bend  11    4    2
        0.1615061760523 bend  11    5    2
        0.2494657884012 bend  11    8    2
       -0.5713045748603 bend  17    8    2
       -0.0517036355253 bend  17   11    2
       -0.3117803491803 bend   9    4    2
       -0.2985499327698 bend   9    5    2
        0.4550407009427 bend   9   11    2
        0.1625068515069 bend   9   17    2
       -0.2057988962718 bend  14    8    2
       -0.4929065297594 bend  13    8    2
        0.2274810048498 bend  13   11    2
       -0.1760130606479 bend  13    9    2
       -0.1498849103279 bend  10    4    2
       -0.1919697177507 bend  10    5    2
        0.6238157106279 bend  10    8    2
       -0.2729107819768 bend  16    8    2
       -0.0252999044797 bend  16   11    2
        0.4491791121037 bend  16    9    2
        0.1728436837014 bend  16   10    2
        0.1564272128407 bend  12    4    2
        0.1104624858473 bend  12    5    2
        0.2945439316280 bend  12    9    2
        0.2811010661539 bend  12   10    2
        0.1497374714002 bend  12   16    2
  86 k  0.9190540517152 bend   5    4    2      val=   8.52026
        0.0553186927972 bend   8    4    2
        0.0599122476050 bend   8    5    2
       -0.3781317453685 bend  15    8    2
       -0.0605691638493 bend  11    4    2
       -0.2858797017193 bend  11    5    2
       -0.3058565282926 bend  11    8    2
       -0.0004730505303 bend  17    8    2
       -0.0692963790822 bend  17   11    2
       -0.4923767690731 bend   9    4    2
       -0.2584656442411 bend   9    5    2
        0.5420995347691 bend   9   11    2
        0.3164291180926 bend   9   17    2
        0.5229363952224 bend  14    8    2
        0.2168884163504 bend  13    8    2
       -0.0497003585050 bend  13   11    2
       -0.0100283680669 bend  13    9    2
        0.0788426071341 bend  10    4    2
       -0.1302253340667 bend  10    5    2
       -0.2992778988970 bend  10    8    2
       -0.1916826934606 bend  16    8    2
       -0.0744719701364 bend  16   11    2
        0.4860342975792 bend  16    9    2
       -0.0155945026541 bend  16   10    2
       -0.2654365389000 bend  12    4    2
       -0.1739762855818 bend  12    5    2
        0.5391475275484 bend  12    9    2
       -0.0162226888049 bend  12   10    2
       -0.1000782778465 bend  12   16    2
  87 k  0.3932915980631 bend   5    4    2      val=   7.89243
       -0.1781847873536 bend   8    4    2
        0.1728494241256 bend   8    5    2
       -0.0590086202561 bend  15    8    2
        0.2363638213942 bend  11    4    2
       -0.2228840328024 bend  11    5    2
        0.4070572641094 bend  11    8    2
       -0.4092593456537 bend  17    8    2
       -0.1874540696022 bend  17   11    2
        0.2659482716263 bend   9    4    2
       -0.0867132535482 bend   9    5    2
        0.0061464303407 bend   9   11    2
       -0.1746029170735 bend   9   17    2
       -0.4757982254263 bend  14    8    2
        0.5755299175296 bend  13    8    2
        0.4791517257389 bend  13   11    2
        0.8610219373752 bend  13    9    2
       -0.7643354000620 bend  10    4    2
       -0.2383288875220 bend  10    5    2
       -0.1744893977788 bend  10    8    2
       -0.1337129534093 bend  16    8    2
       -0.2724744906586 bend  16   11    2
       -0.2290920112702 bend  16    9    2
        0.7362863286192 bend  16   10    2
       -0.0742455229934 bend  12    4    2
       -0.0424580988580 bend  12    5    2
        0.0186026020215 bend  12    9    2
        0.2502384833703 bend  12   10    2
       -0.1536989666610 bend  12   16    2
  88 k  0.0323209030494 bend   5    4    2      val=   9.64082
       -0.3876919980328 bend   8    4    2
        0.1640660231071 bend   8    5    2
        0.3276895715890 bend  15    8    2
       -0.0827097570327 bend  11    4    2
        0.0058884500693 bend  11    5    2
        0.3686302212495 bend  11    8    2
       -0.0808815995195 bend  17    8    2
        0.0699005868933 bend  17   11    2
        0.0910369653803 bend   9    4    2
       -0.6221288396257 bend   9    5    2
       -0.0632895727488 bend   9   11    2
        0.6851018208332 bend   9   17    2
       -0.6085002784825 bend  14    8    2
       -0.3302787209322 bend  13    8    2
       -0.5021926592025 bend  13   11    2
        0.8275588493805 bend  13    9    2
        0.2430144572159 bend  10    4    2
        0.5811942327230 bend  10    5    2
        0.0108436138012 bend  10    8    2
        0.0360162546382 bend  16    8    2
        0.0716833375202 bend  16   11    2
        0.2295122992581 bend  16    9    2
       -0.3062374150952 bend  16   10    2
        0.0637232096424 bend  12    4    2
       -0.0481831489496 bend  12    5    2
        0.4486845604334 bend  12    9    2
       -0.6282376343516 bend  12   10    2
       -0.0689329408564 bend  12   16    2
  89 k -0.1960009513120 bend   5    4    2      val=   1.68716
       -0.0022268199790 bend   8    4    2
        0.0737142206323 bend   8    5    2
       -0.0332689444007 bend  15    8    2
        0.2617192879920 bend  11    4    2
       -0.6240703957309 bend  11    5    2
        0.6259584400050 bend  11    8    2
       -0.3342149451294 bend  17    8    2
        0.8061852954896 bend  17   11    2
       -0.2935970345870 bend   9    4    2
        0.3372169990097 bend   9    5    2
        0.3213616783876 bend   9   11    2
       -0.4950165729293 bend   9   17    2
        0.2965903739984 bend  14    8    2
        0.0917736188759 bend  13    8    2
        0.0549021821831 bend  13   11    2
       -0.1453130703519 bend  13    9    2
       -0.0284402774550 bend  10    4    2
        0.5083070306911 bend  10    5    2
       -0.3274179674209 bend  10    8    2
       -0.2067207620523 bend  16    8    2
        0.1101795881553 bend  16   11    2
        0.0049068113715 bend  16    9    2
        0.0063166832412 bend  16   10    2
        0.3156425087266 bend  12    4    2
       -0.0983520666006 bend  12    5    2
       -0.0555380641397 bend  12    9    2
       -0.5884938195123 bend  12   10    2
       -0.2295388165647 bend  12   16    2
  90 k -0.1791458759775 bend   5    4    2      val=   5.80712
        0.3364018780101 bend   8    4    2
       -0.1172184221917 bend   8    5    2
       -0.2753581117694 bend  15    8    2
        0.3004439221276 bend  11    4    2
       -0.3945011478713 bend  11    5    2
        0.1304799861486 bend  11    8    2
       -0.1828392051069 bend  17    8    2
        0.3818148237660 bend  17   11    2
        0.1904730777071 bend   9    4    2
       -0.2057305111110 bend   9    5    2
        0.0317619114236 bend   9   11    2
       -0.0591360557920 bend   9   17    2
       -0.0384818261587 bend  14    8    2
        0.1333437631059 bend  13    8    2
       -0.0163401309415 bend  13   11    2
        0.2549543503158 bend  13    9    2
        0.1397407147849 bend  10    4    2
        0.1636542987500 bend  10    5    2
       -0.3208177609990 bend  10    8    2
        0.4166483511072 bend  16    8    2
       -0.3346054102359 bend  16   11    2
       -0.0411518248576 bend  16    9    2
       -0.6691042583883 bend  16   10    2
       -0.8187354230048 bend  12    4    2
        0.7228886108694 bend  12    5    2
        0.0090269262823 bend  12    9    2
        0.4935685025355 bend  12   10    2
        0.5389489914270 bend  12   16    2
  91 k  2.0000000000000 bend   2    1    4      val=  89.11254
  92 k  2.0000000000000 bend  12    9    8      val= 108.14657
  93 k  2.0000000000000 bend   8   10    9      val= 107.93578
  94 k  2.0000000000000 bend  11    9   10      val= 108.21684
  95 k  2.0000000000000 bend  12   10   11      val= 107.91210
  96 k  2.0000000000000 bend  11    8   12      val= 107.77614
        78 non zero eigenvalues  of BmBt
           1           3.649610659    1    0
         1
           2           3.636016671    2    0
         2
           3           3.567924180    3    0
         3
           4           3.517434281    4    0
         4
           5           3.502487621    5    0
         5
           6           3.483139665    6    0
         6
           7           3.452482141    7    0
         7
           8           3.441721189    8    0
         8
           9           3.392775314    9    0
         9
          10           3.380820110   10    0
        10
          11           3.198227428   11    0
        11
          12           3.182236055   12    0
        12
          13           3.170564823   13    0
        13
          14           3.151671605   14    0
        14
          15           3.150060604   15    0
        15
          16           2.063672160   16    0
        16
          17           1.835558979   17    0
        17
          18           1.430572182   18    0
        18
          19           1.419382028   19    0
        19
          20           1.415771416   20    0
        20
          21           1.239915133   21    0
        21
          22           1.223665324   22    0
        22
          23           1.033974379   23    0
        23
          24           1.026581327   24    0
        24
          25           1.010692740   25    0
        25
          26           0.909159618   26    0
        26
          27           0.902052566   27    0
        27
          28           0.776079408   28    0
        28
          29           0.773920319   29    0
        29
          30           0.740941969   30    0
        30
          31           0.734721883   31    0
        31
          32           0.679958483   32    0
        32
          33           0.678714667   33    0
        33
          34           0.676113291   34    0
        34
          35           0.675262330   35    0
        35
          36           0.674403779   36    0
        36
          37           0.673502091   37    0
        37
          38           0.672740522   38    0
        38
          39           0.672134059   39    0
        39
          40           0.671244454   40    0
        40
          41           0.669583625   41    0
        41
          42           0.667250576   42    0
        42
          43           0.665368190   43    0
        43
          44           0.642745486   44    0
        44
          45           0.635663843   45    0
        45
          46           0.629493294   46    0
        46
          47           0.476496340   47    0
        47
          48           0.474327396   48    0
        48
          49           0.454767699   49    0
        49
          50           0.446013161   50    0
        50
          51           0.240753677   51    0
        51
          52           0.198292826   52    0
        52
          53           0.197630205   53    0
        53
          54           0.127331081   54    0
        54
          55           0.108292445   55    0
        55
          56           0.105934237   56    0
        56
          57           0.086696322   57    0
        57
          58           0.078726360   58    0
        58
          59           0.076261377   59    0
        59
          60           0.064548666   60    0
        60
          61           3.052665688    0    0
         0.000000000         0.000000000         0.000000000         0.000000000
         0.000000000         0.000000000         0.000000000         0.000000000
         0.000000000         0.000000000         0.000000000         0.000000000
         0.000000000         0.000000000         0.000000000         0.000000000
         0.000000000         0.000000000         0.000000000         0.000000000
         0.000000000         0.000000000         0.000000000         0.000000000
         0.000000000         0.000000000         0.000000000         0.000000000
         0.000000000         0.000000000         0.000000000         0.000000000
         0.000000000         0.000000000         0.000000000         0.000000000
         0.000000000         0.000000000         0.000000000         0.000000000
         0.000000000         0.000000000         0.000000000         0.000000000
         0.000000000         0.000000000         0.000000000         0.000000000
         0.000000000         0.000000000         0.000000000         0.000000000
         0.000000000         0.000000000         0.000000000         0.000000000
         0.000000000         0.000000000         0.000000000         0.000000000
         0.002429659         0.132723969        -0.000198398         0.013544037
        -0.147116932        -0.010570107         0.006316508        -0.064706107
        -0.575496979         0.108469693         0.388275181        -0.208936690
         0.024369791        -0.031807683         0.018262100         0.035113211
         0.474192889         0.015073811        -0.010070693        -0.432612918
        -0.009034367        -0.016863698        -0.022888487         0.015021245
         0.009860450         0.025480113        -0.022236937         0.004897632
        -0.010044882        -0.016246865        -0.018225920        -0.005719557
        -0.003243648        -0.007664449         0.006431385         0.010202518
          62           1.230287261    0    0
         0.000000000         0.000000000         0.000000000         0.000000000
         0.000000000         0.000000000         0.000000000         0.000000000
         0.000000000         0.000000000         0.000000000         0.000000000
         0.000000000         0.000000000         0.000000000         0.000000000
         0.000000000         0.000000000         0.000000000         0.000000000
         0.000000000         0.000000000         0.000000000         0.000000000
         0.000000000         0.000000000         0.000000000         0.000000000
         0.000000000         0.000000000         0.000000000         0.000000000
         0.000000000         0.000000000         0.000000000         0.000000000
         0.000000000         0.000000000         0.000000000         0.000000000
         0.000000000         0.000000000         0.000000000         0.000000000
         0.000000000         0.000000000         0.000000000         0.000000000
         0.000000000         0.000000000         0.000000000         0.000000000
         0.000000000         0.000000000         0.000000000         0.000000000
         0.000000000         0.000000000         0.000000000         0.000000000
        -0.005302001         0.009007227        -0.053407433        -0.005296952
         0.013295551         0.039130133        -0.866014128        -0.078296588
        -0.216929660        -0.021680691        -0.057667905         0.032188200
        -0.007565027         0.000603293         0.001064042        -0.013515967
        -0.067214641        -0.001069149        -0.008308179         0.106002144
         0.015505301         0.055094538         0.107575567        -0.208724922
         0.131378895        -0.191728910        -0.076010125        -0.004680414
         0.027221731         0.016045050         0.227723866         0.007493267
        -0.005315306         0.004463606        -0.000332807        -0.006342953
          63           0.923586721    0    0
         0.000000000         0.000000000         0.000000000         0.000000000
         0.000000000         0.000000000         0.000000000         0.000000000
         0.000000000         0.000000000         0.000000000         0.000000000
         0.000000000         0.000000000         0.000000000         0.000000000
         0.000000000         0.000000000         0.000000000         0.000000000
         0.000000000         0.000000000         0.000000000         0.000000000
         0.000000000         0.000000000         0.000000000         0.000000000
         0.000000000         0.000000000         0.000000000         0.000000000
         0.000000000         0.000000000         0.000000000         0.000000000
         0.000000000         0.000000000         0.000000000         0.000000000
         0.000000000         0.000000000         0.000000000         0.000000000
         0.000000000         0.000000000         0.000000000         0.000000000
         0.000000000         0.000000000         0.000000000         0.000000000
         0.000000000         0.000000000         0.000000000         0.000000000
         0.000000000         0.000000000         0.000000000         0.000000000
         0.002239821         0.103855850        -0.025098625         0.010846067
        -0.105756120         0.010960042        -0.283520327         0.306100922
         0.703625116         0.078885849         0.260559331        -0.135932164
         0.018749517        -0.014820977         0.033504326         0.018884862
         0.317239595         0.037892788         0.036254487        -0.242374188
        -0.000803133         0.014675124         0.034676135        -0.064654995
         0.063748291        -0.063231465        -0.041174771         0.000524677
         0.005553766        -0.001262136        -0.188768746        -0.005564141
         0.011839022        -0.002764602        -0.002518687        -0.000951161
          64           0.722064963    0    0
         0.000000000         0.000000000         0.000000000         0.000000000
         0.000000000         0.000000000         0.000000000         0.000000000
         0.000000000         0.000000000         0.000000000         0.000000000
         0.000000000         0.000000000         0.000000000         0.000000000
         0.000000000         0.000000000         0.000000000         0.000000000
         0.000000000         0.000000000         0.000000000         0.000000000
         0.000000000         0.000000000         0.000000000         0.000000000
         0.000000000         0.000000000         0.000000000         0.000000000
         0.000000000         0.000000000         0.000000000         0.000000000
         0.000000000         0.000000000         0.000000000         0.000000000
         0.000000000         0.000000000         0.000000000         0.000000000
         0.000000000         0.000000000         0.000000000         0.000000000
         0.000000000         0.000000000         0.000000000         0.000000000
         0.000000000         0.000000000         0.000000000         0.000000000
         0.000000000         0.000000000         0.000000000         0.000000000
         0.758504744         0.005937904         0.115793027        -0.023445375
        -0.010221249         0.179541763        -0.001001766        -0.001190635
        -0.001872680        -0.017455447         0.027426369         0.003638935
        -0.053456001         0.000600667         0.020106158         0.033541735
        -0.021477694         0.006266508        -0.010861138         0.005291050
        -0.532782810         0.291062395        -0.034504809         0.003845373
        -0.016897954         0.009405890        -0.017168910        -0.015045649
        -0.009219607         0.007210100         0.001289128         0.008210940
        -0.007280208         0.008748213        -0.029005687         0.019384860
          65           0.508620386    0    0
         0.000000000         0.000000000         0.000000000         0.000000000
         0.000000000         0.000000000         0.000000000         0.000000000
         0.000000000         0.000000000         0.000000000         0.000000000
         0.000000000         0.000000000         0.000000000         0.000000000
         0.000000000         0.000000000         0.000000000         0.000000000
         0.000000000         0.000000000         0.000000000         0.000000000
         0.000000000         0.000000000         0.000000000         0.000000000
         0.000000000         0.000000000         0.000000000         0.000000000
         0.000000000         0.000000000         0.000000000         0.000000000
         0.000000000         0.000000000         0.000000000         0.000000000
         0.000000000         0.000000000         0.000000000         0.000000000
         0.000000000         0.000000000         0.000000000         0.000000000
         0.000000000         0.000000000         0.000000000         0.000000000
         0.000000000         0.000000000         0.000000000         0.000000000
         0.000000000         0.000000000         0.000000000         0.000000000
        -0.038873276        -0.167342543        -0.187358167        -0.025035415
         0.148416771         0.207773168         0.034251699         0.003553027
         0.001109048        -0.151709284         0.096467827         0.214478192
        -0.119148520        -0.144653595         0.437747865        -0.115139196
         0.101296647         0.427675858        -0.479088633        -0.026051146
         0.002237593        -0.008934532         0.185112181        -0.091250437
        -0.055442621         0.075684370         0.061141003         0.008425509
        -0.026149078        -0.104626488        -0.010743502         0.126035552
        -0.159762028         0.119363572        -0.042280452        -0.046859514
          66           0.503226151    0    0
         0.000000000         0.000000000         0.000000000         0.000000000
         0.000000000         0.000000000         0.000000000         0.000000000
         0.000000000         0.000000000         0.000000000         0.000000000
         0.000000000         0.000000000         0.000000000         0.000000000
         0.000000000         0.000000000         0.000000000         0.000000000
         0.000000000         0.000000000         0.000000000         0.000000000
         0.000000000         0.000000000         0.000000000         0.000000000
         0.000000000         0.000000000         0.000000000         0.000000000
         0.000000000         0.000000000         0.000000000         0.000000000
         0.000000000         0.000000000         0.000000000         0.000000000
         0.000000000         0.000000000         0.000000000         0.000000000
         0.000000000         0.000000000         0.000000000         0.000000000
         0.000000000         0.000000000         0.000000000         0.000000000
         0.000000000         0.000000000         0.000000000         0.000000000
         0.000000000         0.000000000         0.000000000         0.000000000
         0.078758157         0.198838491        -0.104091291        -0.194761217
         0.258761866        -0.127138206         0.014470084         0.001407349
         0.000352338        -0.135756032        -0.170846189         0.005355627
         0.466412349         0.138549241         0.278839337        -0.435646490
         0.179396393        -0.277548990         0.001665098        -0.046264224
         0.035758987         0.140508822        -0.085723740        -0.078314769
         0.074868908         0.034605544         0.117620399         0.012388486
        -0.121833751         0.034262500        -0.004447865         0.109337421
        -0.005827972        -0.110218195         0.179925780        -0.176172715
          67           0.408836679    0    0
         0.000000000         0.000000000         0.000000000         0.000000000
         0.000000000         0.000000000         0.000000000         0.000000000
         0.000000000         0.000000000         0.000000000         0.000000000
         0.000000000         0.000000000         0.000000000         0.000000000
         0.000000000         0.000000000         0.000000000         0.000000000
         0.000000000         0.000000000         0.000000000         0.000000000
         0.000000000         0.000000000         0.000000000         0.000000000
         0.000000000         0.000000000         0.000000000         0.000000000
         0.000000000         0.000000000         0.000000000         0.000000000
         0.000000000         0.000000000         0.000000000         0.000000000
         0.000000000         0.000000000         0.000000000         0.000000000
         0.000000000         0.000000000         0.000000000         0.000000000
         0.000000000         0.000000000         0.000000000         0.000000000
         0.000000000         0.000000000         0.000000000         0.000000000
         0.000000000         0.000000000         0.000000000         0.000000000
         0.004841207        -0.203108684         0.117208056        -0.038315536
         0.208201605        -0.071596471        -0.016389299        -0.021066568
        -0.012422804         0.283112578         0.156795086         0.372706017
         0.369235358         0.329529615         0.214619064         0.435553283
         0.119478659         0.215714662         0.268765670         0.097145908
         0.002357383         0.018980836         0.049440553         0.092983509
         0.095918616         0.028500675        -0.014770966         0.006057420
         0.000456874         0.007417088         0.025880602        -0.008082840
        -0.039569565        -0.024827258         0.035730450         0.037203092
          68           0.345226339    0    0
         0.000000000         0.000000000         0.000000000         0.000000000
         0.000000000         0.000000000         0.000000000         0.000000000
         0.000000000         0.000000000         0.000000000         0.000000000
         0.000000000         0.000000000         0.000000000         0.000000000
         0.000000000         0.000000000         0.000000000         0.000000000
         0.000000000         0.000000000         0.000000000         0.000000000
         0.000000000         0.000000000         0.000000000         0.000000000
         0.000000000         0.000000000         0.000000000         0.000000000
         0.000000000         0.000000000         0.000000000         0.000000000
         0.000000000         0.000000000         0.000000000         0.000000000
         0.000000000         0.000000000         0.000000000         0.000000000
         0.000000000         0.000000000         0.000000000         0.000000000
         0.000000000         0.000000000         0.000000000         0.000000000
         0.000000000         0.000000000         0.000000000         0.000000000
         0.000000000         0.000000000         0.000000000         0.000000000
         0.019915790         0.196097579        -0.103541529        -0.272228056
         0.184628435        -0.058370776         0.011249952         0.002822695
         0.000438323        -0.169242309        -0.124527027        -0.024443255
        -0.368855803         0.118694987        -0.211254425         0.351863292
         0.148316231         0.170348430         0.020540548        -0.000534729
         0.095746501         0.143557249         0.024262611         0.025215988
        -0.062410729         0.023339111        -0.101161103        -0.076659558
        -0.013729039        -0.003505333        -0.005453613         0.254454404
        -0.016990640        -0.219131371         0.350073481        -0.369511146
          69           0.308383926    0    0
         0.000000000         0.000000000         0.000000000         0.000000000
         0.000000000         0.000000000         0.000000000         0.000000000
         0.000000000         0.000000000         0.000000000         0.000000000
         0.000000000         0.000000000         0.000000000         0.000000000
         0.000000000         0.000000000         0.000000000         0.000000000
         0.000000000         0.000000000         0.000000000         0.000000000
         0.000000000         0.000000000         0.000000000         0.000000000
         0.000000000         0.000000000         0.000000000         0.000000000
         0.000000000         0.000000000         0.000000000         0.000000000
         0.000000000         0.000000000         0.000000000         0.000000000
         0.000000000         0.000000000         0.000000000         0.000000000
         0.000000000         0.000000000         0.000000000         0.000000000
         0.000000000         0.000000000         0.000000000         0.000000000
         0.000000000         0.000000000         0.000000000         0.000000000
         0.000000000         0.000000000         0.000000000         0.000000000
         0.022016290         0.021348992         0.189734641         0.054643965
         0.038482597        -0.257739062        -0.027313164        -0.000551621
         0.001847827         0.177399250        -0.079354786        -0.272490210
        -0.077432598         0.226106794         0.197838421        -0.052928633
        -0.076310632         0.261983456        -0.379623926         0.035711767
        -0.018166741         0.007569289        -0.040947544         0.069440408
        -0.006535600        -0.103024710         0.009625551        -0.016561866
        -0.054478830        -0.076822013         0.006338029        -0.334871049
         0.393320236        -0.349325212         0.174716367         0.119469498
          70           0.258633105    0    0
         0.000000000         0.000000000         0.000000000         0.000000000
         0.000000000         0.000000000         0.000000000         0.000000000
         0.000000000         0.000000000         0.000000000         0.000000000
         0.000000000         0.000000000         0.000000000         0.000000000
         0.000000000         0.000000000         0.000000000         0.000000000
         0.000000000         0.000000000         0.000000000         0.000000000
         0.000000000         0.000000000         0.000000000         0.000000000
         0.000000000         0.000000000         0.000000000         0.000000000
         0.000000000         0.000000000         0.000000000         0.000000000
         0.000000000         0.000000000         0.000000000         0.000000000
         0.000000000         0.000000000         0.000000000         0.000000000
         0.000000000         0.000000000         0.000000000         0.000000000
         0.000000000         0.000000000         0.000000000         0.000000000
         0.000000000         0.000000000         0.000000000         0.000000000
         0.000000000         0.000000000         0.000000000         0.000000000
        -0.044648504        -0.418491213         0.374009994        -0.321774789
         0.289271684        -0.025135447        -0.059808756         0.049163535
         0.013198573        -0.077925956         0.055121346        -0.168649362
         0.021497570        -0.172469346        -0.050696663         0.222338309
         0.050465450        -0.399195851        -0.327243823        -0.046574942
        -0.013737360        -0.100838205        -0.093564399        -0.059277891
         0.065915711         0.061515740        -0.091497733        -0.035349376
        -0.028869554        -0.037563027        -0.043571999         0.060954758
        -0.156091298        -0.066165012         0.017296492         0.144110099
          71           0.241771835    0    0
         0.000000000         0.000000000         0.000000000         0.000000000
         0.000000000         0.000000000         0.000000000         0.000000000
         0.000000000         0.000000000         0.000000000         0.000000000
         0.000000000         0.000000000         0.000000000         0.000000000
         0.000000000         0.000000000         0.000000000         0.000000000
         0.000000000         0.000000000         0.000000000         0.000000000
         0.000000000         0.000000000         0.000000000         0.000000000
         0.000000000         0.000000000         0.000000000         0.000000000
         0.000000000         0.000000000         0.000000000         0.000000000
         0.000000000         0.000000000         0.000000000         0.000000000
         0.000000000         0.000000000         0.000000000         0.000000000
         0.000000000         0.000000000         0.000000000         0.000000000
         0.000000000         0.000000000         0.000000000         0.000000000
         0.000000000         0.000000000         0.000000000         0.000000000
         0.000000000         0.000000000         0.000000000         0.000000000
        -0.100155769         0.129323635         0.143868622        -0.485527341
        -0.346763938         0.361466334         0.023897986        -0.021150699
        -0.004440549         0.096138801        -0.042144345         0.033883716
        -0.237960408         0.127859461         0.451674079         0.023212350
        -0.068719328        -0.181702894         0.169076776         0.017770343
         0.026320389        -0.096580496         0.051366896         0.000115283
         0.009895228        -0.012408263         0.068975803        -0.137141885
        -0.009376401         0.031782929         0.019306407         0.082190994
         0.145647432        -0.150532658        -0.130366013         0.054471965
          72           0.217843153    0    0
         0.000000000         0.000000000         0.000000000         0.000000000
         0.000000000         0.000000000         0.000000000         0.000000000
         0.000000000         0.000000000         0.000000000         0.000000000
         0.000000000         0.000000000         0.000000000         0.000000000
         0.000000000         0.000000000         0.000000000         0.000000000
         0.000000000         0.000000000         0.000000000         0.000000000
         0.000000000         0.000000000         0.000000000         0.000000000
         0.000000000         0.000000000         0.000000000         0.000000000
         0.000000000         0.000000000         0.000000000         0.000000000
         0.000000000         0.000000000         0.000000000         0.000000000
         0.000000000         0.000000000         0.000000000         0.000000000
         0.000000000         0.000000000         0.000000000         0.000000000
         0.000000000         0.000000000         0.000000000         0.000000000
         0.000000000         0.000000000         0.000000000         0.000000000
         0.000000000         0.000000000         0.000000000         0.000000000
         0.014091104        -0.112584923        -0.158503115         0.067258263
        -0.058429747        -0.189968173        -0.002486389         0.000729846
         0.000228664        -0.579587538         0.462423596        -0.106377950
        -0.085639429         0.477103432         0.126501143         0.056464489
        -0.256080275        -0.128538016         0.035371847        -0.003364612
         0.009965021         0.031465888        -0.029303256         0.001622989
         0.013761350        -0.000550501         0.015106342         0.029602312
         0.043341388        -0.020665530        -0.000325812         0.040006642
        -0.001899384        -0.014437368        -0.088532825         0.064664671
          73           0.118475740    0    0
         0.000000000         0.000000000         0.000000000         0.000000000
         0.000000000         0.000000000         0.000000000         0.000000000
         0.000000000         0.000000000         0.000000000         0.000000000
         0.000000000         0.000000000         0.000000000         0.000000000
         0.000000000         0.000000000         0.000000000         0.000000000
         0.000000000         0.000000000         0.000000000         0.000000000
         0.000000000         0.000000000         0.000000000         0.000000000
         0.000000000         0.000000000         0.000000000         0.000000000
         0.000000000         0.000000000         0.000000000         0.000000000
         0.000000000         0.000000000         0.000000000         0.000000000
         0.000000000         0.000000000         0.000000000         0.000000000
         0.000000000         0.000000000         0.000000000         0.000000000
         0.000000000         0.000000000         0.000000000         0.000000000
         0.000000000         0.000000000         0.000000000         0.000000000
         0.000000000         0.000000000         0.000000000         0.000000000
        -0.040078997        -0.085541205         0.221783258         0.323287954
        -0.247525900         0.121303552        -0.028753318         0.033798054
        -0.006502743        -0.319142037        -0.435223426         0.255628701
        -0.038446579         0.335606183        -0.044290623         0.057343672
         0.439065514        -0.106151145        -0.134952774        -0.058502696
        -0.100590875        -0.186385930        -0.034439642        -0.003634508
        -0.024860273        -0.052518741         0.005728765         0.048549990
         0.024769109        -0.008348415        -0.034904362        -0.011871506
        -0.023809657        -0.037381461         0.009348729         0.042456351
          74           0.115400477    0    0
         0.000000000         0.000000000         0.000000000         0.000000000
         0.000000000         0.000000000         0.000000000         0.000000000
         0.000000000         0.000000000         0.000000000         0.000000000
         0.000000000         0.000000000         0.000000000         0.000000000
         0.000000000         0.000000000         0.000000000         0.000000000
         0.000000000         0.000000000         0.000000000         0.000000000
         0.000000000         0.000000000         0.000000000         0.000000000
         0.000000000         0.000000000         0.000000000         0.000000000
         0.000000000         0.000000000         0.000000000         0.000000000
         0.000000000         0.000000000         0.000000000         0.000000000
         0.000000000         0.000000000         0.000000000         0.000000000
         0.000000000         0.000000000         0.000000000         0.000000000
         0.000000000         0.000000000         0.000000000         0.000000000
         0.000000000         0.000000000         0.000000000         0.000000000
         0.000000000         0.000000000         0.000000000         0.000000000
         0.028520644         0.267389097        -0.028511751        -0.125860573
        -0.186846115        -0.208545119        -0.036151926         0.078806296
        -0.018432116         0.128257539         0.193383194         0.654661323
        -0.012220501        -0.013122982        -0.161352355         0.009918886
        -0.202923925        -0.187609813        -0.360901841        -0.166764980
         0.024290860         0.036018712        -0.167761562        -0.043055723
        -0.101868596        -0.062286381        -0.017184429        -0.049574660
        -0.029105997        -0.037564643        -0.088014435        -0.048333899
        -0.038958984        -0.074997961         0.088666081         0.072227828
          75           0.100424543    0    0
         0.000000000         0.000000000         0.000000000         0.000000000
         0.000000000         0.000000000         0.000000000         0.000000000
         0.000000000         0.000000000         0.000000000         0.000000000
         0.000000000         0.000000000         0.000000000         0.000000000
         0.000000000         0.000000000         0.000000000         0.000000000
         0.000000000         0.000000000         0.000000000         0.000000000
         0.000000000         0.000000000         0.000000000         0.000000000
         0.000000000         0.000000000         0.000000000         0.000000000
         0.000000000         0.000000000         0.000000000         0.000000000
         0.000000000         0.000000000         0.000000000         0.000000000
         0.000000000         0.000000000         0.000000000         0.000000000
         0.000000000         0.000000000         0.000000000         0.000000000
         0.000000000         0.000000000         0.000000000         0.000000000
         0.000000000         0.000000000         0.000000000         0.000000000
         0.000000000         0.000000000         0.000000000         0.000000000
        -0.003955719        -0.079946817        -0.304713239         0.041084522
         0.072347964         0.275292931         0.006014893         0.054743916
        -0.017906947         0.461048661        -0.099097689        -0.202344205
        -0.025764399         0.541201395        -0.149812434        -0.021509952
        -0.133166310        -0.145390618        -0.230113886        -0.107854806
        -0.001970715        -0.016024327         0.011195880        -0.193901920
        -0.103762679         0.146933018        -0.031251414         0.050874466
         0.041165022         0.014867977        -0.068110985         0.100390422
        -0.178463866         0.095064774         0.000409639        -0.000792549
          76           0.083816238    0    0
         0.000000000         0.000000000         0.000000000         0.000000000
         0.000000000         0.000000000         0.000000000         0.000000000
         0.000000000         0.000000000         0.000000000         0.000000000
         0.000000000         0.000000000         0.000000000         0.000000000
         0.000000000         0.000000000         0.000000000         0.000000000
         0.000000000         0.000000000         0.000000000         0.000000000
         0.000000000         0.000000000         0.000000000         0.000000000
         0.000000000         0.000000000         0.000000000         0.000000000
         0.000000000         0.000000000         0.000000000         0.000000000
         0.000000000         0.000000000         0.000000000         0.000000000
         0.000000000         0.000000000         0.000000000         0.000000000
         0.000000000         0.000000000         0.000000000         0.000000000
         0.000000000         0.000000000         0.000000000         0.000000000
         0.000000000         0.000000000         0.000000000         0.000000000
         0.000000000         0.000000000         0.000000000         0.000000000
        -0.093833383         0.453552166         0.362970512         0.403924261
         0.445756195         0.350930612         0.000042337         0.006420433
        -0.002378520        -0.020580062         0.215562199         0.034897474
        -0.078848478         0.013169104         0.089111255         0.025170786
        -0.137249779        -0.136958988         0.000134630         0.011778216
         0.030097196        -0.077903204         0.075787118         0.007009479
        -0.088831334        -0.021128974        -0.089016721         0.049377486
        -0.149009337         0.064014677        -0.007901983         0.069894292
         0.007920993        -0.070031663         0.007938660        -0.011471422
          77           0.063521886    0    0
         0.000000000         0.000000000         0.000000000         0.000000000
         0.000000000         0.000000000         0.000000000         0.000000000
         0.000000000         0.000000000         0.000000000         0.000000000
         0.000000000         0.000000000         0.000000000         0.000000000
         0.000000000         0.000000000         0.000000000         0.000000000
         0.000000000         0.000000000         0.000000000         0.000000000
         0.000000000         0.000000000         0.000000000         0.000000000
         0.000000000         0.000000000         0.000000000         0.000000000
         0.000000000         0.000000000         0.000000000         0.000000000
         0.000000000         0.000000000         0.000000000         0.000000000
         0.000000000         0.000000000         0.000000000         0.000000000
         0.000000000         0.000000000         0.000000000         0.000000000
         0.000000000         0.000000000         0.000000000         0.000000000
         0.000000000         0.000000000         0.000000000         0.000000000
         0.000000000         0.000000000         0.000000000         0.000000000
        -0.002604812         0.125665361        -0.058766308         0.051852973
        -0.086153453         0.054402515        -0.017421606         0.071075424
        -0.029338312        -0.162365064        -0.326664357        -0.111668794
         0.276823727        -0.109667588         0.127029918         0.341028977
        -0.392214883         0.066140748        -0.043286915        -0.548901346
         0.013280184         0.056347442         0.211681303         0.139935996
         0.196727849         0.026830595        -0.003024535         0.020134358
         0.002231870         0.011886875        -0.084426897        -0.005067774
        -0.092434540        -0.031660657         0.051218740         0.080009429
          78           0.006305348    0    0
         0.000000000         0.000000000         0.000000000         0.000000000
         0.000000000         0.000000000         0.000000000         0.000000000
         0.000000000         0.000000000         0.000000000         0.000000000
         0.000000000         0.000000000         0.000000000         0.000000000
         0.000000000         0.000000000         0.000000000         0.000000000
         0.000000000         0.000000000         0.000000000         0.000000000
         0.000000000         0.000000000         0.000000000         0.000000000
         0.000000000         0.000000000         0.000000000         0.000000000
         0.000000000         0.000000000         0.000000000         0.000000000
         0.000000000         0.000000000         0.000000000         0.000000000
         0.000000000         0.000000000         0.000000000         0.000000000
         0.000000000         0.000000000         0.000000000         0.000000000
         0.000000000         0.000000000         0.000000000         0.000000000
         0.000000000         0.000000000         0.000000000         0.000000000
         0.000000000         0.000000000         0.000000000         0.000000000
        -0.004444294         0.058238575        -0.024111644         0.013570251
        -0.054421519         0.016020663         0.287939403        -0.482544469
         0.270563102         0.026408117         0.064783521        -0.004606737
         0.041910805         0.016672531        -0.044537102         0.076394168
         0.079378046        -0.065777584        -0.114830383        -0.132122645
         0.008475659         0.057442718         0.122590172        -0.290967399
         0.205725007        -0.268910159        -0.141507467        -0.000124906
         0.033324759         0.008699322         0.551171061        -0.017005378
        -0.033914276        -0.023448279         0.027384827         0.046538089
$end
