$energy      SCF               SCFKIN            SCFPOT
     1 -3297.529326886      3176.348825146     -6473.878152031
     2 -3297.529326863      3176.348832434     -6473.878159297
     3 -3297.530835582      3176.485631834     -6474.016467415
     4 -3297.531328178      3176.596045874     -6474.127374052
     5 -3297.531767337      3176.663446214     -6474.195213551
     6 -3297.532382569      3176.714220592     -6474.246603161
     7 -3297.532512578      3176.730028015     -6474.262540593
     8 -3297.532556361      3176.742430586     -6474.274986947
     9 -3297.532591132      3176.750568508     -6474.283159640
    10 -3297.532636609      3176.753266415     -6474.285903025
    11 -3297.532644910      3176.748958923     -6474.281603834
    12 -3297.532646412      3176.747962772     -6474.280609185
    13 -3297.532649045      3176.747404583     -6474.280053629
    14 -3297.532655145      3176.747023161     -6474.279678306
    15 -3297.532673967      3176.745764552     -6474.278438520
    16 -3297.532682972      3176.743976958     -6474.276659930
    17 -3297.532686682      3176.743138276     -6474.275824958
    18 -3297.532689031      3176.742928453     -6474.275617484
    19 -3297.532690550      3176.743331113     -6474.276021663
    20 -3297.532693488      3176.744501514     -6474.277195002
    21 -3297.532698031      3176.746697585     -6474.279395616
    22 -3297.532698906      3176.746864476     -6474.279563382
    23 -3297.532699170      3176.746709409     -6474.279408579
    24 -3297.532699097      3176.746596371     -6474.279295469
    25 -3297.532698861      3176.746482006     -6474.279180867
    26 -3297.532698308      3176.746422003     -6474.279120311
    27 -3297.532698175      3176.746397287     -6474.279095462
    28 -3297.532697198      3176.746450336     -6474.279147534
    29 -3297.532696692      3176.746578561     -6474.279275253
    30 -3297.532696191      3176.746563059     -6474.279259250
    31 -3297.532695755      3176.746568566     -6474.279264322
    32 -3297.532695405      3176.746504191     -6474.279199596
    33 -3297.532694763      3176.746545033     -6474.279239796
    34 -3297.532694790      3176.746549546     -6474.279244336
$end
