$hessapprox internal
  0.407102261450D+00 -0.160345757738D-03  0.418158758372D+00 -0.273276112998D-05
  0.130006624873D-03  0.415281051002D+00 -0.313859138688D-03 -0.391752106143D-04
  0.262873698164D-03  0.405739022185D+00 -0.386306974970D-03  0.578815322256D-03
 -0.252308574623D-04  0.131011516261D-03  0.418215662454D+00  0.558417365246D-03
 -0.577329378432D-03 -0.125053589065D-04 -0.542951804466D-04 -0.175726742871D-03
  0.419368586093D+00  0.182924752060D-03 -0.214821097639D-03  0.475913272121D-04
 -0.556153883945D-04 -0.279403944146D-03 -0.511323551798D-04  0.412398067214D+00
 -0.275237638199D-04  0.264028095339D-03  0.691310480307D-04  0.512796377996D-04
  0.158473299903D-03 -0.581936099185D-03 -0.365410958505D-03  0.415695557249D+00
  0.284705727116D-03 -0.454129548515D-03 -0.128894531041D-04 -0.157781979127D-03
 -0.444224950503D-03  0.711693255576D-03 -0.791348789548D-04 -0.546917526649D-03
  0.417558538230D+00  0.392655030735D-03 -0.684442973793D-03  0.787524524431D-04
 -0.336323945437D-03 -0.693520073672D-03  0.129237297904D-02 -0.209115561288D-03
 -0.811630087926D-03  0.919767349612D-03  0.418189924584D+00  0.304225217302D-04
 -0.381718165153D-03 -0.678926979259D-04 -0.137434050687D-03 -0.515449637795D-03
  0.441659539182D-03  0.143000422479D-03 -0.292352222872D-03  0.283952126003D-03
  0.441100992667D-03  0.406816489798D+00  0.380409704304D-03 -0.541962738666D-03
 -0.265942035535D-03  0.485871592539D-03 -0.694332755993D-03  0.101758367059D-02
  0.236735409653D-03 -0.337897518261D-03  0.847228936064D-03  0.144528185785D-02
  0.450872199503D-03  0.407296596437D+00 -0.200317149160D-03  0.904642664772D-03
 -0.187115207588D-03  0.102650325553D-02  0.636120333906D-03  0.282281144617D-03
  0.222341602685D-03  0.891116724511D-03  0.196912422941D-03  0.663634156809D-03
 -0.330471394525D-03 -0.524857526759D-03  0.414041382271D+00  0.372030349579D-03
 -0.592010930980D-03 -0.686642734376D-04  0.305787440751D-03 -0.365404930969D-03
  0.133493498192D-02  0.290993756456D-03 -0.923005712446D-04  0.113686133410D-02
  0.168398490852D-02  0.469325510084D-03  0.941408340932D-03  0.514131192550D-03
  0.410296753684D+00 -0.312967087347D-03  0.212226372867D-03  0.166597575120D-04
 -0.187103548961D-03  0.318922037203D-03  0.140482074864D-03  0.330654902772D-03
  0.464014992941D-03  0.200460118247D-03  0.500979859741D-03 -0.197510532719D-03
  0.215212845447D-03  0.308540324810D-03  0.214921361955D-03  0.406271560217D+00
  0.687691412240D-03  0.840157972215D-03 -0.250146919468D-03  0.195912110185D-02
  0.145055411945D-02 -0.900265222148D-03  0.450414312884D-03  0.108467440221D-02
  0.823592811212D-04  0.991099262203D-03  0.817733754372D-04 -0.701432719541D-03
  0.691545956899D-03  0.148256587868D-05  0.178800870272D-03  0.406670562927D+00
 -0.617072242922D-04  0.328054750588D-03  0.153486608465D-03 -0.525956819420D-04
  0.817726606564D-03 -0.626729628331D-03 -0.263714909421D-03  0.250684069978D-03
 -0.426913308355D-03 -0.649697222343D-03 -0.258890132764D-03 -0.365395701330D-03
  0.109247816189D-02 -0.446045983159D-03  0.321994305133D-03  0.650623613093D-03
  0.417673900277D+00 -0.425338415219D-03  0.338316231323D-03  0.215122869046D-03
 -0.421914010102D-03  0.816288834087D-03 -0.439319898791D-03  0.218058238934D-03
  0.699723461766D-03 -0.216723964408D-03 -0.229397298996D-03 -0.389265756274D-03
 -0.497878253699D-04  0.118193996040D-02 -0.477526344093D-03 -0.635982749447D-03
  0.103602238494D-02  0.347597909220D-03  0.406013814265D+00  0.129679508958D-03
 -0.223829839977D-03 -0.718374221628D-05 -0.351109322527D-04 -0.366451925441D-03
  0.126261426351D-03 -0.106191120752D-03 -0.306127376681D-03  0.312807855984D-04
 -0.360857470404D-04  0.170089393799D-03  0.183820476743D-03 -0.149561873664D-03
  0.286253025068D-03  0.259585746300D-03  0.210110846436D-03 -0.247201751847D-03
  0.161723182948D-03  0.414108657623D+00  0.752291743445D-03  0.155712771506D-03
 -0.198326170368D-03  0.145794244496D-02  0.508840416678D-03  0.104054571602D-03
  0.221125416839D-03  0.561585479227D-03  0.544256032197D-03  0.110663191783D-02
  0.549797966528D-03 -0.228588831807D-03 -0.134412634189D-03  0.443123184442D-03
  0.827855706054D-03 -0.195968909415D-02 -0.706190218029D-04  0.108861993473D-02
  0.174326882620D-04  0.405015958436D+00  0.595666456459D-04  0.965963806577D-03
 -0.510232418700D-03  0.201208798424D-02  0.101774156008D-02 -0.613100406586D-05
  0.690459360617D-03  0.151399314395D-02  0.290857093340D-03  0.589435544479D-03
 -0.198630253922D-03 -0.193688594134D-02 -0.187859647231D-02 -0.245711000149D-02
 -0.300838529047D-03 -0.440301890334D-02  0.114507406190D-02  0.537964561317D-03
  0.331762662391D-03 -0.364277498860D-02  0.318550485834D+00 -0.586549242625D-04
  0.937016693090D-03 -0.364185103240D-03  0.168210111649D-02  0.107997414940D-02
 -0.759315492761D-04  0.638614215406D-03  0.156084850995D-02  0.182942174590D-03
  0.299143479423D-03 -0.246504205510D-03 -0.177677110460D-02 -0.140958088111D-02
 -0.256051558736D-02 -0.323362097614D-03 -0.353832363760D-02  0.106809736146D-02
  0.363166979104D-03  0.304297196410D-03 -0.313483587227D-02 -0.643014921491D-02
  0.319594041714D+00 -0.178778146970D-03  0.131315367643D-02 -0.934661668342D-03
  0.251882981266D-02  0.223797211999D-03  0.131339252713D-03  0.571880753574D-03
  0.106942519590D-02  0.212091791643D-04  0.427340980907D-03 -0.583021426908D-03
 -0.282338927149D-02 -0.303837799280D-02 -0.246081134153D-02 -0.287406832691D-03
 -0.460726107655D-02  0.185562398307D-02  0.140661028708D-02  0.157196014540D-03
 -0.347731538168D-02 -0.720934948691D-02 -0.602725013854D-02  0.316322625907D+00
  0.163482371256D-03  0.644947524155D-03 -0.262443170898D-03  0.187531026642D-02
  0.980261665099D-03  0.228290378111D-03  0.513652602191D-03  0.169874869502D-02
  0.250600754172D-03 -0.255027124228D-03  0.163580629143D-03 -0.210408117238D-02
 -0.190550700856D-02 -0.377024313759D-02  0.598878509556D-03 -0.349776823348D-02
  0.615577684913D-03  0.779259791431D-03  0.111090919635D-03 -0.486726213047D-02
 -0.783181946277D-02 -0.745791427136D-02 -0.603625861380D-02  0.313180141933D+00
 -0.501058903086D-03  0.183025127232D-02 -0.118615951971D-02  0.318535864073D-02
  0.644207722784D-03  0.430665541349D-03  0.111194481419D-02  0.198496906340D-02
  0.333585102812D-03  0.106427653373D-02 -0.905110449163D-03 -0.360192727019D-02
 -0.367912290325D-02 -0.345041745002D-02 -0.101173111261D-02 -0.596994626982D-02
  0.263712802003D-02  0.110838928907D-02  0.488763266945D-03 -0.408236892909D-02
 -0.104770540708D-01 -0.901089977827D-02 -0.135567470138D-01 -0.890947085768D-02
  0.306466595322D+00  0.152327746259D-04 -0.135443771565D-04  0.225191170502D-04
 -0.573789947510D-04 -0.245155655347D-04 -0.109511829864D-04 -0.307320371670D-04
  0.373270730617D-04  0.168067052444D-04  0.181616396029D-03 -0.239357062313D-05
 -0.110621230047D-03 -0.711524525024D-04  0.458825858132D-05 -0.913836570780D-04
 -0.105275143072D-04  0.439134070637D-04 -0.104966163963D-03  0.144286661433D-04
  0.785183931557D-04  0.133517107217D-03  0.897115658066D-04  0.387929937750D-04
  0.295883868494D-03 -0.473830499393D-04  0.708679250796D-01  0.564474260676D-04
  0.303820250969D-04  0.652421986095D-04 -0.562225106078D-05  0.684815945111D-04
 -0.920112667311D-04 -0.992564290044D-04  0.410904392511D-04 -0.575477342097D-05
 -0.272529301701D-05 -0.395217115669D-04 -0.101141006962D-03  0.173254648699D-03
 -0.203800220023D-04 -0.921538954904D-06  0.583100025031D-04  0.573471908182D-04
 -0.806318564566D-05 -0.399947501900D-04  0.981007032450D-04  0.132064576518D-03
  0.996452230662D-04  0.111799049934D-03  0.200877081329D-03  0.103563632134D-03
 -0.125620222892D-02  0.712799011630D-01  0.518058452982D-03  0.224743869219D-03
  0.232633500197D-03  0.228519153699D-03  0.469700201815D-03 -0.669159179516D-03
 -0.806903196217D-03  0.333133417256D-03 -0.159707479496D-03 -0.807756782969D-03
 -0.361348069865D-03 -0.101008171483D-02  0.168229717089D-02 -0.633079589141D-03
  0.229456520222D-03  0.828871865383D-03  0.505669558112D-03  0.391252794686D-03
 -0.355520375966D-03  0.689834403700D-03  0.762895727289D-03  0.721390130392D-03
  0.386076817256D-03  0.377100308593D-03  0.251098082594D-03 -0.347123051941D-02
 -0.356302242646D-02  0.361039787710D-01 -0.452194326469D-04 -0.485453769692D-04
 -0.726729072881D-04  0.652124686263D-04 -0.130629507891D-03  0.156860391105D-03
  0.190651980226D-03 -0.630652995001D-04  0.602577532713D-04  0.149745765910D-03
  0.133437553912D-03  0.174517551494D-03 -0.639151144604D-03  0.161157680334D-03
  0.102006866521D-04 -0.528970574571D-03 -0.121293771721D-03  0.204998674666D-04
  0.705682884372D-04 -0.369379306119D-03 -0.496083934758D-03 -0.397288326824D-03
 -0.415437334846D-03 -0.421016176292D-03 -0.398632321507D-03  0.813687358118D-03
  0.782166870023D-03  0.644794873999D-02  0.711264547665D-01  0.538381806389D-03
 -0.707692730995D-03 -0.183695747668D-03 -0.461735037342D-03 -0.107722215420D-02
  0.494817455535D-03 -0.922732235409D-04 -0.381667540020D-03  0.292749703159D-03
  0.110302553004D-02  0.666732301133D-03 -0.456451761734D-03 -0.134816345529D-02
  0.238381071723D-03  0.902902522202D-04 -0.264130254665D-03 -0.441642842601D-03
 -0.323642318485D-03  0.156121173000D-03  0.610093568583D-04  0.983238037341D-03
  0.816478219075D-03 -0.237404649164D-05  0.353580173360D-03  0.300037807019D-04
 -0.447865851868D-02 -0.388546014682D-02 -0.312411227715D-01  0.514394217027D-02
  0.363296234790D-01  0.304410580858D-03 -0.331793289125D-03  0.138921062869D-02
 -0.254400209352D-02  0.268878669489D-02 -0.248301407631D-02 -0.308811142317D-03
  0.454758859891D-03 -0.792460991032D-03 -0.107800534812D-02  0.883596646447D-04
  0.253434184692D-02  0.529562015797D-02  0.814121024565D-03 -0.891290032646D-03
  0.223235018231D-02 -0.142420436031D-02 -0.254765012474D-02  0.252276067715D-03
  0.262693926678D-02  0.678063347504D-02  0.557895695238D-02  0.129021943211D-01
  0.676674015687D-02  0.162128520495D-01  0.425816222854D-04 -0.226688078016D-03
 -0.585226584859D-03  0.344528671424D-03  0.106431584232D-02  0.298085769787D+00
 -0.100844045839D-03  0.126922880946D-03  0.194675312778D-05 -0.102452265111D-03
  0.469196556805D-04 -0.177462025687D-03 -0.205937208213D-04 -0.683357665145D-05
 -0.122847029897D-03 -0.109624575771D-03 -0.159370323640D-03  0.128282422996D-04
  0.158777762964D-03  0.167940413957D-03 -0.184893643223D-03  0.205172283803D-03
  0.117253710227D-03 -0.282082401260D-04 -0.560678732677D-05  0.277859191000D-03
  0.596733287988D-03  0.630964885929D-03  0.481783627158D-03  0.129132058677D-02
  0.600641323278D-03  0.254100048392D-03  0.939680477248D-04  0.186011165451D-03
 -0.861887116373D-04  0.178519241308D-02 -0.277515805481D-03  0.320762185737D+00
  0.425835060300D-03 -0.602530111341D-03  0.759537050728D-03 -0.155634847375D-02
  0.246232538460D-03 -0.116364068400D-02 -0.874235022282D-03 -0.954269565904D-03
 -0.716341148445D-03 -0.133950930425D-02  0.255577752320D-03  0.162241997812D-02
  0.279202088935D-02  0.138671986379D-02  0.706789196749D-03  0.303455404265D-02
 -0.124897847118D-02 -0.197377889367D-03 -0.416168251860D-03  0.185672905060D-02
  0.628051319707D-02  0.555974172480D-02  0.843444876877D-02  0.569996133016D-02
  0.120870804646D-01  0.115040665531D-03 -0.223266400376D-03 -0.136112049236D-02
  0.387114134549D-03  0.851354856616D-03 -0.100444941370D-01 -0.206036289125D-03
  0.312913974507D+00  0.126400991344D-02 -0.129411936223D-03 -0.436572143786D-03
  0.172893077611D-02 -0.203719883077D-02 -0.375397149984D-03 -0.158319220765D-02
 -0.225059200801D-02 -0.969662042392D-03 -0.189709990977D-02  0.587857070932D-03
 -0.998822459482D-03 -0.156852801756D-02  0.947733911730D-03  0.355484096585D-02
  0.601731221443D-04 -0.370817849693D-03  0.459443911864D-02 -0.142769953248D-02
 -0.268901736147D-02  0.149708106718D-02  0.224789217760D-02 -0.205959970709D-02
  0.537310607904D-04  0.128540958597D-02  0.354836093071D-03  0.185062502760D-03
  0.237719006287D-04 -0.382551046015D-03 -0.110323361571D-02  0.107261897480D-01
  0.364116440140D-03 -0.125509207320D-02  0.300197565503D+00  0.860926855740D-03
  0.106841270576D-02 -0.837272824141D-03  0.323687324810D-02  0.375602236368D-03
 -0.556813842639D-03  0.108534873026D-03  0.575530360324D-03 -0.159761718088D-03
  0.157464957529D-03  0.999532076354D-04 -0.241874882122D-02 -0.255647349346D-02
 -0.167623138658D-02  0.100734427538D-02 -0.559042624335D-02  0.112602782289D-02
  0.266220115113D-02 -0.152350237649D-03 -0.508495323022D-02 -0.723424236676D-02
 -0.585060188745D-02 -0.932258506008D-02 -0.701408066605D-02 -0.115104188792D-01
  0.228284193691D-03  0.153081615383D-03  0.139544783057D-03 -0.521667249363D-03
  0.746738664068D-03  0.113810237429D-01  0.571791313656D-03  0.623747013164D-02
 -0.765577039872D-02  0.309272688347D+00  0.148541587436D-02 -0.953908363788D-03
  0.161231746067D-03  0.198897475762D-03 -0.225382209744D-02 -0.507653484701D-03
 -0.229701824035D-02 -0.324825298352D-02 -0.115510505132D-02 -0.250508625367D-02
  0.871535926354D-03  0.533261322342D-03  0.698610215576D-03  0.234136156755D-02
  0.431157952284D-02  0.347101215432D-02 -0.151908750641D-02  0.422520774531D-02
 -0.179746865663D-02 -0.579780015799D-03  0.687067111844D-02  0.684414068011D-02
  0.480862515752D-02  0.412686528189D-02  0.111513416261D-01  0.341108918678D-03
 -0.529119506094D-04 -0.119889145431D-02 -0.108963369990D-05 -0.156258960199D-02
  0.346329353748D-02  0.247820915010D-03 -0.720530192583D-02 -0.228070761061D-01
 -0.186572417681D-02  0.291952544680D+00 -0.613585792254D-03  0.514333395523D-03
 -0.258941481625D-03  0.408288577416D-03  0.351640106260D-03  0.546327436697D-03
  0.636887423761D-03  0.106347795672D-02  0.374257194832D-03  0.645864190010D-03
 -0.448848965994D-03 -0.897343374780D-03 -0.881077824004D-03 -0.121281471747D-02
 -0.102419394507D-02 -0.894788238737D-03  0.898538383777D-03 -0.635907857868D-03
  0.382206712426D-03 -0.423110317136D-03 -0.310607625998D-02 -0.292160723160D-02
 -0.335138246134D-02 -0.273728175692D-02 -0.579685185399D-02  0.517050710645D-04
  0.461479524444D-07 -0.745469489121D-03  0.131693810931D-03  0.141465048827D-02
  0.363893334762D-02  0.584483570385D-04  0.399831641579D-02  0.471628952028D-02
 -0.117100715981D-02  0.777206756726D-02  0.317159355836D+00  0.439361817024D-03
 -0.269874349603D-03  0.392480466358D-03 -0.531671454956D-03  0.505077470327D-03
 -0.807071296558D-03 -0.309084316070D-03 -0.267792771840D-03 -0.318598163969D-03
 -0.455878000973D-03  0.310391598545D-03  0.758237071643D-03  0.128896017336D-02
  0.482832168639D-03  0.389964563778D-03  0.356042003630D-03 -0.740980531506D-03
 -0.135597789549D-03 -0.114215012161D-03  0.200355590791D-03  0.220420703032D-02
  0.191598131164D-02  0.371630210847D-02  0.162831464596D-02  0.539258427470D-02
 -0.161688555863D-03 -0.207175131359D-04  0.537542779683D-03 -0.215149968137D-04
 -0.201408506635D-02 -0.609022424065D-02  0.778314542944D-04 -0.356688821339D-02
 -0.167006481397D-03  0.215588472273D-02 -0.279687102098D-02  0.217447859403D-02
  0.318130363233D+00  0.129443062023D-02 -0.122864194113D-04  0.130651979506D-03
  0.688065419732D-03  0.100887456201D-03 -0.141585805519D-02 -0.122077608916D-02
 -0.132963372197D-02 -0.803016973058D-03 -0.103075753720D-02  0.369950895115D-03
  0.238977120030D-03  0.139654770389D-02  0.132659625225D-02  0.201674072621D-02
 -0.320527468143D-03 -0.598896299675D-03  0.227713913813D-02 -0.816348446313D-03
 -0.113503555156D-02  0.293813482664D-02  0.322081408820D-02  0.257322141957D-02
  0.301598664985D-02  0.586182629029D-02  0.144147562037D-03 -0.179663889865D-03
 -0.111592827529D-02  0.617835797163D-04  0.411207748993D-03 -0.165910042771D-02
  0.399436801092D-04 -0.445109801248D-02 -0.105492692380D-01 -0.237915658063D-02
 -0.133435552091D-01  0.464905130677D-02 -0.255682881597D-02  0.312655631051D+00
  0.115914688247D-02 -0.673489483619D-04  0.635648714563D-03  0.179628001217D-04
  0.131967915804D-02 -0.182742577630D-02 -0.957151128826D-03 -0.370581048029D-03
 -0.826579811488D-03 -0.148452409294D-02  0.408851229985D-03  0.674353720920D-03
  0.301619594755D-02 -0.545292853119D-05  0.168782909307D-02  0.321219211904D-03
 -0.944727696971D-03  0.105083372191D-02 -0.547064308381D-03 -0.874697186121D-03
  0.252346107995D-02  0.224681664315D-02  0.527978849735D-02  0.164246272178D-03
  0.839266368792D-02  0.388516257428D-03  0.178544081499D-03 -0.565875263919D-03
  0.168668741037D-04 -0.935295097581D-03 -0.792043872379D-02  0.492611440225D-03
 -0.573983715948D-02 -0.429897264629D-02  0.729240159107D-03 -0.842631955526D-02
  0.428439634773D-02 -0.402518767752D-02 -0.618701633505D-02  0.312874735503D+00
  0.180919864578D-02 -0.831460763619D-03 -0.373530982914D-03  0.321216727397D-02
  0.502259502110D-04  0.150845747642D-02  0.656468852128D-03  0.139424299440D-02
  0.143018453732D-02  0.760291933288D-03  0.244505676394D-02 -0.183628126319D-02
 -0.527665957273D-02 -0.400682163301D-02  0.306377852516D-02 -0.735399778178D-02
 -0.155888999884D-02  0.202851870480D-02 -0.372801214874D-04 -0.110213006707D-01
 -0.135261459437D-01 -0.130998008842D-01 -0.949060286021D-02 -0.249351701609D-01
 -0.121708712868D-01 -0.133059419920D-03  0.426250353667D-03  0.381670711472D-02
 -0.119957825592D-02 -0.518413176542D-02  0.921742080327D-02  0.253140886257D-02
  0.638836244989D-02 -0.841912243466D-02 -0.148429517809D-01 -0.384356011380D-02
 -0.176251646385D-02  0.660966358864D-04 -0.107636705647D-02 -0.694367148848D-02
  0.339730974263D+00 -0.667706619430D-03  0.104419191567D-02 -0.495570479808D-03
 -0.197965769459D-03 -0.760323197277D-03 -0.106972181072D-02 -0.581534903940D-03
 -0.146382761144D-02 -0.994751636877D-03  0.197374589266D-04 -0.170276904963D-02
 -0.260278769739D-04  0.173140541674D-02  0.317419405902D-02 -0.144926282656D-02
  0.218047235755D-02  0.178858890943D-02  0.623371032546D-03 -0.189246673714D-03
  0.549953632931D-02  0.627981675550D-02  0.706113135040D-02  0.973030999624D-04
  0.163368957512D-01  0.982103371344D-03  0.105970042736D-03 -0.463089632355D-03
 -0.389586724049D-02  0.802150210306D-03  0.458233699524D-02  0.317356304824D-02
 -0.187263620973D-02 -0.575914757381D-03 -0.175494301395D-02  0.247889569602D-02
 -0.121812040711D-02  0.783084364313D-03  0.208652962892D-02 -0.206166064155D-02
  0.685100988597D-02  0.368274704701D-01  0.361218975857D+00 -0.847995194792D-03
  0.131327323466D-02 -0.996657166615D-03  0.736558273440D-03 -0.127615976708D-02
  0.847105502426D-04 -0.408711468955D-04 -0.675681804061D-03 -0.342513384224D-03
  0.728016131492D-03 -0.136221615108D-02 -0.119678766032D-02 -0.206469744907D-02
  0.205271471068D-02 -0.155323811849D-02 -0.772927548524D-03  0.219610474001D-02
  0.109572610627D-02 -0.682725511426D-04  0.167244599721D-02  0.152937335263D-02
  0.266630241859D-02 -0.489810912180D-02  0.989279221502D-02 -0.615211514926D-02
 -0.609186180278D-04 -0.480534583767D-03 -0.370610869303D-02  0.632460948387D-03
  0.409997694418D-02  0.106937159753D-01 -0.126736205280D-02  0.422653003858D-02
 -0.341841313692D-02 -0.279666705093D-02  0.770104515861D-03 -0.142458633238D-02
  0.396895028377D-02  0.909168268721D-04  0.926439683347D-02  0.232815568710D-01
 -0.246919842322D-01  0.370394766286D+00 -0.289862679221D-03 -0.154824667708D-02
  0.720105624131D-03 -0.194642379918D-02 -0.175740329722D-02  0.251785282356D-02
 -0.891528174084D-03 -0.126527510111D-02  0.637634723226D-03 -0.796289378187D-03
  0.653261273393D-03  0.145736157991D-02  0.117187960087D-02  0.233960161147D-04
  0.250536895162D-02  0.659646015280D-02 -0.163227352463D-02  0.186221633681D-03
 -0.867984068382D-03  0.201643709643D-02  0.401865137736D-02  0.249578285842D-02
  0.566309945354D-02 -0.424135220668D-02  0.888908887330D-02 -0.126177470180D-03
  0.612535563961D-03  0.666740807181D-02 -0.719478372503D-03 -0.354364771859D-02
 -0.526809605239D-03  0.943161245258D-03 -0.443816421314D-02 -0.658610023379D-02
  0.538007371367D-02 -0.123169208531D-01  0.273100534380D-02 -0.172060867071D-02
 -0.561887854591D-03 -0.439971765570D-02 -0.136398847998D-01  0.156834226098D-01
  0.145404760013D-01  0.370084494752D+00 -0.942864418479D-03  0.852508060770D-03
 -0.702195471422D-03 -0.219960751822D-03 -0.962535380007D-03  0.155438543989D-02
  0.148844154020D-03 -0.587396151306D-03  0.802566983292D-03  0.243266516754D-02
 -0.132503775513D-02  0.134386771210D-03 -0.274143474749D-03  0.284908899114D-02
 -0.167759394320D-02  0.925655016199D-03  0.178592531090D-02 -0.364807115788D-03
  0.150278454394D-03  0.364346997749D-02  0.201527433769D-02  0.254991490508D-02
 -0.305582460385D-02  0.852847923478D-02 -0.423360989130D-02  0.410438300578D-03
  0.852568543701D-04 -0.527318362686D-02  0.541061775947D-03 -0.565061497993D-03
  0.667243679566D-02 -0.947720219806D-03  0.339666273922D-02  0.863352449800D-03
  0.542305523482D-03  0.424824421545D-02 -0.154010101895D-02  0.291370638606D-02
  0.318009287959D-02  0.853642888692D-02  0.213057229805D-01 -0.189938996705D-01
 -0.167485830459D-01  0.115557329825D-01  0.381060834902D+00  0.440306959668D-03
 -0.772418026788D-03  0.507610887170D-03 -0.541847719843D-03  0.212009765421D-03
  0.136510909151D-03 -0.181277571126D-03  0.160239580272D-03  0.130152496105D-03
 -0.599708604704D-03  0.824970528337D-03  0.505051040523D-03  0.434043904943D-03
 -0.951244988317D-03  0.104704676797D-02  0.832069018260D-03 -0.123285209258D-02
 -0.256395828532D-03 -0.137077342974D-03 -0.132267726500D-02 -0.596336826980D-04
 -0.732335571609D-03  0.315138769197D-02 -0.488663951233D-02  0.419412232420D-02
 -0.595820086604D-03 -0.448151977698D-03 -0.188532792961D-02  0.409967464409D-03
 -0.446060655502D-02 -0.436781721566D-02  0.871449403260D-03 -0.251168653238D-02
 -0.270183168690D-03  0.156971926250D-02 -0.298649011767D-02  0.121118691927D-02
 -0.211922029433D-02 -0.707124755632D-03 -0.488601486287D-02 -0.135569340686D-01
  0.135736203363D-01  0.122891720321D-01 -0.962655306284D-02  0.939689415502D-02
  0.325641863762D+00  0.420416600786D-03 -0.984648582784D-03  0.419279154765D-03
 -0.833417878028D-03 -0.605326838224D-04  0.398391182230D-03 -0.391184511045D-04
 -0.993011167640D-04  0.432397765805D-03  0.771505119100D-04  0.938698889361D-03
  0.999224938187D-03 -0.149734829744D-03  0.103582765209D-03  0.486504865988D-03
  0.233852537797D-03 -0.140271952366D-02 -0.777680151567D-03  0.317376084809D-04
 -0.976613344009D-03  0.594136029812D-03 -0.463018444258D-04  0.332989682317D-02
 -0.267463609874D-02  0.430013282371D-02 -0.337684380847D-03 -0.163022616545D-03
 -0.132026598891D-02  0.439249925382D-03 -0.311456404861D-02 -0.578159532483D-02
  0.287217769052D-03 -0.304169497522D-02  0.829974402314D-03  0.209523148651D-02
 -0.173231233084D-02  0.918979140062D-03 -0.197455781966D-02 -0.913331609092D-03
 -0.435472129419D-02 -0.711636347862D-02  0.866747207796D-02  0.813852592922D-02
 -0.539344098594D-02  0.612664712063D-02 -0.501945623515D-02  0.329023997225D+00
 -0.126030084543D-02  0.398798715369D-03  0.319075946853D-03 -0.151858834815D-02
  0.203177184206D-02  0.214805790680D-03  0.149673597576D-02  0.214566220413D-02
  0.815049380276D-03  0.177882498233D-02 -0.691023525542D-03  0.763700040720D-03
  0.960572705857D-03 -0.856185630922D-03 -0.358848544209D-02 -0.930732002894D-03
  0.670253414626D-03 -0.422791113213D-02  0.134259777304D-02  0.218357511475D-02
 -0.142833893439D-02 -0.199128200855D-02  0.149323427262D-02  0.887331917230D-03
 -0.174453356782D-02 -0.504648063811D-03 -0.302444666299D-03  0.392256052517D-03
  0.220774726384D-03  0.849263111015D-03 -0.964504444524D-02 -0.405102858094D-03
  0.152635940236D-02  0.198939138405D-01  0.657312808163D-02  0.216977292786D-01
 -0.431269317957D-02  0.200328307425D-03  0.962234993121D-02  0.450112112997D-02
  0.942158551022D-02 -0.250006887876D-03  0.146619125673D-02  0.813055944421D-02
 -0.196863267834D-02  0.127040506220D-02 -0.987877979918D-04  0.313942519892D+00
  0.938306554082D-03 -0.230938928653D-04  0.343792181574D-03  0.129098148630D-02
  0.162421651194D-02 -0.531366810895D-03  0.109982323054D-03  0.144177330233D-02
  0.743001040415D-04 -0.807376465276D-03  0.897905915045D-03 -0.949864497737D-03
 -0.629315908347D-05 -0.336376733746D-02  0.159732990971D-02 -0.264571174543D-02
 -0.722782343128D-03  0.678554569910D-03 -0.672658272717D-04 -0.509490299790D-02
 -0.585321293594D-02 -0.599593363055D-02 -0.121463609343D-02 -0.128777661621D-01
 -0.191225137854D-02  0.106672283208D-03  0.868839357527D-04  0.673015304696D-03
 -0.376484239610D-03 -0.142802276097D-02 -0.128862781037D-02  0.157525849788D-02
  0.881066991754D-03 -0.592582302508D-03 -0.458932108135D-02 -0.260403234095D-03
 -0.114724489804D-03 -0.155592162766D-02 -0.264242685279D-03 -0.608555762252D-02
 -0.301572958837D-01  0.234932593431D-01  0.184490249594D-01 -0.916344154676D-02
  0.154569780836D-01 -0.970994294429D-02 -0.651759601076D-02  0.189565816114D-02
  0.314270260460D+00 -0.707734188665D-03  0.416651519111D-03 -0.529214419165D-03
 -0.624140179672D-03 -0.105368045887D-02 -0.137100315622D-04  0.118454325126D-03
 -0.109750604848D-02 -0.971990489896D-04  0.125662728254D-02 -0.936014984029D-03
  0.616065293251D-03 -0.392333214562D-03  0.334508232248D-02 -0.208121649379D-02
  0.325011280089D-03  0.108623455041D-02 -0.637580254817D-03  0.287875691238D-03
  0.416085716534D-02  0.426486499553D-02  0.480966769170D-02 -0.716071786740D-03
  0.130274948428D-01 -0.854874526408D-03 -0.315488043950D-03 -0.268994152619D-03
 -0.119430811331D-02  0.438979553107D-03  0.122203482859D-02  0.122699482158D-02
 -0.172136637777D-02  0.277858929890D-03  0.171700225892D-02  0.231643824974D-02
  0.309360308908D-02 -0.385854263569D-03  0.168562272946D-02 -0.787166243674D-04
  0.642867707947D-02  0.314321498844D-01 -0.261147415462D-01 -0.212492634625D-01
  0.150407663134D-01 -0.172853368774D-01  0.115776557912D-01  0.777058598304D-02
 -0.354713527942D-02  0.195005897157D-01  0.311722164403D+00 -0.698001317966D-03
  0.153247118028D-02 -0.129214841697D-02  0.228367199990D-02 -0.907189148093D-03
  0.565034493154D-03  0.476305252860D-03  0.210658078734D-03  0.202449461195D-04
  0.105779276575D-02 -0.125259534133D-02 -0.251181916147D-02 -0.285733750381D-02
 -0.270975546795D-03 -0.104975895736D-02 -0.279120057500D-02  0.263238530625D-02
  0.157900382422D-02  0.132597275691D-03 -0.230380024537D-03 -0.452037190251D-02
 -0.300930780045D-02 -0.110321993859D-01  0.127497024955D-02 -0.146699558860D-01
  0.567693302016D-04  0.374910732366D-04 -0.932294067278D-03 -0.397735906243D-04
  0.163589638598D-02  0.166973509941D-01 -0.558278566944D-03  0.913420512755D-02
 -0.321742000030D-02 -0.822513753907D-02  0.450528182455D-02 -0.381839380105D-02
  0.564365881780D-02  0.268986907233D-02  0.102108894295D-01  0.892653112617D-02
 -0.159592822753D-01 -0.187414691126D-01  0.126800042790D-01 -0.138475612047D-01
  0.102234641089D-01  0.826977658385D-02  0.156924317707D-02  0.109685969776D-01
 -0.137311907109D-01  0.312751220242D+00  0.197030343618D-03  0.623787967468D-03
 -0.373801710711D-03  0.152739057162D-02 -0.162655854293D-03 -0.465235384803D-03
 -0.182711932866D-03  0.793877728969D-04 -0.539284392998D-03 -0.847803548268D-03
 -0.226511206425D-03 -0.142981774082D-02 -0.559592639663D-03 -0.122478736422D-02
  0.851488644372D-03 -0.927825761722D-03  0.751427085357D-03  0.182498426336D-02
 -0.285720050480D-03 -0.135960314881D-02 -0.257280838166D-02 -0.195353987121D-02
 -0.436308200091D-02 -0.276080342966D-02 -0.504405095192D-02  0.317787827964D-03
  0.342291531316D-03  0.713316753814D-03 -0.235162962997D-03  0.465279114985D-03
  0.751510126943D-02  0.340802565548D-03  0.304805328583D-02 -0.538149336066D-02
 -0.521964189523D-02 -0.316251136863D-02 -0.311343689388D-03  0.146624850135D-02
 -0.128590002782D-02  0.887920694077D-03 -0.605957100198D-02  0.224325972246D-03
 -0.202042535965D-02 -0.365036544678D-03 -0.106322844380D-02  0.962202066481D-03
  0.128383922575D-02  0.491306809188D-02 -0.997095245660D-03  0.686560170680D-03
 -0.469843817291D-02  0.329483809963D+00 -0.146934553209D-02  0.686336161308D-03
 -0.575870444075D-03  0.338119428590D-03 -0.339216256854D-04  0.178704973274D-02
  0.143075627001D-02  0.172017261161D-02  0.106378902712D-02  0.176496158541D-02
 -0.864545172464D-03 -0.131502251953D-02 -0.224753896780D-02 -0.189322827641D-02
 -0.232674417854D-02 -0.131084622083D-02  0.164094542884D-02 -0.180531968171D-02
  0.895476976171D-03  0.440701143159D-03 -0.574537686151D-02 -0.551634626434D-02
 -0.715920169808D-02 -0.460116484589D-02 -0.121815271092D-01 -0.357685347475D-03
 -0.257712901156D-04  0.785344107721D-03 -0.156850622473D-04 -0.392823431697D-04
  0.769119642390D-02  0.318561033982D-04  0.833338283807D-02  0.101303290910D-01
 -0.141371388004D-02  0.162637424461D-01 -0.638054561178D-02  0.454547051899D-02
  0.101970693323D-01  0.961881984570D-02  0.317180786656D-04 -0.447745448356D-03
 -0.433426490461D-02  0.488038139156D-02 -0.532616337468D-02  0.312691923054D-02
  0.309983551648D-02 -0.954071645540D-02  0.159099153479D-02 -0.234548783989D-02
 -0.903377520829D-02 -0.708388551172D-03  0.318248993201D+00  0.107327045116D-02
  0.351049392331D-03 -0.420180399638D-03  0.181357427352D-02 -0.263842175557D-03
 -0.106385551816D-02 -0.687521991338D-03 -0.901836197805D-03 -0.636716744163D-03
 -0.513390344716D-03  0.233540787402D-03 -0.920567215969D-03 -0.590267504556D-03
  0.530902228474D-03  0.154766094669D-02 -0.233911649621D-02  0.152936507956D-03
  0.264564647815D-02 -0.558710956718D-03 -0.232543467618D-02 -0.773926456614D-03
  0.106631291795D-03 -0.297754028172D-02  0.505013571386D-03 -0.192151626149D-02
  0.158221726144D-03 -0.216730960848D-04  0.517739943314D-03 -0.236478332268D-03
  0.190241996525D-02  0.522945739456D-02 -0.199814167136D-04  0.226711035637D-03
 -0.104993191109D-01 -0.664731217753D-02 -0.953046719418D-02  0.220897629949D-02
 -0.825364168184D-04 -0.655938055668D-02 -0.232769591543D-02 -0.263440546781D-02
 -0.434495924318D-02 -0.486993026449D-02  0.322265053129D-02 -0.893842664420D-03
  0.214306378510D-02  0.185935485610D-02  0.915805943482D-02  0.862193078168D-03
 -0.217614007077D-02 -0.456957852422D-02 -0.328879279410D-02  0.518948010889D-02
  0.324312238675D+00  0.173134809788D-03  0.483724796402D-03 -0.157909772560D-02
  0.325318142931D-02 -0.362189750653D-02  0.207651358844D-02 -0.916397111110D-03
 -0.199256447204D-02 -0.610888825774D-05 -0.193803466101D-03 -0.312129401597D-03
 -0.308176990918D-02 -0.462799137096D-02  0.105324438945D-03  0.283799754328D-02
 -0.547589696132D-03  0.168059665312D-02  0.520091265000D-02 -0.123941757244D-02
 -0.231516496379D-02 -0.375977394200D-02 -0.219709142814D-02 -0.126370027038D-01
 -0.325252255682D-02 -0.134473974400D-01  0.153596056092D-03  0.130404301444D-03
 -0.560554039164D-03 -0.281856927699D-03 -0.270345166299D-03  0.281576311031D-01
  0.151702061453D-03  0.825697845880D-02 -0.228221054412D-01 -0.137181885201D-01
 -0.171522269490D-01 -0.512705389700D-03  0.617670423786D-02 -0.444124887976D-02
  0.651760853826D-02 -0.659435898907D-02 -0.952098547810D-02 -0.157152195755D-01
 -0.182511313497D-02 -0.826536246253D-02  0.595355846511D-02  0.721756215718D-02
  0.208871268782D-01  0.512922405049D-02 -0.431333042638D-02 -0.198122455109D-01
 -0.101181038927D-01 -0.157676425506D-02 -0.112443489619D-01  0.290103419975D+00
  0.809831334867D-03 -0.490643339359D-03  0.194234255247D-03  0.637910073000D-03
 -0.889831793334D-04 -0.142759730875D-02  0.315124302268D-03 -0.454526279363D-04
 -0.382691398236D-03  0.383849142955D-03  0.149125787984D-03  0.241550804053D-03
  0.382564353196D-02  0.446853078484D-03  0.439844108722D-03  0.270470021598D-02
 -0.969696376213D-03  0.179156093677D-04  0.428122941463D-03  0.292653061824D-02
 -0.743144718521D-03 -0.469213199708D-03 -0.117998953409D-02 -0.707318495925D-04
 -0.155083197822D-02 -0.185062116521D-03 -0.666047427746D-03 -0.219365316376D-02
  0.714629262458D-03  0.127171677169D-02 -0.983377314808D-03  0.297261813834D-03
  0.887743104619D-03  0.339670950624D-02  0.987335858856D-03  0.314879496255D-02
 -0.561709723275D-03 -0.946698239188D-05  0.949777700729D-03  0.506848921544D-03
  0.232697918129D-02 -0.870988573661D-03  0.840772455582D-03 -0.390289948871D-03
 -0.649747667681D-03  0.621791077316D-03  0.270749090521D-04 -0.375763898014D-02
  0.619638071914D-03 -0.109781865764D-02 -0.437885426611D-03  0.137341252506D-02
 -0.214018738427D-02  0.105579726724D-02  0.130395776804D-02  0.207206006213D+00
 -0.799225436945D-03  0.706745677070D-03  0.227832123865D-03  0.461096321146D-03
 -0.429437080224D-03 -0.418298877626D-02  0.631013534598D-03  0.109988063341D-02
 -0.362510848578D-02 -0.573475007352D-02 -0.230055614227D-03 -0.253363667735D-02
 -0.125395187207D-02 -0.413111267472D-02 -0.663849646216D-03  0.213079148556D-02
  0.162540912073D-03  0.111295077722D-02  0.208235163897D-03  0.738661326740D-05
 -0.713446319805D-05  0.607632796834D-03 -0.580259663659D-04  0.176900949620D-02
 -0.697854759204D-03 -0.579691559240D-03 -0.892111297459D-03 -0.170730444974D-03
 -0.499265562946D-03 -0.744968484141D-03  0.332208188102D-02  0.340062019365D-03
  0.240326452759D-02  0.298492371904D-02  0.237660082998D-02  0.193103351432D-02
 -0.859910952947D-03  0.141296959404D-02  0.156547634509D-02  0.316545257709D-02
  0.266624747042D-02 -0.158867728920D-02 -0.188333276971D-02 -0.687258079675D-02
 -0.103781390733D-01  0.155543953180D-02  0.423181722197D-03 -0.372624628044D-02
  0.375598470741D-02 -0.325373835748D-02 -0.217490785438D-02  0.353598910136D-02
 -0.444975540628D-02  0.269157655185D-02 -0.378803086861D-02  0.104413228472D-01
  0.236938030505D+00  0.178458216395D-03 -0.163248458473D-03  0.178204130984D-03
  0.309395995978D-03  0.695979356405D-03  0.121664580663D-03  0.206587605841D-04
  0.165798249252D-03  0.223979256945D-03  0.425415804533D-03  0.120272468256D-03
  0.826768920856D-03  0.310651549797D-02  0.646289957283D-03  0.404370473615D-03
  0.227557732645D-02  0.182265533103D-03  0.349029620134D-04  0.546237423954D-04
  0.205334564330D-02 -0.367729545920D-04 -0.226599991460D-03 -0.279494821683D-03
 -0.666384111829D-03 -0.280779453048D-03  0.719810910880D-04 -0.238792267387D-03
  0.729596996027D-03  0.371984576623D-03  0.879602340269D-03 -0.147713352103D-02
 -0.195366909447D-03 -0.720520867076D-03  0.115189937727D-02  0.755060960053D-03
  0.853629324281D-03 -0.247765344145D-03 -0.109230838138D-03  0.141713465212D-03
 -0.433383768782D-03  0.121848073191D-02 -0.113044430531D-03 -0.593595479531D-04
  0.419726957162D-03  0.354112815481D-03 -0.183735523813D-03  0.280282448913D-04
 -0.117728992331D-02 -0.438173005993D-03  0.459614013518D-03  0.541731043691D-03
  0.258912511765D-03 -0.465666863911D-03  0.531658815500D-03  0.203906126428D-02
 -0.945014941144D-03 -0.353615533939D-03  0.203831049442D+00  0.972687218197D-03
 -0.705077034089D-03  0.272760740107D-03  0.582397546209D-03  0.585832179035D-03
 -0.251445744546D-02  0.452053149352D-03  0.952591095107D-04 -0.114559687436D-02
 -0.181295943527D-02  0.109166225387D-02  0.251326668769D-03  0.954117619307D-04
 -0.966838741010D-03  0.314770304353D-03 -0.222375701759D-02 -0.150679387785D-02
 -0.215160209685D-05  0.400013127062D-03 -0.156639449115D-02 -0.163454525180D-02
 -0.131495196617D-02  0.666174657866D-03 -0.180781430030D-02  0.112106836917D-02
  0.893223448113D-03  0.678275882058D-03  0.603755941789D-02 -0.155608300042D-02
  0.255951509508D-02 -0.666532213221D-02 -0.254490142841D-03 -0.196530327601D-02
  0.206158066553D-02 -0.747162670521D-03  0.439173607216D-03  0.784777687038D-03
 -0.183504335225D-02 -0.308222444951D-02 -0.501967580128D-02 -0.233795882088D-02
  0.283806528574D-02  0.432141081853D-02  0.381673342860D-03 -0.910604499246D-03
 -0.101327347910D-02 -0.356664294188D-03 -0.250966259259D-02 -0.423066674562D-02
  0.349239927009D-02  0.427258595383D-02  0.189351523351D-02  0.288894047118D-02
 -0.388125933410D-03  0.712194786945D-02  0.217111303695D-02  0.133835107932D-01
  0.464482722696D-03  0.206126793389D+00 -0.119759921988D-02  0.285628896262D-03
  0.450033835490D-03 -0.110428498325D-02  0.145820298116D-02  0.254444157265D-03
  0.129428716818D-03  0.821439189568D-03 -0.157335680480D-03 -0.212961185749D-03
 -0.131771807495D-02 -0.240583722947D-03  0.460957655112D-02 -0.181611110132D-02
 -0.611788586244D-03  0.530285131926D-02  0.102964312914D-02 -0.169312242908D-02
  0.109993905021D-03  0.481975097670D-02  0.190300051965D-02  0.112762291821D-02
  0.296569215483D-02  0.821054297006D-03  0.232535267240D-02 -0.797757060220D-04
 -0.157727148212D-03 -0.456893752508D-03  0.116279333670D-03 -0.168340181593D-02
 -0.254796295997D-02  0.358882332499D-03  0.194749734993D-03  0.927085973028D-02
  0.762290608244D-02  0.781087960012D-02 -0.144990635888D-02  0.445472671283D-03
  0.708486576747D-02  0.342344289737D-02  0.428743594428D-02  0.268482977471D-02
  0.598472914248D-02 -0.625430506031D-02  0.199420489398D-02 -0.171870625524D-02
 -0.133245799328D-02 -0.740527002499D-02  0.918156444190D-03  0.111849123886D-02
  0.347749608851D-02  0.250964932573D-02 -0.593189183446D-02  0.736802888694D-02
  0.725519986441D-02 -0.568940776153D-02 -0.476100935682D-02 -0.520827800580D-03
 -0.311421766997D-02  0.191779173707D+00 -0.672165663343D-03 -0.828167202335D-04
 -0.107106254521D-03  0.104199665710D-04 -0.158041725838D-03  0.592502998187D-03
  0.458215006435D-03  0.330057947106D-03  0.363235007472D-03  0.522334922006D-03
 -0.425154872082D-03  0.105183492616D-02 -0.180889519815D-02  0.148599520586D-02
 -0.657088815796D-03 -0.119523993767D-02 -0.414520346912D-04 -0.374765725198D-03
  0.161130105236D-03  0.101169754636D-02 -0.130862249245D-02 -0.621836027313D-03
  0.179638010266D-02  0.104929367689D-02  0.202604227064D-02 -0.338072082209D-03
  0.731720906155D-03  0.355665606318D-02 -0.569433781173D-02  0.169163294469D-02
 -0.585217747382D-03 -0.488972020724D-03 -0.155621307367D-03  0.341326084798D-02
  0.598063099110D-04  0.318603797795D-02  0.287454928497D-04  0.591041021712D-03
  0.198641673989D-02  0.238010560961D-02  0.200055049765D-02 -0.113572316730D-02
  0.360015189291D-03  0.333145323456D-02 -0.986028241840D-03  0.882525956339D-03
  0.158666269419D-02 -0.296850096958D-03  0.164202968450D-02 -0.519114898429D-03
  0.121527413581D-02  0.816660240598D-03  0.339194506352D-03  0.131655600894D-02
  0.124243664900D-02  0.864141966838D-02 -0.107978897720D-01  0.121221463194D-01
 -0.604144551329D-02 -0.340562337520D-02  0.137093408759D+00 -0.661436989543D-03
  0.102490692197D-02 -0.969276691072D-03  0.226005835022D-02 -0.184604524864D-03
  0.114181549597D-02  0.108068943242D-02  0.161110868867D-02  0.745573742401D-03
  0.126597181396D-02 -0.608905288322D-03 -0.244187784998D-02 -0.289160635751D-02
 -0.260728728434D-02 -0.118888294535D-02 -0.369076559950D-02  0.183359707834D-02
  0.271334988687D-03  0.588913819223D-03 -0.233235483731D-02 -0.873248577247D-02
 -0.783004750537D-02 -0.112047638920D-01 -0.796428877770D-02 -0.167662017054D-01
  0.176395349038D-03 -0.354691215451D-03 -0.628555594363D-03  0.730769304788D-04
  0.518030040079D-03  0.135916813628D-01  0.300087657782D-03  0.994974434401D-02
  0.353241644150D-02 -0.839669073658D-02  0.110839990806D-01 -0.593669469480D-02
  0.516950736523D-02  0.617759545907D-02  0.787817500259D-02 -0.814537528003D-02
  0.620693625441D-04 -0.658537091114D-02  0.729903672153D-02 -0.466700235003D-02
  0.361441384314D-02  0.409566486647D-02 -0.237894588404D-02 -0.114314569466D-02
 -0.500766130134D-03 -0.125662356928D-01 -0.426807211293D-02 -0.119245081870D-01
 -0.420261574308D-03 -0.106623583375D-01 -0.207179160267D-02 -0.387357974232D-03
 -0.169916135023D-02  0.377191144536D-02 -0.120727027728D-02 -0.268543819984D-01
  0.404370201981D+00 -0.314793428811D-03  0.739641976580D-03 -0.221717446913D-03
  0.784218983337D-03  0.101165526114D-02  0.822740799142D-03  0.858778554104D-03
  0.804767613148D-03  0.559333914025D-03  0.140850134855D-02 -0.361927573325D-03
 -0.534166469804D-03 -0.240853563626D-02  0.377350962350D-03 -0.361273659576D-03
 -0.258140898360D-02  0.118756468517D-02 -0.133564880988D-03  0.248548196742D-03
 -0.754683372256D-03 -0.400971664226D-02 -0.304434716692D-02 -0.427997398185D-02
 -0.218800409337D-02 -0.501505496975D-02 -0.127272525734D-02  0.117742733934D-02
  0.229717500722D-02 -0.272674347020D-02  0.187045453637D-02  0.332478268587D-02
 -0.325204991009D-03  0.473680853148D-02  0.577405748502D-03 -0.237427944483D-02
  0.604270011675D-02 -0.208530849101D-02  0.232600708811D-02  0.469376922624D-02
  0.536152162663D-02 -0.140516485132D-02  0.577794924546D-03  0.624280673377D-03
  0.383159348798D-02 -0.104770547593D-02  0.176212657506D-02  0.171857434157D-02
 -0.510139511418D-02  0.778590110525D-04 -0.100792563085D-02 -0.413249370938D-02
  0.993163102508D-03 -0.490274676156D-02  0.255947325358D-02 -0.203081777608D-02
  0.583153351618D-02 -0.120723149744D-01  0.112221125372D-01 -0.729191317224D-02
  0.180222783967D-02  0.532455251852D-01  0.868831844846D-01  0.152971669287D+00
  0.388016257825D-04  0.442527005948D-03  0.257075104327D-03  0.342360059682D-03
  0.104063665475D-02 -0.752770257786D-03 -0.497644268351D-03  0.413688263586D-03
 -0.285705528298D-03 -0.141345690601D-02 -0.704773225102D-03 -0.493717385717D-03
  0.357074471412D-02 -0.144384816933D-02  0.232149428573D-03  0.196915088586D-02
  0.467899592464D-03  0.233688444410D-03 -0.255911808133D-03  0.110362734803D-02
 -0.127663868224D-04 -0.267393007773D-03 -0.113654100899D-03 -0.128857649180D-02
 -0.713520097880D-03  0.347177053158D-02  0.229629326309D-02 -0.148985488990D-02
  0.183169244106D-02  0.716305813432D-02 -0.133555687560D-02 -0.106930975925D-02
 -0.129763416546D-02  0.174416927532D-02  0.213063713002D-03  0.108803383867D-02
 -0.207342118667D-02  0.169853677854D-02 -0.311563547139D-03 -0.991398130305D-03
  0.546189248890D-02 -0.424084342007D-02 -0.366864780079D-02  0.491285188880D-02
 -0.333674020576D-02  0.178749655965D-02  0.858072222695D-03 -0.550270894515D-03
  0.298058918170D-03 -0.375558175050D-04 -0.147624365360D-02 -0.836348346479D-03
 -0.331895223201D-03 -0.142949251808D-03  0.843447987661D-03 -0.522242791274D-02
  0.538670277351D-02 -0.427560307239D-02  0.372501698322D-02 -0.133238441375D-02
  0.527711100710D-01 -0.214098339268D-02  0.212542156147D-01  0.174344743221D+00
 -0.109788194102D-02  0.250587441560D-03  0.513647390987D-04 -0.974356127167D-03
 -0.684024235938D-04  0.153116218866D-02  0.194303042010D-03  0.327796222092D-03
  0.626784270498D-03  0.935161060880D-03 -0.806197414236D-03  0.365255244899D-03
  0.971460848043D-03  0.222218539633D-03 -0.854319296354D-03  0.289742603884D-02
  0.840103644070D-03 -0.111502089723D-02  0.917132886986D-04  0.293262241528D-02
  0.120282058006D-02  0.745539276488D-03  0.555619390752D-03  0.129400997615D-02
 -0.134892481440D-03 -0.131604117122D-03  0.367923979933D-03  0.837808850877D-03
 -0.134444695998D-04 -0.691433418133D-03  0.129181624866D-02 -0.203169883850D-04
  0.123428598943D-02  0.421209246669D-02  0.370095785335D-02  0.476937019649D-02
 -0.147447267911D-02  0.118768255407D-02  0.494473870135D-02  0.417126915185D-02
  0.479151723891D-02 -0.105467079452D-02 -0.805839398294D-03 -0.180898371331D-02
 -0.946312445822D-03  0.583467148558D-03  0.352342059654D-03 -0.356690402913D-02
  0.310652809656D-02 -0.205871690915D-02 -0.114931975427D-02  0.535131769376D-03
 -0.452924575055D-02  0.386857494581D-02  0.102318442831D-02 -0.108535997938D-02
 -0.700307514139D-02  0.878370886453D-03 -0.195305386226D-03 -0.327233538871D-02
  0.885409745087D-02 -0.716710750366D-02 -0.999093261737D-04  0.944693082044D-02
  0.456164183450D+00 -0.205832348113D-03 -0.747874250591D-03  0.258888814141D-03
 -0.182748694732D-02 -0.953092623119D-03  0.346106258834D-03 -0.300966852509D-03
 -0.125723926352D-02  0.204765617619D-03  0.518645892808D-03  0.135826532608D-03
  0.195720608224D-02  0.432107204019D-03  0.304775580772D-02 -0.758824406685D-03
  0.204761592106D-02 -0.764486428792D-03 -0.114764376186D-02 -0.122111132023D-04
  0.292871543385D-02  0.584497618870D-02  0.531814484912D-02  0.510880939975D-02
  0.868127252257D-02  0.710046640619D-02 -0.809751517537D-03 -0.595995833267D-03
  0.855875896612D-03  0.568544074633D-03  0.501295520984D-03 -0.639167510917D-02
 -0.108435743781D-02 -0.483370382345D-02  0.919311235689D-03  0.569181790397D-02
 -0.236835704968D-02  0.165427988061D-02 -0.127905419366D-02 -0.212424373525D-02
 -0.335019992323D-03  0.182533554501D-01 -0.113088195854D-01 -0.729972757491D-02
  0.330093635240D-02 -0.526314799669D-02  0.296912610873D-02  0.162588392902D-02
 -0.150462268831D-02  0.868748460173D-02 -0.874575414751D-02  0.123511587835D-03
  0.239842434640D-02  0.343625362498D-02  0.114495338050D-04  0.441582173840D-02
 -0.103995248208D-02 -0.272166502419D-02 -0.237998959437D-03  0.237323545343D-02
 -0.286920688909D-03  0.351677332515D-02  0.397143692283D-02  0.206753198237D-02
 -0.149418583378D-01  0.584298030099D-04  0.434026361511D+00 -0.619649820980D-03
 -0.186233616012D-03 -0.179469697641D-03 -0.125135334030D-03 -0.101366364676D-03
  0.168062024727D-03 -0.974712968969D-03 -0.380633938534D-03 -0.603233742698D-03
 -0.625186945843D-03 -0.126979518102D-02 -0.123462400854D-02  0.398785995509D-02
 -0.234599885262D-02  0.670429712955D-03  0.517242628285D-02  0.685226879143D-03
  0.288967949230D-03 -0.456784565037D-03  0.358607034115D-02  0.239886985021D-02
  0.161569316939D-02  0.873192500189D-03  0.247321915228D-03  0.653206337162D-03
  0.363746189211D-03  0.484282936643D-02 -0.346560239920D-03  0.327736133711D-02
 -0.180263491467D-03  0.472166356487D-02  0.889371670018D-03  0.915658435492D-03
 -0.147731920827D-02  0.117228431556D-02 -0.842883974903D-03 -0.799262339229D-03
  0.512193354835D-03  0.156549116631D-02 -0.753227429400D-03 -0.877187220337D-04
  0.155986636466D-02  0.171187707579D-02 -0.102104204882D-01  0.181414456629D-02
 -0.902270377730D-03 -0.154224712907D-02  0.461546361536D-02  0.801667505315D-03
  0.184502028713D-02 -0.473342945421D-03 -0.491816106453D-02 -0.895165270047D-03
  0.109505849950D-04 -0.607412341771D-02  0.238454576180D-03  0.127998094133D-01
  0.473504442521D-02  0.138008268514D-01 -0.109088999906D-02  0.140355564702D-01
  0.218444721862D-02  0.195095357704D-01 -0.120948569186D-01 -0.188958868997D-01
 -0.478958649453D-02  0.305190244497D+00 -0.337093874145D-03 -0.253192463698D-04
 -0.660848719028D-03  0.100643095783D-02 -0.197370448827D-02  0.196605301446D-02
 -0.236498635107D-03 -0.781705050820D-03  0.602498177230D-03  0.622640012361D-03
 -0.243733527011D-03 -0.118894176100D-02 -0.217952977727D-02  0.769221252445D-04
  0.881677785003D-03  0.803950293301D-03  0.810058142870D-03  0.153272137518D-02
 -0.447763857063D-03 -0.189640672398D-03 -0.199809822921D-02 -0.162386271597D-02
 -0.614554069507D-02 -0.238468285776D-02 -0.733144978328D-02 -0.117427161268D-02
 -0.103062018436D-02  0.438854543011D-03  0.381952161881D-03 -0.271835947401D-03
  0.135253070535D-01  0.244165981531D-04  0.448920734435D-02 -0.770472433103D-02
 -0.482877574238D-02 -0.490117009210D-02 -0.173489055518D-02  0.384353356806D-02
  0.470356015503D-03  0.528839761106D-02 -0.193413748219D-02 -0.412503429834D-02
 -0.778357727757D-02 -0.170510417607D-02 -0.325446916608D-02  0.229660192752D-02
  0.354404973247D-02  0.712550241890D-02  0.240400520718D-02 -0.152180857486D-02
 -0.955537378762D-02 -0.422691895617D-02 -0.380448067418D-02 -0.323100723942D-02
 -0.185640152896D-01 -0.159228315398D-02 -0.555058798788D-02  0.253333255072D-05
  0.496284805629D-02  0.453126066151D-03  0.102880550329D-01 -0.102136956970D-01
  0.191688144878D-02  0.596838266895D-02 -0.519804617703D-02 -0.816610590773D-01
  0.170476350869D-02  0.406753227928D+00 -0.185279360116D-02 -0.131663345283D-03
  0.107477616366D-03 -0.187814697958D-02 -0.205110596335D-02  0.214301646829D-02
 -0.166831289849D-03 -0.368188615612D-03  0.104529988865D-03 -0.869786933714D-03
 -0.106100522843D-02 -0.397613660238D-04  0.832851962809D-03 -0.455283140289D-03
 -0.173608337209D-03  0.769793478219D-02  0.621242204244D-03 -0.507133469749D-03
 -0.346361514962D-03  0.496582815940D-02  0.386142908754D-02  0.294878226163D-02
  0.150913765344D-02  0.186337752378D-02  0.149982377259D-02  0.754732613537D-03
  0.828648988184D-03  0.750680829923D-03  0.575000705046D-03 -0.168696417722D-02
  0.682764863075D-02  0.123005152728D-03  0.138388315205D-02  0.786944716435D-03
  0.668164776186D-02 -0.823135176349D-03 -0.166385863636D-02  0.272549088750D-02
  0.603677828817D-02  0.638068067733D-02  0.611976690130D-02 -0.126159482171D-02
 -0.171370048249D-02 -0.117990819025D-01 -0.410361216073D-02 -0.549638343249D-04
  0.176582932306D-03  0.476800407178D-03  0.524364378741D-02 -0.127447161940D-02
 -0.191984525209D-02  0.203828406233D-03 -0.578147905786D-02  0.542032982055D-02
 -0.763476356174D-02  0.577749903026D-03 -0.166814920960D-02 -0.180404034286D-02
  0.695189897256D-02 -0.796748699503D-02  0.176399058212D-01  0.245596828384D-02
  0.186735260332D-01 -0.639357750052D-02  0.528507384701D-01 -0.835222561704D-02
 -0.283143612041D-01 -0.414128725131D-02  0.412656465609D+00 -0.143961825826D-02
  0.821437007737D-03 -0.238241207866D-03 -0.886262390035D-04 -0.473647075430D-03
  0.112257139344D-02  0.706148671704D-03  0.107158545728D-02 -0.112689942666D-03
 -0.575928032912D-04 -0.722751357438D-03 -0.175084293106D-02 -0.573079772663D-03
 -0.243415343618D-02 -0.411638985220D-03  0.288014175387D-02  0.140903311545D-02
 -0.348668403326D-04  0.125391668854D-03  0.898846385860D-03 -0.173015019159D-02
 -0.194655782740D-02 -0.381486602909D-02 -0.369916546516D-02 -0.607697144510D-02
 -0.764512151878D-03 -0.156377509783D-02  0.641121919791D-02 -0.452713557508D-03
 -0.270285105923D-02  0.987903758153D-02  0.143058076619D-02  0.630928843840D-02
  0.261556003729D-02  0.134505837440D-02  0.476658794608D-02 -0.209517414472D-02
  0.209622964267D-02  0.743986043948D-02  0.713623576610D-02 -0.991927165982D-02
  0.805523343631D-02  0.374206023807D-02 -0.110047427030D-01  0.153589055256D-02
 -0.180383251474D-02 -0.834963336961D-03 -0.244379793095D-02 -0.115229374756D-02
  0.256855987025D-02 -0.261412467278D-02 -0.511172841475D-04 -0.967376018244D-02
  0.451312059645D-02 -0.619273393422D-02 -0.178337207260D-02 -0.533493682170D-03
 -0.531059252871D-02  0.793308543723D-03 -0.511833931917D-02  0.668656859654D-01
 -0.147187677250D-02  0.462869902212D-01 -0.202772209757D-02 -0.172205158388D-01
 -0.409195725067D-02 -0.230241021379D-01 -0.117845172343D-01 -0.275044149645D-01
  0.304438044017D+00 -0.824545632904D-03  0.314506441130D-03  0.392868614110D-04
  0.462694498247D-04  0.191884813617D-03  0.589380998740D-03  0.394452274294D-03
  0.105090724426D-02  0.164304093013D-03  0.177482974559D-03 -0.550513526125D-03
 -0.988278957187D-03 -0.947925458194D-03 -0.196831551434D-02 -0.690964396462D-03
  0.128147862959D-03  0.715670267661D-03 -0.756793337583D-03  0.194910857397D-03
 -0.988640076241D-04 -0.272675795881D-02 -0.288956016154D-02 -0.192434456083D-02
 -0.372883195938D-02 -0.389042098729D-02 -0.405046697958D-02 -0.238564282421D-02
  0.136126730905D-02  0.210329574493D-03 -0.177695852214D-02  0.361086857406D-02
  0.841014104881D-03  0.351672607374D-02  0.455461829844D-02 -0.428180153594D-05
  0.664137907850D-02 -0.252874541591D-02  0.169867504147D-02  0.492783129188D-02
  0.438636864485D-02 -0.643051926500D-02  0.552202745433D-02  0.292466527051D-02
 -0.402610586051D-02  0.404139346202D-02 -0.234140622587D-02 -0.787409208548D-03
 -0.404986316411D-02 -0.293042851726D-02  0.345000142192D-02 -0.234475743791D-03
  0.212872745404D-03 -0.624395258273D-02  0.292534567065D-02 -0.674182128790D-03
  0.191060631795D-03 -0.236611347078D-02  0.166426967402D-02  0.322468658304D-02
 -0.348514867759D-02 -0.401041350867D-01 -0.524339622593D-02 -0.314181510347D-01
  0.232140241010D-01  0.128494285143D-02  0.177992947031D-01  0.863189082060D-02
 -0.188768986002D-01  0.274268261687D-01 -0.111711503105D-01  0.310580124588D+00
 -0.454976528078D-03  0.845482906072D-03  0.530244351571D-03  0.451385400211D-03
  0.145504961928D-02 -0.903304089558D-03 -0.906158948672D-03  0.963146832359D-03
 -0.551504601274D-03 -0.222790826989D-02 -0.133633655017D-02 -0.120328196748D-02
  0.455089133821D-02 -0.275471942715D-02  0.349137050994D-04  0.344534938590D-02
  0.117791885265D-02  0.269283929038D-03 -0.527412395343D-03  0.152442240949D-02
 -0.131515648785D-03 -0.750967557187D-03 -0.865439962368D-04 -0.188097190415D-02
 -0.148790308628D-02 -0.483189611109D-03 -0.497936209962D-03 -0.101999004628D-02
  0.361119152868D-02  0.835601148388D-02  0.198367410650D-03 -0.107256650068D-02
 -0.131768206855D-02  0.321746643816D-02  0.533928742091D-03  0.248282307496D-02
 -0.365714318129D-02  0.324988955102D-02  0.224135248097D-03  0.118879198529D-02
  0.668711377545D-02 -0.582697532627D-02 -0.703416727644D-02  0.461816885643D-02
 -0.148353357492D-02  0.111285165406D-02  0.982285945636D-03 -0.139095151162D-02
  0.534741915980D-03 -0.478993772570D-04 -0.248130971601D-02 -0.947066256002D-03
 -0.245014861617D-02 -0.557940880614D-03 -0.107216975952D-02 -0.789212363237D-02
  0.661118650633D-02 -0.479421538411D-02  0.111571426533D-01 -0.925949052102D-03
  0.431631046794D-01 -0.871626454268D-02  0.391237626466D-01 -0.104365932012D-01
  0.566981078127D-03  0.145273184901D-02 -0.324261159456D-01  0.574818609262D-02
 -0.116073522936D-01  0.104580694129D-01  0.394319346823D-01  0.434461548296D+00
 -0.107639298231D-02 -0.442584055658D-03 -0.183897216015D-03 -0.151574685897D-02
 -0.282926592277D-02  0.466184726050D-03 -0.654769077264D-03 -0.188860226756D-02
 -0.970732795508D-03 -0.169796634739D-02 -0.651730246618D-03  0.524981002900D-03
  0.122037490963D-04  0.210542988524D-02 -0.763731193343D-04  0.632553152444D-02
  0.103540103010D-03  0.719032300537D-03 -0.514635337646D-03  0.539004638270D-02
  0.745882511836D-02  0.730414757351D-02  0.302421605654D-02  0.107182023392D-01
  0.522950676643D-02  0.202928965695D-02  0.269487568201D-02 -0.282213256607D-02
  0.561774529701D-03 -0.431828472067D-03  0.465241852249D-02 -0.125783364481D-02
 -0.201369955420D-02 -0.552667761971D-02  0.538495494634D-02 -0.812033110935D-02
  0.107513564250D-02  0.174634096045D-02 -0.107787233513D-02  0.359249589263D-02
  0.234048961452D-01 -0.174869220924D-01 -0.139148904907D-01 -0.239502027573D-02
 -0.154514637744D-01  0.661145388624D-02  0.419220323128D-02  0.525723223048D-02
  0.153908178495D-01 -0.130814826052D-01 -0.737734192572D-02 -0.352892841868D-03
  0.125884188453D-02 -0.381863387024D-03 -0.118019901191D-01  0.564393289781D-02
  0.706028673243D-02  0.328347328275D-02  0.112075709396D-01 -0.169592416946D-02
 -0.317947878593D-01  0.172024857716D-01 -0.224921588561D-01 -0.658507662705D-02
  0.743459200351D-02  0.579712553282D-01 -0.306414191165D-01  0.664757414560D-01
 -0.192714749975D-01  0.273775135798D-01  0.314292568241D-02  0.584472531400D-02
  0.381174561586D+00 -0.114802500229D-02  0.383415422285D-03  0.184931540942D-03
 -0.107487101227D-03  0.230034390194D-03 -0.169568820258D-03 -0.994469433528D-05
  0.133904301622D-02 -0.552322924312D-03 -0.116199962514D-02 -0.106078888909D-02
 -0.129504631080D-02  0.133756297026D-02 -0.265004742235D-02 -0.587048996068D-03
  0.359253361759D-02  0.773270792786D-03 -0.346195060776D-03 -0.529095849533D-04
  0.164460306705D-02 -0.934453741042D-03 -0.140604921972D-02 -0.260938983988D-03
 -0.271816416754D-02 -0.201040592223D-02 -0.300459553728D-02  0.967852246077D-03
 -0.926789092866D-03  0.219268164377D-02 -0.240755130645D-02  0.395855031518D-02
  0.658724032047D-03  0.270670087166D-02  0.488099015790D-02  0.139249095581D-02
  0.638924761274D-02 -0.350601796048D-02  0.228105209113D-02  0.498622934215D-02
  0.373857025706D-02 -0.318409937433D-02  0.431551831268D-02  0.649024356267D-03
 -0.646226138399D-02  0.103644570444D-02 -0.205060263984D-02 -0.206443535235D-02
 -0.287756954345D-02 -0.114676413183D-02  0.286100739384D-02 -0.225010549613D-04
 -0.702131441898D-03 -0.570520946519D-02  0.324696238680D-02 -0.174721927533D-02
  0.568570783777D-02  0.122983448307D-01  0.558370813797D-02  0.153860557929D-01
 -0.166658245339D-02 -0.785738208295D-01  0.195815802443D-01 -0.631059546189D-01
  0.116661556551D-01  0.287672610091D-01 -0.250460021753D-01 -0.833571420086D-01
 -0.271929620140D-01 -0.211670981894D-01  0.677293721048D-01 -0.521519487021D-01
 -0.222163757057D-01 -0.782190056347D-02  0.339735649493D+00  0.705447007183D-03
 -0.178329789741D-03 -0.126290038594D-04  0.558275356108D-03  0.772500216817D-03
 -0.284586419655D-03 -0.652553703861D-03 -0.144366387011D-03  0.881509988707D-04
  0.167031688698D-03  0.321026897163D-03  0.324578497956D-03  0.959382075879D-03
  0.403066388954D-03  0.733068827011D-03 -0.104706852574D-02 -0.214363137067D-03
  0.720162365200D-03 -0.314575016976D-03 -0.149063201926D-02  0.263690353822D-03
  0.151652567827D-03  0.128828180012D-02 -0.697396854189D-03  0.217128273739D-02
  0.256396561584D-03  0.214155625853D-02 -0.252299703591D-02  0.143654624024D-02
  0.868069525176D-03 -0.248066991726D-02 -0.106412332920D-03 -0.244444163058D-02
 -0.382255839392D-02 -0.273769898992D-02 -0.384680782319D-02  0.105471690432D-02
 -0.136555573399D-02 -0.423663885447D-02 -0.505085821728D-02 -0.339860822544D-02
  0.153191502648D-02  0.574425950883D-03  0.173574170105D-02  0.349296674315D-02
 -0.116547560541D-02 -0.167861723071D-02  0.465797184172D-02 -0.286075593377D-02
  0.257526748821D-02  0.254810938788D-02 -0.233224228109D-02  0.558190768693D-02
 -0.360353182808D-02  0.102367757579D-02  0.141755511011D-02  0.435564669807D-02
  0.474792766956D-02  0.356474926059D-02  0.776157872134D-02 -0.259519076171D-01
  0.548030397118D-02 -0.213831003696D-01 -0.432639428047D-02 -0.582220040658D-01
  0.121560263111D-02 -0.608729132714D-01  0.357714433774D-02  0.654152492904D-01
  0.472946101824D-01 -0.297581992013D-02 -0.124588720764D-01 -0.864184893737D-02
 -0.286349242787D-01  0.377150288538D+00 -0.290592219175D-03  0.131591092499D-04
 -0.481140410275D-03  0.314961606096D-03  0.117137444193D-03  0.830340892756D-03
  0.823858309629D-03  0.609133043187D-03  0.310224581937D-03 -0.759246491877D-03
 -0.142104189574D-04 -0.145402187247D-03 -0.337654784024D-03 -0.152297554785D-02
  0.123534128791D-04 -0.252607421545D-03  0.123036706283D-03 -0.146500513475D-03
  0.381159995816D-03 -0.258738391204D-04 -0.318335078599D-02 -0.275819096747D-02
 -0.245691034215D-02 -0.572553101725D-02 -0.369365732502D-02  0.123846058925D-01
  0.102955143417D-01 -0.440060672259D-02 -0.275193888956D-02  0.231751425115D-02
  0.177177873720D-02 -0.793852178536D-03  0.286483082097D-02  0.200708682871D-02
 -0.124734819633D-02  0.402130665752D-02 -0.229048723172D-02  0.146450455720D-02
  0.463216339396D-02 -0.172216410941D-02 -0.474026979006D-02  0.564058347189D-02
  0.609309879189D-02  0.756318677025D-03 -0.820531956505D-02  0.173432885149D-02
  0.329820290714D-03  0.305492153839D-03 -0.349607311925D-02  0.554897000574D-02
 -0.532375113538D-03 -0.233051543831D-02 -0.237758556849D-02  0.486957509760D-02
  0.126308884050D-02  0.357116541023D-02  0.415691541686D-02  0.312832733233D-02
 -0.645915033772D-02 -0.487076422767D-02 -0.133345463208D-01 -0.217737910451D-02
 -0.756107479949D-02 -0.221244916874D-01 -0.272956935055D-02  0.550109452753D-02
 -0.179793801039D-01  0.102298871846D-01 -0.190556980553D-01  0.346634025732D-01
  0.711508110897D-01  0.808984625172D-01 -0.636651671242D-01  0.497354052613D-01
 -0.873035390695D-02  0.761137398578D-01 -0.100638325267D-02  0.138697604317D-02
  0.174631811986D-03  0.590423086838D-04  0.104505864403D-02  0.301489680215D-02
 -0.325476241485D-03  0.653979766057D-03  0.171802651735D-02  0.159649500566D-02
 -0.158108748880D-02 -0.520716441772D-03  0.242374975396D-02  0.238029883884D-03
  0.658809128187D-03  0.321494918197D-02  0.239068154280D-02  0.286488342566D-03
 -0.666967684983D-03  0.246674418073D-02 -0.106478388228D-02 -0.115486818397D-02
 -0.243679391931D-02 -0.307013132185D-02 -0.317413952014D-02 -0.273761451086D-03
 -0.414780319400D-02 -0.436608166147D-02 -0.119386215404D-02 -0.267551328256D-02
  0.669693162601D-02 -0.362249286846D-03  0.212986506410D-02  0.154041566398D-03
  0.147361728597D-02  0.522254143035D-03 -0.188250867534D-02  0.375165997706D-02
  0.567850856674D-02  0.773488576445D-02 -0.118956409161D-02 -0.272643987435D-03
 -0.629341662235D-03  0.220035361245D-02  0.304885822408D-02 -0.727220417032D-03
  0.160539805524D-02 -0.349387612048D-03  0.599889481384D-04  0.139974363116D-02
 -0.298934751425D-02  0.693878032333D-03 -0.598110324210D-02  0.336711317081D-02
 -0.599494814265D-02 -0.121606266218D-01 -0.342839322296D-01 -0.523760847225D-02
 -0.165416517409D-01 -0.534280998347D-02 -0.503293936992D-01  0.608351349547D-02
 -0.416942206164D-01  0.621095999772D-03  0.411570101323D-02 -0.272080126249D-02
  0.164648891081D+00 -0.890526583497D-02  0.920698882144D-02 -0.100712965706D-01
  0.506344483882D-02  0.144975819971D-01  0.131475636373D-01  0.583868302621D-01
  0.518221006691D-01  0.243489946802D-03  0.268381351581D+00  0.544872115215D-04
  0.403331764643D-03  0.215232631382D-03  0.485460142161D-04 -0.228694306308D-03
 -0.106675998860D-02  0.763431513319D-04  0.173581957119D-03 -0.782678809205D-03
 -0.129346049513D-02 -0.405648822049D-04 -0.331460740760D-03 -0.998532361713D-03
  0.880696977784D-04  0.313246492936D-03  0.208391475745D-03 -0.217172704359D-03
  0.802384449979D-03 -0.134556863084D-03 -0.364739231560D-03  0.299992312570D-03
  0.742653499929D-03  0.521498671708D-03  0.809312176092D-03  0.159732926105D-02
 -0.220135334239D-03  0.616192160895D-03  0.588034704242D-03 -0.104234795392D-02
 -0.459351804897D-03  0.319779497016D-03 -0.455290312432D-04  0.892805862708D-04
 -0.213223606677D-02  0.115850057239D-03 -0.216149889507D-02  0.612309918635D-03
  0.135178510590D-03 -0.528437567154D-03  0.468896042792D-03 -0.407346596913D-03
  0.381476233753D-03  0.408856356038D-03 -0.146254940868D-02 -0.174451359652D-02
 -0.564498157950D-05 -0.587778435690D-03  0.263689168959D-04  0.665018000166D-03
 -0.551486719061D-03  0.581174956525D-03  0.162978311353D-02  0.119131291444D-02
  0.316225077348D-03 -0.164894952768D-02  0.806003540690D-02  0.490673040410D-02
  0.324164940225D-02  0.817482118931D-03  0.152992562104D-02  0.780499095613D-02
 -0.662431595171D-01 -0.571754096594D-01  0.840807998108D-02 -0.571140661090D-03
 -0.201591541675D-02  0.584020780084D-02  0.348380733648D-02  0.874695900352D-02
  0.417791548060D-01 -0.174647937412D-01  0.171858643162D-01  0.474033971104D-02
  0.131690185782D-01  0.986983839912D-02 -0.333398454193D-02 -0.576123048901D-02
  0.226649778995D+00
$end
