$energy      SCF               SCFKIN            SCFPOT
     1 -4085.304867394      3869.754123126     -7955.058990520
     2 -4085.305255703      3869.324241441     -7954.629497145
     3 -4085.307393326      3869.493231735     -7954.800625061
     4 -4085.308795019      3870.027515486     -7955.336310505
     5 -4085.308872869      3870.015686682     -7955.324559551
     6 -4085.308910950      3869.987838944     -7955.296749894
     7 -4085.309055102      3869.971830101     -7955.280885203
     8 -4085.309153944      3869.962254531     -7955.271408475
     9 -4085.309264453      3869.908093335     -7955.217357787
    10 -4085.309415107      3869.989186892     -7955.298601999
    11 -4085.309498206      3869.984483101     -7955.293981307
    12 -4085.309545223      3870.008045686     -7955.317590908
    13 -4085.309618826      3869.960735874     -7955.270354700
    14 -4085.309649450      3869.833584630     -7955.143234080
    15 -4085.309674885      3869.810191913     -7955.119866797
    16 -4085.309696490      3869.822189526     -7955.131886016
    17 -4085.309727941      3869.863650854     -7955.173378796
    18 -4085.309743799      3869.868241652     -7955.177985451
    19 -4085.309773094      3869.946127778     -7955.255900872
    20 -4085.309812564      3869.934179518     -7955.243992082
    21 -4085.309858171      3869.959760635     -7955.269618807
    22 -4085.309897858      3869.925695374     -7955.235593232
    23 -4085.309934196      3869.829019823     -7955.138954018
    24 -4085.309956440      3869.838693584     -7955.148650024
    25 -4085.309992521      3869.727264562     -7955.037257083
    26 -4085.310019526      3869.806188273     -7955.116207799
    27 -4085.310024880      3869.825933466     -7955.135958346
    28 -4085.310033979      3869.834675720     -7955.144709699
    29 -4085.310044014      3869.851533661     -7955.161577675
    30 -4085.310063832      3869.887923831     -7955.197987663
    31 -4085.310077839      3869.905933014     -7955.216010853
    32 -4085.310083917      3869.812168675     -7955.122252592
    33 -4085.310095566      3869.800591579     -7955.110687145
    34 -4085.310115616      3869.704674855     -7955.014790471
    35 -4085.310121780      3869.778389584     -7955.088511364
    36 -4085.310141558      3869.802384404     -7955.112525962
    37 -4085.310143279      3869.803219065     -7955.113362345
    38 -4085.310149385      3869.414446477     -7954.724595862
    39 -4085.310155673      3869.741689345     -7955.051845018
    40 -4085.309354984      3869.697738160     -7955.007093144
    41 -4085.309599872      3869.705525997     -7955.015125869
    42 -4085.310161981      3869.748919795     -7955.059081776
    43 -4085.310163750      3869.585997179     -7954.896160930
    44 -4085.310165444      3869.696357692     -7955.006523137
    45 -4085.310136460      3869.691167745     -7955.001304205
    46 -4085.308024656      3869.812521858     -7955.120546514
    47 -4085.310169327      3869.776590465     -7955.086759792
    48 -4085.310171447      3869.760937618     -7955.071109065
    49 -4085.310171013      3869.678629935     -7954.988800948
    50 -4085.310171593      3869.795151599     -7955.105323192
    51 -4085.310171849      3869.777575478     -7955.087747326
    52 -4085.310172335      3869.718788230     -7955.028960565
    53 -4085.310173055      3869.779338489     -7955.089511544
    54 -4085.310173512      3869.780065452     -7955.090238963
    55 -4085.310174056      3869.774282069     -7955.084456125
    56 -4085.310174358      3869.776132820     -7955.086307178
    57 -4085.310174323      3869.777479437     -7955.087653761
    58 -4085.310174165      3869.782872127     -7955.093046292
    59 -4085.310174452      3869.769258735     -7955.079433187
    60 -4085.310174453      3869.774789402     -7955.084963855
    61 -4085.310174471      3869.769751731     -7955.079926202
    62 -4085.310174549      3869.776033752     -7955.086208301
    63 -4085.310174572      3869.774161162     -7955.084335734
    64 -4085.366110722      3869.907863450     -7955.273974172
    65 -4085.366307313      3869.883965759     -7955.250273072
    66 -4085.366168278      3869.874921184     -7955.241089463
    67 -4085.366137504      3869.880241228     -7955.246378733
    68 -4085.366132200      3869.879214713     -7955.245346913
    69 -4085.366129472      3869.874260667     -7955.240390139
    70 -4085.366126728      3869.869161336     -7955.235288064
    71 -4085.366123959      3869.874764557     -7955.240888517
    72 -4085.366121239      3869.872057063     -7955.238178301
    73 -4085.366118447      3869.867236784     -7955.233355231
    74 -4085.366115735      3869.879663953     -7955.245779687
    75 -4085.366113075      3869.874829325     -7955.240942400
    76 -4085.366110457      3869.873597576     -7955.239708033
    77 -4085.366107891      3869.872466277     -7955.238574169
    78 -4085.366105357      3869.880302423     -7955.246407780
    79 -4085.366103776      3869.875970812     -7955.242074587
    80 -4085.366101140      3869.796640480     -7955.162741620
    81 -4085.366267439      3869.886575119     -7955.252842558
    82 -4085.366095381      3869.872553329     -7955.238648710
    83 -4085.366093293      3869.871758483     -7955.237851776
    84 -4085.366091485      3869.872137063     -7955.238228547
    85 -4085.366089903      3869.873619422     -7955.239709325
    86 -4085.366088531      3869.871483614     -7955.237572145
    87 -4085.366087202      3869.872056005     -7955.238143206
    88 -4085.366085901      3869.870994523     -7955.237080424
    89 -4085.366084675      3869.870797303     -7955.236881978
    90 -4085.366083450      3869.870662812     -7955.236746263
    91 -4085.366082224      3869.870542668     -7955.236624892
    92 -4085.366081034      3869.870428032     -7955.236509065
    93 -4085.366079877      3869.870319926     -7955.236399803
    94 -4085.366078746      3869.870212833     -7955.236291578
    95 -4085.366077653      3869.870106924     -7955.236184578
    96 -4085.366076587      3869.870004193     -7955.236080780
    97 -4085.366075581      3869.869901607     -7955.235977187
    98 -4085.366074578      3869.869802763     -7955.235877341
    99 -4085.366073597      3869.869705815     -7955.235779412
   100 -4085.366072648      3869.869608847     -7955.235681495
   101 -4085.366072652      3869.871138159     -7955.237210811
   102 -4085.366040631      3869.852363433     -7955.218404063
   103 -4085.366047740      3869.864709273     -7955.230757013
   104 -4085.366047820      3869.861746391     -7955.227794211
   105 -4085.366045758      3869.859975868     -7955.226021626
$end
