$coord
   -0.00000000000000      0.00000000000000      0.00000000000000      mo
   -0.00000000000000      0.00000000000000     -6.63386695966567      gd
   -0.00000000000000     -0.00000000000000      6.63386695966567      gd
    2.34872179710855      2.34872179710855     -2.50374579480739      s
   -2.34872179710855     -2.34872179710855     -2.50374579480739      s
    2.34872179710855     -2.34872179710855      2.50374579480739      s
   -2.34872179710855      2.34872179710855      2.50374579480739      s
    4.71705591922572     -1.66330456720549     -7.88044218113169      c
    3.65100244313162     -3.65100244313162     -6.45186606650450      c
    1.66330456720549     -4.71705591922572     -7.88044218113169      c
    1.49593755083077     -3.38771549007287    -10.19568676300108      c
    3.38771549007287     -1.49593755083077    -10.19568676300108      c
   -1.66330456720549      4.71705591922572     -7.88044218113169      c
   -3.65100244313162      3.65100244313162     -6.45186606650450      c
   -4.71705591922572      1.66330456720549     -7.88044218113169      c
   -3.38771549007287      1.49593755083077    -10.19568676300108      c
   -1.49593755083077      3.38771549007287    -10.19568676300108      c
    1.66330456720549      4.71705591922572      7.88044218113169      c
    1.49593755083077      3.38771549007287     10.19568676300108      c
    3.38771549007287      1.49593755083077     10.19568676300108      c
    4.71705591922572      1.66330456720549      7.88044218113169      c
    3.65100244313162      3.65100244313162      6.45186606650450      c
   -4.71705591922572     -1.66330456720549      7.88044218113169      c
   -3.38771549007287     -1.49593755083077     10.19568676300108      c
   -1.49593755083077     -3.38771549007287     10.19568676300108      c
   -1.66330456720549     -4.71705591922572      7.88044218113169      c
   -3.65100244313162     -3.65100244313162      6.45186606650450      c
    0.46459144555112     -6.26183018036367     -7.28802753443936      h
    0.17108850811709     -3.75975240288923    -11.70632280601154      h
    4.20466549717055     -4.20466549717055     -4.56609290845784      h
    3.75975240288923     -0.17108850811709    -11.70632280601154      h
    6.26183018036367     -0.46459144555112     -7.28802753443936      h
   -0.17108850811709      3.75975240288923    -11.70632280601154      h
   -0.46459144555112      6.26183018036367     -7.28802753443936      h
   -4.20466549717055      4.20466549717055     -4.56609290845784      h
   -6.26183018036367      0.46459144555112     -7.28802753443936      h
   -3.75975240288923      0.17108850811709    -11.70632280601154      h
   -0.46459144555112     -6.26183018036367      7.28802753443936      h
   -4.20466549717055     -4.20466549717055      4.56609290845784      h
   -6.26183018036367     -0.46459144555112      7.28802753443936      h
   -3.75975240288923     -0.17108850811709     11.70632280601154      h
   -0.17108850811709     -3.75975240288923     11.70632280601154      h
    0.17108850811709      3.75975240288923     11.70632280601154      h
    0.46459144555112      6.26183018036367      7.28802753443936      h
    4.20466549717055      4.20466549717055      4.56609290845784      h
    3.75975240288923      0.17108850811709     11.70632280601154      h
    6.26183018036367      0.46459144555112      7.28802753443936      h
$user-defined bonds
$end
