$coord
   -0.00000000000153      0.04052087745175     -0.00000000000000      mo
    0.00376686436621     -0.00188146994210     -6.47949972189149      y
    2.39475520487798      2.40272402983047     -2.57688722180917      s
   -2.42714356341687     -2.31884880297823     -2.54945880471492      s
    2.42714356341381     -2.31884880297823      2.54945880471491      s
   -2.39475520488104      2.40272402983047      2.57688722180916      s
    4.59429506697584     -2.05779475151064     -6.95049643878623      c
    3.02550014686724     -4.03252156559553     -6.01186401795706      c
    1.22494937716568     -4.64660659038665     -7.92567703390282      c
    1.72043269607915     -3.09210496723434    -10.07672415126497      c
    3.78740786405127     -1.46140784492074     -9.45848915035862      c
   -1.24341904572717      4.64134034247253     -7.91269706745781      c
   -3.09991453680731      3.96727699855357     -6.07439865265698      c
   -4.59908337041546      1.98076276350408     -7.09879942214484      c
   -3.69447720204037      1.43752911301762     -9.58464816310523      c
   -1.63129277193048      3.10802987849854    -10.10121133453050      c
   -0.71607838764868     -6.71626975005516     -7.75683393288861      c
    0.60839012416851     -3.49656242674568    -12.65739741067389      c
    3.36752788854659     -5.39990136256433     -3.55268951247758      c
    5.16568597790070      0.28778662974072    -11.22628031147175      c
    6.88082387798629     -0.98651841168999     -5.65079640520900      c
   -0.41976180055174      3.56443065310756    -12.62831645965911      c
   -3.54682967058365      5.27190418751071     -3.59814812076249      c
   -6.91078391383472      0.85002272893385     -5.89772181758138      c
   -4.99575737828564     -0.28993892481503    -11.43016639836731      c
    4.60248107439473     -7.06826379173506     -3.80446697294199      h
    1.55309837079763     -6.05160818144300     -2.77566206475194      h
   -1.77753942437335      5.98430520337900     -2.77287092611199      h
   -4.84750246962981      6.89088564250438     -3.84041123045012      h
    4.23168569304764     -4.18397257185022     -2.10764604499628      h
   -4.38611231624629      3.99116155006162     -2.19413663532141      h
    7.22561908760742      0.99010223432899     -6.20003339541276      h
    8.59357915235330     -2.08193184933878     -6.14051925817450      h
    6.66331219326953     -1.01875406683244     -3.58468779399306      h
   -7.19561945656528     -1.12727386465727     -6.47918042623397      h
   -8.62667050280660      1.91526075941708     -6.44034170583462      h
   -6.77079710102687      0.86548456046560     -3.82477327285940      h
    0.65165021477276      6.74338421020706     -7.65203950254128      c
   -0.14219515761321      8.57276638979255     -8.27918829874318      h
    2.35747894034746      6.39175239298498     -8.79437436138075      h
    1.25930885778442      6.95877367770447     -5.67454827529279      h
    0.07468692204697     -8.56031568963453     -8.34356066376989      h
   -2.35845538517913     -6.33697990934246     -8.98014162835843      h
    4.11168040666006      0.58160733139961    -12.99061693730456      h
   -3.88714331334137     -0.53273644402117    -13.16833697766343      h
   -1.48498205841793      5.00854598693112    -13.70152955101276      h
    1.72567835487598     -4.90775003611226    -13.72134753019163      h
   -1.42116339598428     -6.92200627634949     -5.81051848638976      h
   -0.00376686436927     -0.00188146994210      6.47949972189148      y
    1.24341904572412      4.64134034247253      7.91269706745780      c
   -1.22494937716874     -4.64660659038665      7.92567703390281      c
    4.59908337041240      1.98076276350408      7.09879942214483      c
   -4.59429506697889     -2.05779475151064      6.95049643878622      c
    3.09991453680425      3.96727699855357      6.07439865265697      c
   -3.02550014687030     -4.03252156559553      6.01186401795705      c
    3.69447720203732      1.43752911301762      9.58464816310522      c
   -3.78740786405433     -1.46140784492074      9.45848915035861      c
    1.63129277192742      3.10802987849854     10.10121133453050      c
   -1.72043269608220     -3.09210496723434     10.07672415126497      c
    6.91078391383167      0.85002272893385      5.89772181758137      c
   -6.88082387798935     -0.98651841168999      5.65079640520899      c
   -0.65165021477581      6.74338421020706      7.65203950254127      c
    0.71607838764563     -6.71626975005516      7.75683393288860      c
    4.99575737828259     -0.28993892481504     11.43016639836730      c
   -5.16568597780104      0.28778662974071     11.22628031147218      c
    0.41976180054868      3.56443065310756     12.62831645965910      c
   -0.60839012417157     -3.49656242674568     12.65739741067388      c
    3.54682967058060      5.27190418751071      3.59814812076248      c
   -3.36752788854964     -5.39990136256433      3.55268951247757      c
    4.84750246962675      6.89088564250438      3.84041123045011      h
   -4.60248107439778     -7.06826379173506      3.80446697294199      h
    4.38611231624323      3.99116155006162      2.19413663532140      h
   -4.23168569305070     -4.18397257185022      2.10764604499627      h
    1.77753942437029      5.98430520337900      2.77287092611198      h
   -1.55309837080068     -6.05160818144300      2.77566206475193      h
   -2.35747894035052      6.39175239298498      8.79437436138074      h
    2.35845538517608     -6.33697990934246      8.98014162835842      h
    7.19561945656223     -1.12727386465727      6.47918042623396      h
   -7.22561908761047      0.99010223432899      6.20003339541275      h
    0.14219515761016      8.57276638979255      8.27918829874317      h
   -0.07468692205003     -8.56031568963453      8.34356066376988      h
    8.62667050280355      1.91526075941708      6.44034170583461      h
   -8.59357915235636     -2.08193184933878      6.14051925817449      h
   -1.25930885778748      6.95877367770447      5.67454827529278      h
    1.42116339598123     -6.92200627634949      5.81051848638975      h
    6.77079710102381      0.86548456046560      3.82477327285940      h
   -6.66331219327259     -1.01875406683244      3.58468779399305      h
    5.34584970973230     -2.18609846445684     10.63755564992808      h
   -1.33938719142712     -4.21407807056354    -12.56092340579780      h
    1.52843299839448      4.26423977934023    -12.44188548285180      h
    0.36472305750569      1.85313099731899     13.80543245039106      h
   -0.58470650442348     -1.75900416582485     13.79645129044514      h
    3.88714331333832     -0.53273644402117     13.16833697766342      h
    0.58470650442042     -1.75900416582485    -13.79645129044515      h
   -4.11168040666312      0.58160733139961     12.99061693730455      h
   -0.36472305750875      1.85313099731899    -13.80543245039107      h
   -5.51238861283013      2.16209348485368     10.38162151900021      h
    1.33938719152678     -4.21407807056354     12.56092340579823      h
   -5.34584970973536     -2.18609846445684    -10.63755564992809      h
   -1.52843299829482      4.26423977934023     12.44188548285222      h
    5.51238861282707      2.16209348485368    -10.38162151900022      h
   -7.03511427889062     -0.49112044151091     11.74085481492413      h
    6.85809634186921      0.47969183002295     11.98301772879969      h
   -1.72567835487904     -4.90775003611226     13.72134753019162      h
   -6.85809634187227      0.47969183002295    -11.98301772879970      h
    1.48498205841487      5.00854598693112     13.70152955101275      h
    7.03511427888756     -0.49112044151091    -11.74085481492414      h
$end