$hessapprox internal
  0.411417409250D+00 -0.283010424047D-02  0.402336200861D+00 -0.129612025942D-02
  0.733993804945D-03  0.405045674249D+00 -0.213038785015D-02  0.582480060889D-03
 -0.262985001513D-02  0.402774249387D+00 -0.339886784681D-02 -0.242932121567D-02
 -0.149979571596D-02 -0.232206436025D-02  0.414609656149D+00 -0.316908613539D-02
 -0.110347206308D-02 -0.157188520783D-02 -0.252851123222D-02 -0.336779105203D-02
  0.411551631602D+00 -0.288913220846D-02 -0.857285819891D-04 -0.172297459578D-02
 -0.285613733111D-02 -0.326176386687D-02 -0.355873147147D-02  0.413325274201D+00
 -0.444721068992D-03 -0.587253922451D-02 -0.805942056269D-03 -0.778069174655D-03
  0.293900511551D-03  0.995250972550D-03  0.500497605291D-03  0.398060055341D+00
 -0.209541501823D-02  0.149443643970D-02 -0.261322503137D-02 -0.413152480867D-02
 -0.245033014336D-02 -0.280086714707D-02 -0.306980631323D-02  0.590561914508D-04
  0.402390350678D+00 -0.902905508837D-03 -0.875484837201D-02 -0.783303415606D-03
 -0.728980585792D-03  0.181002688232D-03  0.144447662071D-02  0.127280431764D-02
 -0.126120089425D-01  0.634782327198D-03  0.392939817950D+00  0.212740240085D-02
 -0.119213707048D-01  0.215049765354D-02  0.585126834171D-02  0.367223607245D-02
  0.692076545283D-02  0.678462043157D-02 -0.234019763668D-01  0.831649188479D-02
 -0.300527668526D-01  0.241847360646D+00  0.833776266862D-03  0.144527504031D-03
  0.207906417381D-03  0.804996514718D-03  0.101392706631D-02  0.113806387594D-02
  0.827746643039D-03 -0.386826419545D-02  0.980651877398D-03 -0.390709938567D-02
 -0.122766952266D-01  0.323623748251D+00  0.201740071081D-02 -0.876680231594D-02
  0.156849090657D-02  0.434696927076D-02  0.310575084704D-02  0.548815983278D-02
  0.527531078645D-02 -0.193544680327D-01  0.621809402032D-02 -0.239501072881D-01
 -0.655622543819D-01 -0.102618575759D-01  0.273628401761D+00  0.647801403226D-03
 -0.132681357734D-03 -0.343191894303D-03  0.196310471002D-03  0.100053643152D-03
  0.199023394135D-03 -0.115007782791D-02  0.383127299308D-03 -0.419076353557D-04
 -0.111409262824D-03  0.631847756772D-03 -0.473664142088D-03 -0.116054303250D-02
  0.311319927810D-02 -0.325811234607D-02 -0.202242708299D-02 -0.202284597416D-02
 -0.317312866972D-02 -0.333632629957D-02 -0.337057836696D-02 -0.334391948361D-02
 -0.233312336809D-02 -0.309608617487D-02 -0.224831406932D-02  0.110479624494D-02
  0.311151251996D-03  0.960915635152D-03  0.480188310952D-04  0.414146453858D+00
  0.254619507799D-04  0.967226406459D-03 -0.303345951949D-03 -0.494847683235D-03
 -0.544942523766D-03 -0.210419564779D-03  0.503952106731D-04  0.502790399167D-03
 -0.451269575906D-03  0.832067708417D-04  0.302833289345D-02  0.133202965364D-03
  0.179181274137D-02  0.391652590222D-02  0.188798531048D-03  0.676689200398D-01
 -0.144422892269D-02 -0.646065401081D-02  0.242675086421D-02  0.338143943249D-02
 -0.117695054176D-02 -0.751556846959D-03  0.325932827173D-04 -0.354480172271D-04
  0.352864376000D-02 -0.635515592523D-03 -0.504361100628D-02  0.874150579321D-04
 -0.321620745804D-02  0.152922434845D-02 -0.146778891873D-03  0.143590941344D-02
  0.313174076678D+00 -0.351321307908D-03  0.704720488969D-03  0.604754748999D-03
  0.444052863325D-03 -0.384782537531D-03 -0.114287207200D-02 -0.111938909866D-02
  0.206461355148D-02  0.916124976400D-05  0.389965721997D-02  0.898102305002D-02
  0.574291037486D-03  0.645653149954D-02  0.508094411486D-03 -0.242280021113D-03
 -0.168089739786D-03 -0.206315571042D-02  0.317184019102D+00 -0.452615291811D-03
 -0.249124855236D-02  0.784289061837D-03  0.100698365759D-02 -0.439254188657D-03
 -0.250389284390D-03  0.278010477564D-04  0.329128954001D-03  0.104946393578D-02
 -0.477351633329D-04  0.189538834132D-03  0.420981185182D-03  0.314277169944D-03
 -0.107051278273D-02 -0.227427727266D-04  0.286589328109D-03 -0.266580623523D-02
 -0.765923518110D-03  0.319820207588D+00 -0.274739540071D-02 -0.762054779972D-02
  0.290450290351D-02  0.381050169412D-02 -0.248090336300D-02 -0.230053326880D-02
 -0.124415840004D-02  0.143623741729D-02  0.378109880334D-02  0.153597793581D-02
  0.142486167067D-03  0.931954881384D-03  0.105071766224D-02  0.308236775071D-02
 -0.887613431234D-03  0.119682060053D-02 -0.117654124657D-01 -0.412435589292D-02
 -0.372112574884D-02  0.304193427189D+00 -0.298651011083D-02 -0.101785765801D-01
  0.361274926092D-02  0.506509183474D-02 -0.260517245163D-02 -0.185706881800D-02
 -0.582507761441D-03  0.226529284846D-02  0.514925233896D-02  0.936966923384D-03
 -0.247292599609D-02  0.141921154803D-02 -0.589644392472D-03  0.120123165002D-03
 -0.435679931640D-03  0.332816776557D-03 -0.135539526130D-01 -0.336086113388D-02
 -0.451411214976D-02 -0.191677881500D-01  0.298319324016D+00  0.168630648973D-02
  0.124450465865D-01 -0.311380806220D-02 -0.483510369459D-02  0.134036265439D-02
 -0.451012159690D-03 -0.159136127983D-02  0.423660740989D-02 -0.567531828182D-02
  0.769227627115D-02  0.211977517821D-01  0.112918683991D-02  0.154998840934D-01
  0.746941606415D-02 -0.103026679012D-03 -0.183596809236D-02  0.108076666023D-01
 -0.555196075471D-03  0.358970717344D-02  0.129549081881D-01  0.173801295179D-01
  0.373998510350D+00 -0.214436826840D-04  0.323963479916D-02 -0.335930714319D-05
 -0.747357153999D-04 -0.937334554140D-04 -0.107983066433D-02 -0.150444974551D-02
  0.362021679760D-02 -0.877246432430D-03  0.600049163125D-02  0.111929688278D-01
  0.535350355708D-03  0.787462762388D-02 -0.374884845078D-02  0.187820242610D-05
 -0.924719749479D-04  0.899337349249D-04 -0.272444254137D-02 -0.655868784609D-04
 -0.107900468994D-02  0.186847087771D-03 -0.310942338048D-02  0.389509240205D+00
  0.529512810609D-03  0.810507004678D-03 -0.448167044288D-03 -0.897703595276D-03
  0.278251677244D-03  0.157645654155D-03  0.604838926934D-04  0.420695621676D-03
 -0.101593678642D-02  0.663197168549D-03  0.550349238058D-02  0.502694673152D-03
  0.362554859761D-02 -0.712555083315D-03  0.196067215134D-03 -0.114693478822D-02
  0.215971008021D-02 -0.318701718315D-03  0.398538902958D-03  0.267525640352D-02
  0.308161042752D-02 -0.305188360847D-02 -0.745369697944D-03  0.331344371407D+00
  0.185917546974D-02  0.310796468608D-03 -0.211279153260D-02 -0.172574906861D-02
  0.222980246390D-02  0.392186920549D-02  0.344536048097D-02 -0.753897250339D-02
 -0.534411129958D-03 -0.118358807402D-01 -0.277558206903D-01 -0.288351745164D-02
 -0.208023827548D-01  0.487485789666D-04  0.975433832068D-03 -0.137379689730D-03
  0.792661973745D-02  0.887258777747D-02  0.295401608987D-02  0.144881229886D-01
  0.136126692733D-01 -0.156896557748D-02  0.749797157006D-02  0.312366050911D-03
  0.306430333788D+00  0.106137286625D-02  0.112823023481D-02 -0.433688834468D-03
 -0.161932491078D-04  0.142616145099D-02  0.185621344892D-02  0.160722984157D-02
 -0.376945695957D-02  0.491614455100D-03 -0.496912357368D-02 -0.146484266110D-01
 -0.219119245038D-02 -0.111199626874D-01  0.439977033742D-02  0.481257851696D-03
 -0.143566797003D-03  0.236911413755D-02  0.310655097691D-02  0.126707909026D-02
  0.451309534941D-02  0.475809025760D-02 -0.741586233284D-03  0.297745004955D-02
  0.788866117270D-03 -0.978842940882D-02  0.328290277956D+00 -0.294754380020D-02
 -0.699232796523D-02  0.332102543357D-02  0.416631861994D-02 -0.299801852403D-02
 -0.313798683112D-02 -0.199853668350D-02  0.279732396261D-02  0.387170249679D-02
  0.391124899274D-02  0.583117718898D-02  0.114236912547D-02  0.491401414228D-02
  0.798018939048D-03 -0.102663796560D-02  0.902381248893D-04 -0.129588146568D-01
 -0.624724592931D-02 -0.426035012177D-02 -0.196709615422D-01 -0.219091019081D-01
  0.129633939811D-01 -0.323566319618D-02  0.229099730368D-02  0.204372486729D-01
  0.668862281151D-02  0.307902742677D+00  0.228242290356D-02  0.546472639922D-02
 -0.250674587745D-02 -0.292521972591D-02  0.228796965931D-02  0.288552127554D-02
  0.221647767118D-02 -0.106178625138D-02 -0.245090252910D-02 -0.324775175304D-02
 -0.674912700402D-02 -0.302507551999D-03 -0.457030372372D-02 -0.226777916087D-03
  0.116572413823D-02 -0.534170093053D-03  0.102783727570D-01  0.658261552430D-02
  0.340373427066D-02  0.158146968798D-01  0.163488145666D-01 -0.887923013387D-02
  0.423100218736D-02 -0.103982367644D-02 -0.199651003409D-01 -0.660873974721D-02
  0.204514971620D-01  0.312871567400D+00  0.320344110996D-02  0.849969279091D-02
 -0.959704119188D-04 -0.155822595179D-03  0.243014371590D-02  0.203938639542D-02
  0.149600506620D-02  0.400716569998D-02 -0.297605603008D-03  0.402468191222D-02
  0.465460160586D-02 -0.958836137019D-03  0.285880350756D-02 -0.124775714220D-02
  0.880500698047D-03 -0.213050205781D-02  0.586819513146D-02  0.340717697456D-03
  0.230373892383D-02  0.695868817446D-02  0.838162818120D-02 -0.880480850545D-02
 -0.127945284051D-02 -0.479403822211D-03 -0.439019879781D-02 -0.240021097081D-02
  0.714249622433D-02 -0.598787139914D-02  0.203870645288D+00  0.112931042935D-03
  0.615931716903D-02 -0.108986649704D-02 -0.281064210988D-02 -0.183609848515D-02
 -0.235119984201D-02 -0.171289982594D-02 -0.420390949840D-03 -0.241991625584D-02
  0.199610650843D-02  0.745984176645D-02 -0.640329145591D-04  0.669396675635D-02
 -0.246675553093D-03 -0.162169132101D-02  0.631158705207D-02  0.215765446973D-02
 -0.160643944840D-02  0.146983591788D-02  0.221080520498D-02  0.426105015125D-02
 -0.767169274779D-02 -0.409576174344D-02  0.138535749737D-02  0.187595261668D-02
 -0.705195140487D-03  0.403864503491D-02 -0.172145027191D-02  0.193499057338D-02
  0.210746745950D+00 -0.149380879286D-02 -0.227821309008D-03 -0.137437727243D-02
 -0.166348751797D-02 -0.142347623407D-02 -0.106083688811D-02 -0.113843364684D-02
 -0.609434677118D-03 -0.147638211050D-02 -0.169951460544D-02 -0.273662532963D-02
  0.224116492181D-03 -0.160421467708D-02 -0.265708945832D-02 -0.132457282712D-02
 -0.593841172163D-03  0.137333749579D-02  0.187082353313D-02  0.444382470582D-03
  0.202639203022D-02  0.143628762729D-02  0.442243475453D-03  0.171353193453D-02
  0.443498028043D-03 -0.486000915725D-02 -0.149134023646D-02  0.317705144657D-02
 -0.408442690207D-02 -0.139973931639D-02 -0.888911796738D-03  0.199272592133D+00
  0.154873012696D-02  0.399905529788D-02 -0.286349213475D-02 -0.517603804385D-02
 -0.776256108351D-03 -0.587042335762D-03 -0.783562130642D-03  0.221483560293D-02
 -0.560431256521D-02  0.271558871717D-02  0.268307865520D-01 -0.177151529621D-03
  0.150844643589D-01 -0.550428970699D-02  0.765312462892D-03 -0.154170744190D-01
  0.978295373826D-02 -0.100988937301D-02  0.265756972883D-02  0.131484748823D-01
  0.162771791187D-01 -0.144250383208D-01 -0.374927829578D-02 -0.830372098658D-02
 -0.211429551899D-03  0.244977827988D-02  0.138426035205D-01 -0.511354545244D-02
 -0.706780177993D-02  0.722281830262D-02 -0.122616730115D-02  0.132472752212D+00
 -0.620963747902D-02 -0.717023270763D-02 -0.127970152455D-02 -0.111478781967D-02
 -0.618168280610D-02 -0.229341467574D-02  0.738331671979D-04  0.147648939063D-01
  0.480387759588D-03  0.410065658575D-02  0.485993274787D-02  0.113891338310D-01
  0.148092730641D-01  0.132819532733D-02 -0.938780977805D-03  0.342075141293D-02
 -0.376123530640D-02  0.137598814355D-01 -0.111816251912D-02 -0.209647107622D-02
 -0.121283472122D-01  0.135311835291D-01  0.139399614816D-01  0.714417834578D-02
 -0.268191470649D-01 -0.651886532409D-02  0.868428815453D-02 -0.242657623760D-01
  0.386275337241D-02  0.210531970903D-02 -0.117959425271D-01  0.109203167046D-01
  0.227625661479D+00  0.443853925469D-04  0.262995966512D-02 -0.215074244457D-02
 -0.305872366947D-02 -0.761455014539D-03 -0.624929825697D-04  0.887215115130D-04
  0.871321449958D-02 -0.355818126147D-02  0.546639902290D-02  0.228130663122D-01
  0.627531598805D-02  0.181639916225D-01 -0.357652778588D-02  0.353871771250D-03
 -0.532461090124D-02  0.991239650735D-02  0.177759176591D-02  0.858852579016D-03
  0.975114342233D-02  0.744410879994D-02 -0.781469649789D-02  0.224626132430D-02
 -0.324139202002D-02 -0.615931981294D-02  0.257480147301D-02  0.105474262997D-01
 -0.125821859768D-01 -0.693224220851D-02  0.628433159198D-03 -0.146898475103D-01
  0.682732879520D-01  0.631281825050D-01  0.163501969522D+00 -0.128373977413D-02
  0.123997265386D-02 -0.778356857779D-03 -0.450613438705D-04 -0.158784276017D-02
 -0.640694015738D-03 -0.462724604732D-03 -0.316041780893D-03  0.138468221136D-03
 -0.164011265057D-02 -0.121005873395D-01 -0.110027551484D-02 -0.821661575621D-02
  0.160221250337D-02 -0.365543328241D-03 -0.132655382921D-02  0.318294036824D-03
  0.304659366274D-02  0.681037772673D-03  0.128510827590D-02 -0.721642559501D-03
  0.242539967589D-02  0.201655370194D-02  0.189056688806D-02 -0.792025410028D-02
 -0.384096650849D-02  0.219114774159D-02 -0.496371677432D-02 -0.245268362813D-02
  0.379604096475D-02 -0.216112561851D-02  0.130784340758D-02 -0.200722921260D-01
 -0.236898808891D-02  0.451691842842D+00 -0.279531263116D-02  0.138121599884D-01
 -0.598717075312D-02 -0.802580394856D-02 -0.611561569970D-02 -0.618554644606D-02
 -0.686671033573D-02  0.420535084338D-02 -0.931449386084D-02  0.722744929211D-02
  0.192463142019D-01  0.468757365229D-03  0.137018322976D-01 -0.273962727109D-02
 -0.431211707457D-02 -0.760836542631D-02  0.120829500129D-01 -0.970624575986D-03
  0.410213734050D-02  0.137872754932D-01  0.126732236527D-01 -0.182599421252D-01
 -0.763490603423D-02 -0.335993443609D-02 -0.854694365886D-03 -0.717013808372D-03
  0.669224397692D-02 -0.627355955974D-02 -0.299417632998D-02  0.217202462569D-01
  0.491130993774D-02  0.387640047598D-01  0.937673349508D-02  0.284073292157D-01
 -0.303209778578D-01  0.306572618360D+00  0.678259891420D-03  0.552856790288D-02
 -0.218182619749D-02 -0.318356691701D-02  0.736877918787D-03 -0.458265449056D-03
 -0.142549629793D-02 -0.181131473549D-02 -0.367166509176D-02  0.112122195136D-02
  0.336923634000D-02 -0.115459356707D-02  0.164904069639D-02  0.135023004117D-02
 -0.827551909651D-03  0.351499203606D-02  0.565335314612D-02 -0.218077572912D-03
  0.221619324700D-02  0.810298910616D-02  0.119969294002D-01 -0.100225884691D-01
 -0.235887201609D-02 -0.127529485892D-02 -0.179329736104D-02 -0.978317976166D-03
  0.896058367587D-02 -0.437919336851D-02 -0.282175190108D-02 -0.763344084941D-02
  0.185408204790D-02  0.629756166158D-02  0.225232128422D-01  0.174223220181D-01
 -0.547780521792D-01  0.136495207389D-01  0.418054037927D+00 -0.251878327368D-02
 -0.823917663212D-02 -0.102610256273D-02 -0.231757873369D-02 -0.328913172293D-02
 -0.315519709052D-02 -0.293620936061D-02  0.408368480200D-02 -0.345845276640D-02
  0.485159836771D-02  0.161034314322D-01  0.438917712793D-02  0.131001240787D-01
 -0.347202249049D-02 -0.252823178540D-02  0.142676302109D-01 -0.188013132725D-02
 -0.125749258198D-02 -0.861526134223D-03 -0.379930896489D-03  0.188640819842D-02
  0.101834094148D-02 -0.397976302070D-02 -0.941413700082D-03  0.582766205108D-02
  0.670429100619D-02  0.214193320310D-02  0.299214259771D-02  0.203808414921D-01
 -0.461487933348D-02  0.548498876507D-02  0.686535958363D-01  0.680973256817D-02
  0.516623382408D-01  0.289131246156D-01  0.634654738356D-01 -0.505450047441D-01
  0.277220604025D+00  0.526215510577D-02  0.260053376254D-02 -0.187703982564D-02
 -0.371033344364D-02  0.392932768906D-02  0.369715665205D-02  0.274259913254D-02
 -0.113520511612D-02 -0.420433640385D-02 -0.308493133275D-03  0.166535544471D-01
  0.197034458814D-02  0.111900876354D-01 -0.212048906887D-02  0.214155704550D-02
  0.747658405774D-02  0.118859887866D-01  0.336707481072D-03  0.310716439193D-02
  0.187337660074D-01  0.219695720318D-01 -0.162331997670D-01 -0.350579335690D-02
 -0.590430140992D-02 -0.569910507370D-02  0.829743075718D-03  0.197233596861D-01
 -0.110007804828D-01  0.107518129790D-01  0.906074148561D-02  0.927025691473D-02
  0.865110643552D-01  0.770855849023D-02  0.772473666875D-01  0.530703289934D-01
 -0.282687963758D-01 -0.237315845815D-02 -0.102858262994D+00  0.345707522390D+00
 -0.260186687322D-02 -0.101109026298D-01  0.202985410183D-02  0.340023784367D-02
 -0.167850981636D-02  0.640574195763D-04  0.126819834274D-02 -0.388573617779D-02
  0.465582244599D-02 -0.846680815925D-02 -0.260608185480D-01 -0.173664634281D-02
 -0.186290391572D-01  0.260085700270D-02 -0.123422210975D-02 -0.124897329947D-02
 -0.877323405147D-02  0.333675301829D-02 -0.242469803826D-02 -0.110505697296D-01
 -0.139707940960D-01  0.169143294900D-01  0.675043411387D-02  0.433493141790D-02
 -0.605469276877D-02 -0.280006722348D-02 -0.737462068075D-02  0.265111347256D-02
  0.286817007435D-02 -0.268681891988D-02 -0.830622291117D-02 -0.384645742573D-01
 -0.239875494150D-01 -0.419185519100D-01  0.525474577230D-01  0.567489855773D-01
  0.756367298200D-01  0.428586937519D-01  0.292160889236D-01  0.374752403711D+00
  0.310449705642D-03  0.103222132859D-01 -0.294970581424D-02 -0.349262871486D-02
  0.275296184682D-02 -0.805910099170D-03 -0.355352320226D-02  0.254106004668D-02
 -0.521171887416D-02  0.847627554503D-02  0.665264789895D-02 -0.206508940583D-02
  0.360085583603D-02  0.213882863216D-02 -0.170586267139D-02  0.935732423868D-02
  0.628199308611D-02 -0.777050272889D-03  0.325097123833D-02  0.838189231687D-02
  0.198493566506D-01 -0.149379403007D-01 -0.203491680444D-02  0.659434859089D-03
 -0.433336493486D-03 -0.648096948463D-03  0.145964518994D-01 -0.599780137851D-02
 -0.107616954354D-01 -0.488690435387D-01 -0.666568448773D-02 -0.450390323221D-02
  0.653769986747D-02  0.680922529591D-03  0.115922234851D-01  0.152979508605D+00
 -0.368377706653D-01 -0.468430904299D-01  0.810788126931D-02 -0.260295316498D-01
  0.203506835327D+00 -0.135470040717D-02 -0.130797695987D-02  0.728396712820D-03
  0.102129296619D-02 -0.119960410837D-02 -0.640871737117D-03 -0.758728764647D-04
  0.465604983379D-02  0.133888803807D-02  0.281800712666D-02 -0.308750097375D-02
  0.112040152513D-02  0.306237371793D-03  0.102390443476D-02 -0.108021578679D-02
  0.336367533093D-02 -0.393195650636D-02  0.286475077170D-02 -0.281952824386D-03
 -0.398172782685D-02 -0.501199924757D-02  0.493160640271D-02  0.220768663690D-02
  0.343310528256D-02 -0.491505340857D-02 -0.202371698946D-02 -0.920477718160D-03
 -0.218121091644D-02  0.998931032512D-02 -0.257175717079D-02  0.243297830688D-03
 -0.134044929143D-01  0.210530565790D-01  0.478210936541D-01 -0.541739963747D-02
  0.666655296630D-04 -0.791508452403D-02 -0.510504050859D-01  0.196598982963D-01
 -0.197170225669D-01  0.110573981166D-01  0.222574163275D+00
$end
