$dipgrad          cartesian dipole gradients
  0.72041177877078D+00  -.11756047202739D-15  -.39964708522199D-16
  -.11141948398698D-15  0.72041177877079D+00  -.20867080177738D-15
  -.33966021071806D-17  0.30484716821814D-17  0.24114336743299D+01
  0.97374362379031D+00  -.62996926792456D+00  -.16679433984153D-15
  -.62996926792454D+00  0.97374362379032D+00  -.27884705788438D-15
  0.28973185477307D-16  -.38458207481101D-16  0.25167926850487D+01
  0.97374362379030D+00  0.62996926792458D+00  0.34714626256703D-15
  0.62996926792454D+00  0.97374362379031D+00  -.83364129018376D-15
  -.18375405702793D-15  -.22105124703614D-16  0.25167926850488D+01
  -.42011053820557D+00  -.30409349342682D+00  0.16633407772197D+00
  -.30409349342682D+00  -.42011053820557D+00  0.16633407772198D+00
  0.20639894483056D+00  0.20639894483055D+00  -.13310716454584D+01
  -.42011053820557D+00  -.30409349342681D+00  -.16633407772198D+00
  -.30409349342682D+00  -.42011053820557D+00  -.16633407772198D+00
  -.20639894483055D+00  -.20639894483055D+00  -.13310716454584D+01
  -.42011053820559D+00  0.30409349342682D+00  -.16633407772198D+00
  0.30409349342681D+00  -.42011053820559D+00  0.16633407772198D+00
  -.20639894483056D+00  0.20639894483056D+00  -.13310716454584D+01
  -.42011053820560D+00  0.30409349342682D+00  0.16633407772198D+00
  0.30409349342683D+00  -.42011053820560D+00  -.16633407772198D+00
  0.20639894483055D+00  -.20639894483055D+00  -.13310716454584D+01
  -.17590122455091D+00  0.64022565369252D-01  0.19525405763445D+00
  0.11253608555404D+00  -.15834835739909D+00  -.25523624686763D+00
  0.11089775872478D+00  -.13881775400693D+00  -.16152870629697D+00
  -.17860325842428D+00  0.19230899578546D+00  0.17776587815709D+00
  0.19230899578547D+00  -.17860325842428D+00  -.17776587815709D+00
  0.48918048035076D-01  -.48918048035077D-01  -.29057966765540D+00
  -.15834835739909D+00  0.11253608555404D+00  0.25523624686763D+00
  0.64022565369249D-01  -.17590122455091D+00  -.19525405763446D+00
  0.13881775400693D+00  -.11089775872478D+00  -.16152870629697D+00
  -.16278401449069D+00  0.15947426615919D+00  0.21552429870221D+00
  0.15189878441940D+00  -.16651197307076D+00  -.29982651011880D+00
  0.78891844511388D-01  -.13087992974516D+00  -.17093020737974D+00
  -.16651197307076D+00  0.15189878441940D+00  0.29982651011880D+00
  0.15947426615918D+00  -.16278401449069D+00  -.21552429870221D+00
  0.13087992974516D+00  -.78891844511391D-01  -.17093020737973D+00
  -.15834835739909D+00  0.11253608555404D+00  -.25523624686763D+00
  0.64022565369252D-01  -.17590122455091D+00  0.19525405763445D+00
  -.13881775400693D+00  0.11089775872478D+00  -.16152870629697D+00
  -.17860325842428D+00  0.19230899578547D+00  -.17776587815709D+00
  0.19230899578547D+00  -.17860325842428D+00  0.17776587815708D+00
  -.48918048035077D-01  0.48918048035078D-01  -.29057966765540D+00
  -.17590122455091D+00  0.64022565369253D-01  -.19525405763445D+00
  0.11253608555404D+00  -.15834835739909D+00  0.25523624686763D+00
  -.11089775872478D+00  0.13881775400693D+00  -.16152870629696D+00
  -.16651197307076D+00  0.15189878441941D+00  -.29982651011880D+00
  0.15947426615918D+00  -.16278401449069D+00  0.21552429870221D+00
  -.13087992974516D+00  0.78891844511391D-01  -.17093020737975D+00
  -.16278401449069D+00  0.15947426615919D+00  -.21552429870221D+00
  0.15189878441941D+00  -.16651197307076D+00  0.29982651011881D+00
  -.78891844511390D-01  0.13087992974516D+00  -.17093020737974D+00
  -.15834835739909D+00  -.11253608555404D+00  -.25523624686763D+00
  -.64022565369250D-01  -.17590122455091D+00  -.19525405763445D+00
  -.13881775400693D+00  -.11089775872478D+00  -.16152870629697D+00
  -.16278401449070D+00  -.15947426615918D+00  -.21552429870221D+00
  -.15189878441940D+00  -.16651197307076D+00  -.29982651011880D+00
  -.78891844511388D-01  -.13087992974516D+00  -.17093020737973D+00
  -.16651197307076D+00  -.15189878441940D+00  -.29982651011880D+00
  -.15947426615918D+00  -.16278401449069D+00  -.21552429870221D+00
  -.13087992974516D+00  -.78891844511390D-01  -.17093020737974D+00
  -.17590122455091D+00  -.64022565369251D-01  -.19525405763446D+00
  -.11253608555404D+00  -.15834835739908D+00  -.25523624686762D+00
  -.11089775872477D+00  -.13881775400693D+00  -.16152870629696D+00
  -.17860325842428D+00  -.19230899578547D+00  -.17776587815709D+00
  -.19230899578547D+00  -.17860325842428D+00  -.17776587815709D+00
  -.48918048035076D-01  -.48918048035077D-01  -.29057966765541D+00
  -.17590122455091D+00  -.64022565369251D-01  0.19525405763445D+00
  -.11253608555404D+00  -.15834835739909D+00  0.25523624686763D+00
  0.11089775872478D+00  0.13881775400693D+00  -.16152870629697D+00
  -.16651197307076D+00  -.15189878441940D+00  0.29982651011881D+00
  -.15947426615918D+00  -.16278401449070D+00  0.21552429870221D+00
  0.13087992974516D+00  0.78891844511387D-01  -.17093020737975D+00
  -.16278401449069D+00  -.15947426615918D+00  0.21552429870221D+00
  -.15189878441941D+00  -.16651197307076D+00  0.29982651011881D+00
  0.78891844511391D-01  0.13087992974516D+00  -.17093020737973D+00
  -.15834835739908D+00  -.11253608555404D+00  0.25523624686763D+00
  -.64022565369253D-01  -.17590122455091D+00  0.19525405763445D+00
  0.13881775400693D+00  0.11089775872478D+00  -.16152870629697D+00
  -.17860325842428D+00  -.19230899578547D+00  0.17776587815709D+00
  -.19230899578547D+00  -.17860325842428D+00  0.17776587815709D+00
  0.48918048035076D-01  0.48918048035076D-01  -.29057966765540D+00
  0.53725547687773D-01  -.11576865529518D+00  -.39424885445911D-01
  -.77133515329663D-01  0.42730644128985D-01  0.90229968078334D-01
  -.36855915719065D-02  0.81501531421859D-01  0.96437428326627D-01
  0.36944658339338D-01  -.72693124231375D-01  -.15598466750923D+00
  -.58554650773463D-01  0.10711439916483D+00  0.36156574335463D-01
  -.91752805568533D-01  0.42265966070358D-02  -.12022267006706D-01
  0.10476936023117D+00  -.56397853649953D-01  -.76412021852148D-01
  -.56397853649953D-01  0.10476936023117D+00  0.76412021852148D-01
  -.70721125994079D-01  0.70721125994081D-01  0.64840567158289D-02
  0.10711439916483D+00  -.58554650773463D-01  -.36156574335464D-01
  -.72693124231374D-01  0.36944658339338D-01  0.15598466750923D+00
  -.42265966070355D-02  0.91752805568534D-01  -.12022267006707D-01
  0.42730644128986D-01  -.77133515329664D-01  -.90229968078334D-01
  -.11576865529518D+00  0.53725547687772D-01  0.39424885445912D-01
  -.81501531421857D-01  0.36855915719065D-02  0.96437428326626D-01
  0.36944658339338D-01  -.72693124231374D-01  0.15598466750923D+00
  -.58554650773463D-01  0.10711439916483D+00  -.36156574335468D-01
  0.91752805568534D-01  -.42265966070357D-02  -.12022267006706D-01
  0.53725547687773D-01  -.11576865529518D+00  0.39424885445911D-01
  -.77133515329663D-01  0.42730644128986D-01  -.90229968078335D-01
  0.36855915719065D-02  -.81501531421858D-01  0.96437428326626D-01
  0.10476936023117D+00  -.56397853649953D-01  0.76412021852148D-01
  -.56397853649953D-01  0.10476936023117D+00  -.76412021852149D-01
  0.70721125994080D-01  -.70721125994079D-01  0.64840567158316D-02
  0.42730644128986D-01  -.77133515329664D-01  0.90229968078333D-01
  -.11576865529518D+00  0.53725547687774D-01  -.39424885445910D-01
  0.81501531421859D-01  -.36855915719065D-02  0.96437428326626D-01
  0.10711439916483D+00  -.58554650773464D-01  0.36156574335465D-01
  -.72693124231375D-01  0.36944658339337D-01  -.15598466750923D+00
  0.42265966070342D-02  -.91752805568534D-01  -.12022267006708D-01
  0.53725547687773D-01  0.11576865529518D+00  -.39424885445912D-01
  0.77133515329663D-01  0.42730644128986D-01  -.90229968078335D-01
  -.36855915719065D-02  -.81501531421858D-01  0.96437428326626D-01
  0.10476936023117D+00  0.56397853649953D-01  -.76412021852148D-01
  0.56397853649952D-01  0.10476936023117D+00  -.76412021852149D-01
  -.70721125994076D-01  -.70721125994077D-01  0.64840567158319D-02
  0.42730644128987D-01  0.77133515329663D-01  -.90229968078334D-01
  0.11576865529518D+00  0.53725547687774D-01  -.39424885445909D-01
  -.81501531421858D-01  -.36855915719065D-02  0.96437428326626D-01
  0.10711439916483D+00  0.58554650773463D-01  -.36156574335467D-01
  0.72693124231374D-01  0.36944658339340D-01  -.15598466750923D+00
  -.42265966070349D-02  -.91752805568535D-01  -.12022267006709D-01
  0.36944658339338D-01  0.72693124231374D-01  -.15598466750923D+00
  0.58554650773464D-01  0.10711439916483D+00  -.36156574335467D-01
  -.91752805568534D-01  -.42265966070377D-02  -.12022267006706D-01
  0.36944658339338D-01  0.72693124231375D-01  0.15598466750923D+00
  0.58554650773464D-01  0.10711439916483D+00  0.36156574335466D-01
  0.91752805568533D-01  0.42265966070358D-02  -.12022267006711D-01
  0.53725547687773D-01  0.11576865529518D+00  0.39424885445916D-01
  0.77133515329663D-01  0.42730644128987D-01  0.90229968078334D-01
  0.36855915719065D-02  0.81501531421859D-01  0.96437428326627D-01
  0.10476936023118D+00  0.56397853649953D-01  0.76412021852148D-01
  0.56397853649953D-01  0.10476936023118D+00  0.76412021852148D-01
  0.70721125994077D-01  0.70721125994080D-01  0.64840567158300D-02
  0.10711439916483D+00  0.58554650773466D-01  0.36156574335466D-01
  0.72693124231375D-01  0.36944658339336D-01  0.15598466750923D+00
  0.42265966070361D-02  0.91752805568529D-01  -.12022267006706D-01
  0.42730644128988D-01  0.77133515329662D-01  0.90229968078335D-01
  0.11576865529518D+00  0.53725547687777D-01  0.39424885445912D-01
  0.81501531421859D-01  0.36855915719065D-02  0.96437428326626D-01
$dipgrad          cartesian dipole gradients
  0.71935829676359D+00  -.74427147257623D-16  0.60283334839933D-17
  0.76233068650464D-17  0.71935829676359D+00  0.62900666630793D-16
  0.18609313931956D-17  -.11935202445612D-15  0.24189152927675D+01
  0.97485945432864D+00  -.63035379234486D+00  0.35723614550450D-15
  -.63035379234484D+00  0.97485945432864D+00  -.40861758760142D-15
  0.60227483621129D-16  0.78015519620604D-16  0.25207448036365D+01
  0.97485945432865D+00  0.63035379234490D+00  0.61562275197104D-16
  0.63035379234486D+00  0.97485945432864D+00  0.35951596115182D-15
  0.12040149828746D-16  0.33970785745226D-17  0.25207448036365D+01
  -.41991055082043D+00  -.30355187710314D+00  0.16497745891062D+00
  -.30355187710314D+00  -.41991055082042D+00  0.16497745891062D+00
  0.20687391842582D+00  0.20687391842582D+00  -.13284839445278D+01
  -.41991055082042D+00  -.30355187710315D+00  -.16497745891062D+00
  -.30355187710314D+00  -.41991055082042D+00  -.16497745891062D+00
  -.20687391842582D+00  -.20687391842582D+00  -.13284839445278D+01
  -.41991055082042D+00  0.30355187710315D+00  -.16497745891062D+00
  0.30355187710314D+00  -.41991055082041D+00  0.16497745891062D+00
  -.20687391842582D+00  0.20687391842582D+00  -.13284839445278D+01
  -.41991055082041D+00  0.30355187710314D+00  0.16497745891062D+00
  0.30355187710314D+00  -.41991055082040D+00  -.16497745891062D+00
  0.20687391842582D+00  -.20687391842582D+00  -.13284839445278D+01
  -.17575657335145D+00  0.64060156728903D-01  0.19606719318653D+00
  0.11235833418403D+00  -.15863257928680D+00  -.25744482286449D+00
  0.11126999189470D+00  -.13898875903715D+00  -.16311946493519D+00
  -.17839338418568D+00  0.19247699066625D+00  0.17880103310232D+00
  0.19247699066624D+00  -.17839338418568D+00  -.17880103310232D+00
  0.49463118346905D-01  -.49463118346907D-01  -.29298563769731D+00
  -.15863257928681D+00  0.11235833418402D+00  0.25744482286449D+00
  0.64060156728903D-01  -.17575657335145D+00  -.19606719318653D+00
  0.13898875903715D+00  -.11126999189470D+00  -.16311946493519D+00
  -.16294024504045D+00  0.15935745668601D+00  0.21746166464433D+00
  0.15178521945115D+00  -.16637251832320D+00  -.30035906175089D+00
  0.78881614524119D-01  -.13056095340829D+00  -.17160220688676D+00
  -.16637251832320D+00  0.15178521945114D+00  0.30035906175089D+00
  0.15935745668601D+00  -.16294024504045D+00  -.21746166464433D+00
  0.13056095340829D+00  -.78881614524117D-01  -.17160220688677D+00
  -.15863257928681D+00  0.11235833418402D+00  -.25744482286449D+00
  0.64060156728897D-01  -.17575657335145D+00  0.19606719318653D+00
  -.13898875903715D+00  0.11126999189470D+00  -.16311946493519D+00
  -.17839338418569D+00  0.19247699066625D+00  -.17880103310232D+00
  0.19247699066624D+00  -.17839338418569D+00  0.17880103310232D+00
  -.49463118346904D-01  0.49463118346903D-01  -.29298563769731D+00
  -.17575657335145D+00  0.64060156728907D-01  -.19606719318653D+00
  0.11235833418403D+00  -.15863257928681D+00  0.25744482286449D+00
  -.11126999189470D+00  0.13898875903715D+00  -.16311946493519D+00
  -.16637251832321D+00  0.15178521945115D+00  -.30035906175089D+00
  0.15935745668601D+00  -.16294024504044D+00  0.21746166464433D+00
  -.13056095340829D+00  0.78881614524121D-01  -.17160220688677D+00
  -.16294024504045D+00  0.15935745668602D+00  -.21746166464433D+00
  0.15178521945115D+00  -.16637251832320D+00  0.30035906175089D+00
  -.78881614524120D-01  0.13056095340830D+00  -.17160220688677D+00
  -.15863257928681D+00  -.11235833418403D+00  -.25744482286449D+00
  -.64060156728902D-01  -.17575657335145D+00  -.19606719318653D+00
  -.13898875903715D+00  -.11126999189470D+00  -.16311946493519D+00
  -.16294024504045D+00  -.15935745668601D+00  -.21746166464433D+00
  -.15178521945114D+00  -.16637251832320D+00  -.30035906175089D+00
  -.78881614524120D-01  -.13056095340829D+00  -.17160220688676D+00
  -.16637251832320D+00  -.15178521945114D+00  -.30035906175089D+00
  -.15935745668602D+00  -.16294024504045D+00  -.21746166464433D+00
  -.13056095340829D+00  -.78881614524122D-01  -.17160220688677D+00
  -.17575657335145D+00  -.64060156728902D-01  -.19606719318653D+00
  -.11235833418402D+00  -.15863257928681D+00  -.25744482286449D+00
  -.11126999189470D+00  -.13898875903715D+00  -.16311946493519D+00
  -.17839338418568D+00  -.19247699066624D+00  -.17880103310232D+00
  -.19247699066624D+00  -.17839338418568D+00  -.17880103310232D+00
  -.49463118346902D-01  -.49463118346902D-01  -.29298563769732D+00
  -.17575657335145D+00  -.64060156728903D-01  0.19606719318653D+00
  -.11235833418402D+00  -.15863257928681D+00  0.25744482286449D+00
  0.11126999189469D+00  0.13898875903714D+00  -.16311946493519D+00
  -.16637251832320D+00  -.15178521945114D+00  0.30035906175089D+00
  -.15935745668601D+00  -.16294024504045D+00  0.21746166464432D+00
  0.13056095340830D+00  0.78881614524116D-01  -.17160220688677D+00
  -.16294024504045D+00  -.15935745668601D+00  0.21746166464433D+00
  -.15178521945114D+00  -.16637251832320D+00  0.30035906175089D+00
  0.78881614524117D-01  0.13056095340830D+00  -.17160220688676D+00
  -.15863257928681D+00  -.11235833418402D+00  0.25744482286449D+00
  -.64060156728901D-01  -.17575657335145D+00  0.19606719318653D+00
  0.13898875903715D+00  0.11126999189470D+00  -.16311946493519D+00
  -.17839338418569D+00  -.19247699066624D+00  0.17880103310232D+00
  -.19247699066625D+00  -.17839338418569D+00  0.17880103310232D+00
  0.49463118346902D-01  0.49463118346900D-01  -.29298563769731D+00
  0.53797404808792D-01  -.11572142838917D+00  -.39727174883613D-01
  -.77259007184342D-01  0.42291892452904D-01  0.90130198368433D-01
  -.37823232348672D-02  0.81438200164074D-01  0.96639866562064D-01
  0.36931692719543D-01  -.72590382103296D-01  -.15595584889379D+00
  -.58588855619785D-01  0.10708677850180D+00  0.36068161305384D-01
  -.91857662063275D-01  0.42603966001648D-02  -.12177414916631D-01
  0.10462878116835D+00  -.56147991628419D-01  -.76699955038539D-01
  -.56147991628421D-01  0.10462878116835D+00  0.76699955038538D-01
  -.70874939768636D-01  0.70874939768635D-01  0.68867975651210D-02
  0.10708677850180D+00  -.58588855619782D-01  -.36068161305383D-01
  -.72590382103295D-01  0.36931692719542D-01  0.15595584889379D+00
  -.42603966001642D-02  0.91857662063274D-01  -.12177414916630D-01
  0.42291892452905D-01  -.77259007184341D-01  -.90130198368433D-01
  -.11572142838917D+00  0.53797404808792D-01  0.39727174883610D-01
  -.81438200164073D-01  0.37823232348672D-02  0.96639866562064D-01
  0.36931692719542D-01  -.72590382103295D-01  0.15595584889379D+00
  -.58588855619784D-01  0.10708677850181D+00  -.36068161305384D-01
  0.91857662063274D-01  -.42603966001643D-02  -.12177414916630D-01
  0.53797404808793D-01  -.11572142838917D+00  0.39727174883610D-01
  -.77259007184341D-01  0.42291892452904D-01  -.90130198368434D-01
  0.37823232348673D-02  -.81438200164075D-01  0.96639866562063D-01
  0.10462878116835D+00  -.56147991628421D-01  0.76699955038539D-01
  -.56147991628420D-01  0.10462878116835D+00  -.76699955038539D-01
  0.70874939768636D-01  -.70874939768635D-01  0.68867975651212D-02
  0.42291892452905D-01  -.77259007184344D-01  0.90130198368433D-01
  -.11572142838917D+00  0.53797404808792D-01  -.39727174883610D-01
  0.81438200164072D-01  -.37823232348672D-02  0.96639866562064D-01
  0.10708677850180D+00  -.58588855619783D-01  0.36068161305382D-01
  -.72590382103294D-01  0.36931692719543D-01  -.15595584889379D+00
  0.42603966001635D-02  -.91857662063273D-01  -.12177414916631D-01
  0.53797404808791D-01  0.11572142838916D+00  -.39727174883612D-01
  0.77259007184341D-01  0.42291892452905D-01  -.90130198368434D-01
  -.37823232348673D-02  -.81438200164073D-01  0.96639866562064D-01
  0.10462878116835D+00  0.56147991628421D-01  -.76699955038539D-01
  0.56147991628420D-01  0.10462878116835D+00  -.76699955038539D-01
  -.70874939768636D-01  -.70874939768634D-01  0.68867975651190D-02
  0.42291892452904D-01  0.77259007184343D-01  -.90130198368434D-01
  0.11572142838916D+00  0.53797404808791D-01  -.39727174883613D-01
  -.81438200164073D-01  -.37823232348673D-02  0.96639866562063D-01
  0.10708677850180D+00  0.58588855619783D-01  -.36068161305381D-01
  0.72590382103294D-01  0.36931692719543D-01  -.15595584889379D+00
  -.42603966001647D-02  -.91857662063274D-01  -.12177414916629D-01
  0.36931692719540D-01  0.72590382103295D-01  -.15595584889379D+00
  0.58588855619782D-01  0.10708677850180D+00  -.36068161305384D-01
  -.91857662063274D-01  -.42603966001641D-02  -.12177414916632D-01
  0.36931692719541D-01  0.72590382103294D-01  0.15595584889379D+00
  0.58588855619783D-01  0.10708677850180D+00  0.36068161305377D-01
  0.91857662063275D-01  0.42603966001669D-02  -.12177414916631D-01
  0.53797404808792D-01  0.11572142838916D+00  0.39727174883610D-01
  0.77259007184341D-01  0.42291892452906D-01  0.90130198368434D-01
  0.37823232348672D-02  0.81438200164076D-01  0.96639866562063D-01
  0.10462878116835D+00  0.56147991628418D-01  0.76699955038539D-01
  0.56147991628420D-01  0.10462878116835D+00  0.76699955038539D-01
  0.70874939768634D-01  0.70874939768636D-01  0.68867975651193D-02
  0.10708677850180D+00  0.58588855619784D-01  0.36068161305383D-01
  0.72590382103295D-01  0.36931692719542D-01  0.15595584889379D+00
  0.42603966001646D-02  0.91857662063274D-01  -.12177414916624D-01
  0.42291892452905D-01  0.77259007184341D-01  0.90130198368432D-01
  0.11572142838917D+00  0.53797404808791D-01  0.39727174883611D-01
  0.81438200164073D-01  0.37823232348673D-02  0.96639866562064D-01
$end
