$coord
    0.00000000000000      0.00000000000000      0.00000000000000      mo
    0.00000000000000     -0.00000000000000     -6.12374869749349      dy
    0.00000000000000      0.00000000000000      6.12374869749349      dy
    2.40205143234605      2.40205143234605     -2.75601643429006      s
   -2.40205143234605     -2.40205143234605     -2.75601643429006      s
    2.40205143234605     -2.40205143234605      2.75601643429006      s
   -2.40205143234605      2.40205143234605      2.75601643429006      s
    4.53349159203528     -1.47218920054811     -7.37805395973467      c
    3.47254638493511     -3.47254638493511     -5.95390656751362      c
    1.47218920054811     -4.53349159203528     -7.37805395973467      c
    1.27629698832810     -3.17467073180301     -9.67021139303143      c
    3.17467073180301     -1.27629698832810     -9.67021139303143      c
   -1.47218920054811      4.53349159203528     -7.37805395973467      c
   -3.47254638493511      3.47254638493511     -5.95390656751362      c
   -4.53349159203528      1.47218920054811     -7.37805395973467      c
   -3.17467073180301      1.27629698832810     -9.67021139303143      c
   -1.27629698832810      3.17467073180301     -9.67021139303143      c
    1.47218920054811      4.53349159203528      7.37805395973467      c
    1.27629698832810      3.17467073180301      9.67021139303143      c
    3.17467073180301      1.27629698832810      9.67021139303143      c
    4.53349159203528      1.47218920054811      7.37805395973467      c
    3.47254638493511      3.47254638493511      5.95390656751362      c
   -4.53349159203528     -1.47218920054811      7.37805395973467      c
   -3.17467073180301     -1.27629698832810      9.67021139303143      c
   -1.27629698832810     -3.17467073180301      9.67021139303143      c
   -1.47218920054811     -4.53349159203528      7.37805395973467      c
   -3.47254638493511     -3.47254638493511      5.95390656751362      c
    0.25947476731507     -6.05547713064253     -6.77054804670322      h
   -0.07637749388445     -3.51949796835952    -11.15920136619904      h
    4.01809179338089     -4.01809179338089     -4.06579221765091      h
    3.51949796835952      0.07637749388445    -11.15920136619904      h
    6.05547713064253     -0.25947476731507     -6.77054804670322      h
    0.07637749388445      3.51949796835952    -11.15920136619904      h
   -0.25947476731507      6.05547713064253     -6.77054804670322      h
   -4.01809179338089      4.01809179338089     -4.06579221765091      h
   -6.05547713064253      0.25947476731507     -6.77054804670322      h
   -3.51949796835952     -0.07637749388445    -11.15920136619904      h
   -0.25947476731507     -6.05547713064253      6.77054804670322      h
   -4.01809179338089     -4.01809179338089      4.06579221765091      h
   -6.05547713064253     -0.25947476731507      6.77054804670322      h
   -3.51949796835952      0.07637749388445     11.15920136619904      h
    0.07637749388445     -3.51949796835952     11.15920136619904      h
   -0.07637749388445      3.51949796835952     11.15920136619904      h
    0.25947476731507      6.05547713064253      6.77054804670322      h
    4.01809179338089      4.01809179338089      4.06579221765091      h
    3.51949796835952     -0.07637749388445     11.15920136619904      h
    6.05547713064253      0.25947476731507      6.77054804670322      h
$user-defined bonds
$redundant
     number_of_atoms            47
     degrees_of_freedom         19
     internal_coordinates       29
     frozen_coordinates          0
# definitions of redundant internals
   1 k  1.0000000000000 stre    9   30           val=   2.03966
   2 k  1.0000000000000 stre   11   29           val=   2.04101
   3 k  1.0000000000000 stre    8   32           val=   2.03867
   4 k -0.7070728833411 bend   12   32    8      val=   0.11713
        0.7071196038601 bend    9   32    8
        0.0054592564068 bend    2   32    8
   5 k -0.7071063656010 bend   10   29   11      val=   0.09437
        0.7071059612638 bend   12   29   11
        0.0013218440516 bend    2   29   11
   6 k  0.0351433071925 bend    8   30    9      val= 114.97728
        0.0351433071925 bend   10   30    9
        0.9987641843394 bend    2   30    9
   7 k  0.0310543143761 bend   12   32    8      val= 116.20170
        0.0233376754386 bend    9   32    8
        0.9992452063752 bend    2   32    8
   8 k  0.0004580041577 bend   10   29   11      val= 117.19074
       -0.0014113654753 bend   12   29   11
        0.9999988991392 bend    2   29   11
   9 k  1.0000000000000 tors   10   11    2    1 val=  99.14007
        1.0000000000000 tors   10   11    2    4
        1.0000000000000 tors   10   11    2    5
        1.0000000000000 tors   10   11    2    8
        1.0000000000000 tors   10   11    2    9
        1.0000000000000 tors   10   11    2   13
        1.0000000000000 tors   10   11    2   14
        1.0000000000000 tors   10   11    2   15
        1.0000000000000 tors   10   11    2   16
        1.0000000000000 tors   10   11    2   17
        1.0000000000000 tors   12   11    2    1
        1.0000000000000 tors   12   11    2    4
        1.0000000000000 tors   12   11    2    5
        1.0000000000000 tors   12   11    2    8
        1.0000000000000 tors   12   11    2    9
        1.0000000000000 tors   12   11    2   13
        1.0000000000000 tors   12   11    2   14
        1.0000000000000 tors   12   11    2   15
        1.0000000000000 tors   12   11    2   16
        1.0000000000000 tors   12   11    2   17
  10 k  1.0000000000000 tors    9    8    2    1 val=  76.61852
        1.0000000000000 tors    9    8    2    4
        1.0000000000000 tors    9    8    2    5
        1.0000000000000 tors    9    8    2   10
        1.0000000000000 tors    9    8    2   11
        1.0000000000000 tors    9    8    2   13
        1.0000000000000 tors    9    8    2   14
        1.0000000000000 tors    9    8    2   15
        1.0000000000000 tors    9    8    2   16
        1.0000000000000 tors    9    8    2   17
        1.0000000000000 tors   12    8    2    1
        1.0000000000000 tors   12    8    2    4
        1.0000000000000 tors   12    8    2    5
        1.0000000000000 tors   12    8    2   10
        1.0000000000000 tors   12    8    2   11
        1.0000000000000 tors   12    8    2   13
        1.0000000000000 tors   12    8    2   14
        1.0000000000000 tors   12    8    2   15
        1.0000000000000 tors   12    8    2   16
        1.0000000000000 tors   12    8    2   17
  11 k  1.0000000000000 stre    1    4           val=   4.37439
  12 k  1.0000000000000 stre    1    2           val=   6.12375
  13 k  1.0000000000000 stre    4    2           val=   4.78344
  14 k  1.0000000000000 bend    5    4    1      val= 101.89477
  15 k  1.0000000000000 stre    2    9           val=   4.91386
  16 k  1.0000000000000 stre    2   11           val=   4.92797
  17 k  1.0000000000000 stre   11   12           val=   2.68471
  18 k  1.0000000000000 stre    2    8           val=   4.92881
  19 k  1.0000000000000 stre    9    8           val=   2.67493
  20 k  1.0000000000000 stre   12    8           val=   2.67184
  21 k -0.3201476469148 bend    5    4    2      val=  58.21867
       -0.1561809961562 bend    9    4    2
        0.0021487224785 bend   11    4    2
        0.0625877555454 bend   11    9    2
        0.0076258147555 bend   12    4    2
        0.3395322962103 bend   16    9    2
        0.2786043736341 bend   16   11    2
        0.3167604272301 bend   17   11    2
       -0.0808131218217 bend    8    4    2
       -0.1757736146752 bend    8    5    2
        0.1888168322871 bend    8   14    2
        0.0931688483376 bend    8   11    2
        0.3713096092157 bend    8   16    2
        0.2889407421109 bend    8   17    2
        0.2038561226338 bend    8   13    2
        0.4275145676830 bend   15    8    2
        0.0407024969999 bend   10    8    2
       -0.2163182547044 bend    1    9    2
  22 k  0.6920329981631 bend    5    4    2      val=  18.29188
        0.0565393270107 bend    9    4    2
       -0.2682652177959 bend   11    4    2
       -0.2236302026925 bend   11    9    2
       -0.3261053887884 bend   12    4    2
        0.0951010457321 bend   16    9    2
        0.3183028844331 bend   16   11    2
        0.3018715324613 bend   17   11    2
       -0.1711748437634 bend    8    4    2
        0.0728805134810 bend    8    5    2
       -0.0521032125057 bend    8   14    2
       -0.1043824474906 bend    8   11    2
        0.1313902129176 bend    8   16    2
        0.1201709031074 bend    8   17    2
       -0.0427230204105 bend    8   13    2
       -0.0277519964585 bend   15    8    2
        0.0300445906801 bend   10    8    2
        0.0682603822146 bend    1    9    2
  23 k  0.2643721959460 bend    5    4    2      val=  19.25355
        0.0167478854225 bend    9    4    2
       -0.0183476794521 bend   11    4    2
        0.0658020850259 bend   11    9    2
       -0.0306153355277 bend   12    4    2
       -0.1002044597499 bend   16    9    2
       -0.1662054688504 bend   16   11    2
       -0.1901228433343 bend   17   11    2
        0.0926814462492 bend    8    4    2
       -0.2264048450768 bend    8    5    2
        0.2825240285705 bend    8   14    2
       -0.1353289342863 bend    8   11    2
       -0.0361817472578 bend    8   16    2
        0.1363519110553 bend    8   17    2
        0.5719850992147 bend    8   13    2
        0.0845797062669 bend   15    8    2
       -0.5812389254069 bend   10    8    2
        0.0191841027396 bend    1    9    2
  24 k  0.3783338757701 bend    5    4    2      val=   9.63194
       -0.1163399070031 bend    9    4    2
        0.0815893939983 bend   11    4    2
        0.3380998884356 bend   11    9    2
       -0.1276073640401 bend   12    4    2
       -0.0178392990790 bend   16    9    2
       -0.3547124880301 bend   16   11    2
       -0.2668154140792 bend   17   11    2
       -0.3137870981296 bend    8    4    2
       -0.0175836084973 bend    8    5    2
        0.0450992822046 bend    8   14    2
        0.3794682006639 bend    8   11    2
        0.0590726254959 bend    8   16    2
       -0.0857153080336 bend    8   17    2
       -0.0395108865966 bend    8   13    2
        0.3788650192066 bend   15    8    2
        0.2801085076729 bend   10    8    2
       -0.1718952630892 bend    1    9    2
  25 k -0.1204173359120 bend    5    4    2      val=  15.67406
        0.3208550941739 bend    9    4    2
        0.0568389348812 bend   11    4    2
       -0.4090014831916 bend   11    9    2
        0.0294205550951 bend   12    4    2
       -0.4481291783152 bend   16    9    2
       -0.0424169623487 bend   16   11    2
       -0.0142843067295 bend   17   11    2
       -0.1308283178093 bend    8    4    2
       -0.1168537221532 bend    8    5    2
       -0.1608102413958 bend    8   14    2
        0.1858944766739 bend    8   11    2
        0.1793155900235 bend    8   16    2
        0.1130808711787 bend    8   17    2
        0.1172230619466 bend    8   13    2
        0.3719228953625 bend   15    8    2
        0.1020526954971 bend   10    8    2
        0.4579723701002 bend    1    9    2
  26 k -0.0702524880493 bend    5    4    2      val=   0.80967
        0.0122796992711 bend    9    4    2
        0.4173566311605 bend   11    4    2
        0.0523894500909 bend   11    9    2
       -0.5108463512868 bend   12    4    2
       -0.1057938885374 bend   16    9    2
       -0.1578418324733 bend   16   11    2
        0.4562669703526 bend   17   11    2
        0.1446490747519 bend    8    4    2
        0.0032590615846 bend    8    5    2
        0.0277910276489 bend    8   14    2
        0.3022173360370 bend    8   11    2
        0.1747344015797 bend    8   16    2
       -0.3039022532993 bend    8   17    2
        0.0576555013784 bend    8   13    2
       -0.1960931112479 bend   15    8    2
       -0.1862176148511 bend   10    8    2
        0.0186724257457 bend    1    9    2
  27 k  1.0000000000000 bend    9   12    8      val= 108.05100
  28 k  1.0000000000000 bend   10    8    9      val= 108.04425
  29 k  1.0000000000000 bend   12   10   11      val= 107.92492
        19 non zero eigenvalues  of BmBt
           1           2.366087373    1    0
         1
           2           2.099593919    2    0
         2
           3           2.023791483    3    0
         3
           4           1.519969321    4    0
         4
           5           1.042902263    5    0
         5
           6           0.730950848    6    0
         6
           7           0.588298948    7    0
         7
           8           0.587651383    8    0
         8
           9           6.060730659    0    0
         0.000000000         0.000000000         0.000000000         0.000000000
         0.000000000         0.000000000         0.000000000         0.000000000
        -0.040786126         0.301748399         0.002352446        -0.345216766
        -0.413024596        -0.022620153        -0.113456440         0.602590409
         0.039965922         0.136082174        -0.007852462         0.024962502
        -0.468710736         0.011084200        -0.003281947        -0.000487218
        -0.003599283        -0.004607995        -0.001889794         0.016204504
        -0.009555407
          10           1.502051187    0    0
         0.000000000         0.000000000         0.000000000         0.000000000
         0.000000000         0.000000000         0.000000000         0.000000000
         0.378943978        -0.613943739         0.135992943        -0.070670248
        -0.214305046        -0.051581308         0.094119820         0.109478470
        -0.292079041         0.134372494         0.445175978         0.030367827
        -0.061342372         0.075938566        -0.068908878         0.045286980
        -0.116751484        -0.072856835        -0.080266572        -0.121491321
         0.166174742
          11           1.258855365    0    0
         0.000000000         0.000000000         0.000000000         0.000000000
         0.000000000         0.000000000         0.000000000         0.000000000
        -0.089815618        -0.100586932        -0.146951218        -0.001882770
        -0.106036093        -0.028715371         0.181029145         0.053617294
         0.474640910        -0.159337960         0.280945227        -0.585129532
         0.012275855        -0.015562759        -0.063088477        -0.078645048
        -0.114272535         0.114059920         0.318822099        -0.302403927
        -0.103930840
          12           1.238836340    0    0
         0.000000000         0.000000000         0.000000000         0.000000000
         0.000000000         0.000000000         0.000000000         0.000000000
         0.029856844         0.061626770         0.803433017        -0.021736558
         0.395289748         0.107387123         0.000827907         0.097901814
         0.185630515         0.007477602         0.049178800        -0.097987557
        -0.153120928         0.261208075         0.053012895         0.157056405
        -0.048900865         0.031920337         0.041300773        -0.014876191
        -0.030617885
          13           1.025550654    0    0
         0.000000000         0.000000000         0.000000000         0.000000000
         0.000000000         0.000000000         0.000000000         0.000000000
         0.233019686         0.119521545         0.222462202         0.014941350
        -0.445755679        -0.157601495        -0.269449540        -0.357594143
        -0.129109385        -0.113252595        -0.241689652        -0.514964101
        -0.006519352         0.186559264        -0.028847515        -0.077975216
         0.049206772         0.015915594        -0.182994251         0.140748319
         0.082841412
          14           0.978807325    0    0
         0.000000000         0.000000000         0.000000000         0.000000000
         0.000000000         0.000000000         0.000000000         0.000000000
         0.351856042         0.161262132        -0.255693878        -0.019913889
         0.334457838         0.124184512        -0.182527118         0.029376696
         0.293790849         0.377426507         0.263586314        -0.201354118
        -0.004928715        -0.022543890        -0.232216624        -0.069958248
         0.092028911         0.057243441        -0.341485994         0.273953863
         0.146311730
          15           0.804539702    0    0
         0.000000000         0.000000000         0.000000000         0.000000000
         0.000000000         0.000000000         0.000000000         0.000000000
         0.098143425        -0.164833958        -0.190779187        -0.167474490
         0.450578061         0.207445303        -0.247724017         0.236703117
        -0.408928538        -0.319797653        -0.241905233        -0.329310427
        -0.181239732        -0.042380819         0.013497900        -0.191969616
        -0.045030262        -0.064176135         0.068390431        -0.126022484
         0.021522727
          16           0.464156772    0    0
         0.000000000         0.000000000         0.000000000         0.000000000
         0.000000000         0.000000000         0.000000000         0.000000000
        -0.005620293         0.334931794        -0.023254103        -0.155412165
         0.090412849         0.080537383         0.702920366        -0.243765866
        -0.354425899         0.201025494         0.060514783        -0.190224961
        -0.224665567         0.019324072         0.029418803        -0.109808000
         0.070855462        -0.023499333        -0.034186997        -0.091254918
         0.100990352
          17           0.389972872    0    0
         0.000000000         0.000000000         0.000000000         0.000000000
         0.000000000         0.000000000         0.000000000         0.000000000
         0.453641457         0.166708259        -0.012322668         0.086285172
        -0.032653968        -0.038123974         0.361940524         0.255252915
         0.111202564        -0.642111922        -0.006963881         0.143673620
         0.112533109         0.047507713        -0.169539969         0.057774914
         0.185452701        -0.031774126        -0.106370718         0.144576016
         0.012652242
          18           0.238018553    0    0
         0.000000000         0.000000000         0.000000000         0.000000000
         0.000000000         0.000000000         0.000000000         0.000000000
        -0.074525883         0.119025669        -0.041601577        -0.142360725
         0.026477847         0.056164256        -0.238635810        -0.452665480
         0.013356142        -0.380547939         0.374454449         0.172631926
        -0.476356418        -0.210480028        -0.157827317         0.263156852
        -0.050164159         0.026591903        -0.023699483        -0.061972286
         0.067496825
          19           0.042842247    0    0
         0.000000000         0.000000000         0.000000000         0.000000000
         0.000000000         0.000000000         0.000000000         0.000000000
        -0.047752412         0.118750841         0.115933678         0.779856884
         0.034555130        -0.245335300        -0.042527310         0.181422615
        -0.162318906         0.044720468         0.102136550        -0.076317022
        -0.284505007        -0.300132350        -0.106884956        -0.174646538
         0.008271549        -0.014565002        -0.007911181        -0.069211224
         0.056649637
$end
