$hessapprox internal
  0.412986912061D+00 -0.119377237013D-01  0.421899156034D+00 -0.146274363800D-01
 -0.107127250797D-01  0.416621545227D+00  0.194037617696D-02  0.147861304051D-02
  0.177477069749D-02  0.349248104005D+00 -0.120481110137D-02 -0.177690305061D-02
 -0.155405993422D-02  0.187764063841D-01  0.335261785251D+00  0.186807476762D-02
  0.404984809136D-02  0.322751982808D-02 -0.584770033196D-02  0.539845872357D-02
  0.196239606757D+00  0.998331469320D-03 -0.206998681446D-02 -0.663631700425D-03
  0.834555137142D-02 -0.103438001543D-01 -0.780589351293D-02  0.196672817453D+00
  0.297540072917D-03  0.140938837879D-02  0.761385433098D-03 -0.335599676306D-02
  0.301667620496D-02 -0.742867890213D-02 -0.536843307108D-02  0.191433850785D+00
  0.631475509818D-02  0.410384416151D-02  0.586362234258D-02  0.106678541944D-01
 -0.134756657732D-01  0.347531913712D-01 -0.356137742159D-01  0.169091789322D-01
  0.893315314811D-01 -0.714372162180D-02 -0.428121307353D-03 -0.393218308329D-02
 -0.353348632715D-02  0.513228906723D-02  0.508337199457D-02 -0.656708768406D-02
  0.172627273654D-03  0.170599836327D-01  0.259677360425D+00  0.741257912307D-02
  0.514699598530D-02  0.683430991318D-02  0.333909533259D-03 -0.383266050663D-03
  0.104432064432D-01  0.919060539587D-02  0.110224484458D-01 -0.371928133856D-02
 -0.746528188178D-02  0.469283853440D+00  0.988065200245D-02  0.676940087208D-02
  0.926023447554D-02 -0.258093563612D-02  0.387478714459D-02  0.159017199093D-01
  0.202525278459D-01  0.178474174972D-01  0.509018203935D-03 -0.366839905107D-01
 -0.921206726334D-01  0.348427891349D+00 -0.142289448433D-01 -0.112079715234D-01
 -0.133994212955D-01 -0.507534897015D-02  0.124943843257D-01  0.153274888035D-01
  0.490465503623D-02  0.150933975727D-01 -0.174543342737D-02  0.207938731484D-01
  0.450074166514D-01  0.686669175682D-01  0.237009125622D+00 -0.115782419765D-02
 -0.111779715470D-02 -0.720568573429D-03 -0.145920207100D-02  0.187610013762D-02
  0.689559262519D-02 -0.177692310371D-03  0.495263276422D-02  0.812565308333D-02
  0.150800800629D-02 -0.231603083295D-01  0.378951866587D-01 -0.325772613383D-01
  0.390371312716D+00 -0.123435089510D-01 -0.956075291791D-02 -0.114696240304D-01
 -0.918601682846D-02  0.168787923587D-01 -0.374081757408D-01  0.414018763676D-01
 -0.188769823626D-01 -0.453712328280D-01 -0.459310616685D-03 -0.250852369175D-01
 -0.287288593494D-01  0.900570410658D-01  0.182415900154D-01  0.368803887611D+00
  0.305700852872D-02  0.367842764071D-02  0.306262590782D-02 -0.177298232320D-01
  0.298564572530D-01 -0.379061693457D-01  0.557522982913D-01 -0.141548766535D-01
 -0.841720113739D-01  0.798022671183D-01  0.151511186147D-01  0.233338573955D-01
 -0.576469961983D-01 -0.309175496874D-01 -0.866242755713D-01  0.253220613699D+00
  0.766716982324D-04  0.422717265007D-03 -0.100869011564D-03 -0.373659553574D-02
  0.692964110770D-02 -0.104714068969D-01  0.126221089253D-01 -0.376000298338D-02
 -0.225584776377D-01  0.120487126466D-01  0.109965303062D-01 -0.108105784988D-01
 -0.403455645805D-01  0.868920962362D-01 -0.771324573674D-02 -0.285153745885D-01
  0.398998041630D+00 -0.364508087993D-02 -0.322182765836D-02 -0.433028239965D-02
  0.121559710181D-01 -0.208998112870D-01  0.289969461920D-03 -0.795862766812D-02
 -0.380109694438D-02  0.287175717255D-01  0.131051226462D+00  0.795341732444D-02
  0.180417644891D-01  0.107982721811D+00  0.146000708008D-01  0.304809339048D-01
 -0.291604602869D-01 -0.308069195644D-02  0.150615797546D+00  0.131146174559D-01
  0.553408857832D-02  0.122651269917D-01  0.113628983379D-01 -0.119768244002D-01
 -0.170827798402D-01  0.210567031777D-01 -0.617477443028D-02 -0.355212691920D-02
 -0.799824544919D-01  0.210960028443D-01  0.314208010533D-01  0.665769572145D-01
  0.996285842190D-02  0.219518732292D-01  0.228631406245D-01  0.595971747581D-02
  0.327642953748D-02  0.270825678287D+00
$end
