$coord
   -0.00000000000000      0.00000000000000      0.00000000000000  mo
   -0.00000000000000     -0.00000000000000     -6.54330168534154  y
    2.36187019685865      2.36187019685865     -2.58892113599908  s
   -2.36187019685865     -2.36187019685865     -2.58892113599908  s
    2.36187019685865     -2.36187019685865      2.58892113599908  s
   -2.36187019685865      2.36187019685865      2.58892113599908  s
    4.68059171983333     -1.61239403817232     -7.52057463582052  c
    3.55620078411804     -3.55620078411804     -6.05400512041416  c
    1.61239403817232     -4.68059171983333     -7.52057463582052  c
    1.55540112318039     -3.45772844624427     -9.91197026776130  c
    3.45772844624427     -1.55540112318039     -9.91197026776130  c
   -1.61239403817232      4.68059171983333     -7.52057463582052  c
   -3.55620078411804      3.55620078411804     -6.05400512041416  c
   -4.68059171983333      1.61239403817232     -7.52057463582052  c
   -3.45772844624427      1.55540112318039     -9.91197026776130  c
   -1.55540112318039      3.45772844624427     -9.91197026776130  c
    0.06126389132167     -6.93204436018581     -6.77447730393511  c
    0.11525493786168     -4.38660098173826    -12.16731096983573  c
    4.40163023915125     -4.40163023915125     -3.49373869529815  c
    4.38660098173826     -0.11525493786168    -12.16731096983573  c
    6.93204436018581     -0.06126389132167     -6.77447730393511  c
   -0.11525493786168      4.38660098173826    -12.16731096983573  c
   -4.40163023915125      4.40163023915125     -3.49373869529815  c
   -6.93204436018581      0.06126389132167     -6.77447730393511  c
   -4.38660098173826      0.11525493786168    -12.16731096983573  c
    5.86455051193979     -5.86455051193979     -3.64835608059388  h
    2.84141401496953     -5.18197723580808     -2.39609805259378  h
   -2.84141401496953      5.18197723580808     -2.39609805259378  h
   -5.86455051193979      5.86455051193979     -3.64835608059388  h
    5.18197723580808     -2.84141401496953     -2.39609805259378  h
   -5.18197723580808      2.84141401496953     -2.39609805259378  h
    6.89739714871053      1.80954737317379     -7.65046518585690  h
    8.69751026914025     -0.98221794705525     -7.35731993154615  h
    7.00064778864960      0.21591448498805     -4.73278001323930  h
   -6.89739714871053     -1.80954737317379     -7.65046518585690  h
   -8.69751026914025      0.98221794705525     -7.35731993154615  h
   -7.00064778864960     -0.21591448498805     -4.73278001323930  h
   -0.06126389132167      6.93204436018581     -6.77447730393511  c
   -0.98221794705525      8.69751026914025     -7.35731993154615  h
    1.80954737317379      6.89739714871053     -7.65046518585690  h
    0.21591448498805      7.00064778864960     -4.73278001323930  h
    0.98221794705525     -8.69751026914025     -7.35731993154615  h
   -1.80954737317379     -6.89739714871053     -7.65046518585690  h
    2.94993389628818      0.02012181510880    -13.63850562055268  h
   -2.94993389628818     -0.02012181510880    -13.63850562055268  h
   -1.05680463808615      6.03566703169704    -13.00315821869675  h
    1.05680463808615     -6.03566703169704    -13.00315821869675  h
   -0.21591448498805     -7.00064778864960     -4.73278001323930  h
   -0.00000000000000      0.00000000000000      6.54330168534154  y
    1.61239403817232      4.68059171983333      7.52057463582052  c
   -1.61239403817232     -4.68059171983333      7.52057463582052  c
    4.68059171983333      1.61239403817232      7.52057463582052  c
   -4.68059171983333     -1.61239403817232      7.52057463582052  c
    3.55620078411804      3.55620078411804      6.05400512041416  c
   -3.55620078411804     -3.55620078411804      6.05400512041416  c
    3.45772844624427      1.55540112318039      9.91197026776130  c
   -3.45772844624427     -1.55540112318039      9.91197026776130  c
    1.55540112318039      3.45772844624427      9.91197026776130  c
   -1.55540112318039     -3.45772844624427      9.91197026776130  c
    6.93204436018581      0.06126389132167      6.77447730393511  c
   -6.93204436018581     -0.06126389132167      6.77447730393511  c
    0.06126389132167      6.93204436018581      6.77447730393511  c
   -0.06126389132167     -6.93204436018581      6.77447730393511  c
    4.38660098173826      0.11525493786168     12.16731096983573  c
   -4.38660098173826     -0.11525493786168     12.16731096983573  c
    0.11525493786168      4.38660098173826     12.16731096983573  c
   -0.11525493786168     -4.38660098173826     12.16731096983573  c
    4.40163023915125      4.40163023915125      3.49373869529815  c
   -4.40163023915125     -4.40163023915125      3.49373869529815  c
    5.86455051193979      5.86455051193979      3.64835608059388  h
   -5.86455051193979     -5.86455051193979      3.64835608059388  h
    5.18197723580808      2.84141401496953      2.39609805259378  h
   -5.18197723580808     -2.84141401496953      2.39609805259378  h
    2.84141401496953      5.18197723580808      2.39609805259378  h
   -2.84141401496953     -5.18197723580808      2.39609805259378  h
   -1.80954737317379      6.89739714871053      7.65046518585690  h
    1.80954737317379     -6.89739714871053      7.65046518585690  h
    6.89739714871053     -1.80954737317379      7.65046518585690  h
   -6.89739714871053      1.80954737317379      7.65046518585690  h
    0.98221794705525      8.69751026914025      7.35731993154615  h
   -0.98221794705525     -8.69751026914025      7.35731993154615  h
    8.69751026914025      0.98221794705525      7.35731993154615  h
   -8.69751026914025     -0.98221794705525      7.35731993154615  h
   -0.21591448498805      7.00064778864960      4.73278001323930  h
    0.21591448498805     -7.00064778864960      4.73278001323930  h
    7.00064778864960     -0.21591448498805      4.73278001323930  h
   -7.00064778864960      0.21591448498805      4.73278001323930  h
    4.97132603591654     -1.80565266291231     11.68635068569523  h
   -1.80565266291231     -4.97132603591654    -11.68635068569523  h
    1.80565266291231      4.97132603591654    -11.68635068569523  h
   -0.02012181510880      2.94993389628818     13.63850562055268  h
    0.02012181510880     -2.94993389628818     13.63850562055268  h
    2.94993389628818     -0.02012181510880     13.63850562055268  h
   -0.02012181510880     -2.94993389628818    -13.63850562055268  h
   -2.94993389628818      0.02012181510880     13.63850562055268  h
    0.02012181510880      2.94993389628818    -13.63850562055268  h
   -4.97132603591654      1.80565266291231     11.68635068569523  h
    1.80565266291231     -4.97132603591654     11.68635068569523  h
   -4.97132603591654     -1.80565266291231    -11.68635068569523  h
   -1.80565266291231      4.97132603591654     11.68635068569523  h
    4.97132603591654      1.80565266291231    -11.68635068569523  h
   -6.03566703169704     -1.05680463808615     13.00315821869675  h
    6.03566703169704      1.05680463808615     13.00315821869675  h
   -1.05680463808615     -6.03566703169704     13.00315821869675  h
   -6.03566703169704      1.05680463808615    -13.00315821869675  h
    1.05680463808615      6.03566703169704     13.00315821869675  h
    6.03566703169704     -1.05680463808615    -13.00315821869675  h
$user-defined bonds
$redundant
     number_of_atoms           107
     degrees_of_freedom         42
     internal_coordinates       52
     frozen_coordinates          0
# definitions of redundant internals
   1 k  2.8284271247462 stre  17   43           val=   2.06603
   2 k  2.0000000000000 stre   8   19           val=   2.82568
   3 k  2.0000000000000 stre  19   26           val=   2.07465
   4 k  2.8284271247462 stre  17   42           val=   2.07478
   5 k  2.8284271247462 stre  18   94           val=   2.06077
   6 k  2.8284271247462 stre  18   89           val=   2.06473
   7 k  2.8284271247462 stre  17   48           val=   2.06157
   8 k  2.8284271247462 stre   7   21           val=   2.83403
   9 k  2.8284271247462 stre  18   47           val=   2.07475
  10 k  2.8284271247462 stre  10   18           val=   2.83256
  11 k  1.2603887516472 bend  89   94   18      val=   2.08351
        1.1706012875402 bend  47   94   18
        1.1636560781505 bend  47   89   18
       -1.1077977054129 bend  10   94   18
       -1.1081558745774 bend  10   89   18
       -1.1098613218036 bend  10   47   18
  12 k  0.8330634330016 bend  30   27   19      val=   1.81697
        0.8492962476396 bend  26   27   19
        0.8492962476396 bend  26   30   19
       -0.7975264355308 bend   8   27   19
       -0.7975264355308 bend   8   30   19
       -0.7689605018110 bend   8   26   19
  13 k  1.2000848006923 bend  43   48   17      val=   1.87999
        1.2097562003874 bend  42   48   17
        1.1707384745281 bend  42   43   17
       -1.1141599852376 bend   9   48   17
       -1.1266572464085 bend   9   43   17
       -1.1022471625920 bend   9   42   17
  14 k  0.9428090415821 tors  48   17    9    2 val=  58.69069
        0.9428090415821 tors  48   17    9    8
        0.9428090415821 tors  48   17    9   10
        0.9428090415821 tors  43   17    9    2
        0.9428090415821 tors  43   17    9    8
        0.9428090415821 tors  43   17    9   10
        0.9428090415821 tors  42   17    9    2
        0.9428090415821 tors  42   17    9    8
        0.9428090415821 tors  42   17    9   10
  15 k  2.8284271247462 stre  19   27           val=   2.06108
  16 k  0.9428090415821 tors  94   18   10    2 val=  69.61318
        0.9428090415821 tors  94   18   10    9
        0.9428090415821 tors  94   18   10   11
        0.9428090415821 tors  89   18   10    2
        0.9428090415821 tors  89   18   10    9
        0.9428090415821 tors  89   18   10   11
        0.9428090415821 tors  47   18   10    2
        0.9428090415821 tors  47   18   10    9
        0.9428090415821 tors  47   18   10   11
  17 k -1.3638331449067 bend  30   27   19      val=   0.40509
        0.6697923959736 bend  26   27   19
        0.6697923959736 bend  26   30   19
       -0.4433786812806 bend   8   27   19
       -0.4433786812806 bend   8   30   19
        0.9217082702339 bend   8   26   19
  18 k  0.0272141281611 bend  43   48   17      val=   0.08351
       -1.6804763397701 bend  42   48   17
        1.6928612231973 bend  42   43   17
       -1.0835828812495 bend   9   48   17
        1.0654661273693 bend   9   43   17
       -0.0104696030579 bend   9   42   17
  19 k -0.4738208689867 bend  89   94   18      val=   0.18412
       -1.3641900671196 bend  47   94   18
        1.8718568129073 bend  47   89   18
       -1.2235628198120 bend  10   94   18
        0.9070610956862 bend  10   89   18
        0.3012731510176 bend  10   47   18
  20 k -1.9143586178784 bend  43   48   17      val=   0.33266
        0.9543770693882 bend  42   48   17
        0.9675071507697 bend  42   43   17
       -0.6493257330446 bend   9   48   17
       -0.6307312032265 bend   9   43   17
        1.2918512478117 bend   9   42   17
  21 k -1.8203182150477 bend  89   94   18      val=   1.01072
        1.3772968786027 bend  47   94   18
        0.5602267943468 bend  47   89   18
       -0.3477350430655 bend  10   94   18
       -0.9140426669418 bend  10   89   18
        1.2325774563439 bend  10   47   18
  22 k  2.0000948064665 bend   8   21    7      val=   0.53253
       -1.9998428336877 bend  11   21    7
        0.0157925835075 bend   2   21    7
  23 k  1.9991412204869 bend   9   18   10      val=   0.64885
       -2.0003432873045 bend  11   18   10
        0.0453994877293 bend   2   18   10
  24 k  0.1110457131711 bend  89   94   18      val=   0.25734
        1.0382254467560 bend  47   94   18
       -1.1539699346186 bend  47   89   18
       -1.7547204515040 bend  10   94   18
        1.5685786458823 bend  10   89   18
        0.1965383678739 bend  10   47   18
  25 k -0.9032059996191 bend  30   27   19      val=   0.77947
        0.4620885074714 bend  26   27   19
        0.4620885074714 bend  26   30   19
        0.6752357234593 bend   8   27   19
        0.6752357234593 bend   8   30   19
       -1.3584111234477 bend   8   26   19
  26 k -0.1718478593698 bend  43   48   17      val=   0.55803
        1.1495479520666 bend  42   48   17
       -0.9780978460043 bend  42   43   17
       -1.5351229110723 bend   9   48   17
        1.8077438799227 bend   9   43   17
       -0.2603692287386 bend   9   42   17
  27 k  1.2577282219899 bend  89   94   18      val=  -0.35233
       -0.7704532056494 bend  47   94   18
       -0.5367564137466 bend  47   89   18
       -0.7853292263592 bend  10   94   18
       -1.0942286469249 bend  10   89   18
        1.9293355862295 bend  10   47   18
  28 k -1.2684819169722 bend  43   48   17      val=   0.19732
        0.4944384552176 bend  42   48   17
        0.7977895653408 bend  42   43   17
        1.1698403924973 bend   9   48   17
        0.7156862494776 bend   9   43   17
       -1.9050676361065 bend   9   42   17
  29 k -0.1214862515646 bend   9   19    8      val=  93.79574
       -0.1214862515646 bend   7   19    8
        1.9926068807875 bend   2   19    8
  30 k -0.3798629953941 bend   9   18   10      val=  76.20211
       -0.3164294291877 bend  11   18   10
        2.7848835740609 bend   2   18   10
  31 k -0.2069583362547 bend   8   21    7      val=  90.61372
       -0.1847562755690 bend  11   21    7
        2.8147883340835 bend   2   21    7
  32 k  0.7071067811865 tors   8    7    2    3 val=  62.41008
        0.7071067811865 tors   8    7    2    4
        0.7071067811865 tors   8    7    2    9
        0.7071067811865 tors   8    7    2   10
        0.7071067811865 tors   8    7    2   12
        0.7071067811865 tors   8    7    2   13
        0.7071067811865 tors   8    7    2   15
        0.7071067811865 tors   8    7    2   16
        0.7071067811865 tors  11    7    2    3
        0.7071067811865 tors  11    7    2    4
        0.7071067811865 tors  11    7    2    9
        0.7071067811865 tors  11    7    2   10
        0.7071067811865 tors  11    7    2   12
        0.7071067811865 tors  11    7    2   13
        0.7071067811865 tors  11    7    2   15
        0.7071067811865 tors  11    7    2   16
  33 k  0.6666666666667 tors   9   10    2    3 val=  96.96705
        0.6666666666667 tors   9   10    2    4
        0.6666666666667 tors   9   10    2    7
        0.6666666666667 tors   9   10    2    8
        0.6666666666667 tors   9   10    2   12
        0.6666666666667 tors   9   10    2   13
        0.6666666666667 tors   9   10    2   14
        0.6666666666667 tors   9   10    2   15
        0.6666666666667 tors   9   10    2   16
        0.6666666666667 tors  11   10    2    3
        0.6666666666667 tors  11   10    2    4
        0.6666666666667 tors  11   10    2    7
        0.6666666666667 tors  11   10    2    8
        0.6666666666667 tors  11   10    2   12
        0.6666666666667 tors  11   10    2   13
        0.6666666666667 tors  11   10    2   14
        0.6666666666667 tors  11   10    2   15
        0.6666666666667 tors  11   10    2   16
  34 k  2.0000000000000 stre   1    3           val=   4.22604
  35 k  1.4142135623731 bend   4    3    1      val= 104.44274
  36 k  2.0000000000000 stre   2    3           val=   5.17629
  37 k  2.8284271247462 stre   2    7           val=   5.04607
  38 k  2.0000000000000 stre   2    8           val=   5.05297
  39 k  2.8284271247462 stre   7    8           val=   2.68206
  40 k  2.8284271247462 stre   7   11           val=   2.68652
  41 k  2.8284271247462 stre   2   10           val=   5.07179
  42 k  2.0000000000000 stre  11   10           val=   2.69030
  43 k -0.6866191163608 bend   4    3    2      val=  52.48812
       -0.2586896609354 bend   7    3    2
       -0.4981080360782 bend   7    4    2
        0.0573868727853 bend   9    7    2
        0.4357426313968 bend  12    7    2
       -0.4292893069673 bend   8    3    2
        0.2615759353758 bend  13    7    2
       -0.0989745165014 bend  11    3    2
        0.7412860187785 bend  16    7    2
        0.9646437668025 bend  15    7    2
        0.8730241842270 bend  15    8    2
       -0.1722597562512 bend  10    3    2
        0.1662386467720 bend  10    7    2
        0.0941634147354 bend  10    8    2
        0.8884731900867 bend  10   16    2
        0.7947292980265 bend  10   15    2
  44 k  1.1738452932932 bend   4    3    2      val=   7.84496
       -0.3173308599411 bend   7    3    2
        0.3134155169090 bend   7    4    2
        0.3655635677449 bend   9    7    2
       -0.4120641077015 bend  12    7    2
        0.1473689769885 bend   8    3    2
       -0.2404424699086 bend  13    7    2
       -0.5347891117843 bend  11    3    2
        0.0397787280726 bend  16    7    2
        0.1422503634261 bend  15    7    2
        0.1123560121050 bend  15    8    2
       -0.3799395211899 bend  10    3    2
       -0.0845413443919 bend  10    7    2
       -0.3897354394637 bend  10    8    2
        0.4900423092645 bend  10   16    2
        0.4994520739597 bend  10   15    2
  45 k  0.7349811423932 bend   4    3    2      val=  25.07619
        0.2203484470076 bend   7    3    2
       -0.2400743720967 bend   7    4    2
       -1.1787299294352 bend   9    7    2
        1.0392528312921 bend  12    7    2
        0.1579440791246 bend   8    3    2
        0.5168157425645 bend  13    7    2
       -0.1709055341507 bend  11    3    2
        0.3364015528977 bend  16    7    2
       -0.0508861319139 bend  15    7    2
       -0.1423988696098 bend  15    8    2
       -0.1611727215767 bend  10    3    2
       -0.5200453516519 bend  10    7    2
       -0.1779478168057 bend  10    8    2
       -0.0586960316437 bend  10   16    2
        0.0304489472803 bend  10   15    2
  46 k  0.8693041163028 bend   4    3    2      val=  12.91013
       -0.6568450572817 bend   7    3    2
       -0.2735058521821 bend   7    4    2
        0.2034376956257 bend   9    7    2
        0.2972883725095 bend  12    7    2
       -0.5871631398947 bend   8    3    2
        0.2576376930861 bend  13    7    2
       -0.3180694606987 bend  11    3    2
       -0.0093543142565 bend  16    7    2
        0.3193679800027 bend  15    7    2
        0.3534577463441 bend  15    8    2
        0.2732537626169 bend  10    3    2
        0.8038037242051 bend  10    7    2
        1.1085352963482 bend  10    8    2
       -0.4707902199459 bend  10   16    2
       -0.7345845332062 bend  10   15    2
  47 k  0.1642213065311 bend   4    3    2      val=   7.30996
        0.6787345839191 bend   7    3    2
        0.6266748710487 bend   7    4    2
       -0.2795107878321 bend   9    7    2
       -0.5169617145766 bend  12    7    2
       -0.9708870425086 bend   8    3    2
        0.2259589426893 bend  13    7    2
        0.2227700572227 bend  11    3    2
       -0.3260672793708 bend  16    7    2
       -0.8861341322462 bend  15    7    2
        1.3782644571247 bend  15    8    2
       -0.3619853339131 bend  10    3    2
       -1.0220997464190 bend  10    7    2
        1.0109905874700 bend  10    8    2
       -0.0242973510548 bend  10   16    2
        0.3965450733852 bend  10   15    2
  48 k -0.2499738707993 bend   4    3    2      val=   3.10248
        0.6980837663876 bend   7    3    2
        0.3096043004499 bend   7    4    2
       -0.5732497437328 bend   9    7    2
       -0.0464644142563 bend  12    7    2
       -0.0851394190293 bend   8    3    2
        0.1287136180275 bend  13    7    2
       -1.2358959538382 bend  11    3    2
       -1.0295304890913 bend  16    7    2
        0.1406404902515 bend  15    7    2
       -0.1343194810902 bend  15    8    2
        0.7943294525363 bend  10    3    2
        0.4111210400442 bend  10    7    2
        0.1806726387290 bend  10    8    2
        1.1921675650117 bend  10   16    2
       -0.3009729608999 bend  10   15    2
  49 k  2.0000000000000 bend   2    1    3      val=  87.59149
  50 k  2.8284271247462 bend  11    8    7      val= 108.13679
  51 k  2.0000000000000 bend   7    9    8      val= 107.97880
  52 k  2.8284271247462 bend  11    9   10      val= 107.87028
        42 non zero eigenvalues  of BmBt
           1           3.652092968    1    0
         1
           2           3.503182233    2    0
         2
           3           3.482490809    3    0
         3
           4           3.451652749    4    0
         4
           5           3.394202542    5    0
         5
           6           3.197206062    6    0
         6
           7           3.174013972    7    0
         7
           8           3.152613770    8    0
         8
           9           2.065607787    9    0
         9
          10           1.425581052   10    0
        10
          11           1.239874528   11    0
        11
          12           1.034442757   12    0
        12
          13           1.010623730   13    0
        13
          14           0.908722771   14    0
        14
          15           0.776181196   15    0
        15
          16           0.740875922   16    0
        16
          17           0.679817130   17    0
        17
          18           0.676921733   18    0
        18
          19           0.674979484   19    0
        19
          20           0.672819914   20    0
        20
          21           0.672121881   21    0
        21
          22           0.669494787   22    0
        22
          23           0.636026536   23    0
        23
          24           0.629966923   24    0
        24
          25           0.474621111   25    0
        25
          26           0.454986639   26    0
        26
          27           0.197716241   27    0
        27
          28           0.127337555   28    0
        28
          29           0.105828121   29    0
        29
          30           0.087121160   30    0
        30
          31           0.076056476   31    0
        31
          32           2.972680165    0    0
         0.000000000         0.000000000         0.000000000         0.000000000
         0.000000000         0.000000000         0.000000000         0.000000000
         0.000000000         0.000000000         0.000000000         0.000000000
         0.000000000         0.000000000         0.000000000         0.000000000
         0.000000000         0.000000000         0.000000000         0.000000000
         0.000000000         0.000000000         0.000000000         0.000000000
         0.000000000         0.000000000         0.000000000         0.000000000
         0.000000000         0.000000000         0.000000000        -0.232573515
        -0.008797428        -0.021176269         0.068124899         0.589501692
        -0.045677796         0.224633532        -0.041277586        -0.024969001
        -0.616629047         0.014487561         0.392795365        -0.033740200
         0.008964172         0.005520905        -0.040213050         0.012610111
         0.017705292         0.010823955         0.002750206        -0.012786640
          33           1.225738135    0    0
         0.000000000         0.000000000         0.000000000         0.000000000
         0.000000000         0.000000000         0.000000000         0.000000000
         0.000000000         0.000000000         0.000000000         0.000000000
         0.000000000         0.000000000         0.000000000         0.000000000
         0.000000000         0.000000000         0.000000000         0.000000000
         0.000000000         0.000000000         0.000000000         0.000000000
         0.000000000         0.000000000         0.000000000         0.000000000
         0.000000000         0.000000000         0.000000000         0.000279594
         0.063808418         0.866015092         0.082341052         0.226244962
         0.009659983        -0.026042826         0.011983729         0.005448578
         0.072035439         0.003925227        -0.146207580         0.254732417
         0.117630752         0.169864986         0.008977804        -0.014997196
        -0.229174244        -0.005316998         0.002872917         0.003292420
          34           0.912312210    0    0
         0.000000000         0.000000000         0.000000000         0.000000000
         0.000000000         0.000000000         0.000000000         0.000000000
         0.000000000         0.000000000         0.000000000         0.000000000
         0.000000000         0.000000000         0.000000000         0.000000000
         0.000000000         0.000000000         0.000000000         0.000000000
         0.000000000         0.000000000         0.000000000         0.000000000
         0.000000000         0.000000000         0.000000000         0.000000000
         0.000000000         0.000000000         0.000000000        -0.179514000
         0.023319506         0.290949536        -0.304253431        -0.689084907
        -0.043844990         0.156059038        -0.025706117        -0.050926497
        -0.434150417        -0.036902740         0.210688551         0.080526216
         0.061059024         0.065178373        -0.015415096        -0.000117766
         0.190624306         0.010240584        -0.016114848         0.001110119
          35           0.506385270    0    0
         0.000000000         0.000000000         0.000000000         0.000000000
         0.000000000         0.000000000         0.000000000         0.000000000
         0.000000000         0.000000000         0.000000000         0.000000000
         0.000000000         0.000000000         0.000000000         0.000000000
         0.000000000         0.000000000         0.000000000         0.000000000
         0.000000000         0.000000000         0.000000000         0.000000000
         0.000000000         0.000000000         0.000000000         0.000000000
         0.000000000         0.000000000         0.000000000        -0.242583464
        -0.280754830         0.008013920         0.005162195         0.004437707
        -0.207714040         0.220526776        -0.157103369         0.618258113
         0.147114236        -0.479763061        -0.047555853        -0.121739727
         0.105552434         0.098586753         0.042003335        -0.112042515
        -0.006904033         0.172716294        -0.160632638        -0.061322658
          36           0.410793585    0    0
         0.000000000         0.000000000         0.000000000         0.000000000
         0.000000000         0.000000000         0.000000000         0.000000000
         0.000000000         0.000000000         0.000000000         0.000000000
         0.000000000         0.000000000         0.000000000         0.000000000
         0.000000000         0.000000000         0.000000000         0.000000000
         0.000000000         0.000000000         0.000000000         0.000000000
         0.000000000         0.000000000         0.000000000         0.000000000
         0.000000000         0.000000000         0.000000000        -0.309850655
         0.148063674        -0.014833116        -0.019629872        -0.011894352
         0.437298830         0.365649528         0.574655415         0.289248475
         0.198482015         0.270900480         0.068500270         0.012880324
        -0.107604958         0.082016923         0.022888699         0.013350244
         0.023998187        -0.028015122        -0.038056463         0.055157709
          37           0.306052056    0    0
         0.000000000         0.000000000         0.000000000         0.000000000
         0.000000000         0.000000000         0.000000000         0.000000000
         0.000000000         0.000000000         0.000000000         0.000000000
         0.000000000         0.000000000         0.000000000         0.000000000
         0.000000000         0.000000000         0.000000000         0.000000000
         0.000000000         0.000000000         0.000000000         0.000000000
         0.000000000         0.000000000         0.000000000         0.000000000
         0.000000000         0.000000000         0.000000000         0.048465299
        -0.335283496         0.021126421         0.000164852        -0.001266612
        -0.269420691         0.285281202         0.083007790        -0.301533547
         0.117955343         0.402229701        -0.030033865        -0.055484789
         0.073594366         0.053246174         0.077348106         0.088078455
        -0.004505726         0.486257025        -0.384820762        -0.216274488
          38           0.246287409    0    0
         0.000000000         0.000000000         0.000000000         0.000000000
         0.000000000         0.000000000         0.000000000         0.000000000
         0.000000000         0.000000000         0.000000000         0.000000000
         0.000000000         0.000000000         0.000000000         0.000000000
         0.000000000         0.000000000         0.000000000         0.000000000
         0.000000000         0.000000000         0.000000000         0.000000000
         0.000000000         0.000000000         0.000000000         0.000000000
         0.000000000         0.000000000         0.000000000         0.573113565
        -0.315595551         0.063241236        -0.056476041        -0.011811086
         0.271562180         0.182529810        -0.225940245         0.401547295
        -0.142279464         0.338076143         0.025545905        -0.055919402
         0.022994374         0.074340270        -0.170590998         0.025164152
         0.051978814        -0.051492676         0.231199930        -0.111105709
          39           0.114730136    0    0
         0.000000000         0.000000000         0.000000000         0.000000000
         0.000000000         0.000000000         0.000000000         0.000000000
         0.000000000         0.000000000         0.000000000         0.000000000
         0.000000000         0.000000000         0.000000000         0.000000000
         0.000000000         0.000000000         0.000000000         0.000000000
         0.000000000         0.000000000         0.000000000         0.000000000
         0.000000000         0.000000000         0.000000000         0.000000000
         0.000000000         0.000000000         0.000000000         0.356439842
         0.181893609        -0.043623504         0.084799702        -0.020253479
         0.034120273         0.712955858         0.013391797        -0.269384447
         0.017106425        -0.387934677        -0.133076164         0.091504013
         0.050841905        -0.163896850        -0.049891198        -0.041242230
        -0.094056560        -0.106498814        -0.037401590         0.126691540
          40           0.099526909    0    0
         0.000000000         0.000000000         0.000000000         0.000000000
         0.000000000         0.000000000         0.000000000         0.000000000
         0.000000000         0.000000000         0.000000000         0.000000000
         0.000000000         0.000000000         0.000000000         0.000000000
         0.000000000         0.000000000         0.000000000         0.000000000
         0.000000000         0.000000000         0.000000000         0.000000000
         0.000000000         0.000000000         0.000000000         0.000000000
         0.000000000         0.000000000         0.000000000         0.075778665
         0.390347522         0.013286140        -0.064845239         0.019898835
        -0.715138970         0.162566267         0.034717150         0.240739687
         0.139872257         0.274729067         0.080149382         0.052986773
        -0.224077699         0.027544712        -0.159306653        -0.021610191
         0.076529431        -0.132236039         0.188527475        -0.011131110
          41           0.060852122    0    0
         0.000000000         0.000000000         0.000000000         0.000000000
         0.000000000         0.000000000         0.000000000         0.000000000
         0.000000000         0.000000000         0.000000000         0.000000000
         0.000000000         0.000000000         0.000000000         0.000000000
         0.000000000         0.000000000         0.000000000         0.000000000
         0.000000000         0.000000000         0.000000000         0.000000000
         0.000000000         0.000000000         0.000000000         0.000000000
         0.000000000         0.000000000         0.000000000         0.164414958
        -0.096159831        -0.056411700         0.085180601        -0.033771831
        -0.174259870        -0.118861850         0.453997113         0.124569730
        -0.507615412        -0.062048573        -0.557268163        -0.093894697
        -0.205912622         0.175105994         0.034597406         0.015079860
        -0.094155298        -0.018539684        -0.109413311         0.097276187
          42           0.006110159    0    0
         0.000000000         0.000000000         0.000000000         0.000000000
         0.000000000         0.000000000         0.000000000         0.000000000
         0.000000000         0.000000000         0.000000000         0.000000000
         0.000000000         0.000000000         0.000000000         0.000000000
         0.000000000         0.000000000         0.000000000         0.000000000
         0.000000000         0.000000000         0.000000000         0.000000000
         0.000000000         0.000000000         0.000000000         0.000000000
         0.000000000         0.000000000         0.000000000         0.107930543
        -0.057652559         0.280996598        -0.475577018         0.271822368
         0.027118646        -0.027705048         0.119531542        -0.074465262
         0.105016567        -0.143274906        -0.091939092        -0.361056222
        -0.198897032        -0.261297896         0.036303973         0.010802972
         0.545485237        -0.016450292        -0.060582390         0.059451517
$end
