$energy      SCF               SCFKIN            SCFPOT
     1 -3299.707961867      3190.229436928     -6489.937398795
     2 -3299.713705254      3191.228484887     -6490.942190140
     3 -3299.714454879      3191.700030332     -6491.414485212
     4 -3299.714600644      3191.736482703     -6491.451083347
     5 -3299.714907408      3191.790154868     -6491.505062277
     6 -3299.714978496      3191.790471531     -6491.505450027
     7 -3299.715033452      3191.799863114     -6491.514896565
     8 -3299.715043781      3191.803222970     -6491.518266751
     9 -3299.715071324      3191.812006208     -6491.527077533
    10 -3299.715098114      3191.815171477     -6491.530269590
    11 -3299.715113428      3191.812049399     -6491.527162827
    12 -3299.715116906      3191.811269490     -6491.526386396
    13 -3299.715126509      3191.809543875     -6491.524670383
    14 -3299.715147471      3191.806804780     -6491.521952251
    15 -3299.715159902      3191.805506933     -6491.520666835
    16 -3299.715164220      3191.805576641     -6491.520740861
    17 -3299.715165242      3191.805799727     -6491.520964968
    18 -3299.715166628      3191.806351705     -6491.521518333
    19 -3299.715168975      3191.807102136     -6491.522271111
    20 -3299.715170219      3191.806983152     -6491.522153371
    21 -3299.715170449      3191.806168233     -6491.521338682
    22 -3299.715170541      3191.806066468     -6491.521237009
    23 -3299.715170800      3191.805973439     -6491.521144239
$end
