 -----------------------------------------------------------------------------------------------
 |    Exc.   | energy (Eh) | energy (eV) | energy (cm-1) | energy (nm) | Osc.(vel) | Osc.(len) |
 -----------------------------------------------------------------------------------------------
 |     2 a   |    0.032004 |     0.87086 |      7023.969 |    1423.697 |   0.02714 |   0.02723 |
 |     5 a   |    0.079554 |     2.16478 |     17460.139 |     572.733 |   0.00914 |   0.00897 |
 |    15 a   |    0.104524 |     2.84425 |     22940.390 |     435.912 |   0.13505 |   0.13118 |
 |    39 a   |    0.128371 |     3.49316 |     28174.254 |     354.934 |   0.03905 |   0.03662 |
 |    48 a   |    0.129567 |     3.52569 |     28436.644 |     351.659 |   0.01218 |   0.01185 |
 |    52 a   |    0.130396 |     3.54825 |     28618.601 |     349.423 |   0.01536 |   0.01451 |
 |    63 a   |    0.136245 |     3.70742 |     29902.338 |     334.422 |   0.00982 |   0.00994 |
 |    64 a   |    0.136263 |     3.70792 |     29906.372 |     334.377 |   0.00981 |   0.00992 |
 |    75 a   |    0.141639 |     3.85421 |     31086.267 |     321.685 |   0.01184 |   0.01162 |
 |    77 a   |    0.144136 |     3.92215 |     31634.234 |     316.113 |   0.01310 |   0.01330 |
 |    83 a   |    0.149075 |     4.05653 |     32718.104 |     305.641 |   0.00734 |   0.00790 |
 -----------------------------------------------------------------------------------------------
