# Excitation spectrum ; written at 2020-08-01 16:51:57
#     Exc.     energy (Eh)   energy (eV)   energy (cm-1)   energy (nm)     Osc.(vel)      Osc.(len) 
       1 a        0.020567       0.55967        4514.033      2215.314     0.00000000     0.00000000
       2 a        0.032004       0.87086        7023.969      1423.697     0.02713843     0.02722841
       3 a        0.057752       1.57150       12675.038       788.952     0.00191664     0.00123005
       4 a        0.057764       1.57184       12677.720       788.785     0.00191193     0.00122825
       5 a        0.079554       2.16478       17460.139       572.733     0.00914220     0.00897207
       6 a        0.088490       2.40793       19421.271       514.899     0.00000000     0.00000000
       7 a        0.090431       2.46077       19847.413       503.844     0.00000000     0.00000000
       8 a        0.092163       2.50788       20227.419       494.378     0.00026976     0.00026048
       9 a        0.092200       2.50889       20235.589       494.179     0.00026798     0.00025897
      10 a        0.097244       2.64614       21342.534       468.548     0.00012269     0.00016819
      11 a        0.097271       2.64688       21348.567       468.416     0.00012311     0.00016837
      12 a        0.099324       2.70274       21799.090       458.735     0.00206487     0.00194181
      13 a        0.099346       2.70334       21803.901       458.634     0.00205701     0.00193355
      14 a        0.100276       2.72865       22008.012       454.380     0.00000000     0.00000000
      15 a        0.104524       2.84425       22940.390       435.912     0.13504978     0.13117781
      16 a        0.105914       2.88207       23245.467       430.191     0.00159881     0.00148244
      17 a        0.105936       2.88266       23250.209       430.104     0.00159466     0.00147949
      18 a        0.108358       2.94857       23781.808       420.489     0.00042829     0.00054223
      19 a        0.108381       2.94920       23786.927       420.399     0.00042713     0.00054030
      20 a        0.110375       3.00347       24224.609       412.803     0.00000004     0.00000004
      21 a        0.116647       3.17412       25600.985       390.610     0.00223237     0.00213622
      22 a        0.116649       3.17417       25601.440       390.603     0.00223420     0.00213714
      23 a        0.117054       3.18520       25690.373       389.251     0.00000979     0.00001022
      24 a        0.117056       3.18526       25690.873       389.243     0.00001117     0.00001162
      25 a        0.118446       3.22307       25995.853       384.677     0.00112261     0.00109281
      26 a        0.118446       3.22308       25995.916       384.676     0.00111722     0.00108833
      27 a        0.119825       3.26059       26298.445       380.251     0.00199051     0.00280583
      28 a        0.119831       3.26076       26299.772       380.231     0.00198161     0.00279487
      29 a        0.121033       3.29347       26563.664       376.454     0.00000002     0.00000002
      30 a        0.121615       3.30931       26691.375       374.653     0.00145810     0.00154227
      31 a        0.121627       3.30963       26694.005       374.616     0.00144625     0.00152806
      32 a        0.122984       3.34657       26991.869       370.482     0.00008220     0.00014425
      33 a        0.122999       3.34696       26995.087       370.438     0.00007807     0.00013861
      34 a        0.123973       3.37347       27208.870       367.527     0.00000000     0.00000000
      35 a        0.126138       3.43240       27684.170       361.217     0.00164622     0.00138850
      36 a        0.126139       3.43243       27684.375       361.215     0.00165105     0.00139244
      37 a        0.126311       3.43711       27722.132       360.723     0.00000000     0.00000000
      38 a        0.128124       3.48644       28119.998       355.619     0.00000003     0.00000002
      39 a        0.128371       3.49316       28174.254       354.934     0.03905099     0.03661720
      40 a        0.128524       3.49732       28207.780       354.512     0.00223678     0.00176133
      41 a        0.128527       3.49740       28208.413       354.504     0.00224555     0.00176994
      42 a        0.128665       3.50115       28238.659       354.124     0.00292430     0.00292040
      43 a        0.128668       3.50125       28239.455       354.114     0.00295663     0.00294951
      44 a        0.128706       3.50226       28247.616       354.012     0.00000006     0.00000006
      45 a        0.128939       3.50861       28298.838       353.371     0.00000055     0.00000051
      46 a        0.129345       3.51964       28387.850       352.263     0.00185889     0.00175922
      47 a        0.129347       3.51971       28388.400       352.257     0.00187118     0.00177173
      48 a        0.129567       3.52569       28436.644       351.659     0.01218079     0.01185000
      49 a        0.130209       3.54316       28577.508       349.926     0.00001995     0.00001890
      50 a        0.130353       3.54709       28609.206       349.538     0.00097282     0.00070833
      51 a        0.130370       3.54755       28612.942       349.492     0.00096593     0.00070260
      52 a        0.130396       3.54825       28618.601       349.423     0.01535767     0.01450919
      53 a        0.130957       3.56352       28741.748       347.926     0.00000002     0.00000002
      54 a        0.131505       3.57843       28862.020       346.476     0.00000089     0.00005044
      55 a        0.131508       3.57851       28862.667       346.468     0.00000184     0.00005644
      56 a        0.132224       3.59800       29019.823       344.592     0.00000007     0.00000009
      57 a        0.132362       3.60174       29050.002       344.234     0.00271407     0.00357519
      58 a        0.132473       3.60476       29074.381       343.945     0.00000010     0.00000013
      59 a        0.132608       3.60846       29104.191       343.593     0.00000000     0.00000000
      60 a        0.133616       3.63589       29325.420       341.001     0.00476536     0.00460660
      61 a        0.134005       3.64645       29410.613       340.013     0.00000000     0.00000000
      62 a        0.135360       3.68334       29708.111       336.608     0.00000002     0.00000002
      63 a        0.136245       3.70742       29902.338       334.422     0.00982220     0.00993768
      64 a        0.136263       3.70792       29906.372       334.377     0.00980885     0.00992241
      65 a        0.137322       3.73671       30138.593       331.800     0.00000000     0.00000000
      66 a        0.137891       3.75221       30263.650       330.429     0.00000000     0.00000000
      67 a        0.138282       3.76284       30349.365       329.496     0.00000000     0.00000000
      68 a        0.138986       3.78201       30503.948       327.826     0.00000010     0.00000010
      69 a        0.139870       3.80605       30697.891       325.755     0.00000000     0.00000001
      70 a        0.140352       3.81918       30803.799       324.635     0.00000003     0.00000004
      71 a        0.140504       3.82331       30837.081       324.285     0.00154701     0.00172175
      72 a        0.140506       3.82337       30837.535       324.280     0.00154857     0.00172272
      73 a        0.141088       3.83919       30965.159       322.944     0.00000001     0.00000001
      74 a        0.141244       3.84344       30999.449       322.586     0.00010491     0.00011020
      75 a        0.141639       3.85421       31086.267       321.685     0.01183997     0.01161566
      76 a        0.143646       3.90880       31526.603       317.192     0.00000002     0.00000002
      77 a        0.144136       3.92215       31634.234       316.113     0.01310458     0.01329777
      78 a        0.144226       3.92460       31654.039       315.915     0.00106714     0.00110815
      79 a        0.144237       3.92490       31656.471       315.891     0.00106919     0.00111001
      80 a        0.144238       3.92492       31656.652       315.889     0.00000317     0.00000329
      81 a        0.147471       4.01289       32366.143       308.965     0.00000000     0.00000000
      82 a        0.148486       4.04050       32588.833       306.854     0.00000024     0.00000026
      83 a        0.149075       4.05653       32718.104       305.641     0.00733512     0.00790277
      84 a        0.149142       4.05835       32732.816       305.504     0.00320406     0.00298614
      85 a        0.149144       4.05842       32733.361       305.499     0.00321320     0.00299570
      86 a        0.152638       4.15350       33500.208       298.506     0.00000000     0.00000000
      87 a        0.153381       4.17371       33663.281       297.060     0.00000006     0.00000005
      88 a        0.153399       4.17420       33667.178       297.025     0.00241250     0.00217415
      89 a        0.153406       4.17438       33668.642       297.012     0.00242322     0.00218823
      90 a        0.154085       4.19286       33817.721       295.703     0.00146175     0.00184529
      91 a        0.154089       4.19299       33818.721       295.694     0.00143589     0.00181717
      92 a        0.154321       4.19929       33869.593       295.250     0.00322001     0.00307809
      93 a        0.154972       4.21700       34012.381       294.011     0.00000002     0.00000002
      94 a        0.155780       4.23899       34189.753       292.485     0.00039817     0.00170130
      95 a        0.156215       4.25084       34285.330       291.670     0.00000000     0.00000000
      96 a        0.156398       4.25580       34325.320       291.330     0.00000000     0.00000000
      97 a        0.157594       4.28834       34587.781       289.119     0.00000090     0.00000083
      98 a        0.158028       4.30017       34683.204       288.324     0.00135420     0.00126271
      99 a        0.158498       4.31294       34786.226       287.470     0.00000004     0.00000004
     100 a        0.158847       4.32245       34862.947       286.837     0.00000000     0.00000000
