# Electronic excitation spectrum of , IRREP a   
#  excitation energy / cm^(-1)  oscillator strength (length rep.)
 0.45140344379501E+04   0.35220196361417E-10
 0.70240047556827E+04   0.27230726474229E-01
 0.12675045134588E+05   0.12300087186103E-02
 0.12677707574880E+05   0.12282351775034E-02
 0.17460147983390E+05   0.89725237250922E-02
 0.19421278431108E+05   0.13666677236827E-10
 0.19847420734660E+05   0.50312503876779E-09
 0.20227424749148E+05   0.26046955973670E-03
 0.20235587078659E+05   0.25897769202340E-03
 0.21342566485445E+05   0.16813445081568E-03
 0.21348529603251E+05   0.16842616047653E-03
 0.21799110133356E+05   0.19418250831675E-02
 0.21803878168993E+05   0.19333249674240E-02
 0.22008021917774E+05   0.28976118584562E-08
 0.22940435315151E+05   0.13119609374229E+00
 0.23245466688427E+05   0.14824283617589E-02
 0.23250210344042E+05   0.14795037932022E-02
 0.23781776721545E+05   0.54214922530090E-03
 0.23786958896288E+05   0.54054297206873E-03
 0.24224606009175E+05   0.32473321738903E-07
 0.25600980970251E+05   0.21361815737707E-02
 0.25601435066757E+05   0.21372404619517E-02
 0.25690343597702E+05   0.10177335931757E-04
 0.25690883983368E+05   0.11654754206466E-04
 0.25995862164220E+05   0.10943124498419E-02
 0.25995918176416E+05   0.10866794996363E-02
 0.26298395648784E+05   0.28059744622624E-02
 0.26299803328675E+05   0.27946163421112E-02
 0.26563659125256E+05   0.14618967879151E-07
 0.26691414111343E+05   0.15424196311462E-02
 0.26693986562941E+05   0.15281588128110E-02
 0.26991880756267E+05   0.14423523956736E-03
 0.26995095265066E+05   0.13856244435873E-03
 0.27208860750807E+05   0.39525191733325E-08
 0.27684202643508E+05   0.13885666450554E-02
 0.27684354455829E+05   0.13920723955380E-02
 0.27722123855944E+05   0.48751928751871E-08
 0.28119995632298E+05   0.23136233698264E-07
 0.28174087137625E+05   0.36539543177135E-01
 0.28207767013526E+05   0.17618281615848E-02
 0.28208427669984E+05   0.17694803984066E-02
 0.28238653247902E+05   0.29202854756402E-02
 0.28239444756686E+05   0.29491477964499E-02
 0.28247613044109E+05   0.55601009843630E-07
 0.28298833895858E+05   0.54600698696446E-06
 0.28387893691051E+05   0.17591960337222E-02
 0.28388340693475E+05   0.17716032841271E-02
 0.28436574640181E+05   0.11799189596282E-01
 0.28577505960953E+05   0.18867036213800E-04
 0.28609210392784E+05   0.70828418083577E-03
 0.28612956963780E+05   0.70268839863202E-03
 0.28618820676376E+05   0.14520996843744E-01
 0.28741746777521E+05   0.42981562868567E-07
 0.28862011669095E+05   0.50463785325768E-04
 0.28862700209662E+05   0.56522542551380E-04
 0.29019819008348E+05   0.20786819520726E-06
 0.29050008442034E+05   0.35741932738124E-02
 0.29074373450934E+05   0.14404657513380E-06
 0.29104187309913E+05   0.15908013695228E-08
 0.29325436185032E+05   0.46051403583267E-02
 0.29410610685361E+05   0.21945186388020E-08
 0.29708107133410E+05   0.14381990662349E-07
 0.29902331724169E+05   0.99368178790054E-02
 0.29906385041229E+05   0.99203864371945E-02
 0.30138592874772E+05   0.17413509043336E-08
 0.30263647794739E+05   0.20852948070117E-08
 0.30349358843879E+05   0.54124565167940E-07
 0.30503946640759E+05   0.10226338924824E-06
 0.30697885688510E+05   0.79822959099132E-08
 0.30803793100473E+05   0.35876321472071E-07
 0.30837083738830E+05   0.17218506526144E-02
 0.30837559654466E+05   0.17224200861172E-02
 0.30965153231841E+05   0.92735006567045E-08
 0.30999421479177E+05   0.11055760042872E-03
 0.31086276499718E+05   0.11614976823891E-01
# Electronic excitation spectrum of , IRREP a   
#  excitation energy / cm^(-1)  oscillator strength (length rep.)
 0.45140344375011E+04   0.35587978760182E-10
 0.70239654459162E+04   0.27228321280983E-01
 0.12675045184535E+05   0.12300162444013E-02
 0.12677707514490E+05   0.12282185205367E-02
 0.17460148794634E+05   0.89719631846557E-02
 0.19421278432247E+05   0.14639544172415E-10
 0.19847420730239E+05   0.17068451010003E-09
 0.20227424679883E+05   0.26047089823590E-03
 0.20235586571152E+05   0.25897327546939E-03
 0.21342566601024E+05   0.16813767583206E-03
 0.21348530782926E+05   0.16841295695327E-03
 0.21799110512769E+05   0.19418608835517E-02
 0.21803877192644E+05   0.19334479639320E-02
 0.22008021919868E+05   0.29151206254966E-08
 0.22940399891264E+05   0.13117744707743E+00
 0.23245467082624E+05   0.14824328347442E-02
 0.23250210166077E+05   0.14795138050292E-02
 0.23781776977058E+05   0.54215803057638E-03
 0.23786957459309E+05   0.54042403759752E-03
 0.24224605266898E+05   0.32941978705533E-07
 0.25600981463968E+05   0.21362766420115E-02
 0.25601434855377E+05   0.21372884035906E-02
 0.25690343513801E+05   0.10175455133752E-04
 0.25690883811824E+05   0.11660315880504E-04
 0.25995860985467E+05   0.10942915965154E-02
 0.25995919867219E+05   0.10867215460420E-02
 0.26298395717435E+05   0.28059914863177E-02
 0.26299803481910E+05   0.27946968799852E-02
 0.26563659921701E+05   0.15279733403639E-07
 0.26691409581387E+05   0.15422278766329E-02
 0.26693987097375E+05   0.15281773364102E-02
 0.26991879741855E+05   0.14422982950448E-03
 0.26995095527746E+05   0.13854488704104E-03
 0.27208860750914E+05   0.31885351914923E-08
 0.27684202399076E+05   0.13885852770067E-02
 0.27684360233225E+05   0.13922124123927E-02
 0.27722123852103E+05   0.49236652247552E-08
 0.28119995598581E+05   0.27654681906486E-07
 0.28174251274762E+05   0.36617132162434E-01
 0.28207767388337E+05   0.17618214706493E-02
 0.28208428218302E+05   0.17695559951384E-02
 0.28238653379928E+05   0.29203426588072E-02
 0.28239444687810E+05   0.29491450907577E-02
 0.28247613042631E+05   0.56228698078469E-07
 0.28298831949905E+05   0.51812426022255E-06
 0.28387893807176E+05   0.17591764379250E-02
 0.28388340790770E+05   0.17718569814973E-02
 0.28436638496789E+05   0.11850504041910E-01
 0.28577502765705E+05   0.19230184217146E-04
 0.28609210327608E+05   0.70827405101882E-03
 0.28612957491027E+05   0.70262345678923E-03
 0.28618600678168E+05   0.14508907205600E-01
 0.28741746720384E+05   0.23691034814836E-07
 0.28862006829735E+05   0.50396911881585E-04
 0.28862699582689E+05   0.56510081276486E-04
 0.29019819211167E+05   0.88597276779588E-07
 0.29049995840803E+05   0.35752898204525E-02
 0.29074373586447E+05   0.14686733635914E-06
 0.29104187260501E+05   0.13643686747698E-08
 0.29325418200666E+05   0.46067316984605E-02
 0.29410610647053E+05   0.14523930256503E-08
 0.29708104687353E+05   0.16875071294176E-07
 0.29902331011236E+05   0.99372275173267E-02
 0.29906402481470E+05   0.99225405738873E-02
 0.30138592307140E+05   0.15784418237979E-08
 0.30263647097315E+05   0.31909323692320E-09
 0.30349359020318E+05   0.80291716762568E-10
 0.30503946309163E+05   0.98302646723138E-07
 0.30697885641521E+05   0.52931817970455E-08
 0.30803793090276E+05   0.36031347529524E-07
 0.30837082580570E+05   0.17217963234291E-02
 0.30837561557263E+05   0.17227102747073E-02
 0.30965150541903E+05   0.53220918094554E-08
 0.30999444070398E+05   0.11012572580867E-03
 0.31086267271437E+05   0.11616164572025E-01
 0.31526599667462E+05   0.17966602367173E-07
 0.31634234854679E+05   0.13297439847022E-01
 0.31653990240591E+05   0.11079849598969E-02
 0.31656539339821E+05   0.11066962353545E-02
 0.31656665263802E+05   0.68655985392561E-05
 0.32366143487061E+05   0.78893699548630E-09
 0.32588843846006E+05   0.24375798453317E-06
 0.32718110847596E+05   0.79033840980672E-02
 0.32732775837588E+05   0.29863819419780E-02
 0.32733419874281E+05   0.29957530795529E-02
 0.33500220806589E+05   0.17514754101815E-09
 0.33663278804337E+05   0.52044523426720E-07
 0.33667186083599E+05   0.21741199062525E-02
 0.33668647242047E+05   0.21877270847108E-02
 0.33817718765321E+05   0.18448509231896E-02
 0.33818737174294E+05   0.18179762626828E-02
 0.33869584977557E+05   0.30778091971993E-02
 0.34012381312093E+05   0.21938819863397E-07
 0.34189758832769E+05   0.17010018424894E-02
 0.34285322564702E+05   0.80110742756577E-10
 0.34325308473342E+05   0.72198161669224E-10
 0.34587790319844E+05   0.82770299821091E-06
 0.34683214214734E+05   0.12631968544199E-02
 0.34786236253505E+05   0.34189223202714E-07
 0.34862953385762E+05   0.87929957605853E-09
# Electronic excitation spectrum of , IRREP a   
#  excitation energy / cm^(-1)  oscillator strength (length rep.)
 0.45140330473813E+04   0.34121930459821E-10
 0.70239687375575E+04   0.27228412795458E-01
 0.12675037713282E+05   0.12300450439446E-02
 0.12677719897340E+05   0.12282469899608E-02
 0.17460138868821E+05   0.89720709839138E-02
 0.19421270786097E+05   0.12922004981122E-10
 0.19847413171325E+05   0.77951646263002E-10
 0.20227418731114E+05   0.26048118172747E-03
 0.20235589293578E+05   0.25896852687829E-03
 0.21342533570378E+05   0.16818592805692E-03
 0.21348566958878E+05   0.16836938039347E-03
 0.21799090388138E+05   0.19418149640856E-02
 0.21803901228657E+05   0.19335512540141E-02
 0.22008012396041E+05   0.28809500375491E-08
 0.22940389597023E+05   0.13117780977149E+00
 0.23245466518389E+05   0.14824395374715E-02
 0.23250209254599E+05   0.14794938346333E-02
 0.23781808425580E+05   0.54223133065599E-03
 0.23786926795753E+05   0.54030377583224E-03
 0.24224609158239E+05   0.35635287546414E-07
 0.25600984794235E+05   0.21362227651684E-02
 0.25601439882313E+05   0.21371359970601E-02
 0.25690372716267E+05   0.10215685939774E-04
 0.25690872879176E+05   0.11622889610903E-04
 0.25995852656828E+05   0.10928134696400E-02
 0.25995915522793E+05   0.10883343093080E-02
 0.26298444808546E+05   0.28058329198849E-02
 0.26299771715490E+05   0.27948673167879E-02
 0.26563663816155E+05   0.15624220191930E-07
 0.26691374625645E+05   0.15422711477295E-02
 0.26694004816005E+05   0.15280625941363E-02
 0.26991869355661E+05   0.14425035996165E-03
 0.26995087014519E+05   0.13861022372244E-03
 0.27208869723149E+05   0.32021408435530E-08
 0.27684169709532E+05   0.13885035223060E-02
 0.27684375014275E+05   0.13924449541370E-02
 0.27722131853420E+05   0.48631820609642E-08
 0.28119997597144E+05   0.24142141037057E-07
 0.28174254452166E+05   0.36617201545908E-01
 0.28207780322223E+05   0.17613324143004E-02
 0.28208412770133E+05   0.17699377980168E-02
 0.28238659401662E+05   0.29204043636147E-02
 0.28239454528708E+05   0.29495089449758E-02
 0.28247615906772E+05   0.56276030536481E-07
 0.28298837515086E+05   0.51126351220201E-06
 0.28387849689070E+05   0.17592191734974E-02
 0.28388399978746E+05   0.17717283465178E-02
 0.28436644137156E+05   0.11850004662757E-01
 0.28577507997417E+05   0.18895669873081E-04
 0.28609206231284E+05   0.70833456318062E-03
 0.28612941865626E+05   0.70260222941263E-03
 0.28618600983720E+05   0.14509190174752E-01
 0.28741747886707E+05   0.24392853356040E-07
 0.28862020474083E+05   0.50444367086605E-04
 0.28862667176002E+05   0.56443793665859E-04
 0.29019823405314E+05   0.88151926582512E-07
 0.29050002501714E+05   0.35751913944383E-02
 0.29074380801016E+05   0.12639662811003E-06
 0.29104191405861E+05   0.13045663704801E-08
 0.29325419905166E+05   0.46065959800268E-02
 0.29410612555283E+05   0.15495993821975E-08
 0.29708110681766E+05   0.16608186778497E-07
 0.29902338212788E+05   0.99376834412710E-02
 0.29906371715301E+05   0.99224092016213E-02
 0.30138593077375E+05   0.15223647104033E-08
 0.30263649561705E+05   0.34986257567324E-09
 0.30349364846138E+05   0.15368089445238E-09
 0.30503948202339E+05   0.98047348017360E-07
 0.30697890850236E+05   0.51857593073572E-08
 0.30803799255168E+05   0.35913812971602E-07
 0.30837080876729E+05   0.17217487471774E-02
 0.30837535075980E+05   0.17227165793177E-02
 0.30965158936066E+05   0.57098132428865E-08
 0.30999448505671E+05   0.11020317345495E-03
 0.31086266711510E+05   0.11615660185026E-01
 0.31526602852051E+05   0.17716952502790E-07
 0.31634234282352E+05   0.13297765550298E-01
 0.31654039180617E+05   0.11081501616113E-02
 0.31656470825594E+05   0.11100140932068E-02
 0.31656651943050E+05   0.32924182783045E-05
 0.32366142560912E+05   0.61825332966031E-09
 0.32588832713841E+05   0.26205756164731E-06
 0.32718104467495E+05   0.79027669180267E-02
 0.32732815592465E+05   0.29861426462900E-02
 0.32733361333542E+05   0.29957005248612E-02
 0.33500208235781E+05   0.17373399522360E-09
 0.33663280802613E+05   0.53752954432627E-07
 0.33667178260901E+05   0.21741543934390E-02
 0.33668642177379E+05   0.21882298169603E-02
 0.33817721449539E+05   0.18452892277852E-02
 0.33818721303626E+05   0.18171740277672E-02
 0.33869592773477E+05   0.30780933076262E-02
 0.34012380660308E+05   0.22752655642537E-07
 0.34189752615895E+05   0.17013038946442E-02
 0.34285329884473E+05   0.93084814306157E-10
 0.34325320422807E+05   0.83470040438758E-10
 0.34587781107810E+05   0.82867443428416E-06
 0.34683203926554E+05   0.12627105907498E-02
 0.34786225886584E+05   0.37345872856488E-07
 0.34862946814020E+05   0.69555550238616E-09
