$dipgrad          cartesian dipole gradients
  0.68777850610327D+00  -.18483866782764D-15  -.12202356660764D-16
  -.21665826161567D-15  0.68777850610330D+00  -.13191182895277D-15
  0.23437401740999D-16  -.47086561647726D-16  0.20067052770755D+01
  0.10684335894330D+01  -.71691051668751D+00  0.60706173703358D-15
  -.71691051668751D+00  0.10684335894329D+01  -.31663425645258D-15
  -.12926649217387D-16  0.62520507688465D-16  0.28309674242240D+01
  0.10684335894330D+01  0.71691051668751D+00  -.24226419789211D-15
  0.71691051668751D+00  0.10684335894329D+01  -.43701221979725D-15
  -.72221126047115D-16  -.24902001025668D-16  0.28309674242240D+01
  -.44165146100617D+00  -.29422771281587D+00  0.45338315280605D+00
  -.29422771281587D+00  -.44165146100616D+00  0.45338315280605D+00
  0.19210096973840D+00  0.19210096973840D+00  -.15925188379345D+01
  -.44165146100617D+00  -.29422771281587D+00  -.45338315280605D+00
  -.29422771281587D+00  -.44165146100617D+00  -.45338315280605D+00
  -.19210096973840D+00  -.19210096973840D+00  -.15925188379345D+01
  -.44165146100618D+00  0.29422771281587D+00  -.45338315280605D+00
  0.29422771281587D+00  -.44165146100617D+00  0.45338315280605D+00
  -.19210096973840D+00  0.19210096973841D+00  -.15925188379345D+01
  -.44165146100618D+00  0.29422771281588D+00  0.45338315280605D+00
  0.29422771281587D+00  -.44165146100618D+00  -.45338315280605D+00
  0.19210096973840D+00  -.19210096973840D+00  -.15925188379345D+01
  -.19324419448028D+00  0.85515608032080D-01  0.20828353516347D+00
  0.13326025155486D+00  -.17123379953276D+00  -.15355108974034D+00
  0.99057011070775D-01  -.13733112614266D+00  -.12797585290161D+00
  -.19795567735389D+00  0.20302908472574D+00  0.12066608157393D+00
  0.20302908472573D+00  -.19795567735389D+00  -.12066608157392D+00
  0.61365044927817D-01  -.61365044927817D-01  -.25076066302659D+00
  -.17123379953276D+00  0.13326025155486D+00  0.15355108974034D+00
  0.85515608032082D-01  -.19324419448028D+00  -.20828353516347D+00
  0.13733112614265D+00  -.99057011070773D-01  -.12797585290161D+00
  -.14546010200099D+00  0.14394042511633D+00  0.16112842415538D+00
  0.15636802330882D+00  -.16138889993334D+00  -.25057157285375D+00
  0.67896936863970D-01  -.11757670811416D+00  -.11464443309737D+00
  -.16138889993334D+00  0.15636802330883D+00  0.25057157285375D+00
  0.14394042511633D+00  -.14546010200098D+00  -.16112842415538D+00
  0.11757670811416D+00  -.67896936863970D-01  -.11464443309737D+00
  -.17123379953277D+00  0.13326025155487D+00  -.15355108974034D+00
  0.85515608032081D-01  -.19324419448028D+00  0.20828353516347D+00
  -.13733112614265D+00  0.99057011070774D-01  -.12797585290162D+00
  -.19795567735389D+00  0.20302908472573D+00  -.12066608157392D+00
  0.20302908472573D+00  -.19795567735389D+00  0.12066608157392D+00
  -.61365044927818D-01  0.61365044927815D-01  -.25076066302658D+00
  -.19324419448028D+00  0.85515608032080D-01  -.20828353516347D+00
  0.13326025155486D+00  -.17123379953277D+00  0.15355108974034D+00
  -.99057011070775D-01  0.13733112614265D+00  -.12797585290161D+00
  -.16138889993334D+00  0.15636802330882D+00  -.25057157285376D+00
  0.14394042511633D+00  -.14546010200099D+00  0.16112842415538D+00
  -.11757670811416D+00  0.67896936863975D-01  -.11464443309737D+00
  -.14546010200099D+00  0.14394042511634D+00  -.16112842415538D+00
  0.15636802330881D+00  -.16138889993334D+00  0.25057157285375D+00
  -.67896936863973D-01  0.11757670811416D+00  -.11464443309737D+00
  -.17123379953277D+00  -.13326025155487D+00  -.15355108974034D+00
  -.85515608032083D-01  -.19324419448028D+00  -.20828353516347D+00
  -.13733112614265D+00  -.99057011070773D-01  -.12797585290161D+00
  -.14546010200099D+00  -.14394042511633D+00  -.16112842415538D+00
  -.15636802330882D+00  -.16138889993334D+00  -.25057157285375D+00
  -.67896936863970D-01  -.11757670811416D+00  -.11464443309736D+00
  -.16138889993334D+00  -.15636802330882D+00  -.25057157285375D+00
  -.14394042511634D+00  -.14546010200099D+00  -.16112842415538D+00
  -.11757670811416D+00  -.67896936863971D-01  -.11464443309737D+00
  -.19324419448028D+00  -.85515608032081D-01  -.20828353516347D+00
  -.13326025155486D+00  -.17123379953277D+00  -.15355108974034D+00
  -.99057011070773D-01  -.13733112614266D+00  -.12797585290161D+00
  -.19795567735390D+00  -.20302908472573D+00  -.12066608157393D+00
  -.20302908472573D+00  -.19795567735390D+00  -.12066608157393D+00
  -.61365044927815D-01  -.61365044927814D-01  -.25076066302659D+00
  -.19324419448028D+00  -.85515608032077D-01  0.20828353516347D+00
  -.13326025155487D+00  -.17123379953277D+00  0.15355108974034D+00
  0.99057011070774D-01  0.13733112614266D+00  -.12797585290161D+00
  -.16138889993334D+00  -.15636802330883D+00  0.25057157285375D+00
  -.14394042511633D+00  -.14546010200099D+00  0.16112842415538D+00
  0.11757670811416D+00  0.67896936863973D-01  -.11464443309737D+00
  -.14546010200099D+00  -.14394042511634D+00  0.16112842415538D+00
  -.15636802330882D+00  -.16138889993334D+00  0.25057157285375D+00
  0.67896936863969D-01  0.11757670811416D+00  -.11464443309736D+00
  -.17123379953277D+00  -.13326025155487D+00  0.15355108974034D+00
  -.85515608032082D-01  -.19324419448028D+00  0.20828353516347D+00
  0.13733112614265D+00  0.99057011070775D-01  -.12797585290161D+00
  -.19795567735390D+00  -.20302908472573D+00  0.12066608157393D+00
  -.20302908472573D+00  -.19795567735390D+00  0.12066608157392D+00
  0.61365044927819D-01  0.61365044927815D-01  -.25076066302658D+00
  0.54906997275980D-01  -.11375982188483D+00  -.28432770846210D-01
  -.73387915788631D-01  0.47617049838557D-01  0.92835394682670D-01
  -.15659272978998D-02  0.78548083303763D-01  0.85929808032018D-01
  0.39399753144889D-01  -.71968918740753D-01  -.15386793962134D+00
  -.58723892758557D-01  0.10659195353749D+00  0.34101750243211D-01
  -.88912946719470D-01  0.59069532624466D-03  -.75371858788883D-02
  0.10625695926579D+00  -.58717970226469D-01  -.77280705881604D-01
  -.58717970226468D-01  0.10625695926579D+00  0.77280705881604D-01
  -.67247740302202D-01  0.67247740302204D-01  0.45747972673201D-02
  0.10659195353749D+00  -.58723892758557D-01  -.34101750243211D-01
  -.71968918740754D-01  0.39399753144889D-01  0.15386793962134D+00
  -.59069532624378D-03  0.88912946719471D-01  -.75371858788883D-02
  0.47617049838559D-01  -.73387915788633D-01  -.92835394682670D-01
  -.11375982188483D+00  0.54906997275979D-01  0.28432770846210D-01
  -.78548083303759D-01  0.15659272978999D-02  0.85929808032018D-01
  0.39399753144888D-01  -.71968918740755D-01  0.15386793962135D+00
  -.58723892758557D-01  0.10659195353749D+00  -.34101750243212D-01
  0.88912946719471D-01  -.59069532624324D-03  -.75371858788882D-02
  0.54906997275981D-01  -.11375982188483D+00  0.28432770846210D-01
  -.73387915788632D-01  0.47617049838557D-01  -.92835394682670D-01
  0.15659272978998D-02  -.78548083303762D-01  0.85929808032018D-01
  0.10625695926580D+00  -.58717970226468D-01  0.77280705881604D-01
  -.58717970226468D-01  0.10625695926579D+00  -.77280705881604D-01
  0.67247740302202D-01  -.67247740302201D-01  0.45747972673241D-02
  0.47617049838559D-01  -.73387915788631D-01  0.92835394682670D-01
  -.11375982188483D+00  0.54906997275979D-01  -.28432770846211D-01
  0.78548083303760D-01  -.15659272978998D-02  0.85929808032018D-01
  0.10659195353749D+00  -.58723892758557D-01  0.34101750243210D-01
  -.71968918740753D-01  0.39399753144889D-01  -.15386793962134D+00
  0.59069532624319D-03  -.88912946719473D-01  -.75371858788883D-02
  0.54906997275980D-01  0.11375982188483D+00  -.28432770846212D-01
  0.73387915788631D-01  0.47617049838559D-01  -.92835394682670D-01
  -.15659272978998D-02  -.78548083303759D-01  0.85929808032018D-01
  0.10625695926579D+00  0.58717970226467D-01  -.77280705881604D-01
  0.58717970226468D-01  0.10625695926579D+00  -.77280705881604D-01
  -.67247740302201D-01  -.67247740302202D-01  0.45747972673333D-02
  0.47617049838560D-01  0.73387915788632D-01  -.92835394682669D-01
  0.11375982188483D+00  0.54906997275980D-01  -.28432770846211D-01
  -.78548083303760D-01  -.15659272978999D-02  0.85929808032018D-01
  0.10659195353749D+00  0.58723892758557D-01  -.34101750243211D-01
  0.71968918740754D-01  0.39399753144887D-01  -.15386793962135D+00
  -.59069532624320D-03  -.88912946719472D-01  -.75371858788882D-02
  0.39399753144889D-01  0.71968918740751D-01  -.15386793962134D+00
  0.58723892758558D-01  0.10659195353749D+00  -.34101750243212D-01
  -.88912946719472D-01  -.59069532624226D-03  -.75371858788881D-02
  0.39399753144888D-01  0.71968918740752D-01  0.15386793962134D+00
  0.58723892758558D-01  0.10659195353749D+00  0.34101750243211D-01
  0.88912946719472D-01  0.59069532623925D-03  -.75371858788873D-02
  0.54906997275979D-01  0.11375982188483D+00  0.28432770846207D-01
  0.73387915788629D-01  0.47617049838561D-01  0.92835394682670D-01
  0.15659272978998D-02  0.78548083303760D-01  0.85929808032019D-01
  0.10625695926579D+00  0.58717970226471D-01  0.77280705881604D-01
  0.58717970226468D-01  0.10625695926580D+00  0.77280705881604D-01
  0.67247740302199D-01  0.67247740302203D-01  0.45747972673299D-02
  0.10659195353749D+00  0.58723892758551D-01  0.34101750243211D-01
  0.71968918740754D-01  0.39399753144888D-01  0.15386793962134D+00
  0.59069532624312D-03  0.88912946719470D-01  -.75371858788869D-02
  0.47617049838560D-01  0.73387915788632D-01  0.92835394682670D-01
  0.11375982188483D+00  0.54906997275979D-01  0.28432770846211D-01
  0.78548083303761D-01  0.15659272978998D-02  0.85929808032018D-01
$dipgrad          cartesian dipole gradients
  0.68749285972735D+00  0.17739329082107D-15  0.74073031237389D-17
  0.16911181671194D-15  0.68749285972735D+00  0.34877428626450D-16
  -.38616233163923D-17  0.44703010798444D-16  0.20089714682728D+01
  0.10682765838331D+01  -.71681125938734D+00  0.49425388911825D-15
  -.71681125938731D+00  0.10682765838331D+01  -.23428994848525D-15
  0.37163226453648D-16  -.16870196391786D-16  0.28323341092308D+01
  0.10682765838331D+01  0.71681125938733D+00  -.56605921463249D-16
  0.71681125938731D+00  0.10682765838331D+01  -.63829065727621D-15
  -.50398248603394D-16  0.11237575523311D-15  0.28323341092308D+01
  -.44156067060669D+00  -.29418600412902D+00  0.45356379704418D+00
  -.29418600412902D+00  -.44156067060669D+00  0.45356379704418D+00
  0.19209070270417D+00  0.19209070270417D+00  -.15932880147847D+01
  -.44156067060670D+00  -.29418600412902D+00  -.45356379704418D+00
  -.29418600412901D+00  -.44156067060670D+00  -.45356379704418D+00
  -.19209070270417D+00  -.19209070270418D+00  -.15932880147847D+01
  -.44156067060666D+00  0.29418600412902D+00  -.45356379704418D+00
  0.29418600412901D+00  -.44156067060667D+00  0.45356379704418D+00
  -.19209070270417D+00  0.19209070270417D+00  -.15932880147847D+01
  -.44156067060667D+00  0.29418600412901D+00  0.45356379704418D+00
  0.29418600412902D+00  -.44156067060668D+00  -.45356379704418D+00
  0.19209070270417D+00  -.19209070270417D+00  -.15932880147847D+01
  -.19314037363218D+00  0.85482647972878D-01  0.20826904177363D+00
  0.13319204566454D+00  -.17121770865401D+00  -.15365450469057D+00
  0.99156899135930D-01  -.13732945307992D+00  -.12815763081229D+00
  -.19778530201947D+00  0.20292763107295D+00  0.12067937509412D+00
  0.20292763107295D+00  -.19778530201947D+00  -.12067937509412D+00
  0.61531168719162D-01  -.61531168719159D-01  -.25091055631255D+00
  -.17121770865401D+00  0.13319204566453D+00  0.15365450469056D+00
  0.85482647972881D-01  -.19314037363218D+00  -.20826904177363D+00
  0.13732945307992D+00  -.99156899135933D-01  -.12815763081229D+00
  -.14542438085320D+00  0.14386087411142D+00  0.16129303993430D+00
  0.15626597101978D+00  -.16147660288938D+00  -.25085343654481D+00
  0.67907855450296D-01  -.11771314321933D+00  -.11487872012760D+00
  -.16147660288938D+00  0.15626597101979D+00  0.25085343654481D+00
  0.14386087411143D+00  -.14542438085320D+00  -.16129303993430D+00
  0.11771314321933D+00  -.67907855450295D-01  -.11487872012760D+00
  -.17121770865402D+00  0.13319204566453D+00  -.15365450469057D+00
  0.85482647972876D-01  -.19314037363218D+00  0.20826904177363D+00
  -.13732945307992D+00  0.99156899135934D-01  -.12815763081228D+00
  -.19778530201947D+00  0.20292763107296D+00  -.12067937509412D+00
  0.20292763107295D+00  -.19778530201947D+00  0.12067937509412D+00
  -.61531168719159D-01  0.61531168719163D-01  -.25091055631254D+00
  -.19314037363218D+00  0.85482647972881D-01  -.20826904177363D+00
  0.13319204566453D+00  -.17121770865401D+00  0.15365450469057D+00
  -.99156899135937D-01  0.13732945307992D+00  -.12815763081228D+00
  -.16147660288938D+00  0.15626597101979D+00  -.25085343654481D+00
  0.14386087411143D+00  -.14542438085320D+00  0.16129303993430D+00
  -.11771314321933D+00  0.67907855450296D-01  -.11487872012761D+00
  -.14542438085319D+00  0.14386087411143D+00  -.16129303993430D+00
  0.15626597101978D+00  -.16147660288938D+00  0.25085343654481D+00
  -.67907855450297D-01  0.11771314321933D+00  -.11487872012760D+00
  -.17121770865402D+00  -.13319204566453D+00  -.15365450469056D+00
  -.85482647972879D-01  -.19314037363218D+00  -.20826904177363D+00
  -.13732945307992D+00  -.99156899135934D-01  -.12815763081229D+00
  -.14542438085320D+00  -.14386087411143D+00  -.16129303993430D+00
  -.15626597101978D+00  -.16147660288939D+00  -.25085343654481D+00
  -.67907855450295D-01  -.11771314321932D+00  -.11487872012760D+00
  -.16147660288939D+00  -.15626597101979D+00  -.25085343654481D+00
  -.14386087411143D+00  -.14542438085320D+00  -.16129303993430D+00
  -.11771314321933D+00  -.67907855450294D-01  -.11487872012760D+00
  -.19314037363218D+00  -.85482647972874D-01  -.20826904177363D+00
  -.13319204566453D+00  -.17121770865402D+00  -.15365450469056D+00
  -.99156899135934D-01  -.13732945307992D+00  -.12815763081228D+00
  -.19778530201948D+00  -.20292763107295D+00  -.12067937509412D+00
  -.20292763107295D+00  -.19778530201947D+00  -.12067937509412D+00
  -.61531168719160D-01  -.61531168719161D-01  -.25091055631257D+00
  -.19314037363218D+00  -.85482647972877D-01  0.20826904177363D+00
  -.13319204566453D+00  -.17121770865402D+00  0.15365450469057D+00
  0.99156899135936D-01  0.13732945307992D+00  -.12815763081228D+00
  -.16147660288938D+00  -.15626597101978D+00  0.25085343654481D+00
  -.14386087411143D+00  -.14542438085319D+00  0.16129303993430D+00
  0.11771314321932D+00  0.67907855450297D-01  -.11487872012760D+00
  -.14542438085320D+00  -.14386087411143D+00  0.16129303993430D+00
  -.15626597101979D+00  -.16147660288939D+00  0.25085343654481D+00
  0.67907855450298D-01  0.11771314321933D+00  -.11487872012760D+00
  -.17121770865402D+00  -.13319204566453D+00  0.15365450469057D+00
  -.85482647972877D-01  -.19314037363218D+00  0.20826904177363D+00
  0.13732945307992D+00  0.99156899135928D-01  -.12815763081228D+00
  -.19778530201947D+00  -.20292763107295D+00  0.12067937509412D+00
  -.20292763107295D+00  -.19778530201947D+00  0.12067937509412D+00
  0.61531168719161D-01  0.61531168719159D-01  -.25091055631256D+00
  0.54917357113633D-01  -.11374093939044D+00  -.28483431804006D-01
  -.73390979756392D-01  0.47527445728226D-01  0.92838988056309D-01
  -.15935228674931D-02  0.78561379686446D-01  0.85987996746787D-01
  0.39304752399853D-01  -.71935395300383D-01  -.15393046557328D+00
  -.58670872609882D-01  0.10664953206832D+00  0.34290453718374D-01
  -.88964402757182D-01  0.70955753254769D-03  -.73987642189816D-02
  0.10619444449373D+00  -.58613734768343D-01  -.77337303792032D-01
  -.58613734768342D-01  0.10619444449373D+00  0.77337303792032D-01
  -.67326117840429D-01  0.67326117840433D-01  0.46828862378114D-02
  0.10664953206832D+00  -.58670872609884D-01  -.34290453718373D-01
  -.71935395300383D-01  0.39304752399853D-01  0.15393046557327D+00
  -.70955753254631D-03  0.88964402757182D-01  -.73987642189819D-02
  0.47527445728225D-01  -.73390979756392D-01  -.92838988056309D-01
  -.11374093939044D+00  0.54917357113632D-01  0.28483431804007D-01
  -.78561379686447D-01  0.15935228674931D-02  0.85987996746786D-01
  0.39304752399853D-01  -.71935395300382D-01  0.15393046557328D+00
  -.58670872609883D-01  0.10664953206832D+00  -.34290453718373D-01
  0.88964402757184D-01  -.70955753254678D-03  -.73987642189828D-02
  0.54917357113632D-01  -.11374093939044D+00  0.28483431804008D-01
  -.73390979756393D-01  0.47527445728225D-01  -.92838988056309D-01
  0.15935228674931D-02  -.78561379686444D-01  0.85987996746786D-01
  0.10619444449373D+00  -.58613734768342D-01  0.77337303792031D-01
  -.58613734768343D-01  0.10619444449373D+00  -.77337303792032D-01
  0.67326117840430D-01  -.67326117840431D-01  0.46828862378121D-02
  0.47527445728224D-01  -.73390979756394D-01  0.92838988056309D-01
  -.11374093939044D+00  0.54917357113634D-01  -.28483431804007D-01
  0.78561379686445D-01  -.15935228674931D-02  0.85987996746786D-01
  0.10664953206832D+00  -.58670872609883D-01  0.34290453718373D-01
  -.71935395300383D-01  0.39304752399854D-01  -.15393046557328D+00
  0.70955753254557D-03  -.88964402757181D-01  -.73987642189807D-02
  0.54917357113632D-01  0.11374093939044D+00  -.28483431804007D-01
  0.73390979756392D-01  0.47527445728224D-01  -.92838988056309D-01
  -.15935228674931D-02  -.78561379686449D-01  0.85987996746786D-01
  0.10619444449374D+00  0.58613734768340D-01  -.77337303792032D-01
  0.58613734768342D-01  0.10619444449373D+00  -.77337303792032D-01
  -.67326117840430D-01  -.67326117840431D-01  0.46828862378081D-02
  0.47527445728225D-01  0.73390979756390D-01  -.92838988056309D-01
  0.11374093939044D+00  0.54917357113632D-01  -.28483431804006D-01
  -.78561379686447D-01  -.15935228674931D-02  0.85987996746786D-01
  0.10664953206832D+00  0.58670872609883D-01  -.34290453718372D-01
  0.71935395300383D-01  0.39304752399851D-01  -.15393046557328D+00
  -.70955753254725D-03  -.88964402757182D-01  -.73987642189811D-02
  0.39304752399854D-01  0.71935395300382D-01  -.15393046557328D+00
  0.58670872609884D-01  0.10664953206832D+00  -.34290453718374D-01
  -.88964402757181D-01  -.70955753254436D-03  -.73987642189824D-02
  0.39304752399853D-01  0.71935395300381D-01  0.15393046557328D+00
  0.58670872609883D-01  0.10664953206832D+00  0.34290453718372D-01
  0.88964402757182D-01  0.70955753254737D-03  -.73987642189817D-02
  0.54917357113633D-01  0.11374093939044D+00  0.28483431804016D-01
  0.73390979756392D-01  0.47527445728225D-01  0.92838988056309D-01
  0.15935228674931D-02  0.78561379686447D-01  0.85987996746787D-01
  0.10619444449373D+00  0.58613734768343D-01  0.77337303792032D-01
  0.58613734768343D-01  0.10619444449374D+00  0.77337303792032D-01
  0.67326117840430D-01  0.67326117840430D-01  0.46828862378092D-02
  0.10664953206832D+00  0.58670872609880D-01  0.34290453718372D-01
  0.71935395300384D-01  0.39304752399853D-01  0.15393046557328D+00
  0.70955753254892D-03  0.88964402757182D-01  -.73987642189813D-02
  0.47527445728226D-01  0.73390979756392D-01  0.92838988056308D-01
  0.11374093939044D+00  0.54917357113632D-01  0.28483431804007D-01
  0.78561379686447D-01  0.15935228674931D-02  0.85987996746787D-01
$end
