$dipgrad          cartesian dipole gradients
  0.21569058288419D+01  0.16502051363302D-01  0.82424956506511D+00
  0.32270719519473D-01  0.83893102383835D+00  0.13788728039215D-01
  0.81232369810849D+00  0.56394459996585D-02  0.13418832371068D+01
  0.13319780380855D+01  -.10802401260805D+00  0.60332490969981D+00
  -.19975228450312D+00  0.17005932357710D+01  0.27205876923250D+00
  0.51440634533662D+00  0.26870307896935D+00  0.70286226538133D+00
  0.16383556595014D+01  0.17212301298377D+00  -.73146959141898D-01
  0.18422689987778D+00  0.36084659040399D+00  -.28463233611622D+00
  0.76294141245949D-01  -.23359718887570D+00  0.16954229507167D+01
  -.61525737927464D+00  0.58999518508964D-01  -.39810901700672D+00
  0.10798009480526D+00  -.49583966630570D-01  0.19660795972660D+00
  -.68822365278653D+00  0.14160745605606D+00  -.11846078512532D+01
  -.14522062662149D+01  -.11017290995532D+00  -.20887359017408D+00
  -.15202415165035D+00  -.73431009495226D-01  0.64676717096590D-01
  0.94876292624648D-01  0.98089316884139D-01  -.31633538506674D+00
  -.99684835743229D+00  0.36797586105674D+00  -.54792906991481D+00
  0.62407961585820D+00  -.52051360547719D+00  0.22951192933371D+00
  -.48190252064773D+00  0.94307713286909D-01  -.34414904692986D+00
  -.71619674139847D+00  -.20258161519969D+00  -.52384838570200D+00
  -.46556446220988D+00  -.60138524137186D+00  -.42782219098822D+00
  -.60353375802769D+00  -.26982852431671D+00  -.52062025544894D+00
  -.13875200286112D+00  -.15253693894033D+00  -.43456208237038D-01
  -.23456868242081D+00  -.23695308498778D+00  -.31257094854960D-01
  -.39062696196805D-01  -.17284466375758D-03  0.18757761773098D-02
  -.17056999831982D+00  -.11750199177289D+00  -.12356740011572D+00
  -.20697825438848D+00  -.10608309630013D+00  -.14430591824641D+00
  -.13586857744714D+00  -.90202619000005D-01  -.12073329422581D+00
  -.36555917667824D-01  -.15773115873948D-01  -.50286039665457D-01
  -.91127835941864D-01  -.12807796424510D+00  -.22411233549355D+00
  -.10342344106612D+00  -.18573489452126D+00  -.23220218477289D+00
  0.41102331016422D-01  -.92167098364399D-02  -.46857261305238D-02
  0.79075535213397D-01  -.21996721831210D+00  -.11287396590037D+00
  0.67977128105506D-01  -.95245998206714D-01  -.68481578347986D-01
  0.17224298590527D-01  -.49748297701452D-01  0.52726484454023D-01
  -.11147230059269D-02  -.27156021716366D+00  0.46334716330806D-01
  0.24980368236127D-02  -.71536790343459D-01  0.21489202044875D-02
  -.15650643073901D+00  0.15238281392208D+00  -.40992380871384D-02
  0.25137259368031D+00  -.12980308907684D+00  0.63024518871064D-01
  0.30108224497720D-01  -.20973024577652D-01  -.67987686547042D-01
  -.12631844342317D+00  0.83787042207807D-01  -.19701618192515D-01
  0.19784388918737D+00  -.19440610315502D+00  0.16147057943952D+00
  -.40762624994311D-02  0.93209622792625D-01  -.25296342273738D-01
  0.28970222956539D-01  0.64709385709541D-01  -.42273521521894D-01
  0.39849289668645D-01  -.31432680011416D+00  0.13423271634974D+00
  -.27039128483474D-01  0.70760407844113D-01  -.85660594905369D-01
  0.63349739832705D-01  0.35446303040673D-01  0.14744335258640D-01
  -.99313685188999D-01  -.22949118451350D+00  -.12851075442206D+00
  -.33438965516867D-01  -.64127785249509D-01  0.20049014435384D-01
  -.13180110723749D+00  0.10839519308609D+00  0.11096476826040D+00
  0.14905942369271D+00  -.20315298486981D+00  -.11779280038793D+00
  0.71532446308077D-01  -.86224063765313D-01  -.19856826485393D-01
  -.35490028922580D+00  0.71554074472302D-01  0.64879380963037D-01
  0.76821746199429D-01  -.13944654673259D-02  -.53276686205085D-01
  0.17596030627296D+00  -.43310426498053D-01  -.38914637203378D-01
  -.88329952498022D-01  0.55017805567980D-01  0.20415907756231D+00
  -.23856242514679D-01  -.18483914891604D-01  0.17243976333687D-01
  0.12255963926133D+00  -.65473429235857D-02  -.14493342885273D+00
  -.59068481697053D-01  -.12587730634181D+00  0.16290606124175D+00
  -.22417601461455D-01  -.72851476115670D-01  0.65083540787210D-01
  0.97021854261679D-01  0.87161499745984D-01  -.12507873991439D+00
  -.25442461342106D+00  -.16781872577114D+00  0.15394866775890D-01
  -.20080195494498D+00  -.12004457416864D+00  0.38950444335795D-01
  0.95874806366749D-01  0.82815125455396D-01  -.23108582974345D-02
  -.39733227415696D+00  -.48807402867445D-01  -.45057532363568D-01
  -.89069715834289D-01  -.30030875122114D-01  -.21833408039810D-01
  0.58997499505394D-01  0.41551204228807D-02  0.28792860502494D-01
  -.38781005858751D-01  -.10809148703364D-01  0.60238955004636D-01
  0.92700299110213D-02  -.13010274297686D+00  0.14946111317375D+00
  0.51455741811745D-01  0.21645200839904D+00  -.20992888994188D+00
  -.11617823062375D+00  -.45137927400365D-01  0.77322821395983D-01
  -.63372001364183D-01  0.33846221770169D-01  0.35293951703586D-01
  0.23837127900974D+00  0.64024169046264D-01  -.75954839117957D-01
  -.29849731118442D-01  -.21635432305808D-01  0.92625274794986D-01
  -.16704797086156D-01  -.27974863047028D-01  -.58595675792402D-01
  0.96132099473982D-01  -.11769845466865D+00  -.30953213660906D+00
  0.16228958696964D-01  0.37902664102190D-01  0.18280478595010D-01
  0.65535978004544D-01  -.42111986712073D-01  -.18012861720008D-01
  -.11025814027095D+00  -.15738792689967D-01  -.34087074911741D+00
  0.45573093526427D-01  -.24152456151680D-01  -.25222363921804D-02
  0.62275578915270D-02  -.10066670304470D+00  0.10435850315094D+00
  -.12514331490548D+00  0.79706845720605D-01  -.29595479051221D+00
  0.94354921761663D-01  0.20834700412090D-01  0.26736149218135D-01
  -.46288949199721D-02  0.11926110924105D+00  0.99079201017060D-01
  -.43080878531900D-01  -.44361229539521D-01  0.75649062166286D-01
  0.13808764681546D+00  0.48710234059861D-01  0.38154377430857D-01
  -.81052562775624D-01  0.10779503614196D+00  0.17962444017911D-01
  0.91554550514822D-03  -.78432826407515D-03  0.72988732893837D-01
  0.91357661251817D-01  -.42702921024232D-01  0.27109597734723D-01
  0.36530434380262D-01  0.74471392006171D-01  0.34312778137575D-01
  0.49645481950204D-01  -.59944200508064D-02  0.41710664607244D-01
  0.11927310631060D+00  0.30042204863381D-01  0.53708591502282D-01
  -.45810865687754D-01  0.12166338058313D+00  -.55753247850907D-01
  0.18793541282830D-01  0.42588544639611D-01  0.90374140387348D-01
  0.72813678385451D-01  -.19342125538319D-01  -.26449350255317D-01
  0.47159206176927D-01  0.13015709239922D+00  -.48440555096712D-01
  0.47853888304386D-01  0.54614487004322D-01  0.89833033922539D-01
  0.88731244454550D-01  0.19671616366298D-01  0.26278873582609D-01
  -.30461369588736D-01  0.10979737895294D+00  0.77156583516926D-01
  0.36696980904320D-01  -.53872473489521D-01  0.10605806682652D+00
  0.89252260727137D-01  0.35259941430301D-01  -.10222275665460D-01
  -.73699522534046D-01  0.12051200960230D+00  0.15513482949795D-01
  -.30101331277149D-01  -.18672827606019D-01  0.28971359347674D-01
  0.28748824996764D-01  -.28929372058343D-01  0.16178580538808D-01
  -.49345335039765D-01  0.12153329043721D+00  -.54117900828326D-01
  -.10581272434890D-01  0.51198974875811D-01  0.80593053231001D-01
  0.12732718048358D+00  -.42471083799935D-01  0.10588310980118D-01
  0.44435822486876D-01  0.11294939174986D+00  -.35307659783482D-01
  0.16156077570678D-02  0.46515473147371D-01  0.56082001849802D-01
  0.11828921135483D+00  -.50566772534465D-01  0.14056002989034D-01
  0.81232229527723D-01  0.11224802900878D+00  0.65740962399550D-01
  0.50055513325170D-01  -.33533927714191D-01  0.94573130252216D-01
  0.34097231547141D-01  0.94021795542319D-02  -.56676835386140D-01
  0.42452105874227D-01  0.66323531928663D-01  -.42309903161892D-01
  0.19743827339774D-01  0.38990307428465D-01  0.12664988438793D+00
  0.46525111995420D-01  -.19092711992603D-02  -.67725442525108D-01
  -.54075453549724D-01  0.58940535610459D-01  0.19886424993741D-02
  0.11541935050859D-01  -.59862298103328D-01  0.12066964285591D+00
  0.98458361082744D-01  0.51470439268817D-01  0.16799288345737D-01
  -.31475775623986D-02  0.72653960729432D-01  0.55494391661065D-01
  -.13260947724451D-03  -.50349186308395D-01  0.11967012421335D+00
  0.14249577480772D+00  -.10884859668530D-01  0.84052186699074D-01
  0.14678190662864D-01  0.70305962049882D-01  -.12394933836920D-01
  -.69915373754718D-01  -.83377341351365D-02  0.10087606451853D+00
  0.11832393539065D+00  -.54197263979256D-01  0.83089292777699D-02
  0.13572069019487D-01  0.65110936370214D-01  -.77823220725302D-01
  -.14316811847660D-01  0.42218884673803D-01  0.10641656698949D+00
  0.11159550904984D+00  -.63827196368425D-02  -.34163288326333D-01
  0.20650256761228D-01  0.62049724310318D-01  -.39424505461106D-01
  0.82833601093391D-01  0.48570047496318D-01  0.13897055847105D+00
  0.11264529179428D+00  -.53161475813703D-01  -.15062200193351D-01
  0.81970232599376D-01  0.76298135408590D-01  -.26526477988645D-01
  -.26572963496602D-01  0.47621190759873D-01  0.10374593531884D+00
  0.10694621597430D+00  0.11461886423589D-01  0.61068863976796D-01
  0.12239696756215D-01  0.17676221789980D-01  0.35212725712775D-02
  -.22316307792580D-01  -.12670964603981D-01  0.86072908496616D-01
  0.12203711893623D+00  0.23215790505748D-01  -.45261427851077D-01
  -.26709304605496D-01  0.71040286370954D-01  -.17465870903518D-01
  0.87466416902713D-01  -.32530733601585D-01  0.13047499668493D+00
  0.10803125483275D+00  0.68161884127284D-01  -.54796803281646D-02
  -.60184022113722D-01  0.83520737369707D-01  0.58648816916215D-02
  -.31880105845786D-01  -.54660930694259D-01  0.94772928978923D-01
  0.61624626578418D-01  0.57390460703047D-02  0.55217377122028D-02
  0.22862226302432D-01  -.14757657375676D+00  0.13143808569898D+00
  -.16965565047886D-02  0.58268054333070D-01  -.56272421850275D-01
  -.18707890521965D-01  -.51167124694397D-01  -.90412144944812D-01
  -.59736032644814D-01  0.38816224627268D-01  -.86707937267402D-01
  -.55872437100113D-01  -.13681246399756D-01  -.51450954474674D-01
  -.79505906765138D-01  0.22221481790155D-01  0.62893724112459D-01
  0.35893665289907D-01  0.52447997558317D-01  -.27754279521337D-01
  0.23986025171459D-01  0.21201862175071D-01  0.24307177460587D-01
  -.71629204211793D-01  -.55629360260231D-01  -.26627855584047D-01
  -.10229181771115D+00  0.31661165921399D-01  -.74757956502020D-02
  -.80541161078784D-01  -.46878593042641D-01  0.12199283833284D-01
  -.58694362564053D-01  0.36847244819138D-01  0.80042737767316D-01
  0.10056656272023D+00  -.64628508592145D-01  -.78819014520268D-01
  0.11322772809509D+00  -.56870359976925D-01  -.14275560206720D-01
  0.24900268224435D-01  0.46230215471135D-01  -.34247115957708D-01
  -.22727884119861D-02  0.12257721655588D-01  0.84836361584484D-01
  -.91211268851168D-02  0.55517894086455D-01  -.49404678942954D-01
  -.19959274459209D-01  0.31228525508235D-01  -.33094204662058D-01
  0.10481447662304D+00  0.26878685049993D-01  0.74625663480456D-01
  -.76687135706349D-01  0.77254892134437D-01  -.19665760584448D-01
  -.20377901074227D-01  -.40151383148683D-02  -.28482722812375D-02
  0.56263486360675D-01  0.56375139135957D-01  -.44063062706848D-01
  0.67571160687107D-01  -.58112751469583D-01  -.81049646357044D-01
  -.11893541159696D+00  -.59311929457443D-01  -.78514489444305D-02
  -.14367055087475D+00  -.10758429363032D+00  -.12618517607124D-01
  0.16621000600196D-01  -.39956244585350D-02  0.62878524109532D-01
  -.37637504430616D-01  0.41569134734605D-01  -.79050661558372D-01
  0.77271388617277D-01  0.72052450988474D-01  0.24163373549111D-01
  -.38587961130881D-01  0.35649350905135D-01  -.13664562004803D-01
  -.15752539666575D-01  -.11314134254560D+00  0.22097374032631D-01
  -.12437974417176D+00  -.13692537246691D+00  0.46448213101324D-01
  -.17450681244628D-01  0.57647870644144D-02  -.10728757722047D-01
  0.48342825010774D-02  0.36570994959829D-01  0.68630700624275D-01
  0.81596252704708D-01  -.40529810303671D-02  -.57115887060481D-01
  0.62981559803745D-01  0.61620928478954D-02  -.15415204272669D-01
  -.84584397251061D-01  0.50320233140824D-02  0.35781350734152D-02
  -.29402509293693D-01  0.44324200308325D-01  0.64331182807242D-01
  0.66550881667180D-01  0.70609789720581D-01  0.60702915506951D-01
  -.17667544593627D-01  0.15206599586736D-01  -.51059773407506D-01
  0.35926688507271D-01  -.17940664701486D+00  -.49552431749094D-01
  -.44039222036707D-01  -.57303204317716D-01  0.34541881808078D-01
  0.22565590757307D-01  0.58709534553635D-01  0.16545034008911D-01
  0.56831784300678D-01  0.83602217260795D-01  0.11855299776799D-01
  -.57749539703735D-01  0.10322260614911D-01  -.95647910870269D-01
  0.78576838385813D-02  -.26242542695655D-01  -.48727686941785D-02
  -.14609144489852D-01  -.47086252421891D-01  -.14596510570377D+00
  0.36141220380029D-01  -.10431071291389D+00  -.12244152354788D+00
  -.91560359178057D-01  0.26515149873236D-01  -.15108971552522D-01
  0.41290326336544D-01  0.60995440262765D-01  0.64607946498306D-01
  -.42364350643816D-01  0.17613565884199D-01  0.58069068138415D-01
  0.44282628558550D-01  0.32150319444665D-01  0.22408077656022D-01
  -.36591151859910D-02  -.58458554550436D-01  0.10841028586595D+00
  0.28984320544991D-01  0.35742562404021D-01  -.26756025989323D-02
  -.14287716320044D-01  -.83485997491670D-01  0.25903011679695D-01
  -.18289295847506D-01  -.25826763907189D-01  0.11258948498419D+00
  -.11305476797086D-01  0.52129190846176D-01  -.11922664773935D-01
  -.10640073488119D+00  0.63359661548895D-01  -.27995231852084D-01
  0.76807621146635D-01  0.56013499310146D-01  0.45499794682426D-01
  0.41632837482257D-01  -.76473016872168D-02  0.41266071488103D-01
  0.32288411094256D-01  0.12030890751107D-01  -.45408470037285D-01
  -.22424138862768D-01  -.49288695509217D-01  -.11793942510351D+00
  -.99671150834493D-01  -.60280528371217D-01  -.14893197575629D+00
  0.19465131079129D-01  0.11119646547799D-01  0.38135729213969D-01
  -.35864520180459D-01  0.83129316140431D-01  -.49098127445936D-01
  -.40639906804148D-01  -.23858455836229D-01  -.11334908978682D+00
  -.11227936392322D+00  0.78159132073959D-01  -.79523203444447D-01
  0.14104451703980D+00  -.98788693964418D-01  0.32220747498353D-01
  -.56308428161905D-01  -.83470395770544D-02  0.26366830402948D-01
  -.48559345481099D-01  -.54702307242269D-01  -.68529533605122D-02
  -.12546637996253D+00  0.20337069829202D-01  0.15465879682780D-01
  0.27756115802799D-01  0.62421395955399D-01  0.11507312049504D-01
  -.15642076765136D-01  -.27251138357611D-01  0.39399403254313D-01
  0.11688383710605D-02  0.53642332868323D-01  -.79813111098346D-01
  0.10220497510641D+00  -.18945208556272D-01  -.15599396296602D-01
  -.14233075398581D-01  -.47623238236848D-01  -.23213264901654D-01
  -.18603001413211D-01  0.65800769259058D-01  -.68871317255646D-03
  -.78430689238591D-01  0.11585243240613D-01  -.41884848720844D-01
  -.36943350528695D-01  0.53582307864285D-02  -.23022503494902D-01
  -.29094600568288D-01  -.19703977722734D+00  0.32033261490407D-01
  0.55550447364438D-02  0.70604831605287D-02  0.71049259858758D-01
  -.67190708583950D-01  -.25120544332403D-01  -.49829170013526D-01
  -.47887387508263D-01  0.72627530489454D-01  -.59348093682442D-02
  0.78188452424813D-02  -.23376217170978D-01  0.44967102826439D-02
  0.71078031386472D-01  -.46186764800151D-01  0.45681844505680D-01
  -.55768103242891D-01  -.13106948384475D-02  0.85671951943949D-01
  -.16124697582846D-01  0.18988661723884D-01  -.47240431699043D-01
  0.22130040514274D-01  0.56974663450096D-01  -.76813155573574D-02
  0.76040892189342D-01  -.13178733873085D+00  -.99549196354102D-01
  -.37907007765508D-01  -.69961595402380D-01  -.51447684144037D-01
  -.51194944922051D-01  -.30853846835171D-02  -.41211517308128D-01
  -.35906613094380D-01  0.10948019647967D-01  -.65327975996696D-01
  -.57172027649878D-01  -.12695935645744D-01  0.48495165434264D-01
  0.19653791597588D-01  -.33684481577704D-01  0.13619027098429D-01
  0.55562629054105D-01  -.78994366018490D-01  0.37883542284656D-01
  0.16858112487696D-01  0.54843805088469D-01  0.81290487543767D-01
  -.77470935699282D-01  0.44144339804501D-01  0.76375098495397D-01
  0.47752650649123D-01  0.50550221258138D-01  0.30786854719054D-01
  0.88994771022179D-01  -.13904578400814D-01  -.13426285216907D+00
  0.30091825949359D-01  0.43224861779531D-01  -.47009402695835D-01
  0.40523430669402D-01  -.43717159243575D-01  0.20087329189682D-01
  -.35041594001899D-01  0.82267033592903D-01  0.12209881489050D-02
  -.11461464504447D+00  -.79922983024010D-01  -.56473447454273D-01
  -.16176594265384D-01  0.20016679667779D-01  -.29072270577588D-01
  -.14642255071527D-01  -.30242136096237D-03  0.66937966684617D-01
  0.29912671320304D-01  0.19812106109021D-01  0.90188415184678D-01
  -.18135758240839D-01  -.29981334907668D-01  -.70886743721273D-01
  0.38791342018277D-01  -.10870496209954D+00  -.13912909564395D+00
  -.48762690808520D-01  0.54717618751444D-01  -.43181256631204D-01
  0.97382493092008D-01  -.29310801449355D-01  -.29359758691371D-01
  0.38900289398308D-01  -.53905567220826D-01  0.68520851213205D-01
  -.33959892669143D-01  -.79780033969163D-02  -.16161787203064D-01
  -.10952724019877D-03  0.58372426978185D-01  0.29618812855324D-01
  -.93379067668696D-01  0.26266173026253D-01  -.20994735835687D+00
  -.32813184330300D-01  -.36884332077838D-01  -.59984275156394D-01
  -.95911208036088D-01  -.70085159342338D-01  -.11974684330413D-01
  0.42544232727542D-02  0.21317789630024D-01  0.80467863819578D-01
  0.40776103947922D-01  -.15756724164918D-01  -.50591177582098D-01
  -.17927575807695D-01  -.10496474503419D-01  -.39686953407874D-01
  -.20706254436162D-01  -.95940749567079D-01  -.32369111669455D-01
  0.31663530936520D-01  -.14140541359134D-01  0.51256060135744D-01
  0.38353481184012D-01  -.10677375455875D+00  0.10361332163337D+00
  0.67386221415107D-02  0.13278329484975D+00  -.68550241689875D-01
  -.13990890664102D+00  0.52439384177072D-01  -.29298141940969D-01
  -.22063193401319D-01  0.36593592515129D-01  0.34051168980600D-02
  -.24466242154596D-02  -.17250421272300D-01  0.69878793194575D-01
  -.61839969110759D-01  0.29283451234687D-02  -.50896488658478D-01
  0.38173053056968D-01  0.41388233263805D-02  0.30834234097523D-01
  -.43340500615144D-01  -.22201267944908D-01  0.67764108062445D-01
  -.31516362913651D-01  -.90600728758193D-01  0.43010283914690D-01
  -.97184439127527D-01  -.16926781425752D-01  0.46690134305762D-01
  0.45074929857677D-01  0.97242999015356D-01  -.11603095885465D+00
  0.15573485267419D-01  0.44849148356917D-01  0.39637902336997D-01
  -.41677936252654D-01  -.26097388153200D-01  -.74705187319981D-01
  0.19316348848582D-01  -.98252280473784D-01  0.31759208193082D-01
  -.10107471684499D+00  -.12480194640611D+00  -.16020081760478D-01
  -.15104489793086D+00  -.52134094100337D-01  -.31322902144756D-01
  0.42626598664616D-01  0.30257439043226D-01  -.11608262381736D-01
  0.38424973478789D-01  0.27049245995933D-01  -.68176037976247D-01
  0.55909357339802D-01  0.80654169571781D-02  0.84724051098691D-01
  -.10377239941695D+00  0.14693369954581D-01  -.60485109362726D-01
  -.20869064720387D-01  0.82673628288119D-01  0.48006130904390D-01
  0.36558436820800D-01  -.22512118674698D-01  -.74143233855351D-01
  -.32501687042291D-01  -.69914348937268D-01  0.14155221421716D-02
  0.61559316411725D-02  0.63393070896692D-01  -.68123810334272D-01
  0.24885414355878D-01  0.44483406442900D-01  0.95878468307005D-02
  -.10799556549425D+00  -.34352852658819D-03  -.30668853050218D-01
  -.90864317257114D-01  -.11556845099069D+00  0.45875184771455D-01
  -.60245849226872D-01  -.10405426157967D+00  0.59240819703631D-01
  0.52461217502012D-01  0.71943935149794D-01  0.31439781447156D-01
  0.63068177955064D-01  0.49287749300277D-01  0.36583826525871D-01
  0.12689735828670D-01  -.16005787741638D-01  -.15622131050184D-01
  0.36360071473319D-01  -.84531003576917D-01  -.59550583536812D-01
  0.71679534538063D-01  -.34483970783613D-01  -.67377511552354D-01
  -.85417363226408D-01  -.52588614413849D-01  -.45159215591717D-01
  -.66044514007464D-01  0.63593041151457D-02  0.43377692620187D-02
  -.87483925315584D-01  -.36975079460460D-01  0.74035530730310D-01
  -.38701638685457D-01  0.61956609843520D-01  0.49087249670433D-01
  0.51837920527180D-01  0.43401174842017D-01  -.13641473521612D+00
  0.76465218581943D-02  0.71661325420337D-01  -.59134724842757D-01
  0.12983895980246D+00  -.10989043410169D-02  0.49757961677342D-02
  -.25261988188120D-01  -.26388921606916D-01  0.11077697761886D-02
  0.12466721004788D-01  -.70065364647626D-01  0.38125063006148D-02
  -.27819147165594D-02  -.96717102711481D-01  0.65946340976298D-01
  -.58658185900505D-01  0.41547535251547D-01  0.29604942018279D-01
  0.49495939964076D-01  0.18537122278447D-02  -.44447640188847D-01
  -.19417027040640D-01  0.19436731650632D-01  -.79147077987934D-01
  -.11042378066998D+00  -.22651162337440D-01  -.78268655914801D-01
  -.17816876921941D+00  0.84346989973094D-01  0.92517512505126D-02
  0.86633145378048D-01  0.22389480896093D-01  0.28463380900555D-01
  0.88088501948848D-01  -.83562888230815D-02  -.11049352461312D-01
  -.13900932477726D+00  0.81517787440743D-01  0.96681477319405D-01
  0.22896905494471D-01  -.16446504828299D-01  -.55087690529685D-01
  0.90693985253598D-01  -.66412153582481D-01  -.60731689063852D-02
  0.31035658437812D-01  -.51743268117485D-01  -.84108095298204D-01
  -.10405301537758D-02  0.31951090397395D-01  -.16271987935721D-01
  -.10476394570333D+00  -.11121923360011D-01  -.34315676959292D-01
  0.72226266182352D-01  -.22037867386852D-01  0.15464334072654D-01
  0.18870460712673D-01  -.62290551292206D-01  0.25578362865382D-01
  0.59353034116458D-02  0.94850496958879D-01  -.28611326311175D-01
$end
