$energy      SCF               SCFKIN            SCFPOT
     1 -3297.456418963      3176.355959133     -6473.812378097
     2 -3297.461402716      3176.443527255     -6473.904929971
     3 -3297.464547328      3176.617841133     -6474.082388461
     4 -3297.464925648      3176.666931562     -6474.131857210
     5 -3297.465021463      3176.674753832     -6474.139775294
     6 -3297.465134518      3176.668227054     -6474.133361572
     7 -3297.465250048      3176.662138651     -6474.127388699
     8 -3297.465321847      3176.661140208     -6474.126462055
     9 -3297.465356535      3176.665508307     -6474.130864842
    10 -3297.465369701      3176.667596365     -6474.132966065
    11 -3297.465374038      3176.667005285     -6474.132379324
    12 -3297.465378746      3176.664834631     -6474.130213376
    13 -3297.465381347      3176.662677046     -6474.128058393
    14 -3297.465382209      3176.661541091     -6474.126923300
    15 -3297.465384185      3176.660855500     -6474.126239685
    16 -3297.465387426      3176.659190489     -6474.124577915
    17 -3297.465390571      3176.656600845     -6474.121991417
    18 -3297.465397066      3176.650349502     -6474.115746567
    19 -3297.465402841      3176.643456992     -6474.108859833
    20 -3297.465408145      3176.637415675     -6474.102823820
    21 -3297.465414956      3176.631708531     -6474.097123486
    22 -3297.465418554      3176.628108142     -6474.093526697
    23 -3297.465422877      3176.623976270     -6474.089399147
    24 -3297.465425561      3176.621965776     -6474.087391337
    25 -3297.465426860      3176.619968979     -6474.085395839
    26 -3297.465427912      3176.619585875     -6474.085013787
    27 -3297.465428807      3176.619913804     -6474.085342610
    28 -3297.465429559      3176.621003043     -6474.086432603
    29 -3297.465430212      3176.622412619     -6474.087842831
    30 -3297.465431120      3176.624379266     -6474.089810386
    31 -3297.465431848      3176.625567551     -6474.090999399
    32 -3297.465432712      3176.626990243     -6474.092422955
    33 -3297.465433545      3176.628925706     -6474.094359250
    34 -3297.465434682      3176.631770989     -6474.097205670
    35 -3297.465436264      3176.636613113     -6474.102049377
    36 -3297.465437474      3176.639207961     -6474.104645436
    37 -3297.465438233      3176.641118803     -6474.106557036
    38 -3297.465438399      3176.641852578     -6474.107290977
    39 -3297.465438418      3176.642657667     -6474.108096085
    40 -3297.465438259      3176.642958428     -6474.108396687
    41 -3297.465438077      3176.643657711     -6474.109095787
    42 -3297.465437995      3176.644495145     -6474.109933140
    43 -3297.465437854      3176.644880043     -6474.110317897
$end
