$energy      SCF               SCFKIN            SCFPOT
     1 -3299.702059302      3191.857433979     -6491.559493280
     2 -3299.703152653      3191.806539608     -6491.509692261
     3 -3299.703234727      3191.790935559     -6491.494170286
     4 -3299.703258711      3191.789319290     -6491.492578001
     5 -3299.703279163      3191.792687147     -6491.495966310
     6 -3299.703297807      3191.806789938     -6491.510087745
     7 -3299.703304704      3191.816804286     -6491.520108990
     8 -3299.703307345      3191.822240515     -6491.525547861
     9 -3299.703308391      3191.823579055     -6491.526887446
    10 -3299.703312145      3191.825915725     -6491.529227870
    11 -3299.703319458      3191.826078331     -6491.529397789
    12 -3299.703323370      3191.824111976     -6491.527435347
    13 -3299.703324163      3191.823146536     -6491.526470700
    14 -3299.703324800      3191.822193092     -6491.525517892
    15 -3299.703325401      3191.821165403     -6491.524490804
    16 -3299.703326129      3191.820451631     -6491.523777760
    17 -3299.703327150      3191.820202444     -6491.523529594
    18 -3299.703327353      3191.820213346     -6491.523540700
    19 -3299.703327428      3191.820074924     -6491.523402352
    20 -3299.703327623      3191.819899423     -6491.523227046
    21 -3299.703327977      3191.819890141     -6491.523218118
$end
