$dipgrad          cartesian dipole gradients
  0.82878960127182D+00  0.71774022734745D-02  -.21412989597866D-16
  -.71774175958347D-02  0.82878956995699D+00  0.12461543963717D-16
  -.94596642237697D-16  -.49487058597252D-16  0.28031433591390D+01
  0.93422169088006D+00  -.70801325528968D+00  0.20360300359741D-15
  -.70030835681703D+00  0.11347870507122D+01  -.39188318117899D-15
  0.62831209961429D-16  0.12166548320300D-15  0.17225285260827D+01
  0.11347870897827D+01  0.70030833943443D+00  0.11895920764257D-14
  0.70801324979620D+00  0.93422165418100D+00  0.24079873990349D-15
  -.52579530496141D-16  0.98248182868542D-17  0.17225285417555D+01
  -.35071407023711D+00  -.26536910805670D+00  0.54080553154030D+00
  -.25788534246466D+00  -.25978226489019D+00  0.44620890617986D+00
  0.29141674584006D+00  0.23326574094595D+00  -.12810332004328D+01
  -.35071407023711D+00  -.26536910805670D+00  -.54080553154027D+00
  -.25788534246466D+00  -.25978226489020D+00  -.44620890617979D+00
  -.29141674584006D+00  -.23326574094595D+00  -.12810332004328D+01
  -.25978228283406D+00  0.25788534842312D+00  -.44620890285898D+00
  0.26536913361735D+00  -.35071407313747D+00  0.54080546044416D+00
  -.23326581173359D+00  0.29141672385797D+00  -.12810331341562D+01
  -.25978228283406D+00  0.25788534842311D+00  0.44620890285903D+00
  0.26536913361735D+00  -.35071407313746D+00  -.54080546044416D+00
  0.23326581173359D+00  -.29141672385797D+00  -.12810331341562D+01
  0.39085771550467D-02  0.89746637182148D-01  0.61385637501013D-01
  0.66839481027307D-01  -.27930581079285D+00  -.17854706569238D+00
  0.73062810318690D-02  -.13836642472271D+00  -.97993475252930D-01
  -.72791096915970D-01  0.51934072359858D-01  0.18265123812622D+00
  0.56525779678855D-01  -.12110543210671D+00  -.23497849492974D+00
  0.80597192326340D-01  -.10740042640740D+00  -.21653601578104D+00
  -.21738464793045D+00  0.85114299949735D-01  0.18670101983292D+00
  0.80499461753674D-01  -.44518269123052D-02  -.13460248074951D+00
  0.10069059260497D+00  -.75858519733804D-01  -.13816980065249D+00
  -.23385749850376D+00  0.83282632944693D-01  0.23589992250864D-01
  0.15493934666702D+00  -.96952195525030D-01  0.12676474298442D-01
  0.85662143939439D-01  0.10030791674218D-01  0.30852291311050D-01
  -.62337982575150D-01  0.16285456798826D+00  -.29127562082989D-01
  0.95638663701876D-01  -.19965727555015D+00  0.94666418472932D-01
  0.49784488266012D-02  -.35636438636842D-01  0.64535170545895D-01
  -.21738464793045D+00  0.85114299949735D-01  -.18670101983294D+00
  0.80499461753675D-01  -.44518269123017D-02  0.13460248074950D+00
  -.10069059260497D+00  0.75858519733806D-01  -.13816980065248D+00
  -.72791096915969D-01  0.51934072359858D-01  -.18265123812623D+00
  0.56525779678855D-01  -.12110543210671D+00  0.23497849492976D+00
  -.80597192326341D-01  0.10740042640740D+00  -.21653601578101D+00
  0.39085771550431D-02  0.89746637182147D-01  -.61385637501028D-01
  0.66839481027306D-01  -.27930581079286D+00  0.17854706569235D+00
  -.73062810318697D-02  0.13836642472271D+00  -.97993475252918D-01
  -.62337982575156D-01  0.16285456798826D+00  0.29127562083007D-01
  0.95638663701875D-01  -.19965727555015D+00  -.94666418472935D-01
  -.49784488265999D-02  0.35636438636842D-01  0.64535170545887D-01
  -.23385749850376D+00  0.83282632944693D-01  -.23589992250866D-01
  0.15493934666702D+00  -.96952195525029D-01  -.12676474298471D-01
  -.85662143939439D-01  -.10030791674219D-01  0.30852291311065D-01
  -.27930580057684D+00  -.66839464255081D-01  -.17854706170313D+00
  -.89746626610913D-01  0.39086061289168D-02  -.61385631971410D-01
  -.13836644517672D+00  -.73062429998011D-02  -.97993482679676D-01
  -.19965733748011D+00  -.95638727034956D-01  0.94666404090380D-01
  -.16285461494434D+00  -.62338009530886D-01  0.29127537374530D-01
  -.35636487087379D-01  -.49784651940113D-02  0.64535094405753D-01
  -.96952177128893D-01  -.15493930783737D+00  0.12676493573443D-01
  -.83282614201349D-01  -.23385749074287D+00  -.23589987622349D-01
  0.10030790361126D-01  -.85662119238591D-01  0.30852346027453D-01
  -.44518075774498D-02  -.80499471833430D-01  -.13460248461975D+00
  -.85114299022470D-01  -.21738464197590D+00  -.18670099546275D+00
  -.75858515101248D-01  -.10069060843960D+00  -.13816980681213D+00
  -.12110544640046D+00  -.56525774234564D-01  -.23497850928194D+00
  -.51934061649482D-01  -.72791090327766D-01  -.18265122876176D+00
  -.10740043334433D+00  -.80597161043717D-01  -.21653603289994D+00
  -.44518075774499D-02  -.80499471833430D-01  0.13460248461974D+00
  -.85114299022472D-01  -.21738464197590D+00  0.18670099546276D+00
  0.75858515101247D-01  0.10069060843960D+00  -.13816980681213D+00
  -.96952177128894D-01  -.15493930783737D+00  -.12676493573433D-01
  -.83282614201349D-01  -.23385749074286D+00  0.23589987622364D-01
  -.10030790361128D-01  0.85662119238590D-01  0.30852346027472D-01
  -.19965733748011D+00  -.95638727034958D-01  -.94666404090334D-01
  -.16285461494434D+00  -.62338009530888D-01  -.29127537374519D-01
  0.35636487087381D-01  0.49784651940094D-02  0.64535094405776D-01
  -.27930580057685D+00  -.66839464255080D-01  0.17854706170311D+00
  -.89746626610912D-01  0.39086061289159D-02  0.61385631971418D-01
  0.13836644517672D+00  0.73062429997994D-02  -.97993482679652D-01
  -.12110544640046D+00  -.56525774234564D-01  0.23497850928196D+00
  -.51934061649482D-01  -.72791090327765D-01  0.18265122876173D+00
  0.10740043334433D+00  0.80597161043716D-01  -.21653603289989D+00
  0.10560092469092D+00  0.45591201133709D-01  0.45186165878377D-03
  -.76609336721479D-01  0.96613250704452D-01  0.57798461075040D-01
  -.16829532188215D-01  -.84041826073919D-02  0.78862286882831D-01
  0.11004317616238D+00  0.26145703275841D-01  0.52928059382636D-01
  -.61282264605197D-01  0.82934624256826D-01  -.18846152468123D-01
  -.17492551891680D-01  0.51687704328279D-01  0.12641776212297D+00
  0.70099848524161D-01  -.55771240823242D-01  -.34721444189530D-01
  -.16180127688020D-01  0.48342970986843D-01  0.55050353276358D-01
  0.38422318771231D-01  -.19326075944140D-01  0.10067152013445D+00
  0.98957673967285D-01  -.53805555738924D-01  0.30277298318594D-01
  0.14335566203913D-01  0.97800955596968D-01  -.98689352054674D-01
  -.26081707874756D-01  0.35713962127990D-01  0.13240478908535D+00
  0.82319383196119D-01  -.89471866981821D-01  -.33763222559804D-01
  0.45936713221348D-01  0.11646169049607D+00  -.33824829193298D-01
  0.36432212996078D-02  0.21024678836965D-03  0.91889038767277D-01
  0.11004317616238D+00  0.26145703275841D-01  -.52928059382676D-01
  -.61282264605196D-01  0.82934624256825D-01  0.18846152468083D-01
  0.17492551891681D-01  -.51687704328279D-01  0.12641776212295D+00
  0.10560092469093D+00  0.45591201133709D-01  -.45186165878879D-03
  -.76609336721480D-01  0.96613250704448D-01  -.57798461075044D-01
  0.16829532188216D-01  0.84041826073880D-02  0.78862286882837D-01
  0.70099848524160D-01  -.55771240823240D-01  0.34721444189537D-01
  -.16180127688021D-01  0.48342970986841D-01  -.55050353276357D-01
  -.38422318771235D-01  0.19326075944142D-01  0.10067152013442D+00
  0.82319383196118D-01  -.89471866981821D-01  0.33763222559802D-01
  0.45936713221348D-01  0.11646169049607D+00  0.33824829193299D-01
  -.36432212996088D-02  -.21024678837009D-03  0.91889038767295D-01
  0.98957673967288D-01  -.53805555738924D-01  -.30277298318571D-01
  0.14335566203913D-01  0.97800955596967D-01  0.98689352054628D-01
  0.26081707874757D-01  -.35713962127992D-01  0.13240478908538D+00
  0.11646170731866D+00  -.45936717396517D-01  0.33824797770752D-01
  0.89471828147939D-01  0.82319353353322D-01  -.33763063072279D-01
  -.21023996752353D-03  0.36433403097641D-02  0.91888867500172D-01
  0.48342954369227D-01  0.16180133442657D-01  -.55050348006214D-01
  0.55771249777761D-01  0.70099828134163D-01  -.34721445070886D-01
  0.19326054074447D-01  0.38422338803724D-01  0.10067150835212D+00
  0.96613245464081D-01  0.76609333016577D-01  -.57798469871957D-01
  -.45591193625793D-01  0.10560091933933D+00  0.45184883121156D-03
  0.84041955890667D-02  -.16829525171165D-01  0.78862303087209D-01
  0.82934634550668D-01  0.61282257264762D-01  0.18846134646423D-01
  -.26145712233098D-01  0.11004316926556D+00  0.52928040198237D-01
  -.51687688715087D-01  -.17492572472529D-01  0.12641769446600D+00
  0.97800938709227D-01  -.14335563788860D-01  0.98689385003875D-01
  0.53805552175376D-01  0.98957667715146D-01  0.30277274779148D-01
  -.35713968132866D-01  -.26081710561710D-01  0.13240480604345D+00
  0.97800938709223D-01  -.14335563788861D-01  -.98689385003833D-01
  0.53805552175377D-01  0.98957667715145D-01  -.30277274779170D-01
  0.35713968132866D-01  0.26081710561712D-01  0.13240480604343D+00
  0.11646170731866D+00  -.45936717396517D-01  -.33824797770715D-01
  0.89471828147940D-01  0.82319353353322D-01  0.33763063072309D-01
  0.21023996752200D-03  -.36433403097648D-02  0.91888867500168D-01
  0.48342954369229D-01  0.16180133442658D-01  0.55050348006201D-01
  0.55771249777761D-01  0.70099828134163D-01  0.34721445070904D-01
  -.19326054074447D-01  -.38422338803724D-01  0.10067150835210D+00
  0.82934634550666D-01  0.61282257264760D-01  -.18846134646429D-01
  -.26145712233096D-01  0.11004316926556D+00  -.52928040198205D-01
  0.51687688715088D-01  0.17492572472529D-01  0.12641769446597D+00
  0.96613245464078D-01  0.76609333016577D-01  0.57798469871936D-01
  -.45591193625791D-01  0.10560091933933D+00  -.45184883122510D-03
  -.84041955890661D-02  0.16829525171165D-01  0.78862303087198D-01
  0.36938191952249D-01  0.38881741950782D-01  0.35227644715563D-02
  0.94807024476867D-03  0.58765604913236D-01  -.60143209269349D-01
  0.38313869277374D-01  -.64267655304100D-01  -.67942613354668D-01
  0.76178570661286D-02  -.55239555140540D-01  0.46486152875359D-01
  -.48479557174615D-02  -.17982605766456D+00  0.67846225701107D-01
  0.16161470080778D-01  0.70646742594353D-01  0.21367247983619D-01
  -.71793741662822D-01  0.43178320800981D-01  -.87595255901328D-01
  -.31257927692571D-01  0.31822391378581D-01  -.27759903642330D-01
  -.80250074942210D-01  0.22777378690376D-02  0.61737893058858D-02
  0.36938191952249D-01  0.38881741950782D-01  -.35227644715572D-02
  0.94807024476859D-03  0.58765604913236D-01  0.60143209269356D-01
  -.38313869277373D-01  0.64267655304100D-01  -.67942613354666D-01
  0.76178570661283D-02  -.55239555140541D-01  -.46486152875357D-01
  -.48479557174613D-02  -.17982605766456D+00  -.67846225701109D-01
  -.16161470080778D-01  -.70646742594353D-01  0.21367247983634D-01
  -.71793741662822D-01  0.43178320800981D-01  0.87595255901333D-01
  -.31257927692571D-01  0.31822391378582D-01  0.27759903642329D-01
  0.80250074942209D-01  -.22777378690374D-02  0.61737893058957D-02
  0.31822377686614D-01  0.31257928526614D-01  -.27759910074948D-01
  -.43178318339126D-01  -.71793744578704D-01  0.87595249705623D-01
  0.22777445941923D-02  0.80250074389926D-01  0.61737881352918D-02
  -.17982604872668D+00  0.48479616391184D-02  0.67846230424444D-01
  0.55239552049573D-01  0.76178641004885D-02  -.46486150686815D-01
  0.70646739273689D-01  -.16161471954482D-01  0.21367246975083D-01
  0.58765607325661D-01  -.94807090005627D-03  -.60143209923831D-01
  -.38881740808314D-01  0.36938193055886D-01  -.35227607532521D-02
  -.64267643957613D-01  -.38313868585741D-01  -.67942616809623D-01
  0.31822377686614D-01  0.31257928526614D-01  0.27759910074947D-01
  -.43178318339124D-01  -.71793744578704D-01  -.87595249705631D-01
  -.22777445941914D-02  -.80250074389926D-01  0.61737881352994D-02
  -.17982604872668D+00  0.48479616391183D-02  -.67846230424446D-01
  0.55239552049572D-01  0.76178641004887D-02  0.46486150686810D-01
  -.70646739273689D-01  0.16161471954482D-01  0.21367246975078D-01
  0.58765607325662D-01  -.94807090005624D-03  0.60143209923835D-01
  -.38881740808315D-01  0.36938193055886D-01  0.35227607532543D-02
  0.64267643957613D-01  0.38313868585741D-01  -.67942616809618D-01
  -.19309452419436D+00  -.12747837259616D-01  0.26970664014857D-01
  -.57008903922597D-01  0.27394467438061D-01  0.60782032541903D-01
  0.52268948385524D-01  0.32453471160729D-01  0.14127681969429D-02
  0.66636581135546D-01  0.31395161614543D-02  -.34331794333076D-01
  0.39600281692439D-01  0.38108648391184D-01  -.53469608751830D-01
  -.35059660999971D-01  0.38788892854205D-04  -.10860562671201D+00
  0.35389247526827D-01  -.23923060898272D-01  -.37498263235714D-01
  0.53181133929766D-01  -.91524922502942D-01  -.19064616360553D-01
  -.20949713859341D-01  -.39136117552747D-01  0.63830605399747D-01
  -.19309452419436D+00  -.12747837259616D-01  -.26970664014861D-01
  -.57008903922597D-01  0.27394467438061D-01  -.60782032541901D-01
  -.52268948385525D-01  -.32453471160729D-01  0.14127681969438D-02
  0.66636581135546D-01  0.31395161614542D-02  0.34331794333082D-01
  0.39600281692439D-01  0.38108648391185D-01  0.53469608751837D-01
  0.35059660999972D-01  -.38788892853883D-04  -.10860562671202D+00
  0.35389247526828D-01  -.23923060898272D-01  0.37498263235716D-01
  0.53181133929767D-01  -.91524922502942D-01  0.19064616360549D-01
  0.20949713859341D-01  0.39136117552747D-01  0.63830605399744D-01
  -.91524914483789D-01  -.53181136305714D-01  -.19064617734475D-01
  0.23923067820217D-01  0.35389246720704D-01  0.37498263935997D-01
  -.39136115611165D-01  0.20949712975693D-01  0.63830605884349D-01
  0.38108652077988D-01  -.39600281164779D-01  -.53469609968088D-01
  -.31395136652105D-02  0.66636583626907D-01  0.34331790830202D-01
  0.38796515020152D-04  0.35059662620391D-01  -.10860563186780D+00
  0.27394453850280D-01  0.57008893747755D-01  0.60782021969197D-01
  0.12747859583428D-01  -.19309452416205D+00  -.26970661695854D-01
  0.32453492631589D-01  -.52268941835529D-01  0.14127706229305D-02
  -.91524914483789D-01  -.53181136305713D-01  0.19064617734463D-01
  0.23923067820217D-01  0.35389246720704D-01  -.37498263935986D-01
  0.39136115611165D-01  -.20949712975693D-01  0.63830605884342D-01
  0.38108652077988D-01  -.39600281164779D-01  0.53469609968086D-01
  -.31395136652105D-02  0.66636583626906D-01  -.34331790830200D-01
  -.38796515020183D-04  -.35059662620393D-01  -.10860563186781D+00
  0.27394453850281D-01  0.57008893747755D-01  -.60782021969195D-01
  0.12747859583429D-01  -.19309452416205D+00  0.26970661695845D-01
  -.32453492631589D-01  0.52268941835529D-01  0.14127706229318D-02
  -.41053628155976D-01  0.65801843107514D-01  -.53156824118728D-01
  0.47183980531182D-01  0.63340513637566D-01  0.10060452765803D+00
  0.10901041465102D-01  0.56545004551531D-01  -.59925755060653D-02
  0.68578000440661D-01  0.49450501176340D-01  0.87688478445353D-01
  0.26694391906852D-01  -.31200936886793D-01  -.64357290786256D-01
  0.57649369834023D-01  0.67422978528481D-02  -.36370790918235D-01
  -.42685624676273D-01  -.13607692183014D+00  -.32451777046199D-02
  -.12924196757333D+00  -.77795132510990D-01  0.26028957192359D-01
  -.11904369360080D-01  0.84196780777315D-03  -.47503516368094D-01
  0.63340510364683D-01  -.47183982589046D-01  0.10060452595515D+00
  -.65801845646596D-01  -.41053630377980D-01  0.53156821348564D-01
  0.56545004393068D-01  -.10901045689237D-01  -.59925713457720D-02
  -.77795134847379D-01  0.12924197059660D+00  0.26028952114991D-01
  0.13607692573438D+00  -.42685627775311D-01  0.32451794508519D-02
  0.84196522996940D-03  0.11904367798898D-01  -.47503518933383D-01
  -.31200932426796D-01  -.26694391018017D-01  -.64357298229124D-01
  -.49450504317759D-01  0.68578000756713D-01  -.87688474871736D-01
  0.67423008844857D-02  -.57649368834362D-01  -.36370793981792D-01
  -.42685624676272D-01  -.13607692183014D+00  0.32451777046192D-02
  -.12924196757333D+00  -.77795132510990D-01  -.26028957192352D-01
  0.11904369360080D-01  -.84196780777262D-03  -.47503516368088D-01
  -.41053628155976D-01  0.65801843107515D-01  0.53156824118732D-01
  0.47183980531182D-01  0.63340513637566D-01  -.10060452765802D+00
  -.10901041465101D-01  -.56545004551531D-01  -.59925755060621D-02
  0.68578000440660D-01  0.49450501176340D-01  -.87688478445345D-01
  0.26694391906852D-01  -.31200936886793D-01  0.64357290786263D-01
  -.57649369834023D-01  -.67422978528482D-02  -.36370790918244D-01
  -.77795134847378D-01  0.12924197059660D+00  -.26028952114995D-01
  0.13607692573438D+00  -.42685627775311D-01  -.32451794508619D-02
  -.84196522996952D-03  -.11904367798898D-01  -.47503518933387D-01
  -.31200932426796D-01  -.26694391018017D-01  0.64357298229130D-01
  -.49450504317759D-01  0.68578000756713D-01  0.87688474871744D-01
  -.67423008844866D-02  0.57649368834363D-01  -.36370793981797D-01
  0.63340510364683D-01  -.47183982589046D-01  -.10060452595515D+00
  -.65801845646597D-01  -.41053630377979D-01  -.53156821348560D-01
  -.56545004393068D-01  0.10901045689237D-01  -.59925713457679D-02
  0.18474203031606D-01  0.44360864252746D-01  -.23815738026169D-01
  0.22460096830062D-02  -.14832511075515D+00  -.14587808478264D+00
  -.36419205057427D-01  -.73363323504411D-01  -.23651936385661D-01
  0.48370019041144D-01  -.35273291076723D-01  -.23672844626557D-01
  0.64943410684554D-02  0.32550094730964D-01  0.11391376395628D+00
  -.35988086116332D-01  0.39268326852268D-01  -.91432937161972D-01
  -.10793313518739D+00  -.46321551295662D-01  -.11242822664845D-01
  -.98596465562039D-02  0.57204759642394D-01  -.91823596106157D-02
  0.68272724060223D-01  -.15711678575233D-01  -.95759481656940D-03
  0.18474203031606D-01  0.44360864252746D-01  0.23815738026168D-01
  0.22460096830063D-02  -.14832511075515D+00  0.14587808478263D+00
  0.36419205057427D-01  0.73363323504411D-01  -.23651936385664D-01
  0.48370019041144D-01  -.35273291076723D-01  0.23672844626551D-01
  0.64943410684554D-02  0.32550094730965D-01  -.11391376395628D+00
  0.35988086116332D-01  -.39268326852268D-01  -.91432937161977D-01
  -.10793313518739D+00  -.46321551295661D-01  0.11242822664843D-01
  -.98596465562039D-02  0.57204759642394D-01  0.91823596106072D-02
  -.68272724060223D-01  0.15711678575234D-01  -.95759481657228D-03
  -.14832512308912D+00  -.22460068391946D-02  0.14587811331677D+00
  -.44360862542487D-01  0.18474205260227D-01  -.23815729415369D-01
  0.73363314815130D-01  -.36419198165332D-01  -.23651921180605D-01
  0.57204746937210D-01  0.98596470081425D-02  0.91823637789465D-02
  0.46321550520861D-01  -.10793313819209D+00  -.11242814889551D-01
  0.15711664869280D-01  0.68272729719051D-01  -.95759642701004D-03
  0.32550095276023D-01  -.64943433127496D-02  -.11391376261573D+00
  0.35273293301960D-01  0.48370025714178D-01  -.23672847120291D-01
  -.39268327644372D-01  -.35988078215359D-01  -.91432938559183D-01
  -.14832512308912D+00  -.22460068391947D-02  -.14587811331678D+00
  -.44360862542487D-01  0.18474205260227D-01  0.23815729415371D-01
  -.73363314815130D-01  0.36419198165332D-01  -.23651921180604D-01
  0.57204746937210D-01  0.98596470081427D-02  -.91823637789375D-02
  0.46321550520861D-01  -.10793313819209D+00  0.11242814889552D-01
  -.15711664869279D-01  -.68272729719051D-01  -.95759642700773D-03
  0.32550095276023D-01  -.64943433127496D-02  0.11391376261572D+00
  0.35273293301959D-01  0.48370025714179D-01  0.23672847120282D-01
  0.39268327644373D-01  0.35988078215359D-01  -.91432938559160D-01
  -.63909573006501D-01  0.88502157159246D-01  0.59033364680713D-01
  0.73181045927385D-01  0.33086103633013D-01  -.62080045033123D-02
  -.33236522354505D-01  0.13210686816848D-01  0.19413418802352D-01
  -.13045520123006D-01  -.80984744779580D-01  -.58944774692924D-01
  -.60445749633276D-01  -.37314942589024D-01  -.13985009479939D+00
  -.92708491614328D-02  -.87768054454328D-01  -.13537434615974D+00
  0.56138027573056D-01  0.15422175878467D-01  0.58225326489333D-01
  -.21467305583190D-01  -.44553929422769D-01  0.13014674258742D+00
  0.34869132043314D-01  0.53579174722636D-01  -.48316256864552D-01
  -.63909573006501D-01  0.88502157159247D-01  -.59033364680711D-01
  0.73181045927384D-01  0.33086103633014D-01  0.62080045033146D-02
  0.33236522354505D-01  -.13210686816848D-01  0.19413418802352D-01
  -.13045520123006D-01  -.80984744779581D-01  0.58944774692923D-01
  -.60445749633276D-01  -.37314942589024D-01  0.13985009479939D+00
  0.92708491614326D-02  0.87768054454328D-01  -.13537434615974D+00
  0.56138027573055D-01  0.15422175878467D-01  -.58225326489331D-01
  -.21467305583190D-01  -.44553929422768D-01  -.13014674258742D+00
  -.34869132043314D-01  -.53579174722636D-01  -.48316256864553D-01
  -.44553934675743D-01  0.21467310010066D-01  0.13014674248190D+00
  -.15422174443391D-01  0.56138024156155D-01  -.58225307606336D-01
  0.53579179074733D-01  -.34869125523055D-01  -.48316269355152D-01
  -.37314941433313D-01  0.60445755108276D-01  -.13985009062868D+00
  0.80984748819030D-01  -.13045515240247D-01  0.58944778307331D-01
  -.87768062179372D-01  0.92708444004457D-02  -.13537435848966D+00
  0.33086098444330D-01  -.73181044922943D-01  -.62080127041372D-02
  -.88502156269092D-01  -.63909576452472D-01  -.59033368736965D-01
  0.13210700600598D-01  0.33236523706526D-01  0.19413426291833D-01
  0.33086098444330D-01  -.73181044922943D-01  0.62080127041378D-02
  -.88502156269092D-01  -.63909576452472D-01  0.59033368736961D-01
  -.13210700600598D-01  -.33236523706526D-01  0.19413426291833D-01
  -.44553934675743D-01  0.21467310010066D-01  -.13014674248190D+00
  -.15422174443391D-01  0.56138024156152D-01  0.58225307606334D-01
  -.53579179074733D-01  0.34869125523055D-01  -.48316269355152D-01
  -.37314941433314D-01  0.60445755108276D-01  0.13985009062868D+00
  0.80984748819030D-01  -.13045515240247D-01  -.58944778307331D-01
  0.87768062179372D-01  -.92708444004458D-02  -.13537435848966D+00
$end
