$dipgrad          cartesian dipole gradients
  0.82914099924362D+00  -.73999365667416D-02  0.14886095404296D-15
  0.73951330696835D-02  0.82913908114848D+00  -.76489617476676D-16
  0.16343669792989D-15  0.90327640024108D-17  0.28022214195281D+01
  0.10975522295672D+01  -.70116235522426D+00  -.13813248661794D-14
  -.71123997797811D+00  0.96719564413475D+00  0.12404164884807D-15
  -.18537127453481D-15  0.25030869147659D-16  0.17203577548489D+01
  -.27282702141037D+00  -.26004814591419D+00  0.45957481154991D+00
  -.26725221827021D+00  -.33784867984735D+00  0.52925999744262D+00
  0.24024995472084D+00  0.28538185782304D+00  -.12805538564820D+01
  -.27282702141038D+00  -.26004814591419D+00  -.45957481154991D+00
  -.26725221827020D+00  -.33784867984733D+00  -.52925999744259D+00
  -.24024995472084D+00  -.28538185782305D+00  -.12805538564820D+01
  -.33784991230252D+00  0.26725217693945D+00  -.52925093116379D+00
  0.26005007224596D+00  -.27282766117399D+00  0.45956528813950D+00
  -.28538314254822D+00  0.24025061576220D+00  -.12805341093030D+01
  -.33784991230251D+00  0.26725217693945D+00  0.52925093116380D+00
  0.26005007224596D+00  -.27282766117400D+00  -.45956528813951D+00
  0.28538314254823D+00  -.24025061576220D+00  -.12805341093030D+01
  -.39436956743279D-03  0.75142101772754D-01  0.13014338461578D+00
  0.79917815390988D-01  -.22127178109754D+00  -.19036003876485D+00
  0.73374646556881D-01  -.10261282618974D+00  -.13816837525121D+00
  -.11871720937446D+00  0.57483413672191D-01  0.23053603429434D+00
  0.53080363500356D-01  -.75691459675259D-01  -.18808654295694D+00
  0.10549921126557D+00  -.82810923221726D-01  -.21620438688571D+00
  -.27492559016081D+00  0.73678444916164D-01  0.17674389882319D+00
  0.96439428483407D-01  0.23009201074672D-03  -.65597334282828D-01
  0.13821635878449D+00  -.10651731165943D-01  -.97728201262772D-01
  -.19304117864934D+00  0.98090456446440D-01  -.93608418472136D-01
  0.16583603982453D+00  -.68623375416106D-01  0.31362476841151D-01
  0.35644956466044D-01  -.58544535247900D-02  0.64366818411559D-01
  -.90698223226683D-01  0.15152233995793D+00  -.13721506223410D-01
  0.79394942593822D-01  -.23923014217215D+00  -.22644990884301D-01
  -.12505196229262D-01  -.85072628293394D-01  0.31544726841648D-01
  -.27492559016082D+00  0.73678444916169D-01  -.17674389882319D+00
  0.96439428483402D-01  0.23009201073947D-03  0.65597334282818D-01
  -.13821635878449D+00  0.10651731165943D-01  -.97728201262801D-01
  -.11871720937448D+00  0.57483413672201D-01  -.23053603429433D+00
  0.53080363500356D-01  -.75691459675260D-01  0.18808654295694D+00
  -.10549921126557D+00  0.82810923221728D-01  -.21620438688571D+00
  -.39436956744066D-03  0.75142101772749D-01  -.13014338461578D+00
  0.79917815390984D-01  -.22127178109754D+00  0.19036003876484D+00
  -.73374646556880D-01  0.10261282618973D+00  -.13816837525120D+00
  -.90698223226686D-01  0.15152233995792D+00  0.13721506223406D-01
  0.79394942593821D-01  -.23923014217215D+00  0.22644990884310D-01
  0.12505196229265D-01  0.85072628293386D-01  0.31544726841649D-01
  -.19304117864934D+00  0.98090456446438D-01  0.93608418472126D-01
  0.16583603982453D+00  -.68623375416097D-01  -.31362476841147D-01
  -.35644956466041D-01  0.58544535247856D-02  0.64366818411561D-01
  0.11527013457440D+00  0.44987645969451D-01  0.34540726855344D-01
  -.90160353457900D-01  0.83372774119276D-01  0.32866704090408D-01
  -.56598794715714D-03  -.38008673428271D-02  0.91748303858393D-01
  0.96808192517335D-01  0.14424024708351D-01  0.97697558067322D-01
  -.53729024260777D-01  0.99928322674301D-01  -.32810919860674D-01
  -.35037294104354D-01  0.27026880853246D-01  0.13247141958319D+00
  0.46695959465325D-01  -.15455473841173D-01  -.54287357016434D-01
  -.55273707286305D-01  0.71758662088611D-01  0.35876877112646D-01
  0.18284435120285D-01  -.39112399442145D-01  0.10053419638966D+00
  0.82046718448747D-01  -.60677220725791D-01  0.17551835450040D-01
  0.27392596901368D-01  0.11098027858159D+00  -.53949760023808D-01
  -.50962823198501D-01  0.18802563088143D-01  0.12622601828384D+00
  0.95746446396256D-01  -.76370373803267D-01  -.57776910793536D-01
  0.46127506017012D-01  0.10668856748504D+00  0.73835505747678D-03
  0.86438319935310D-02  0.16426250286195D-01  0.78932960674634D-01
  0.96808192517330D-01  0.14424024708353D-01  -.97697558067321D-01
  -.53729024260766D-01  0.99928322674297D-01  0.32810919860680D-01
  0.35037294104354D-01  -.27026880853247D-01  0.13247141958320D+00
  0.46695959465324D-01  -.15455473841170D-01  0.54287357016431D-01
  -.55273707286302D-01  0.71758662088611D-01  -.35876877112632D-01
  -.18284435120290D-01  0.39112399442145D-01  0.10053419638967D+00
  0.95746446396251D-01  -.76370373803268D-01  0.57776910793538D-01
  0.46127506017010D-01  0.10668856748504D+00  -.73835505748589D-03
  -.86438319935324D-02  -.16426250286202D-01  0.78932960674640D-01
  0.82046718448743D-01  -.60677220725791D-01  -.17551835450042D-01
  0.27392596901371D-01  0.11098027858159D+00  0.53949760023817D-01
  0.50962823198495D-01  -.18802563088145D-01  0.12622601828383D+00
  -.36701689050318D-01  0.13518672013203D+00  0.37563869073071D-02
  0.12823411220028D+00  -.83747467196713D-01  0.25952172191496D-01
  0.11876072469875D-01  0.67879363391197D-03  -.47518362578878D-01
  -.43618819096807D-01  -.63226986847094D-01  0.55510833681513D-01
  -.44678065004685D-01  0.65848969712861D-01  0.99180608033884D-01
  -.95213711160715D-02  0.56799394807536D-01  -.59242671439493D-02
  -.43618819096805D-01  -.63226986847094D-01  -.55510833681511D-01
  -.44678065004685D-01  0.65848969712861D-01  -.99180608033889D-01
  0.95213711160686D-02  -.56799394807537D-01  -.59242671439537D-02
  -.36701689050318D-01  0.13518672013203D+00  -.37563869073084D-02
  0.12823411220027D+00  -.83747467196714D-01  -.25952172191494D-01
  -.11876072469874D-01  -.67879363391240D-03  -.47518362578885D-01
  0.66872239838791D-01  -.51862667640707D-01  -.89242423445784D-01
  -.28981676944878D-01  -.29409731856650D-01  -.62232710506215D-01
  -.57358100419314D-01  0.81318410803256D-02  -.36352861720158D-01
  0.66872239838790D-01  -.51862667640706D-01  0.89242423445784D-01
  -.28981676944878D-01  -.29409731856649D-01  0.62232710506210D-01
  0.57358100419316D-01  -.81318410803266D-02  -.36352861720149D-01
  0.34621959398241D-01  0.20745677348796D-01  -.36892920004054D-01
  -.56446569576813D-01  -.90721585560076D-01  0.20497730259862D-01
  -.19621585916048D-01  0.39960916095625D-01  0.63548708958269D-01
  -.19126741607124D+00  0.18180281501352D-01  0.25278587902697D-01
  0.62616138460801D-01  0.25288022178293D-01  -.61344155656721D-01
  0.51102070090094D-01  -.33642246573181D-01  0.15666391199277D-02
  0.65639235609245D-01  -.37373886574241D-02  -.33122571407878D-01
  -.40436966550879D-01  0.39143378490206D-01  0.54048838780528D-01
  -.34885168121996D-01  0.59554557835899D-03  -.10870520152020D+00
  0.34621959398240D-01  0.20745677348797D-01  0.36892920004053D-01
  -.56446569576814D-01  -.90721585560074D-01  -.20497730259866D-01
  0.19621585916049D-01  -.39960916095626D-01  0.63548708958265D-01
  -.19126741607124D+00  0.18180281501355D-01  -.25278587902697D-01
  0.62616138460801D-01  0.25288022178292D-01  0.61344155656717D-01
  -.51102070090094D-01  0.33642246573182D-01  0.15666391199235D-02
  0.65639235609245D-01  -.37373886574237D-02  0.33122571407882D-01
  -.40436966550876D-01  0.39143378490205D-01  -.54048838780527D-01
  0.34885168121994D-01  -.59554557835756D-03  -.10870520152021D+00
  0.11527013457440D+00  0.44987645969450D-01  -.34540726855324D-01
  -.90160353457902D-01  0.83372774119281D-01  -.32866704090402D-01
  0.56598794715351D-03  0.38008673428226D-02  0.91748303858399D-01
  0.90749788207093D-02  0.50535942135975D-01  -.44967333990526D-01
  0.25067028317549D-03  -.18098186204291D+00  0.69061346140144D-01
  -.14599056626675D-01  0.71333816706617D-01  0.21139728288034D-01
  -.72149073296039D-01  -.40663423965789D-01  0.86594346133117D-01
  0.33823279596005D-01  0.31959935577791D-01  -.29784756843785D-01
  0.80060045148240D-01  0.17099513622456D-03  0.66388839320808D-02
  0.36045786762382D-01  -.38259126564903D-01  -.46911078701596D-02
  -.39945944783325D-03  0.59711611226645D-01  -.60058409484760D-01
  -.39683678508883D-01  -.63531263140023D-01  -.68041681308563D-01
  0.90749788207099D-02  0.50535942135976D-01  0.44967333990527D-01
  0.25067028317825D-03  -.18098186204292D+00  -.69061346140141D-01
  0.14599056626675D-01  -.71333816706616D-01  0.21139728288040D-01
  -.72149073296041D-01  -.40663423965789D-01  -.86594346133120D-01
  0.33823279596006D-01  0.31959935577792D-01  0.29784756843780D-01
  -.80060045148241D-01  -.17099513622328D-03  0.66388839320653D-02
  0.31578222899531D-01  0.69783324548064D-02  -.11338725525488D+00
  -.34923258266881D-01  0.49057813161476D-01  0.26762950338753D-01
  -.38544137447310D-01  0.37048246487481D-01  -.91219761191294D-01
  0.31578222899530D-01  0.69783324548040D-02  0.11338725525488D+00
  -.34923258266882D-01  0.49057813161479D-01  -.26762950338753D-01
  0.38544137447311D-01  -.37048246487482D-01  -.91219761191291D-01
  -.94991902856428D-02  0.80330684447308D-01  -.55359470932537D-01
  0.59816793586085D-01  -.41052535910775D-01  0.14144297340971D+00
  -.70378676558286D-02  0.88000529183714D-01  -.13522928481348D+00
  -.94991902856429D-02  0.80330684447309D-01  0.55359470932528D-01
  0.59816793586086D-01  -.41052535910776D-01  -.14144297340970D+00
  0.70378676558294D-02  -.88000529183714D-01  -.13522928481348D+00
  0.36045786762383D-01  -.38259126564903D-01  0.46911078701606D-02
  -.39945944783196D-03  0.59711611226642D-01  0.60058409484765D-01
  0.39683678508881D-01  0.63531263140024D-01  -.68041681308563D-01
  0.96719391856943D+00  0.71123966491746D+00  -.97299839321404D-16
  0.70116287641644D+00  0.10975518411884D+01  0.25783841733099D-16
  -.13344196755714D-16  -.13307139064271D-16  0.17203529812538D+01
  -.22127122500230D+00  -.79919252022254D-01  -.19036031365003D+00
  -.75141651011816D-01  -.39520912836052D-03  -.13013809278309D+00
  -.10261431843206D+00  -.73372859389174D-01  -.13817354020664D+00
  -.22127122500230D+00  -.79919252022250D-01  0.19036031365004D+00
  -.75141651011815D-01  -.39520912835946D-03  0.13013809278309D+00
  0.10261431843205D+00  0.73372859389169D-01  -.13817354020664D+00
  0.23097414938928D-03  -.96439161107619D-01  -.65595344851302D-01
  -.73678676505860D-01  -.27492716312319D+00  -.17674045525259D+00
  -.10653353924093D-01  -.13821499147156D+00  -.97730408876290D-01
  0.23097414938288D-03  -.96439161107619D-01  0.65595344851303D-01
  -.73678676505862D-01  -.27492716312319D+00  0.17674045525259D+00
  0.10653353924098D-01  0.13821499147156D+00  -.97730408876293D-01
  -.75691908444847D-01  -.53078928788084D-01  -.18808184329703D+00
  -.57483328623781D-01  -.11871570439224D+00  -.23053970505485D+00
  -.82812118303765D-01  -.10549947835670D+00  -.21620726643134D+00
  -.75691908444844D-01  -.53078928788090D-01  0.18808184329703D+00
  -.57483328623786D-01  -.11871570439223D+00  0.23053970505485D+00
  0.82812118303757D-01  0.10549947835671D+00  -.21620726643134D+00
  -.68623493077679D-01  -.16583700796071D+00  0.31364151371032D-01
  -.98091098291864D-01  -.19303977511492D+00  0.93607988254767D-01
  -.58525385622645D-02  -.35645839553989D-01  0.64367344087199D-01
  -.68623493077678D-01  -.16583700796071D+00  -.31364151371030D-01
  -.98091098291862D-01  -.19303977511493D+00  -.93607988254766D-01
  0.58525385622670D-02  0.35645839553991D-01  0.64367344087199D-01
  -.23923017942377D+00  -.79393760052195D-01  -.22643619356571D-01
  -.15152188728789D+00  -.90699182810765D-01  0.13722487665880D-01
  -.85072193066578D-01  0.12504085156187D-01  0.31550379086258D-01
  -.23923017942377D+00  -.79393760052197D-01  0.22643619356572D-01
  -.15152188728789D+00  -.90699182810756D-01  -.13722487665881D-01
  0.85072193066577D-01  -.12504085156184D-01  0.31550379086255D-01
  0.83373428880531D-01  0.90158744790718D-01  0.32869418426981D-01
  -.44989631912191D-01  0.11527240361772D+00  -.34544883030033D-01
  -.38032535919909D-02  0.56811532135713D-03  0.91745426657499D-01
  0.83373428880527D-01  0.90158744790722D-01  -.32869418426980D-01
  -.44989631912193D-01  0.11527240361772D+00  0.34544883030032D-01
  0.38032535919875D-02  -.56811532134765D-03  0.91745426657499D-01
  0.10668884172236D+00  -.46127163142063D-01  0.73497556174776D-03
  0.76369943116431D-01  0.95746721677837D-01  0.57778474238996D-01
  0.16426148262976D-01  -.86439484020416D-02  0.78929910371662D-01
  0.10668884172237D+00  -.46127163142070D-01  -.73497556174653D-03
  0.76369943116427D-01  0.95746721677838D-01  -.57778474238996D-01
  -.16426148262974D-01  0.86439484020404D-02  0.78929910371663D-01
  0.99927967216061D-01  0.53728846892671D-01  -.32811058232579D-01
  -.14424517569739D-01  0.96808346199086D-01  -.97697572473655D-01
  0.27026689759182D-01  0.35038439227355D-01  0.13247027089998D+00
  0.99927967216064D-01  0.53728846892672D-01  0.32811058232579D-01
  -.14424517569739D-01  0.96808346199091D-01  0.97697572473654D-01
  -.27026689759179D-01  -.35038439227355D-01  0.13247027089999D+00
  0.11097906097246D+00  -.27391363522752D-01  -.53954705258951D-01
  0.60677484623392D-01  0.82046498048915D-01  -.17550661792767D-01
  0.18803377888113D-01  0.50962606418337D-01  0.12622792304384D+00
  0.11097906097246D+00  -.27391363522752D-01  0.53954705258952D-01
  0.60677484623392D-01  0.82046498048917D-01  0.17550661792769D-01
  -.18803377888113D-01  -.50962606418337D-01  0.12622792304384D+00
  0.71757362464004D-01  0.55273885102209D-01  0.35877386002733D-01
  0.15455527772604D-01  0.46696255869309D-01  0.54283982367768D-01
  -.39111664379489D-01  -.18286906963051D-01  0.10054032031277D+00
  0.71757362464002D-01  0.55273885102208D-01  -.35877386002732D-01
  0.15455527772604D-01  0.46696255869310D-01  -.54283982367767D-01
  0.39111664379489D-01  0.18286906963052D-01  0.10054032031277D+00
  -.83747131899728D-01  -.12823457544484D+00  0.25950368616792D-01
  -.13518664661779D+00  -.36702044732983D-01  -.37580188885069D-02
  0.67870429387126D-03  -.11875666396691D-01  -.47519752795627D-01
  -.83747131899728D-01  -.12823457544484D+00  -.25950368616792D-01
  -.13518664661779D+00  -.36702044732983D-01  0.37580188885061D-02
  -.67870429387125D-03  0.11875666396691D-01  -.47519752795628D-01
  0.65849191540495D-01  0.44677559653446D-01  0.99180123331406D-01
  0.63227182136499D-01  -.43618017598439D-01  -.55507968372802D-01
  0.56799367416259D-01  0.95216586498765D-02  -.59232194300616D-02
  0.65849191540495D-01  0.44677559653446D-01  -.99180123331406D-01
  0.63227182136499D-01  -.43618017598439D-01  0.55507968372802D-01
  -.56799367416259D-01  -.95216586498762D-02  -.59232194300619D-02
  -.29409300774732D-01  0.28982424252864D-01  -.62232500047850D-01
  0.51862280892165D-01  0.66871560197293D-01  0.89243868509733D-01
  0.81324133771799D-02  0.57358865316961D-01  -.36354951723155D-01
  -.29409300774732D-01  0.28982424252863D-01  0.62232500047851D-01
  0.51862280892165D-01  0.66871560197293D-01  -.89243868509733D-01
  -.81324133771797D-02  -.57358865316960D-01  -.36354951723155D-01
  -.90721714186748D-01  0.56446406928705D-01  0.20500327117630D-01
  -.20745790325593D-01  0.34621962836088D-01  0.36892679523002D-01
  0.39960885486672D-01  0.19621591683887D-01  0.63547621953959D-01
  -.90721714186748D-01  0.56446406928705D-01  -.20500327117630D-01
  -.20745790325594D-01  0.34621962836088D-01  -.36892679523003D-01
  -.39960885486672D-01  -.19621591683887D-01  0.63547621953959D-01
  0.31959838535573D-01  -.33823188601426D-01  0.29785274011775D-01
  0.40664330273828D-01  -.72150045437740D-01  0.86597561851975D-01
  -.17140458601858D-03  0.80060598526163D-01  0.66362550405229D-02
  0.31959838535573D-01  -.33823188601426D-01  -.29785274011775D-01
  0.40664330273829D-01  -.72150045437740D-01  -.86597561851976D-01
  0.17140458601891D-03  -.80060598526164D-01  0.66362550405232D-02
  0.25288273883144D-01  -.62616256405013D-01  -.61343676826575D-01
  -.18179953523420D-01  -.19126744338529D+00  -.25279773564877D-01
  -.33642069004653D-01  -.51102219016050D-01  0.15666739361443D-02
  0.25288273883144D-01  -.62616256405013D-01  0.61343676826574D-01
  -.18179953523420D-01  -.19126744338529D+00  0.25279773564879D-01
  0.33642069004653D-01  0.51102219016050D-01  0.15666739361444D-02
  -.18098184243443D+00  -.25040699154487D-03  -.69064173780435D-01
  -.50535730285927D-01  0.90748129313039D-02  -.44967620476517D-01
  -.71333739716473D-01  -.14599161519143D-01  0.21139149246049D-01
  -.18098184243443D+00  -.25040699154499D-03  0.69064173780435D-01
  -.50535730285926D-01  0.90748129313038D-02  0.44967620476517D-01
  0.71333739716473D-01  0.14599161519143D-01  0.21139149246049D-01
  0.39143168742434D-01  0.40437009687066D-01  0.54047977751796D-01
  0.37372029231782D-02  0.65639240270912D-01  0.33122717509616D-01
  0.59598270177974D-03  0.34884892184124D-01  -.10870088156210D+00
  0.39143168742434D-01  0.40437009687066D-01  -.54047977751796D-01
  0.37372029231782D-02  0.65639240270911D-01  -.33122717509616D-01
  -.59598270177978D-03  -.34884892184124D-01  -.10870088156209D+00
  0.59711191726718D-01  0.40017412933594D-03  0.60056874283430D-01
  0.38260051828226D-01  0.36045001583915D-01  -.46897761785075D-02
  0.63534193369035D-01  -.39686461459235D-01  -.68035372127164D-01
  0.59711191726718D-01  0.40017412933598D-03  -.60056874283430D-01
  0.38260051828226D-01  0.36045001583915D-01  0.46897761785077D-02
  -.63534193369035D-01  0.39686461459235D-01  -.68035372127164D-01
  0.37206412597108D-01  0.70722233746915D-01  -.46552004955277D-02
  0.86008230876462D-01  -.67813854021022D-01  0.59140975794487D-01
  0.12320989308011D-01  -.33530234360662D-01  0.19239982043763D-01
  -.67813882578255D-01  -.86008021586018D-01  -.59141297322690D-01
  -.70722250770784D-01  0.37206458751617D-01  -.46552396629961D-02
  0.33530256947601D-01  0.12320988500956D-01  0.19239523002108D-01
  -.67813882578255D-01  -.86008021586018D-01  0.59141297322687D-01
  -.70722250770784D-01  0.37206458751617D-01  0.46552396629970D-02
  -.33530256947601D-01  -.12320988500956D-01  0.19239523002109D-01
  0.49057972149956D-01  0.34923145261661D-01  0.26762986451670D-01
  -.69782606959222D-02  0.31578229623224D-01  0.11338770402655D+00
  0.37047902710890D-01  0.38544420543838D-01  -.91220934894717D-01
  0.49057972149956D-01  0.34923145261661D-01  -.26762986451669D-01
  -.69782606959222D-02  0.31578229623224D-01  -.11338770402654D+00
  -.37047902710890D-01  -.38544420543837D-01  -.91220934894716D-01
  -.44652766551263D-01  -.18949956052128D-01  0.13164051211352D+00
  0.17954254733646D-01  0.56271470222722D-01  0.54903369833690D-01
  0.54448441910252D-01  0.33500642124973D-01  -.48295751688807D-01
  0.56271395023493D-01  -.17954180948044D-01  -.54903803518219D-01
  0.18950674757512D-01  -.44652826732384D-01  0.13164119424431D+00
  -.33501067145387D-01  0.54448653941256D-01  -.48296497364316D-01
  -.44652766551263D-01  -.18949956052128D-01  -.13164051211352D+00
  0.17954254733646D-01  0.56271470222723D-01  -.54903369833690D-01
  -.54448441910252D-01  -.33500642124973D-01  -.48295751688808D-01
  0.56271395023493D-01  -.17954180948044D-01  0.54903803518220D-01
  0.18950674757512D-01  -.44652826732384D-01  -.13164119424431D+00
  0.33501067145386D-01  -.54448653941256D-01  -.48296497364316D-01
  0.37206412597108D-01  0.70722233746915D-01  0.46552004955286D-02
  0.86008230876461D-01  -.67813854021022D-01  -.59140975794483D-01
  -.12320989308011D-01  0.33530234360662D-01  0.19239982043763D-01
  -.10604302319307D+00  0.50926413469518D-01  -.11127267426472D-01
  0.14366533006447D-01  0.55847841629142D-01  0.92104775730043D-02
  0.68623303762520D-01  0.13461678184567D-01  -.64217643324247D-03
  0.55847748917192D-01  -.14366639779103D-01  -.92102507076126D-02
  -.50927162125939D-01  -.10604360435862D+00  -.11125072184732D-01
  -.13461484196699D-01  0.68623358123395D-01  -.64328657811598D-03
  -.10604302319307D+00  0.50926413469520D-01  0.11127267426472D-01
  0.14366533006447D-01  0.55847841629142D-01  -.92104775730045D-02
  -.68623303762520D-01  -.13461678184567D-01  -.64217643324244D-03
  0.55847748917193D-01  -.14366639779103D-01  0.92102507076126D-02
  -.50927162125939D-01  -.10604360435862D+00  0.11125072184735D-01
  0.13461484196699D-01  -.68623358123394D-01  -.64328657811488D-03
  -.41052244859248D-01  -.59817126247697D-01  0.14144254536546D+00
  -.80330405174248D-01  -.94995315323857D-02  0.55358907730566D-01
  0.88000338440054D-01  0.70382264828154D-02  -.13522940982941D+00
  -.41052244859248D-01  -.59817126247697D-01  -.14144254536546D+00
  -.80330405174247D-01  -.94995315323851D-02  -.55358907730565D-01
  -.88000338440054D-01  -.70382264828155D-02  -.13522940982941D+00
  0.17077515321919D-01  -.48587273312486D-01  -.20074538679961D-01
  -.65413965110282D-02  -.14678524600086D+00  0.14672606904209D+00
  -.34558628938144D-01  0.74657477447946D-01  -.24116135345440D-01
  -.14678538738962D+00  0.65412970423039D-02  -.14672562130753D+00
  0.48587214523431D-01  0.17077416273629D-01  -.20073854713694D-01
  -.74657570413804D-01  -.34558739726539D-01  -.24115327133456D-01
  0.17077515321919D-01  -.48587273312485D-01  0.20074538679963D-01
  -.65413965110283D-02  -.14678524600086D+00  -.14672606904209D+00
  0.34558628938144D-01  -.74657477447946D-01  -.24116135345440D-01
  -.14678538738962D+00  0.65412970423041D-02  0.14672562130753D+00
  0.48587214523431D-01  0.17077416273629D-01  0.20073854713695D-01
  0.74657570413804D-01  0.34558739726539D-01  -.24115327133456D-01
$end
