$hessapprox internal
  0.414505812919D+00  0.219830047034D-04  0.415334750588D+00  0.886386046914D-04
  0.139200014487D-03  0.408263135959D+00 -0.117260514878D-03  0.174962684826D-03
  0.633048191251D-04  0.414777497186D+00 -0.217549998801D-04 -0.740406370291D-04
  0.951125550640D-04 -0.356998653962D-04  0.416467395410D+00 -0.573872456420D-04
  0.187337782405D-03  0.490154275174D-04  0.700440438648D-04 -0.126569898389D-03
  0.417493223696D+00  0.104536543955D-03  0.261067411058D-03  0.124709519656D-03
  0.466852708066D-04  0.247273996386D-04  0.271603791905D-03  0.420511824469D+00
 -0.706747698619D-04  0.285385946031D-03  0.665666328821D-04 -0.262157163550D-04
 -0.848193790716D-04  0.204297863743D-03  0.310839207160D-03  0.417010821396D+00
  0.113990060903D-03  0.118645632743D-04 -0.104732859218D-03  0.190542359365D-03
  0.148970905803D-03  0.130965875267D-03  0.473809466451D-04  0.284590765103D-03
  0.408412427481D+00  0.842307836225D-04  0.190265509223D-03 -0.181758726176D-03
  0.331582991135D-04 -0.121382062922D-03  0.321896747949D-03 -0.753163020962D-05
  0.581944375910D-03  0.894916565672D-04  0.419959783347D+00  0.580172246248D-04
  0.671779706557D-04  0.728177648183D-04 -0.168823735923D-03 -0.102893834808D-03
  0.104813757292D-03  0.696273457655D-03  0.964903649378D-04  0.601742182527D-04
  0.789027506675D-04  0.416494630305D+00 -0.528537830278D-04  0.385953440865D-03
  0.816627249900D-03 -0.293538486746D-03  0.228439997263D-03  0.215233428027D-03
  0.933600217300D-03 -0.447562615396D-04  0.238363843241D-03  0.969271461475D-03
  0.742804032965D-03  0.406234381491D+00  0.233768882973D-03  0.160278907336D-03
  0.136449214516D-02 -0.104943548689D-03 -0.134607495948D-03  0.140797102206D-02
  0.885772644018D-03  0.123912850419D-02  0.697625459814D-03  0.203170462965D-02
  0.108441997177D-02  0.154296856008D-02  0.413324039185D+00 -0.142239494610D-04
  0.988995308928D-03 -0.280436938593D-03  0.196036653345D-03 -0.120244282456D-04
  0.635233567054D-03  0.185819599210D-02  0.294851024580D-03  0.566137505652D-03
  0.102973230671D-02  0.794518187725D-03  0.148819448397D-02  0.474398683872D-02
  0.411070406179D+00  0.118023122481D-03  0.371238885266D-04  0.879786955533D-05
  0.575260464719D-04  0.238619146537D-03 -0.106933522991D-04  0.141214263771D-03
  0.104078463026D-03 -0.139872488041D-03  0.136989615002D-03  0.118529095181D-03
  0.120145490049D-03 -0.360022647498D-03  0.296345296040D-03  0.408748489936D+00
  0.236490237679D-03  0.109053795500D-03 -0.399880722150D-03 -0.290106334881D-04
  0.305093538486D-03  0.122472770674D-03  0.219243965968D-03  0.246969483847D-03
 -0.236428023874D-03  0.296527181682D-03  0.363596899393D-03  0.864987557853D-03
  0.115860253419D-02  0.120399454452D-03 -0.534818269830D-04  0.408578150246D+00
  0.239829905068D-03  0.659275773204D-03 -0.207107513443D-03 -0.260598200784D-03
  0.443370217586D-04  0.572514401083D-03  0.186943684155D-02  0.509533910573D-03
  0.417686266973D-04  0.876498201419D-03  0.134417842062D-02  0.193879420877D-02
  0.592529340114D-02  0.277022512999D-02  0.172389681281D-03  0.529318555827D-03
  0.412557057509D+00 -0.220292144627D-03  0.674596400546D-04  0.227700735432D-03
 -0.346982515831D-04 -0.361156434363D-03  0.461322749091D-04 -0.660680434723D-04
 -0.256686663709D-03  0.474395424549D-03 -0.116824374973D-03 -0.199329203326D-03
 -0.336688625009D-03 -0.408948145355D-03 -0.160891609025D-03  0.525142444630D-04
  0.350339830415D-03 -0.576889714468D-04  0.416485337603D+00  0.139920399540D-03
  0.236549910500D-03 -0.295622340925D-03  0.244076585920D-03  0.360681240733D-03
  0.308214857733D-03  0.236580662561D-03  0.325303270935D-03 -0.254512057734D-03
  0.116990739678D-03  0.165701475074D-03  0.362394903865D-03  0.833660708797D-03
  0.542628056303D-03 -0.228140358632D-03 -0.581788678539D-03  0.370221496124D-04
  0.665356928716D-03  0.408447281485D+00 -0.668137399407D-05  0.304329627796D-03
  0.127909425285D-03  0.181346935168D-03 -0.203595510881D-03  0.382817307551D-03
  0.871133071738D-03  0.315526471839D-03  0.577136349458D-04  0.103026019869D-02
  0.402031644328D-03  0.769697850915D-03  0.449004570911D-02  0.178485867902D-02
  0.259792658013D-04  0.168093068075D-03  0.194414309037D-02  0.551373058914D-03
  0.527911348697D-03  0.407388039707D+00 -0.493329314736D-03  0.125517505990D-02
 -0.176262022773D-02 -0.174435144783D-03 -0.194829511377D-03 -0.588529872527D-03
  0.787804029897D-03 -0.141489894090D-02  0.682261091720D-03 -0.121110045762D-03
 -0.232407158019D-03 -0.463329136474D-04  0.668104880661D-02 -0.288863346432D-02
  0.830295680690D-03 -0.481228526981D-03 -0.237024562462D-02 -0.651030665015D-03
  0.107031815143D-03 -0.179264876443D-02  0.310837009347D+00 -0.370588305286D-04
  0.479737087096D-03 -0.202644350450D-03 -0.291714347025D-03  0.407596872627D-03
 -0.328518907259D-03 -0.579051781742D-04 -0.444354199976D-03 -0.402569480561D-03
  0.858712864307D-03 -0.167526485962D-04 -0.213909739233D-02  0.303118295414D-02
 -0.137923334208D-02 -0.183834846863D-03 -0.455806373142D-03 -0.170722827345D-02
  0.732330575867D-03 -0.778482979214D-03 -0.140660777680D-02 -0.446680550188D-02
  0.320500833535D+00  0.593645701348D-04 -0.984005197841D-04  0.779929477573D-03
 -0.815508773552D-04  0.587862170615D-03  0.884337138457D-05 -0.297506601668D-03
 -0.199408114655D-04 -0.564198636552D-03  0.316323604229D-03  0.302444940724D-04
 -0.262006402001D-02 -0.169404209336D-02 -0.450590751322D-04 -0.552650357655D-03
 -0.734502135015D-04 -0.890413733849D-03  0.661299839007D-03 -0.596731853006D-03
 -0.292371641040D-03  0.270368288975D-02 -0.212105471068D-02  0.321973763922D+00
  0.147099047568D-03 -0.809984789238D-03 -0.122144817517D-03  0.242514960659D-03
 -0.494445311843D-04 -0.350166607682D-03 -0.211513210506D-03  0.239159559142D-03
 -0.863446311547D-03  0.282011103150D-03  0.103762327384D-03  0.778114745882D-03
  0.114620783954D-02 -0.418759253448D-03 -0.424751587982D-04 -0.360311366787D-03
  0.197596617190D-03  0.109575593280D-02 -0.351557525705D-03 -0.359527992788D-02
  0.140119394397D-02  0.460259116476D-04  0.610172155903D-03  0.318009339772D+00
  0.220180824479D-03 -0.123939593871D-02  0.229282702755D-02  0.743501219820D-05
  0.122532616013D-03  0.216683471342D-03 -0.138591337908D-02  0.722137575453D-03
 -0.314100203624D-03 -0.284540326717D-03 -0.343066615387D-03 -0.217692119280D-02
 -0.100577633515D-01  0.135221321551D-02 -0.782369278487D-03  0.783947130851D-03
  0.391918632514D-03 -0.170745025973D-04  0.233571735398D-03  0.142607326105D-02
  0.147697525544D-01  0.405057438797D-02 -0.326349482385D-02  0.145116789469D-02
  0.311020433017D+00  0.748798284982D-05 -0.258620875534D-03  0.503685154475D-03
 -0.128630606061D-02  0.177308746809D-03  0.386539676930D-03 -0.569337446308D-03
  0.334280411784D-03 -0.522641273791D-03  0.104324887515D-04  0.480340495281D-03
 -0.148293972998D-02  0.442854804555D-03  0.339922251561D-03 -0.767824255471D-03
  0.548033622502D-03  0.402156265540D-03  0.104003504987D-02 -0.577732526038D-03
  0.170928774225D-02  0.149334996792D-02 -0.687062178147D-03 -0.249541193291D-02
  0.497075671309D-02 -0.295723180656D-02  0.516502410907D-02  0.141145750655D-02
  0.704456586944D-04  0.170056225723D-04 -0.388845189093D-03 -0.103340994702D-02
  0.222091839857D-03 -0.454060928661D-03  0.105654160062D-03 -0.321411181946D-03
  0.245066269672D-03  0.281685060474D-03 -0.652485280893D-03  0.999813702417D-03
 -0.156787297133D-03 -0.423084609986D-03  0.550305361054D-04 -0.865553885306D-04
  0.236841350901D-03 -0.765382922090D-03  0.185979256475D-02  0.443606648674D-03
 -0.822256798637D-03 -0.320098522050D-02  0.348629375836D-02 -0.191172366420D-02
  0.115722096260D-02  0.173718825004D-02  0.313852430906D-04  0.250137822720D-03
 -0.121102089428D-03  0.239914307028D-03  0.207258225136D-04 -0.155245459589D-03
  0.407263496250D-03 -0.662015991999D-05 -0.211518426751D-04  0.145812363272D-03
  0.629006488157D-04  0.367052044270D-03 -0.340231183365D-03  0.414842723777D-03
  0.104949012724D-03 -0.113469265179D-03  0.349107189641D-03 -0.182130892107D-03
  0.790525806965D-04 -0.311318166863D-03 -0.597163292126D-03 -0.485839868095D-04
  0.492733795014D-03 -0.781283511899D-03  0.879322045796D-03  0.114277881480D-01
  0.150572818227D-02  0.645225208363D-01 -0.631269136626D-04  0.120679109114D-03
 -0.440976019406D-03  0.651158144833D-03 -0.341466170771D-03 -0.759249838851D-03
  0.799247158139D-03  0.140702633980D-03  0.515160873703D-03 -0.770693168370D-04
 -0.345665123412D-03  0.147777673603D-02 -0.110843370283D-02  0.278649151174D-03
  0.886755090774D-03 -0.442446743089D-03 -0.691932735436D-04 -0.468499316673D-03
  0.920455405300D-03 -0.270636160135D-02 -0.132460774056D-02  0.960409161103D-03
  0.329984428130D-02 -0.529732665816D-02  0.329606640622D-02  0.204988323758D-02
 -0.194596146902D-02 -0.438398069821D-02  0.456938723655D-01 -0.139627824521D-03
 -0.346396260335D-04 -0.709947807374D-03  0.964598424479D-03 -0.542849537948D-03
 -0.998647327839D-03  0.111834139149D-02  0.152517892985D-03  0.697557406334D-03
 -0.162477642883D-03 -0.525318294356D-03  0.226507325230D-02 -0.951435803606D-03
  0.233503618562D-03  0.131501220258D-02 -0.687334074519D-03 -0.349908205978D-03
 -0.428362974283D-03  0.135092217614D-02 -0.404013679621D-02 -0.183338645533D-02
  0.155297657292D-02  0.522171846565D-02 -0.850718122990D-02  0.526217184195D-02
 -0.592495047398D-02 -0.140081440841D-02 -0.231661011654D-03 -0.302889049187D-01
  0.332417584893D-01  0.254459841335D-04 -0.193137132992D-03  0.602720629624D-03
 -0.227694954275D-03 -0.280412409446D-03 -0.280202736916D-04 -0.153696860125D-03
 -0.140771914968D-03 -0.410247444033D-04  0.558183483488D-03  0.152342153695D-03
 -0.590300113916D-03  0.266973589635D-03  0.328601226734D-03 -0.216682309416D-03
  0.508964596030D-03  0.937484307899D-03 -0.134691575155D-03  0.231540700009D-03
 -0.735532781074D-04  0.117217842329D-02 -0.488413858302D-03 -0.932378072572D-03
 -0.522485388653D-03 -0.214698959052D-02  0.865584356761D-03  0.241573254113D-03
 -0.339230632578D-03 -0.151495198900D-02 -0.216162773031D-02  0.320101186949D+00
  0.351172999448D-04 -0.107848183002D-03 -0.166485751543D-03 -0.291963190030D-03
 -0.446268850106D-03 -0.114982089321D-04 -0.638320313770D-03  0.165039920617D-03
  0.311869349292D-03 -0.108991117352D-03 -0.261097092459D-03  0.785174845794D-03
  0.157951831701D-04 -0.469496137483D-03  0.115228046575D-03  0.221499545397D-03
 -0.152307626266D-03 -0.313928636819D-03  0.178890619036D-03  0.995972835573D-03
 -0.431991216499D-03  0.120134306884D-02  0.161707708737D-02  0.191120760540D-02
  0.185395671049D-03  0.510422383447D-03  0.174278682322D-03 -0.375117015897D-04
 -0.115034675708D-02 -0.171772713979D-02  0.870969221162D-03  0.319501933879D+00
 -0.318406451242D-03 -0.161991675896D-03  0.151725026257D-02  0.204026885118D-03
  0.734867202017D-04  0.725059510384D-04  0.272218587417D-04 -0.597476023576D-03
  0.823496368172D-03  0.143213723700D-03 -0.185976123923D-03 -0.202086936641D-02
 -0.661840109939D-02  0.507782020122D-03 -0.856392725647D-04  0.819347300742D-03
  0.617857585410D-03 -0.124600101810D-02  0.110963360900D-02  0.712959007997D-03
  0.509000461318D-02  0.309709137828D-02 -0.132335015520D-02  0.148690033035D-02
 -0.656039426574D-02 -0.109795502937D-02 -0.119452568813D-02  0.440109740173D-03
  0.206901182241D-02  0.355037635123D-02 -0.184214825835D-02  0.953754399258D-03
  0.312901804480D+00 -0.352428236240D-03 -0.260482706255D-03  0.130320373861D-02
 -0.361437117334D-03 -0.108320415120D-02 -0.115266533261D-03 -0.601016695053D-03
 -0.614126733213D-03  0.125890455662D-02  0.122095816811D-03 -0.453278370438D-03
 -0.552152001421D-03 -0.362135227335D-02  0.239942271386D-03  0.300840478166D-03
  0.164462038580D-02  0.117193606981D-02 -0.195724781209D-02  0.178183469217D-02
  0.141060335335D-02  0.188561543007D-02  0.308426053355D-02  0.118211071091D-02
  0.324741920944D-02 -0.454223508473D-02  0.512882762978D-03  0.110599375324D-02
 -0.352569299342D-04 -0.189858331789D-02 -0.235643087087D-02 -0.112155932829D-02
 -0.115037123232D-02 -0.556328632455D-02  0.312771438058D+00 -0.243954912328D-03
 -0.376083033735D-03  0.694354720576D-03 -0.819629818747D-04 -0.654516086370D-03
  0.547732485154D-04 -0.505207841373D-03 -0.196278209233D-03  0.949979460801D-03
 -0.430997794949D-03 -0.365027139215D-03  0.385451801991D-03 -0.410410020424D-02
  0.686259284168D-04  0.275293403218D-03  0.100684168436D-02  0.730748071975D-03
 -0.140714159602D-02  0.124671867170D-02  0.123580153529D-02  0.256082383974D-02
  0.466530417304D-02  0.187912365468D-02  0.219036680006D-02 -0.342051241669D-02
  0.500691502055D-03  0.714436794416D-03 -0.291594896191D-04 -0.595618783983D-03
 -0.783432239158D-03  0.793441554134D-04 -0.109440681357D-02 -0.460965497634D-02
 -0.526357383385D-02  0.315229117765D+00 -0.511481427055D-03 -0.607673012925D-03
  0.260570214050D-02 -0.442092853587D-03 -0.535425129238D-03 -0.335618780268D-03
 -0.811452164770D-03 -0.750624143091D-03  0.794613077585D-03  0.786733245921D-03
 -0.478173763813D-03 -0.381511026548D-02 -0.567074546645D-02  0.357883184866D-05
  0.631130436311D-04  0.194468615710D-02  0.345120698117D-03 -0.120226002367D-02
  0.165333460604D-02 -0.852177592938D-03  0.481503485758D-02  0.568130244493D-03
 -0.266229563565D-02  0.641496708291D-03 -0.738097712825D-02 -0.158756929308D-02
  0.734505300595D-03  0.262790735152D-03  0.473144652535D-03  0.853749730049D-03
 -0.266779019155D-02  0.112801666773D-02 -0.715138656563D-02 -0.641807703652D-02
 -0.324965168818D-02  0.309619716554D+00 -0.993586044572D-03  0.338709765155D-03
  0.131833179599D-02 -0.847178113601D-03 -0.196260552776D-02 -0.374178367619D-03
 -0.631816792041D-03 -0.149663788848D-02  0.277320254172D-02  0.580263629663D-03
 -0.979828472361D-03 -0.986772572971D-03 -0.170105060171D-02 -0.127581464203D-02
  0.129501282113D-02  0.278774200882D-02  0.574940508645D-03 -0.362347602415D-02
  0.329267279198D-02  0.105147463284D-02 -0.569699690928D-02  0.229005430978D-02
  0.349294658371D-02  0.608258445409D-02  0.114311735990D-02  0.266182994457D-02
  0.281172193510D-02 -0.229664821587D-03 -0.388492365216D-02 -0.477901107473D-02
 -0.727304888043D-03 -0.271328785333D-02 -0.541371728551D-02 -0.115168973529D-01
 -0.726499448970D-02 -0.855678317115D-02  0.298002528012D+00 -0.737742481754D-03
 -0.251598508529D-03  0.199808993377D-02 -0.423615168518D-03 -0.130869107382D-02
 -0.366198083735D-03 -0.503728001643D-03 -0.873801152390D-03  0.161417744680D-02
  0.515701369625D-03 -0.761237697537D-03 -0.184534214949D-02 -0.351277182460D-02
  0.114176810361D-04  0.910196024102D-03  0.249161188337D-02  0.567121595986D-03
 -0.233047877718D-02  0.269031345101D-02 -0.422241436923D-03  0.304323753649D-03
  0.179605966868D-02  0.630540146089D-03  0.187417586348D-02 -0.329130219834D-02
  0.674061859968D-03  0.241084853145D-02  0.109195359069D-03 -0.121199503567D-02
 -0.140015211788D-02 -0.200844134556D-02 -0.108383052455D-02 -0.535128006216D-02
 -0.888650852787D-02 -0.533776933961D-02 -0.103028768828D-01 -0.153707884546D-01
  0.308199457279D+00 -0.162879701347D-03 -0.205414164336D-03 -0.644249991212D-03
 -0.370903422168D-03 -0.100054952497D-02  0.716926344508D-05 -0.267467484222D-03
  0.217880007646D-04  0.357082681309D-03 -0.293189890972D-03 -0.667398099095D-04
  0.224568435105D-02  0.430300334225D-02 -0.409385688842D-03  0.498226844261D-03
  0.752088181636D-03  0.628965035198D-03 -0.511969410431D-03  0.702222787807D-03
  0.233404381364D-04 -0.543119744239D-02  0.174442176779D-02  0.336721343084D-02
  0.371136703333D-04  0.535340090177D-02  0.337269031533D-02  0.262142303401D-02
 -0.123778286106D-04 -0.395499952842D-02 -0.649004336349D-02  0.214712308597D-02
 -0.109672685473D-02  0.191420114269D-02 -0.411501812096D-03 -0.149792050125D-02
  0.223715347754D-02 -0.470317127838D-02 -0.270885181719D-02  0.316319427981D+00
 -0.344515632885D-03 -0.444906408201D-03  0.132604891511D-02 -0.256480937995D-03
 -0.970130525815D-03  0.188297596568D-04 -0.272371057035D-03 -0.258040240585D-03
  0.150576153287D-02 -0.144140012822D-03 -0.292421564367D-03  0.358895631488D-03
 -0.570172994462D-02  0.529015263598D-03  0.483799753879D-03  0.148890044680D-02
  0.179809360795D-02 -0.190982473500D-02  0.190644462862D-02  0.138004556399D-02
  0.432966679704D-02  0.532605575160D-02  0.232478625542D-02  0.206716876907D-02
 -0.590077108973D-02  0.243723137426D-02  0.169959900074D-02  0.219420233844D-03
 -0.221922030609D-02 -0.306324464639D-02 -0.587133370115D-03 -0.197974598995D-02
 -0.601683734702D-02 -0.801113913575D-02 -0.693515363117D-02 -0.634966426718D-02
 -0.115003521128D-01 -0.883281606093D-02 -0.132911338837D-02  0.310851182819D+00
 -0.153937537474D-02  0.228252326582D-02 -0.161751884292D-02  0.709575371452D-03
  0.182981763656D-03  0.274624976810D-05  0.179076277159D-02 -0.270028351388D-02
  0.291812714013D-02 -0.103838904617D-02 -0.711971183360D-03 -0.964025998997D-03
  0.222050564899D-03 -0.262550615878D-02  0.139659402631D-02  0.731378039893D-04
 -0.274386775397D-02 -0.361533554988D-02  0.205080202712D-02  0.123788014825D-02
 -0.173488107104D-01  0.202518130323D-02  0.408814763328D-02  0.869482117258D-02
  0.147544157627D-01 -0.329274134882D-02 -0.118354100598D-02  0.632009954803D-03
  0.252571779536D-02  0.554766062859D-02  0.163174983651D-02 -0.556364956780D-03
 -0.553803889232D-02 -0.563762501500D-02 -0.676017708519D-02  0.152260313339D-02
 -0.176253593460D-01 -0.464313757507D-02 -0.960739549665D-02 -0.364654853528D-02
  0.341575734132D+00 -0.643143488021D-03  0.203929730437D-03  0.270152467482D-03
  0.439472771948D-03  0.907051229084D-04  0.604767856124D-03  0.341609830567D-03
 -0.107586632768D-02  0.151508308636D-02 -0.116854147655D-02 -0.161585025362D-03
 -0.718166398519D-03 -0.569451385965D-02 -0.394979167626D-03  0.993916651301D-04
  0.749719542534D-03  0.183528125531D-03 -0.219759709180D-02  0.138915285730D-02
  0.249733235082D-02 -0.121378382899D-02  0.795176563114D-02  0.121204923000D-02
  0.539691535378D-02 -0.192699525811D-03 -0.268832778026D-02 -0.860323452096D-02
  0.895205823631D-03  0.515869011870D-02  0.773102892827D-02  0.177447619993D-02
  0.137691649533D-02 -0.114553025604D-01 -0.514823587606D-02 -0.917245734306D-02
 -0.287844951955D-02 -0.804446047391D-02 -0.443249280100D-02 -0.319652439219D-02
 -0.714151690365D-02 -0.362210533283D-01  0.353724635708D+00  0.507548760391D-03
 -0.694711342820D-03  0.271179070179D-02 -0.169344868036D-03  0.540248363069D-03
 -0.209706026802D-03 -0.514765985183D-03  0.743737553300D-03 -0.353616095562D-03
  0.797398829151D-03 -0.259102710329D-04 -0.330847105550D-02 -0.912293424101D-02
  0.189953426981D-02 -0.731920152609D-03 -0.105224494777D-04  0.862750775324D-03
  0.874765006461D-03 -0.377582957088D-03  0.558692580102D-03  0.156441054513D-01
 -0.223730670171D-02 -0.518897532273D-02 -0.855475356635D-03 -0.166503458988D-01
  0.537458268005D-02 -0.218952164560D-02 -0.492847949838D-03  0.146760779470D-02
  0.399044313821D-02 -0.422968912397D-02 -0.109615588392D-02 -0.186414215298D-02
 -0.327077393433D-02  0.131837682933D-02 -0.930017981341D-02  0.180263766414D-02
 -0.282019035576D-02  0.877374723976D-02 -0.401281865585D-02  0.364302544173D-01
  0.224830469376D-01  0.357034147966D+00  0.575546769875D-04  0.997959812080D-03
  0.151967375024D-02 -0.206366935659D-02 -0.581119871349D-03  0.619994036311D-03
 -0.295803604498D-02  0.438707497638D-03  0.178190457140D-02  0.496726850485D-02
 -0.870731478628D-03 -0.444217999787D-02 -0.363232385199D-03 -0.173704341998D-02
 -0.849764211216D-03  0.100060126867D-02 -0.646996331947D-03 -0.787373554526D-03
 -0.991151368950D-04  0.638514243576D-02  0.200246729393D-02 -0.460992870149D-02
 -0.286804573886D-02  0.132482074377D-01 -0.843519299148D-02 -0.205611274515D-02
 -0.350753135317D-02  0.162005027945D-02  0.361636272687D-02  0.549513064010D-02
  0.165459522205D-04 -0.274641344108D-02 -0.993852529661D-03 -0.493838810701D-02
  0.127914407470D-02 -0.454809678030D-02 -0.855847055877D-02 -0.454579258897D-02
  0.107149273579D-01 -0.497559344278D-02  0.913835979207D-02  0.194455193144D-01
 -0.334654728333D-01  0.350619424332D+00 -0.319305844576D-03 -0.127864723479D-02
  0.232173834154D-02  0.130511409462D-02  0.129596311514D-02  0.364680078875D-03
  0.220757902080D-02 -0.433458522231D-03 -0.124003932348D-02  0.705659996474D-03
  0.162654595758D-02 -0.257960777983D-02 -0.514477219752D-02  0.327359886108D-02
 -0.870698226687D-03  0.882549673455D-03  0.393176059414D-02  0.421661957206D-03
  0.760068233981D-03 -0.433588026176D-02  0.985392789430D-02  0.539421312936D-02
 -0.569007024368D-02 -0.123964646538D-01 -0.800236612921D-02  0.393110784215D-02
  0.109526401407D-02 -0.807536515051D-03 -0.113821577325D-02 -0.129855998287D-02
 -0.294086687633D-02  0.990608998529D-02 -0.162394168973D-01  0.914047605698D-03
 -0.349580675906D-02 -0.112145847318D-01  0.104740004716D-01 -0.158840533664D-02
  0.477888809833D-02  0.151624517113D-03 -0.132740054137D-01 -0.319217361450D-01
  0.133273276567D-01  0.479702520868D-01  0.304958789358D+00  0.279289649217D-03
 -0.635276004741D-03 -0.366655868340D-03  0.112123196934D-02  0.185453017392D-02
  0.137817331600D-03  0.109968306788D-02  0.367874273741D-03 -0.244996242497D-02
  0.388005343373D-03  0.105013551463D-02 -0.977906141566D-03  0.253907334350D-02
  0.700789056143D-03 -0.954445251228D-03 -0.160034848124D-02 -0.901545786662D-04
  0.295610427151D-02 -0.192098119876D-02 -0.499499063841D-02  0.225995226354D-02
 -0.169030051661D-02 -0.459195589251D-02 -0.118695100057D-01  0.231547641554D-02
 -0.641947415027D-03  0.188567687611D-03  0.519523880881D-03 -0.241913576323D-05
 -0.136998286925D-02 -0.467585615102D-03  0.744227984096D-02 -0.120547054513D-02
  0.107793253979D-01  0.583564887080D-02  0.201059304609D-02  0.208408413178D-01
  0.101548571996D-01  0.326053592737D-02  0.109647852955D-01  0.139777184362D-02
 -0.784752963581D-02  0.106208217017D-01  0.349938631098D-01 -0.495140685086D-01
  0.291071183205D+00  0.156691561277D-03  0.874502305138D-03 -0.225091823709D-03
 -0.742329063830D-03 -0.140423667757D-03 -0.303081372332D-03 -0.454137762715D-03
 -0.917058460167D-04  0.325945734376D-03  0.721656452187D-03 -0.372979970635D-03
 -0.126175949719D-02  0.239014162727D-02 -0.106814854101D-02  0.918199516287D-04
 -0.296919542255D-03 -0.161922034586D-02  0.993816513911D-04 -0.514882504934D-03
  0.141454033805D-02 -0.375997013441D-02 -0.591833124310D-02 -0.695465403977D-03
  0.511110016315D-02  0.167474680342D-02 -0.204020288930D-02 -0.274512372553D-02
  0.432514636061D-03  0.755502083943D-03  0.196852917475D-02 -0.443750101877D-03
 -0.290100805419D-02  0.608187547140D-02 -0.235728944695D-03  0.385373884643D-02
  0.133813108913D-02 -0.374561817166D-02 -0.211280983811D-04  0.141576727236D-02
  0.197496704532D-02  0.101585472967D-01  0.188097299992D-01 -0.124357189626D-01
 -0.274600289923D-01  0.358948680185D-01  0.192420961948D-01  0.313999057706D+00
  0.572627356119D-03 -0.144852154849D-02  0.185000914834D-02 -0.520523768737D-03
 -0.721929427620D-03 -0.131120075623D-03 -0.120070298039D-02  0.986180448211D-03
 -0.752102528047D-03  0.147289390443D-02  0.254712422101D-03 -0.104010315836D-04
 -0.220052599325D-02  0.162298765676D-02 -0.689757330150D-03  0.831854017969D-03
  0.293673078305D-02  0.851001465096D-03  0.418078730957D-04 -0.809532647840D-03
  0.113256462698D-01  0.338416486333D-03 -0.165849587655D-02 -0.535392952773D-02
 -0.113322539832D-01  0.434223045735D-02  0.376290045122D-02 -0.672261851684D-03
 -0.810500704054D-02 -0.119458897799D-01 -0.243502277329D-02  0.787619476981D-03
 -0.173030162687D-02 -0.174516667459D-02  0.107729139589D-02 -0.595350593290D-02
  0.347676467840D-02 -0.293016383980D-02  0.693711429549D-02 -0.310182111005D-02
  0.267429255179D-01  0.188157115110D-01 -0.251017535388D-01 -0.605210005752D-02
  0.175358893115D-02  0.206329232628D-02 -0.466447918316D-02  0.314382586065D+00
 -0.683601300022D-03  0.534087863893D-03 -0.137996223310D-04  0.309290762836D-03
  0.246129762117D-03  0.124966455845D-03  0.383849526769D-03 -0.939149133777D-03
  0.102417402886D-02 -0.558922251097D-03 -0.317009506850D-03 -0.115054313543D-02
 -0.243139055833D-02 -0.805794394937D-03  0.366452804242D-03  0.423987363485D-03
 -0.106411232489D-02 -0.149142766060D-02  0.964791819430D-03  0.660903781185D-03
 -0.359692189622D-02  0.251661755503D-02  0.637692955563D-03  0.362771307406D-02
  0.260322636824D-02 -0.297859135185D-02  0.215660484068D-02  0.541401462731D-03
  0.392225023877D-02  0.604643652286D-02  0.462496870172D-03  0.593950456463D-03
 -0.495845581330D-02 -0.297630705661D-02 -0.406833215628D-02 -0.152971568133D-02
 -0.613835727955D-02 -0.277203426794D-02 -0.293501123585D-02 -0.270290570221D-02
 -0.215367927346D-01 -0.192900780122D-01  0.143750217191D-01  0.770117087479D-02
 -0.145915886673D-01 -0.299042735801D-02  0.820978861203D-02  0.109642540038D-01
  0.322019660222D+00  0.274343414428D-03 -0.873192027007D-03  0.214781632003D-02
 -0.822427895199D-03 -0.791491219331D-03 -0.491072290716D-04 -0.139664009501D-02
  0.419987150680D-03 -0.191971457174D-03  0.113018609048D-02 -0.101910110814D-03
 -0.168888917553D-02 -0.267904570848D-02  0.128885610037D-02 -0.602885221936D-03
  0.143387100379D-02  0.176663886779D-02 -0.426569607272D-04  0.449328683356D-03
  0.107474889964D-02  0.845596216444D-02 -0.921479912236D-03 -0.286314542804D-02
  0.104991476996D-02 -0.110841612261D-01 -0.247055463324D-02  0.101941615834D-02
  0.757934821383D-03 -0.181180214621D-02 -0.284110565674D-02 -0.238152305740D-02
 -0.209211530454D-03 -0.266044934360D-02 -0.441814802353D-02  0.694068486532D-05
 -0.763026985987D-02 -0.253065729663D-02 -0.585292757240D-02  0.603510575854D-02
 -0.371527364459D-02  0.182247326760D-01  0.143346552597D-01 -0.221997331794D-01
 -0.150968039496D-01  0.982903222421D-02  0.103001227907D-01 -0.885196629195D-02
 -0.137114158417D-01  0.731586676531D-02  0.318143431448D+00  0.945464034558D-03
 -0.438711209576D-03 -0.367104041334D-03  0.510820845663D-03  0.130890598897D-02
  0.922310612563D-03  0.257487456497D-03  0.184373211458D-02 -0.187991603655D-02
  0.198129251179D-03  0.999368907352D-03  0.140028691625D-02 -0.872008636541D-03
  0.258781798411D-02 -0.131274849606D-02 -0.158760507792D-02  0.168189882093D-02
  0.233782574508D-02 -0.227639584304D-02  0.148670594745D-02  0.965611689960D-02
  0.867467955961D-03 -0.306970959319D-02 -0.256823637599D-02 -0.756460275682D-02
 -0.169426528356D-02 -0.954908778410D-03  0.521923827806D-03  0.177029714517D-02
  0.270243433783D-02  0.413881138394D-03  0.164141208033D-02  0.409369739529D-03
  0.567788115370D-02  0.295406965855D-02  0.443363035934D-02  0.165632208858D-01
  0.101989765599D-01  0.631978827035D-02  0.492007720836D-02  0.149824431222D-01
  0.439785333276D-02 -0.829099003761D-02  0.371455382035D-02 -0.749153880978D-02
 -0.111659062510D-01  0.267996442044D-02 -0.546112471635D-02  0.432994473306D-02
 -0.170805449806D-02  0.318134399952D+00 -0.258651383462D-03 -0.549327462497D-03
  0.267202575936D-02  0.494387014651D-04  0.739407165663D-03 -0.127948997837D-03
 -0.183770618952D-03 -0.449498334993D-03 -0.147435772849D-04  0.129050403486D-02
  0.528233831675D-04 -0.490022887292D-02 -0.701198703650D-02  0.695283405575D-03
 -0.590052563856D-03  0.748460163045D-03  0.510045160854D-03  0.113722738410D-03
  0.466208512971D-03 -0.166597011769D-02  0.926635443773D-02 -0.825461659079D-03
 -0.577713536998D-02 -0.276906612787D-02 -0.103329430095D-01 -0.158439498752D-02
 -0.140301295864D-02  0.108549977107D-02  0.219286995624D-02  0.330688572631D-02
 -0.355111522570D-02  0.363936395692D-02 -0.838900244405D-02 -0.234826111255D-02
 -0.455410718980D-03 -0.113621472599D-01  0.142915374246D-02 -0.431689043902D-02
  0.693484172504D-02 -0.257628320262D-02  0.848580464864D-02 -0.219471178874D-02
 -0.135117277368D-01 -0.362681059367D-02 -0.256787574337D-01 -0.111608071864D-01
  0.489658268761D-02 -0.989959390102D-02  0.497189613917D-04 -0.801427518867D-02
 -0.382528924728D-02  0.313658106567D+00 -0.391204399407D-03  0.308888195852D-03
 -0.547879765478D-04 -0.615755734583D-03 -0.772180506832D-03 -0.432629995227D-03
 -0.344949221236D-03 -0.877952736280D-03  0.353327307895D-03  0.277627844426D-03
 -0.329010089082D-03 -0.986876641360D-03  0.539703669547D-02 -0.127988580518D-02
  0.442650813338D-03  0.940346123952D-03 -0.774119233680D-03 -0.589990467557D-03
  0.672984913292D-03 -0.113341612119D-02 -0.827230117813D-02 -0.371772104796D-02
  0.236457254285D-03  0.106843133014D-02  0.643224655100D-02  0.154515007132D-02
  0.113352802997D-02  0.472719512504D-03 -0.135780331946D-02 -0.247140507245D-02
  0.226768809896D-03  0.979269732580D-04  0.221545848151D-02 -0.398115531923D-03
  0.175340165272D-02 -0.105673184176D-02 -0.609679845827D-02 -0.420489475305D-02
 -0.268697381403D-02  0.164163597194D-02 -0.751401708969D-02  0.320248996184D-02
  0.414271369690D-02  0.315866434213D-03  0.669701451203D-02  0.351276885061D-02
 -0.468320231011D-02  0.471350450027D-02 -0.121234937220D-02  0.133340365050D-02
  0.819440213545D-02  0.250791667008D-02  0.325479938662D+00  0.853154079371D-03
 -0.723656182036D-03 -0.294958669164D-02  0.960651112247D-03  0.289622857051D-03
  0.565279688147D-03 -0.428410728769D-03  0.197443158933D-02 -0.787886895062D-03
 -0.337520002505D-02 -0.125401115555D-03  0.752127424892D-02 -0.277862551226D-02
  0.438376370062D-03 -0.148363112890D-04 -0.243150078906D-02 -0.363565110775D-03
  0.115948607868D-02 -0.166337676980D-02  0.276191022990D-02  0.492456659921D-02
  0.952794074627D-02  0.734792068468D-02 -0.862545548919D-04  0.101576918094D-02
 -0.776428489641D-03  0.285028753603D-03 -0.286842835110D-03  0.527421919972D-03
 -0.346983580506D-03  0.477106977651D-02 -0.466867391159D-02  0.626517175684D-02
  0.415600980215D-02 -0.347088396550D-02  0.155014738861D-01  0.930110685231D-02
  0.114965632814D-01 -0.614298681730D-02 -0.139588817630D-02  0.352390144122D-02
 -0.534280123021D-02  0.112492526829D-01  0.901988650199D-02  0.133492974532D-01
  0.414903681368D-02  0.595211075504D-02  0.436808129789D-02  0.132721505985D-02
  0.917928416058D-02 -0.102527731960D-01  0.180648966613D-01  0.968481151273D-02
  0.290434245466D+00 -0.704404360459D-03  0.831567554925D-03  0.146797444872D-02
 -0.475118837000D-03 -0.220033972393D-03 -0.879351319164D-03  0.100472157284D-02
 -0.173423084408D-02 -0.274104470146D-03  0.264787022180D-02  0.961564581940D-04
 -0.566192702163D-02  0.862861628076D-02 -0.568584476762D-03  0.487481154779D-03
  0.157039173731D-02 -0.100916061323D-02  0.542711156639D-04  0.988411766422D-03
 -0.544632966343D-02 -0.105618542733D-01 -0.121306004536D-01 -0.610830575535D-02
 -0.450781723811D-02  0.726473837718D-02 -0.685126640281D-04 -0.127523898949D-02
  0.624573257479D-03  0.927883345099D-03  0.954901578140D-03 -0.406837578315D-02
  0.452041667633D-02  0.146708927413D-02  0.143632677183D-02  0.755844742880D-02
 -0.946992045840D-02 -0.362175637622D-02 -0.664062030983D-02  0.105364737024D-02
  0.815046092460D-02  0.107785605829D-02  0.114032625422D-01 -0.109700734248D-02
  0.682710583769D-03 -0.109316185226D-01 -0.115283097162D-01 -0.530428954551D-02
 -0.238044812947D-02  0.185859513522D-02 -0.497901425771D-02  0.101172777108D-01
 -0.104613290588D-01 -0.139393201628D-01  0.382559571717D-01  0.288233531780D+00
 -0.417241888699D-04 -0.156431775354D-02  0.612990029381D-03 -0.131053813813D-03
 -0.410595366322D-03 -0.138708632051D-02 -0.219611048984D-02 -0.980787658852D-03
 -0.678608863361D-03 -0.333942567404D-02 -0.105181785855D-02 -0.693812303473D-03
 -0.467342439425D-02 -0.285633974446D-02 -0.273276740303D-03  0.393580766594D-03
 -0.358742533668D-02 -0.423239178179D-04  0.156702193679D-03 -0.825731050254D-03
  0.427725609826D-02  0.190054695246D-02 -0.100919335977D-03  0.534541002544D-03
 -0.263360403863D-02  0.386708978601D-03 -0.634382485415D-03  0.183397519103D-02
  0.116134798443D-02  0.137953577597D-02 -0.270765625268D-03  0.271588934447D-03
  0.673594825952D-03  0.297228694907D-03  0.145008286911D-03  0.148890415568D-02
  0.153590454569D-02  0.177528805795D-04 -0.245948663675D-03  0.326124686627D-03
  0.453188761553D-02  0.156367545562D-02 -0.352810429109D-04 -0.168321569558D-02
 -0.222669546191D-02 -0.336659849153D-03  0.124528343554D-02 -0.208080605192D-02
  0.103657223777D-02 -0.194702890371D-02 -0.536385864313D-02  0.103077630662D-02
  0.132069030390D-02 -0.113158161890D-02  0.473716118144D-03  0.207971732032D+00
 -0.161333951941D-03 -0.194099487273D-02  0.803952978816D-03  0.482039240474D-03
 -0.132352153917D-02 -0.179282722273D-02 -0.313214224122D-02 -0.145956243160D-02
 -0.546146628963D-03 -0.512343681836D-02 -0.229076291343D-02 -0.315554721878D-03
 -0.793452811479D-02 -0.233192736080D-02  0.624628882335D-03  0.109961846899D-02
 -0.320257748883D-02 -0.146437787310D-02  0.107149560360D-02 -0.426392330614D-02
  0.495350106516D-02  0.305735654495D-02  0.154259190542D-02 -0.214641823732D-02
 -0.331167385593D-02  0.597914176229D-04  0.127097497135D-04 -0.366283237840D-02
 -0.955118335308D-03  0.153242090117D-03 -0.273864198418D-02 -0.764723067628D-03
 -0.116298797103D-02 -0.482250354387D-02 -0.292658207565D-02 -0.314608594129D-02
 -0.444043054679D-02 -0.556633003289D-02 -0.414833532187D-02 -0.426227817872D-02
  0.879948806050D-02  0.569792294531D-03  0.189263637241D-02 -0.283070824033D-03
 -0.108024786831D-01  0.135350125337D-02  0.451957048951D-02 -0.813944164190D-02
  0.213198639042D-02 -0.638504166586D-02 -0.142133092645D-02  0.143605264325D-02
  0.502891468192D-03  0.259221724807D-02 -0.234817914897D-02  0.475739411678D-02
  0.215306039675D+00 -0.483511038333D-03 -0.191276357768D-03 -0.110350817471D-02
  0.134434945988D-03  0.763154764577D-03 -0.123181613393D-02 -0.434360184119D-02
 -0.114967591661D-02 -0.388054110989D-04 -0.451935291706D-03 -0.264954274911D-02
 -0.403814349185D-02 -0.359205996325D-02 -0.668333586915D-02 -0.151236517881D-03
 -0.143420507291D-02 -0.812733005131D-02  0.213550054877D-03 -0.134548079673D-02
 -0.272422256495D-02 -0.358028885856D-02 -0.179861607517D-02 -0.858748943352D-04
  0.247180352465D-02  0.618247648278D-02 -0.177979327461D-02 -0.468234299668D-03
 -0.352086648228D-02 -0.143954996077D-03  0.213127252603D-02  0.916108614494D-03
  0.172684611185D-02  0.252823831226D-02  0.507823837258D-02  0.356863350840D-02
  0.594648669327D-02  0.602235160731D-02  0.664216285250D-02  0.136165198407D-02
  0.413879519365D-02 -0.510063035858D-02 -0.871175354387D-03  0.350493215151D-02
  0.101267405120D-02 -0.346502084469D-02 -0.376697782422D-02 -0.657460643146D-03
  0.587761970136D-02 -0.776140374444D-03  0.602447318703D-02 -0.381112743010D-02
  0.252327393948D-02  0.196728961385D-02  0.272537950822D-05 -0.355656792696D-03
  0.826356305831D-02  0.199048454109D-01  0.214962727934D+00  0.168862101724D-03
  0.910057004923D-03 -0.607181161377D-03  0.441962189898D-03  0.117137708353D-03
  0.690820949793D-03  0.241614719863D-02  0.547318499893D-03  0.251783659936D-03
  0.575868781439D-03  0.987608876796D-03  0.209748696786D-02  0.469355534496D-02
  0.280040262653D-02  0.281952024209D-03 -0.233315366318D-03  0.272865653851D-02
 -0.923983506840D-04  0.422275574192D-03  0.181856580408D-02 -0.137769911553D-02
 -0.649449073491D-03  0.713753696876D-03 -0.199163962755D-02  0.106632149254D-02
  0.131384748761D-02 -0.394004276439D-03  0.751151845004D-03  0.209566688587D-02
  0.139281383196D-02 -0.227831928493D-03 -0.446232770029D-03  0.129326381759D-02
  0.839814896938D-03  0.415291926501D-03  0.214515343092D-02  0.165002867170D-02
  0.272615993763D-02  0.155534159823D-05  0.157171964395D-02  0.843043899351D-03
  0.108717871650D-02  0.268127413829D-02 -0.197202772763D-02  0.217294662768D-02
 -0.115529489548D-02  0.318802146200D-03 -0.876121692971D-03  0.646153350005D-03
  0.740548671690D-03 -0.554323894099D-04  0.146375627637D-02  0.627387108545D-04
 -0.259538502956D-02  0.260079480760D-02 -0.560222223730D-02 -0.417272125028D-02
 -0.105634612454D-01  0.202103239265D+00  0.388448842506D-03 -0.469229206249D-03
 -0.421476769427D-03  0.754496209187D-03 -0.160963584599D-02  0.600190876641D-03
  0.634669017443D-03  0.147740243300D-02 -0.564359578069D-03 -0.455031950038D-03
  0.353022680989D-04  0.598432112753D-02  0.505060579722D-02  0.469868951383D-02
  0.815044257622D-03  0.148946601971D-02  0.347542786012D-02 -0.908285220189D-03
  0.149450885115D-02  0.126031878155D-02  0.307156137400D-02  0.463001960077D-02
  0.277338149775D-02 -0.229556913657D-02 -0.308808955781D-02  0.397142873582D-03
 -0.198730578982D-02 -0.484723293653D-03 -0.328294314845D-03  0.305827024315D-03
 -0.315388627377D-03 -0.246756900643D-02  0.236591790043D-02 -0.280216846648D-02
 -0.319540987679D-02  0.242045325118D-02 -0.797420817323D-03 -0.116256192022D-02
 -0.585867680445D-02 -0.164144748465D-02  0.806465574889D-02  0.404027735777D-03
  0.673832124625D-02  0.122939289006D-01  0.217904060912D-02  0.314401533188D-02
  0.416669905730D-02 -0.336145337872D-02  0.203697237753D-02 -0.262723302424D-02
 -0.738322622224D-03  0.886066503006D-02 -0.588174095064D-03 -0.126798612516D-01
  0.824969623252D-02 -0.144678582261D-01 -0.182528831061D-01  0.399805113645D-02
  0.328417116049D-02  0.181630484465D+00 -0.547439621522D-03  0.452852497237D-04
 -0.248043895894D-03 -0.499482800888D-03 -0.301599789819D-03 -0.776714739591D-03
 -0.204487991779D-03 -0.457132816319D-03 -0.372084236754D-03 -0.484173301135D-03
  0.114858348027D-03 -0.958121675241D-03 -0.691468978938D-03  0.338765861279D-02
 -0.175351267028D-03  0.220862547541D-03  0.302730738705D-02 -0.258575675733D-03
  0.143681947091D-03 -0.643577200282D-03  0.252038182373D-03 -0.339024773088D-03
  0.141308292895D-02  0.116057675778D-02  0.167486190621D-02 -0.252550659875D-02
 -0.118490442625D-03 -0.133657926423D-01 -0.405427299656D-03  0.602591382978D-03
  0.123028597218D-02 -0.666300419661D-03  0.635058530833D-03 -0.576080216178D-03
 -0.787293049218D-03  0.136344982668D-02  0.542469401430D-03  0.285802469422D-03
 -0.332342540070D-03 -0.961707207070D-03  0.385526625303D-03  0.140973608102D-02
  0.973633939577D-03 -0.361363953888D-02 -0.478178558472D-02  0.174855355351D-02
  0.139649805584D-03  0.205605790321D-03  0.252379574997D-03 -0.186923502539D-03
  0.399816927225D-04 -0.383802997541D-02 -0.303187771823D-02  0.134574586449D-03
 -0.505500488574D-03  0.105473166277D-01 -0.195498757070D-02 -0.708580327848D-02
  0.291102455251D-02  0.330555774667D-02  0.446510254296D-01 -0.863682156860D-03
 -0.155193076714D-02  0.192409456051D-02  0.258976867303D-04  0.743039218575D-04
 -0.139779818709D-02  0.342529586437D-03  0.585139086310D-03  0.105681338117D-03
 -0.357675377398D-02 -0.813813973667D-03 -0.180473195470D-02 -0.391443039942D-02
 -0.235495939025D-03  0.249292276236D-02  0.156247045973D-02 -0.368868380666D-02
  0.164998980607D-02  0.167988156243D-02 -0.708025545624D-02 -0.353385986730D-03
 -0.332081053332D-03 -0.509626237438D-03 -0.811709146387D-02  0.472978347616D-02
 -0.310298760722D-02 -0.300539365027D-02 -0.611636769378D-03  0.513012226450D-02
  0.531060820289D-02  0.279809154254D-02 -0.459530495863D-02  0.103723003611D-01
  0.467222501532D-02 -0.124343331836D-02 -0.851156896597D-02 -0.596494079007D-02
 -0.107921171241D-01 -0.176620429567D-01 -0.255316628234D-02  0.188120937390D-01
  0.222379421221D-02  0.593534831075D-02  0.459226972005D-02  0.413771662860D-02
 -0.433429728448D-02  0.480924350658D-02  0.110570021744D-03  0.481337427237D-02
  0.392116468309D-02  0.128500447370D-01  0.358498136065D-02 -0.878738204431D-02
 -0.239041542347D-02 -0.823718273141D-02  0.860202340392D-02  0.119117039078D-01
  0.432923086178D-02  0.122002139606D-01  0.346904226120D-02 -0.580208130129D-02
  0.276884168073D+00 -0.424437611015D-03 -0.740717366652D-04  0.393854784794D-03
 -0.463963384993D-03  0.853212511711D-04  0.405323240027D-03  0.149706431571D-03
  0.148563070096D-02 -0.582787443734D-03 -0.127048763681D-02  0.705835237621D-04
 -0.234382714394D-03 -0.264691137442D-02  0.355667597012D-02  0.383145960857D-03
  0.436460276958D-03  0.234780602531D-02  0.108316734259D-02 -0.246770227289D-03
 -0.619503795450D-03  0.134164693329D-02 -0.320588165059D-03 -0.911369750087D-03
  0.598006937651D-03 -0.173509845722D-02 -0.166276588107D-02 -0.943940342346D-03
 -0.565786358539D-02 -0.314220884686D-02  0.532644873219D-02  0.224851512470D-02
 -0.114308733250D-02  0.288587352384D-02  0.164676394195D-02 -0.540278860970D-03
 -0.353711289288D-02 -0.955063203481D-03 -0.234529303682D-02 -0.392882536230D-02
 -0.417191156504D-03  0.311251679604D-02 -0.193701821066D-02  0.393504589856D-02
  0.149278663744D-02  0.177412970981D-02  0.192800000499D-02  0.201101418528D-04
  0.221402366669D-02 -0.869968852550D-03 -0.173768883220D-02 -0.613283918270D-03
  0.559238406824D-03 -0.336800245703D-02 -0.189302731600D-02 -0.145453889070D-02
  0.830911449114D-02 -0.537958042443D-02 -0.558235681205D-02  0.150131136136D-01
  0.721515565155D-02 -0.539414695617D-02  0.536475434526D-01  0.867222368133D-01
 -0.458834994010D-03  0.142488068307D-03 -0.130781641391D-02  0.241071657508D-02
 -0.125780416248D-02 -0.160648051751D-02  0.243465194565D-02 -0.155373010495D-02
  0.128373035776D-02 -0.122398330960D-02 -0.153186521320D-02  0.394672514209D-02
 -0.305096329777D-02 -0.207229174878D-03  0.305393530020D-02 -0.135686668304D-02
 -0.202069510331D-02 -0.672893369691D-03  0.290510622248D-02 -0.792261018041D-02
 -0.454158720678D-02  0.354096870507D-02  0.117366342067D-01 -0.192111833814D-01
  0.126836616244D-01 -0.499397432906D-02 -0.445002367914D-02 -0.227814762023D-03
  0.136337381331D-01  0.581989664545D-02 -0.612890940402D-02 -0.410584353992D-02
  0.772013423518D-02 -0.422448504453D-02 -0.312898257537D-02 -0.387268699482D-03
 -0.826862748958D-02 -0.333477633381D-02 -0.162988136439D-01 -0.633707371468D-02
  0.238657043970D-01  0.927120849423D-02  0.162912888837D-01  0.144858304118D-02
 -0.413092100751D-02 -0.210298531647D-02  0.967506058156D-02 -0.204487038490D-01
  0.118649632235D-01 -0.502015696056D-02  0.103297933216D-01  0.855974554519D-02
 -0.705001327716D-02 -0.353227393978D-02 -0.498255314546D-03  0.139185300558D-01
  0.141269078868D-02  0.386377009679D-02 -0.120834526887D-01  0.680167252216D-02
 -0.680812111349D-03  0.116599010853D-01  0.247972829098D-02  0.411187989763D-01
 -0.911878573722D-04 -0.141821632105D-02  0.240344803830D-02  0.472358976660D-03
 -0.415886334981D-03 -0.472984350059D-03 -0.779824459220D-03 -0.688133206652D-03
  0.689677183536D-03 -0.272691327363D-02 -0.599120060414D-03 -0.576709578292D-03
 -0.138916719878D-01  0.790718678961D-03  0.103062205987D-03  0.137604339337D-02
  0.519712822507D-03 -0.161384335837D-02  0.168950304817D-02  0.899726719255D-03
  0.113536438743D-01  0.805808357395D-02  0.138049688978D-03  0.149257230879D-02
 -0.119947415128D-01 -0.175998917065D-02 -0.191422978190D-02 -0.850234421165D-03
  0.260577157349D-02  0.466509478643D-02 -0.223083057595D-02 -0.102002131029D-02
 -0.974185484321D-02 -0.953653673186D-02 -0.911720389890D-02 -0.978252166992D-02
 -0.931529069989D-02 -0.972746186938D-02 -0.113392841340D-02 -0.116080437798D-01
  0.963801920040D-04 -0.148869584816D-01 -0.244484993500D-02 -0.114623982629D-02
 -0.170582796792D-01  0.377302587321D-02  0.987385616623D-02 -0.567330790835D-02
 -0.449603614565D-02 -0.584657896552D-02 -0.840194941823D-03 -0.616927951445D-02
  0.521126347139D-02 -0.114669575138D-02  0.105273721247D-01  0.610526817753D-02
 -0.186428164675D-02  0.108319183471D-01  0.286196120023D-02 -0.804686375558D-02
 -0.124800312344D-02  0.673068664538D-02  0.208854990156D-02  0.117479884124D-01
  0.432906896785D+00 -0.467752989537D-03  0.179439017836D-02 -0.160979299026D-02
 -0.461930543535D-03 -0.133507644013D-03 -0.262028425690D-04  0.741733307264D-03
 -0.122108870920D-02  0.119493222568D-02  0.170147958413D-02 -0.193797684394D-03
 -0.302967443935D-03  0.848036452439D-02 -0.246931526590D-02  0.522356954086D-03
 -0.380560128484D-03 -0.107689819490D-02 -0.908989395104D-03  0.187038903957D-03
 -0.175590230083D-03 -0.149181425646D-01 -0.491816607176D-02  0.204218993598D-02
  0.292629223858D-02  0.131191150619D-01  0.223022059255D-02  0.178648826084D-02
 -0.937966668387D-03 -0.292982727154D-02 -0.228275782172D-02  0.115498297776D-02
  0.636579816049D-04  0.283359930810D-02  0.124555104312D-02  0.255074733256D-02
  0.418243407509D-02 -0.629020406810D-02  0.422324140717D-03 -0.212789949110D-02
  0.328601974609D-02 -0.199865326036D-01 -0.105333913182D-02  0.108724043234D-01
 -0.160564497102D-02  0.111576426637D-01  0.433337457858D-02 -0.606873563381D-02
  0.114123388202D-01 -0.436147348001D-02  0.781626417744D-02  0.979643843463D-02
  0.607806568545D-02 -0.710750019600D-02  0.715046148984D-02 -0.986251881636D-02
  0.750954735938D-03  0.417685931248D-02 -0.522727570382D-02 -0.774062488383D-03
  0.671053199509D-02  0.403878669199D-02  0.594671208832D-02  0.882942960281D-02
  0.909418623343D-02  0.411773877220D-02  0.416094112178D+00 -0.198996010946D-03
  0.339262889524D-03 -0.983089332657D-03  0.532642971678D-03 -0.364382842184D-03
  0.816352807889D-03  0.218872546210D-04  0.840503565996D-03  0.115079392545D-03
  0.157516830061D-02 -0.918496784098D-03  0.193390704950D-02  0.704024690893D-02
  0.126088840311D-02  0.469604769158D-03 -0.595750924547D-04 -0.106080266512D-02
 -0.483304369014D-03  0.614228177230D-03  0.674909272649D-03  0.157868126141D-03
  0.404534530373D-03  0.148822918971D-02 -0.246358247313D-03  0.240567526494D-02
 -0.128615159671D-02 -0.162180057588D-02  0.872871192463D-02  0.740772337748D-02
  0.212827682619D-02 -0.322379277517D-03 -0.210806083479D-02  0.345531594399D-02
  0.161898146897D-02  0.184043177303D-02  0.357224972731D-02  0.391360966168D-02
  0.468893965355D-02 -0.472826194636D-02  0.123595047092D-02  0.684240348674D-02
  0.506970275827D-02 -0.754542386584D-03 -0.333520874575D-02  0.485884379916D-02
 -0.174120362811D-02 -0.291319491701D-02 -0.232643846344D-02  0.380696054472D-02
 -0.913408290208D-03  0.100398819744D-02  0.156054667021D-02 -0.548873036265D-02
 -0.238994265978D-02  0.868948589058D-03 -0.102760370011D-01  0.128119586383D-01
  0.126411305601D-01  0.395543975532D-02  0.453778464251D-02  0.112965326529D-01
  0.154452468347D-01  0.203560548915D-01  0.105774469358D-01  0.186015653510D-01
 -0.992712827271D-02  0.311562919813D+00  0.353586147100D-03 -0.435490244446D-04
 -0.150815669560D-02  0.289157115913D-03  0.286168243842D-04 -0.138780056245D-03
  0.422110666587D-03  0.556657558348D-03 -0.985127686590D-03 -0.132621104168D-02
  0.744956566890D-04  0.330505275056D-02  0.418712346837D-02  0.163571685213D-04
  0.337036584754D-03 -0.982798516809D-03 -0.385454303400D-03  0.127491281474D-02
 -0.874530012803D-03 -0.199216234345D-02 -0.326501997158D-02 -0.101021837803D-02
  0.205941627689D-02 -0.370347215390D-02  0.613865193737D-02  0.585109658367D-03
  0.897295964405D-03 -0.306483552973D-02 -0.257814013550D-02 -0.129997065689D-02
  0.135112553987D-02 -0.132160874865D-02  0.751852278184D-02  0.508899172041D-02
  0.296387360985D-02  0.689617149076D-02  0.548926552864D-02  0.511604966489D-02
 -0.436397739803D-02  0.473753580965D-02  0.710365697509D-02  0.718738595259D-02
  0.634842909422D-02  0.541239486048D-02  0.819620564978D-02 -0.269142936733D-02
 -0.953820463934D-03  0.627755726292D-03  0.431058682551D-02  0.349479256179D-02
 -0.150615277016D-02  0.886972067683D-02 -0.133718783552D-02 -0.948089621170D-02
  0.179256587047D-02 -0.301884795784D-04  0.771867682731D-03 -0.785410528477D-03
  0.141089333182D-02 -0.672912755207D-02  0.385052748266D-03 -0.113518435209D-01
 -0.419950885619D-02 -0.427857473306D-02 -0.189229535570D-01 -0.828556163982D-01
 -0.203642185915D-02  0.408502986361D+00 -0.258234152753D-03  0.121943641098D-02
  0.229134614651D-03  0.237604339709D-03  0.944827536964D-04 -0.203708163000D-03
  0.204089217579D-02 -0.521908931761D-03 -0.563477566937D-03  0.195517855451D-02
  0.425206034278D-03 -0.252217374633D-02  0.781845830347D-02  0.131567366592D-02
  0.539769276088D-03  0.598782427532D-03 -0.297918792123D-03  0.205184732500D-03
  0.423119276585D-03 -0.312057327077D-02 -0.793836525909D-02 -0.926513181534D-02
 -0.405653957605D-02 -0.292235815112D-02  0.629911100305D-02 -0.330144212266D-02
 -0.186655851987D-02 -0.184062897388D-02  0.339898954937D-02  0.553510895586D-02
 -0.316709298721D-02  0.222643562330D-02  0.411045843606D-02  0.229703698764D-02
  0.627646656329D-02 -0.361446739496D-02  0.670229570506D-03 -0.720410722839D-03
 -0.226342994244D-04  0.876839931815D-02  0.493206824124D-02  0.101815107623D-01
  0.220938999050D-02 -0.746580752680D-03 -0.183341499150D-02 -0.736066609774D-02
 -0.471700804051D-02 -0.213503249037D-02  0.330690190903D-02 -0.387178867344D-02
  0.545641259039D-02 -0.255008277368D-02 -0.965266140170D-02  0.221507109553D-01
 -0.271579621066D-01 -0.392274120270D-02 -0.611860441530D-02 -0.594043107782D-02
  0.384716229079D-02  0.479001475907D-02 -0.624245673084D-02 -0.717944007268D-02
 -0.102496697046D-01  0.108890770325D-01  0.647761944029D-01 -0.250708188315D-01
  0.227573752754D-01 -0.626690363705D-03  0.410208212070D+00 -0.580062841792D-03
  0.550602065181D-03 -0.358955803070D-03 -0.505883636571D-03  0.933169284462D-03
  0.316476679112D-03 -0.157929792008D-02  0.170418554444D-03  0.458204293912D-03
 -0.471268330353D-03 -0.103361402725D-02 -0.210417998666D-02  0.575748342814D-03
 -0.160011120356D-02  0.338218250431D-03 -0.727387416024D-03 -0.228323689939D-02
  0.980536261072D-03 -0.609887589968D-03 -0.150692166229D-02 -0.258541562647D-02
 -0.274210235877D-02 -0.147588563630D-02  0.458939575071D-03  0.212067832926D-02
 -0.446665103832D-03 -0.238256235538D-03  0.103890654820D-01  0.166315297415D-02
  0.305554657534D-02  0.170384183258D-02 -0.492127186755D-03  0.197927839729D-02
  0.225678164756D-02  0.219782873322D-02  0.279109246612D-02 -0.484431963183D-03
  0.108576408313D-02 -0.325786343065D-02 -0.338065744543D-03 -0.326265638387D-02
  0.142317891454D-02  0.411864167535D-03 -0.107427364011D-01  0.282862937959D-02
 -0.695777867346D-04 -0.504650678740D-02  0.219065515297D-02 -0.532403562845D-03
 -0.999891455033D-03 -0.252658516950D-02 -0.326251298799D-02 -0.646848638142D-02
  0.503806665496D-02 -0.526825286041D-02 -0.517066676033D-02  0.167327475502D-01
  0.394991291876D-02 -0.178509281167D-02  0.676416890416D-02  0.799880655536D-02
  0.192552569594D-01  0.347713895382D-02  0.109205934356D-01  0.338845698121D-01
 -0.161259953676D-01 -0.284847833389D-01  0.420943524218D-02  0.437912818099D-01
  0.226193473714D+00 -0.587215767050D-03  0.664179090161D-03 -0.481393404544D-03
  0.118592253818D-02 -0.138940710723D-02 -0.691604824590D-03  0.164551974572D-02
 -0.150563741493D-02  0.227444592228D-02 -0.188460767248D-02 -0.144385224208D-02
  0.294967119337D-02 -0.411254161732D-02 -0.110948221471D-02  0.222758828243D-02
  0.273627467146D-03 -0.135709936881D-02 -0.268251738157D-02  0.313077860689D-02
 -0.220709946099D-02 -0.517719449494D-02  0.383898655347D-02  0.775198861452D-02
 -0.137422654593D-02  0.672949242940D-02 -0.373683626284D-02 -0.462654762447D-02
  0.618586728041D-02  0.109257490513D-01  0.102504261417D-01 -0.255944987744D-02
 -0.533655221442D-02  0.123747075581D-02 -0.911946161332D-02 -0.734416018652D-02
 -0.167849304265D-02 -0.189589245977D-01 -0.854552860123D-02 -0.120905674866D-01
 -0.101265094134D-01 -0.198858036893D-02 -0.579015402567D-02  0.144043091777D-01
 -0.950772103242D-02  0.111677334599D-01  0.147432182187D-01  0.166378921235D-02
 -0.422687646803D-02  0.418810953629D-03 -0.310613228297D-02  0.112398945931D-01
  0.980008049121D-02 -0.693097617775D-02 -0.216948227248D-02  0.414675151444D-02
  0.347352253321D-05 -0.292131878402D-02  0.110303291864D-01  0.677027104778D-02
 -0.101877535863D-01 -0.965211624907D-03  0.788857485791D-02  0.786346463635D-02
  0.387399059800D-01 -0.945663485045D-02 -0.230566348733D-01  0.340630962815D-02
  0.147445043546D-01  0.233552588288D-02  0.982252209605D-02  0.274714113056D+00
 -0.218351024319D-03 -0.510093139028D-03  0.221274835930D-02 -0.322473026898D-02
  0.386830423295D-03  0.160277272706D-02 -0.346677909282D-02  0.139970377689D-02
 -0.700452052842D-03  0.750123922959D-03  0.229344582139D-02 -0.990581713385D-02
  0.336803719143D-02  0.218445374248D-02 -0.380466068441D-02  0.319683642150D-02
  0.600444575892D-03 -0.105792965782D-02 -0.213173641772D-02  0.174636588082D-01
  0.389107305707D-02 -0.138605153750D-02 -0.122708852615D-01  0.293890253602D-01
 -0.171272685929D-01  0.722349766067D-02  0.475590950760D-02  0.256785194620D-02
 -0.607831422503D-02 -0.122846328716D-01  0.760264021315D-02  0.382695376207D-02
 -0.113605470965D-01 -0.904017328864D-03  0.729748983548D-03 -0.383265373412D-02
  0.396612449185D-02 -0.150897733635D-02  0.173318622729D-01  0.565651672194D-02
 -0.423245596537D-01 -0.160964169506D-01 -0.180978250575D-01 -0.525388173904D-02
  0.121758277004D-01  0.151351059478D-01 -0.122638915940D-01  0.309264575524D-01
 -0.200538431669D-01  0.640276012377D-02 -0.219850567739D-02 -0.683400988764D-02
  0.646651962412D-02  0.453666227562D-02  0.419365525205D-02 -0.268269039300D-02
  0.428141321034D-02 -0.197264476107D-01 -0.138966912448D-01  0.178217598841D-01
  0.854926869126D-03 -0.137481723700D-01  0.212270489518D-02 -0.213390227108D-01
 -0.135195629405D-01  0.198721161925D-01 -0.195993304114D-01  0.256766114379D-01
 -0.101657483836D-01  0.863286191525D-02  0.901158043836D-01  0.151756231868D+00
 -0.601081955923D-03  0.133542961129D-02 -0.294141088556D-02  0.104897122471D-03
 -0.289149261669D-03 -0.533470886042D-03  0.667613182537D-03 -0.128513323200D-02
  0.109751593437D-02  0.709726587598D-03 -0.361136365266D-03  0.155310806313D-02
  0.930707311363D-02 -0.390374327303D-02  0.117068548411D-02 -0.109002277913D-02
 -0.295827011017D-02 -0.703478289180D-03 -0.569732041336D-05 -0.177947483693D-02
 -0.188161841151D-01 -0.377055870223D-02  0.558365959795D-02  0.602843461675D-03
  0.198353118320D-01  0.362531878062D-02  0.228898996373D-02  0.491419049487D-02
 -0.295026046517D-04 -0.641440238223D-02  0.275669188342D-02 -0.767681917219D-03
  0.753865865886D-02  0.357503386334D-02  0.272487286626D-02  0.938965327459D-02
 -0.509881824142D-02  0.307589166846D-02 -0.746044660755D-02  0.470578918733D-02
 -0.221801769523D-01 -0.209910826398D-02  0.210832153856D-01  0.802300409371D-02
  0.142701476772D-01  0.223757212599D-02 -0.268612883195D-02  0.147217207939D-01
 -0.399458469232D-02  0.134900704446D-01  0.105669503850D-01  0.142436354758D-01
 -0.837500753575D-02 -0.198889888331D-02 -0.620210856785D-02  0.412254611048D-02
  0.583922828132D-02 -0.204775966371D-02 -0.343509963142D-02  0.512881911407D-02
 -0.437810831641D-02 -0.857877973450D-04 -0.249968210736D-02 -0.657039216821D-03
  0.341373468288D-01  0.541991112100D-01 -0.239428365100D-02  0.678906034422D-01
 -0.589247830550D-02  0.612246071381D-02 -0.281881336748D-01 -0.775536082992D-02
  0.365271239406D+00 -0.303615615426D-03 -0.234358335491D-03  0.615156298376D-03
 -0.100006613608D-03 -0.714220144775D-03  0.142832804380D-02 -0.408753398634D-03
  0.229401566483D-02  0.587170638775D-03 -0.309950271118D-03  0.820438566706D-05
  0.292294309076D-02 -0.169474571543D-02  0.500273054863D-02  0.792524119772D-03
  0.190240640050D-02  0.428003218863D-02 -0.715420593228D-03  0.157460638304D-02
  0.260735212981D-02  0.758456789495D-02  0.700200496320D-02  0.948680434892D-03
  0.101431380190D-02 -0.982721781295D-02 -0.980232491856D-03 -0.115431485764D-02
  0.335667960643D-02 -0.103074560212D-02  0.328889980523D-02  0.205820858281D-02
 -0.250670074676D-02 -0.279150768258D-02 -0.486079410572D-02 -0.686870283546D-02
 -0.415095223170D-03 -0.442712538943D-02 -0.424884848643D-02 -0.446619580299D-02
 -0.820523050894D-02 -0.532745004713D-03 -0.999684193985D-02  0.313937629879D-02
  0.407820057876D-02 -0.247695645799D-02  0.730326606495D-02  0.536804937447D-02
 -0.202253978841D-03 -0.360004308440D-02 -0.349897513049D-02 -0.375464784735D-02
  0.672332125791D-03  0.112156079310D-02 -0.138055138225D-01  0.162789683394D-01
 -0.178931196071D-01 -0.160984520972D-01 -0.576823519004D-02  0.154742724764D-04
 -0.100215376104D-01  0.726651877517D-02 -0.185666259680D-01  0.428133759968D-02
 -0.698167530939D-02  0.319821729410D-01  0.350371477969D-02  0.758480124071D-01
  0.661340009262D-02  0.899741091713D-02 -0.162131231015D+00  0.220549104548D-01
 -0.862952629312D-02  0.161968303907D-01  0.270692635048D+00  0.253059324377D-03
 -0.943840289061D-03  0.746494331601D-03  0.723581578157D-03 -0.688228442353D-03
  0.108130011525D-02 -0.400257048651D-03  0.155461117910D-02  0.744134398179D-03
 -0.178242801499D-03 -0.564365526001D-03  0.270951562363D-02 -0.803402493493D-02
  0.262055408851D-02 -0.365298736091D-04  0.640305676835D-03  0.149995705984D-02
 -0.144439929548D-02  0.135790855211D-02  0.436667710048D-02  0.131259397045D-01
  0.115990260168D-01  0.365391946918D-02  0.285160826630D-02 -0.112843801065D-01
 -0.313699867262D-02 -0.190263543049D-02  0.322974094678D-03  0.546541482660D-02
  0.406856777899D-02  0.397876543594D-04 -0.361291965286D-02 -0.608000022114D-02
 -0.676475077104D-02 -0.932463476183D-02 -0.263203258488D-02 -0.268741980407D-02
 -0.227478205584D-02 -0.190299343600D-02 -0.112522023706D-01  0.491438458421D-02
 -0.122680155149D-01 -0.405935271785D-02  0.230982234202D-02 -0.293549017861D-02
  0.795302795092D-02  0.819330098147D-02 -0.420996786154D-02 -0.149208207013D-02
 -0.196835085817D-02 -0.173113468500D-02  0.908207234434D-03  0.873634875692D-02
 -0.206570800303D-01  0.285771366230D-01 -0.603577112137D-02 -0.494618204744D-02
  0.835529109004D-02  0.421440264427D-02 -0.509259558944D-02 -0.119328794818D-02
 -0.937258512464D-02 -0.674758602234D-02  0.665493015275D-03  0.363922578740D-01
 -0.621864909541D-02 -0.566332410382D-01  0.150802884869D-02 -0.442459008070D-01
  0.787306484282D-01 -0.100284533048D-01 -0.197836456524D-01  0.130268917740D-01
  0.467952732419D-01  0.346912667511D+00  0.909212039526D-04 -0.145734971347D-02
 -0.195647180111D-04  0.119622537139D-02 -0.269406653388D-03 -0.260982139597D-03
 -0.320601065233D-04  0.466502795906D-03  0.606613320430D-04  0.866584173447D-03
 -0.232937867327D-03  0.157165746545D-02 -0.295060465792D-02 -0.487687100858D-03
  0.647940501504D-03 -0.740954355400D-03  0.627738619595D-04  0.788765511263D-03
  0.327206892015D-03 -0.400002664424D-02  0.495392301564D-02  0.184658403184D-02
  0.299541178252D-02 -0.105997007529D-01 -0.541510337699D-03  0.272994994608D-02
 -0.911065565133D-03  0.190672433570D-01  0.104883031632D-01 -0.611892457131D-02
 -0.134482504877D-02  0.100848596878D-02  0.157751718506D-02  0.472379467216D-03
 -0.312760828091D-03 -0.416437755568D-03  0.332245908870D-02  0.107684737932D-02
 -0.146728988596D-02 -0.295143866282D-02  0.170711601836D-01  0.659269059924D-02
 -0.353899906294D-02  0.814332889741D-02 -0.828010657043D-02 -0.887738437975D-02
  0.721372290504D-02 -0.140166009912D-01  0.791029660853D-02 -0.427265984003D-02
 -0.451347448279D-02 -0.378081301482D-02  0.176509997425D-02 -0.310771666116D-02
  0.463406514438D-03 -0.179694341099D-02 -0.280143439007D-02  0.113162688327D-01
 -0.241125804709D-02  0.141504666180D-02 -0.374371254635D-02  0.253524246577D-02
 -0.456421210023D-02  0.376721084053D-02 -0.256480690979D-02  0.401135435590D-02
  0.167761499752D-01  0.803491300013D-02  0.189950040046D-02  0.125830861349D-02
 -0.677012373380D-01 -0.487266616150D-01 -0.923609969523D-01 -0.272851910104D-02
  0.111923255646D-01  0.708348511146D-01 -0.491625691728D-03 -0.227055247314D-02
  0.373232489443D-03 -0.458447706729D-03 -0.623294167001D-03 -0.167528671825D-02
 -0.379989469572D-02 -0.168423819305D-02 -0.473893622817D-03 -0.496315888298D-02
 -0.213056656964D-02 -0.385499372289D-03 -0.399663438000D-02 -0.227356794752D-02
  0.122759690263D-03  0.220624340384D-03 -0.238281294503D-02 -0.299963786977D-03
  0.161787402933D-04 -0.354127380192D-02  0.316798765240D-02  0.319470918755D-02
  0.189824175076D-02 -0.220273295738D-02 -0.469782289556D-04  0.515501138288D-02
  0.113673007783D-02  0.872640345324D-02 -0.655249850727D-03 -0.790652891738D-02
  0.917421582763D-03 -0.105864269766D-02 -0.147535185417D-02 -0.104377914105D-02
 -0.130914260930D-02 -0.153100864391D-02 -0.262394196976D-02 -0.429341816016D-02
 -0.790664331705D-02 -0.561452174461D-02 -0.289864650806D-03 -0.179160428847D-02
  0.124112593843D-02 -0.127330024927D-02 -0.151054907931D-01 -0.580971774052D-02
  0.334346338518D-02 -0.174911595228D-02 -0.115216326622D-02 -0.512225825711D-03
 -0.576932128284D-03 -0.534280115057D-02 -0.593450398329D-02  0.397753007965D-02
 -0.594879437082D-02  0.143528725545D-01  0.355067343605D-01  0.324924048088D-01
  0.209291305894D-02 -0.165646498273D-02 -0.497366169693D-02 -0.146903189520D-02
 -0.985281102142D-02 -0.764842525878D-02  0.763063400348D-02 -0.380054844344D-02
 -0.172999235158D+00  0.269282754250D-02  0.192365837710D-01 -0.593095153872D-01
 -0.422701922938D-02  0.388621409106D-02 -0.796003723528D-03 -0.106466792439D-02
 -0.421780004539D-01 -0.542393987789D-04  0.215559624813D+00  0.254514564506D-03
  0.340832343112D-03 -0.456541220898D-04 -0.305374122577D-03  0.644477184241D-03
 -0.779501068579D-03 -0.122251832800D-02 -0.101620177867D-02  0.304814455988D-03
  0.144612603918D-03 -0.126651548873D-03 -0.201808481416D-03 -0.365363271038D-02
 -0.211150120804D-02 -0.554713821865D-03 -0.793138382224D-03 -0.913312902268D-03
  0.368187672091D-03 -0.802459915401D-03  0.265933887420D-02 -0.175294815133D-02
 -0.122632470214D-02 -0.142805522838D-03  0.317984614380D-02  0.108621044130D-02
 -0.109043851257D-02  0.667191048624D-03 -0.263947032403D-02 -0.359773391508D-02
 -0.127010781284D-02  0.207468945894D-03  0.184548828896D-02 -0.132527922057D-02
  0.111780568673D-02  0.170465902233D-02  0.247121989660D-02  0.171961502558D-02
  0.377615134903D-02  0.558482316472D-02  0.144668953311D-02 -0.792686369601D-02
 -0.970548096938D-03 -0.112071363657D-02 -0.490886391111D-02  0.169631884419D-02
  0.254320238800D-02 -0.291319932237D-02  0.268702813693D-02 -0.174071042756D-02
  0.101871937826D-02 -0.547854201903D-02 -0.410824603257D-03  0.314470551437D-02
  0.143017203111D-02  0.126659090172D-02  0.215699163168D-01  0.477269122337D-02
 -0.118684798950D-03 -0.244789738445D-02  0.501949800403D-02 -0.591960523072D-03
 -0.281214074222D-01 -0.689042015459D-01 -0.668950963787D-02  0.105619839156D-01
 -0.629573245452D-02  0.122203706277D-02  0.314828938830D-02 -0.106487784318D-01
  0.340009833692D-01 -0.237787155926D-02  0.573241394341D-02 -0.181600123055D-02
 -0.292847998774D-01  0.162690421365D-01 -0.172254003878D-03  0.780082832363D-03
  0.227731992834D+00
$end
