$energy      SCF               SCFKIN            SCFPOT
     1 -4205.122351488      3939.902618824     -8145.024970312
     2 -4205.118228416      3938.973469357     -8144.091697773
     3 -4205.150483138      3939.110711807     -8144.261194945
     4 -4205.118790982      3923.093126046     -8128.211917028
     5 -4205.150088777      3939.371060303     -8144.521149080
     6 -4205.150399149      3938.990055378     -8144.140454527
     7 -4205.154285704      3933.869292737     -8139.023578441
     8 -4205.179300217      3932.957552058     -8138.136852276
     9 -4205.179339352      3933.030421188     -8138.209760540
    10 -4205.179339045      3933.038521429     -8138.217860474
    11 -4206.638024826      3939.005411011     -8145.643435837
    12 -4206.638356095      3938.865984488     -8145.504340583
$end
