$dipgrad          cartesian dipole gradients
  0.65610150292695D+00  0.41199682554449D-16  0.77725860822423D-17
  -.67437375128598D-16  0.65610150292690D+00  -.42586990173154D-16
  0.34248083156333D-16  0.10063831380389D-15  0.23649546180063D+01
  0.10304785326013D+01  -.68854920620549D+00  0.57573845864411D-15
  -.68854920620550D+00  0.10304785326013D+01  -.27489946083370D-15
  -.27105054312138D-17  -.12187787671453D-15  0.24550622879899D+01
  0.10304785326013D+01  0.68854920620552D+00  -.13613513528271D-15
  0.68854920620548D+00  0.10304785326013D+01  0.20057740190982D-15
  0.28386615161333D-16  -.50744049804111D-16  0.24550622879900D+01
  -.41257947271176D+00  -.25929943860801D+00  0.18881054480796D+00
  -.25929943860802D+00  -.41257947271176D+00  0.18881054480795D+00
  0.20186772499881D+00  0.20186772499882D+00  -.13638009191425D+01
  -.41257947271174D+00  -.25929943860801D+00  -.18881054480796D+00
  -.25929943860802D+00  -.41257947271174D+00  -.18881054480796D+00
  -.20186772499881D+00  -.20186772499882D+00  -.13638009191425D+01
  -.41257947271178D+00  0.25929943860801D+00  -.18881054480796D+00
  0.25929943860801D+00  -.41257947271177D+00  0.18881054480796D+00
  -.20186772499881D+00  0.20186772499881D+00  -.13638009191425D+01
  -.41257947271175D+00  0.25929943860801D+00  0.18881054480796D+00
  0.25929943860801D+00  -.41257947271176D+00  -.18881054480796D+00
  0.20186772499881D+00  -.20186772499881D+00  -.13638009191424D+01
  -.17773482321186D+00  0.88747397757515D-01  0.18712191303046D+00
  0.12450029267154D+00  -.16068586028836D+00  -.23333376869512D+00
  0.99203697669190D-01  -.12676149736085D+00  -.16441949114894D+00
  -.19931281233825D+00  0.18589162429457D+00  0.17540674927729D+00
  0.18589162429457D+00  -.19931281233826D+00  -.17540674927729D+00
  0.54560760321005D-01  -.54560760321004D-01  -.26200653848278D+00
  -.16068586028837D+00  0.12450029267154D+00  0.23333376869512D+00
  0.88747397757514D-01  -.17773482321185D+00  -.18712191303045D+00
  0.12676149736085D+00  -.99203697669191D-01  -.16441949114894D+00
  -.15719374776132D+00  0.13883958944038D+00  0.21282578588232D+00
  0.15374358872912D+00  -.16741222671828D+00  -.24763449652605D+00
  0.76166312694576D-01  -.11355618493806D+00  -.14380142343945D+00
  -.16741222671829D+00  0.15374358872912D+00  0.24763449652605D+00
  0.13883958944038D+00  -.15719374776131D+00  -.21282578588233D+00
  0.11355618493806D+00  -.76166312694579D-01  -.14380142343946D+00
  -.16068586028837D+00  0.12450029267152D+00  -.23333376869511D+00
  0.88747397757502D-01  -.17773482321185D+00  0.18712191303045D+00
  -.12676149736085D+00  0.99203697669192D-01  -.16441949114894D+00
  -.19931281233826D+00  0.18589162429457D+00  -.17540674927729D+00
  0.18589162429456D+00  -.19931281233826D+00  0.17540674927729D+00
  -.54560760321006D-01  0.54560760320997D-01  -.26200653848279D+00
  -.17773482321184D+00  0.88747397757507D-01  -.18712191303045D+00
  0.12450029267152D+00  -.16068586028836D+00  0.23333376869511D+00
  -.99203697669191D-01  0.12676149736084D+00  -.16441949114894D+00
  -.16741222671829D+00  0.15374358872911D+00  -.24763449652605D+00
  0.13883958944039D+00  -.15719374776131D+00  0.21282578588233D+00
  -.11355618493806D+00  0.76166312694580D-01  -.14380142343947D+00
  -.15719374776130D+00  0.13883958944039D+00  -.21282578588233D+00
  0.15374358872912D+00  -.16741222671830D+00  0.24763449652605D+00
  -.76166312694572D-01  0.11355618493806D+00  -.14380142343947D+00
  -.16068586028836D+00  -.12450029267154D+00  -.23333376869512D+00
  -.88747397757509D-01  -.17773482321186D+00  -.18712191303045D+00
  -.12676149736085D+00  -.99203697669188D-01  -.16441949114895D+00
  -.15719374776130D+00  -.13883958944038D+00  -.21282578588232D+00
  -.15374358872912D+00  -.16741222671829D+00  -.24763449652605D+00
  -.76166312694574D-01  -.11355618493806D+00  -.14380142343946D+00
  -.16741222671829D+00  -.15374358872912D+00  -.24763449652605D+00
  -.13883958944038D+00  -.15719374776130D+00  -.21282578588233D+00
  -.11355618493806D+00  -.76166312694584D-01  -.14380142343946D+00
  -.17773482321186D+00  -.88747397757509D-01  -.18712191303045D+00
  -.12450029267153D+00  -.16068586028835D+00  -.23333376869512D+00
  -.99203697669190D-01  -.12676149736085D+00  -.16441949114895D+00
  -.19931281233826D+00  -.18589162429456D+00  -.17540674927729D+00
  -.18589162429457D+00  -.19931281233825D+00  -.17540674927729D+00
  -.54560760321004D-01  -.54560760320999D-01  -.26200653848277D+00
  -.17773482321185D+00  -.88747397757515D-01  0.18712191303044D+00
  -.12450029267152D+00  -.16068586028836D+00  0.23333376869511D+00
  0.99203697669193D-01  0.12676149736085D+00  -.16441949114894D+00
  -.16741222671829D+00  -.15374358872912D+00  0.24763449652605D+00
  -.13883958944038D+00  -.15719374776131D+00  0.21282578588233D+00
  0.11355618493806D+00  0.76166312694577D-01  -.14380142343945D+00
  -.15719374776131D+00  -.13883958944038D+00  0.21282578588233D+00
  -.15374358872911D+00  -.16741222671830D+00  0.24763449652605D+00
  0.76166312694584D-01  0.11355618493806D+00  -.14380142343946D+00
  -.16068586028836D+00  -.12450029267152D+00  0.23333376869511D+00
  -.88747397757517D-01  -.17773482321185D+00  0.18712191303045D+00
  0.12676149736085D+00  0.99203697669191D-01  -.16441949114895D+00
  -.19931281233826D+00  -.18589162429457D+00  0.17540674927729D+00
  -.18589162429457D+00  -.19931281233826D+00  0.17540674927729D+00
  0.54560760321010D-01  0.54560760320999D-01  -.26200653848278D+00
  0.56529571619015D-01  -.10217153015850D+00  -.26378089005088D-01
  -.75364533035194D-01  0.43955512859544D-01  0.86532938152779D-01
  -.19086811411005D-03  0.68327264508695D-01  0.94751074828351D-01
  0.37407551061472D-01  -.60687016998354D-01  -.14643713410739D+00
  -.53926031211000D-01  0.10279531950547D+00  0.27167972350365D-01
  -.90657334100647D-01  0.47204914238078D-03  -.99107723885826D-02
  0.10496634593353D+00  -.50261262819446D-01  -.76065386476722D-01
  -.50261262819447D-01  0.10496634593352D+00  0.76065386476722D-01
  -.59121281547001D-01  0.59121281547000D-01  0.37988834104462D-02
  0.10279531950547D+00  -.53926031210999D-01  -.27167972350367D-01
  -.60687016998355D-01  0.37407551061473D-01  0.14643713410739D+00
  -.47204914238184D-03  0.90657334100648D-01  -.99107723885835D-02
  0.43955512859542D-01  -.75364533035193D-01  -.86532938152779D-01
  -.10217153015850D+00  0.56529571619018D-01  0.26378089005086D-01
  -.68327264508694D-01  0.19086811411011D-03  0.94751074828351D-01
  0.37407551061472D-01  -.60687016998357D-01  0.14643713410739D+00
  -.53926031211001D-01  0.10279531950547D+00  -.27167972350370D-01
  0.90657334100648D-01  -.47204914238108D-03  -.99107723885841D-02
  0.56529571619015D-01  -.10217153015849D+00  0.26378089005067D-01
  -.75364533035190D-01  0.43955512859540D-01  -.86532938152775D-01
  0.19086811411090D-03  -.68327264508699D-01  0.94751074828355D-01
  0.10496634593352D+00  -.50261262819450D-01  0.76065386476722D-01
  -.50261262819449D-01  0.10496634593352D+00  -.76065386476722D-01
  0.59121281547000D-01  -.59121281547003D-01  0.37988834104468D-02
  0.43955512859540D-01  -.75364533035194D-01  0.86532938152775D-01
  -.10217153015848D+00  0.56529571619014D-01  -.26378089005068D-01
  0.68327264508700D-01  -.19086811411084D-03  0.94751074828355D-01
  0.10279531950547D+00  -.53926031211000D-01  0.27167972350366D-01
  -.60687016998356D-01  0.37407551061477D-01  -.14643713410739D+00
  0.47204914238553D-03  -.90657334100646D-01  -.99107723885853D-02
  0.56529571619016D-01  0.10217153015849D+00  -.26378089005072D-01
  0.75364533035194D-01  0.43955512859542D-01  -.86532938152775D-01
  -.19086811411089D-03  -.68327264508698D-01  0.94751074828355D-01
  0.10496634593353D+00  0.50261262819448D-01  -.76065386476722D-01
  0.50261262819449D-01  0.10496634593353D+00  -.76065386476722D-01
  -.59121281547001D-01  -.59121281546997D-01  0.37988834104465D-02
  0.43955512859542D-01  0.75364533035195D-01  -.86532938152774D-01
  0.10217153015848D+00  0.56529571619015D-01  -.26378089005070D-01
  -.68327264508699D-01  -.19086811411085D-03  0.94751074828354D-01
  0.10279531950547D+00  0.53926031210999D-01  -.27167972350363D-01
  0.60687016998356D-01  0.37407551061468D-01  -.14643713410739D+00
  -.47204914238105D-03  -.90657334100646D-01  -.99107723885857D-02
  0.37407551061473D-01  0.60687016998359D-01  -.14643713410739D+00
  0.53926031210999D-01  0.10279531950547D+00  -.27167972350365D-01
  -.90657334100647D-01  -.47204914237822D-03  -.99107723885894D-02
  0.37407551061473D-01  0.60687016998358D-01  0.14643713410739D+00
  0.53926031211000D-01  0.10279531950546D+00  0.27167972350365D-01
  0.90657334100650D-01  0.47204914237689D-03  -.99107723885871D-02
  0.56529571619020D-01  0.10217153015850D+00  0.26378089005090D-01
  0.75364533035195D-01  0.43955512859549D-01  0.86532938152778D-01
  0.19086811411009D-03  0.68327264508694D-01  0.94751074828352D-01
  0.10496634593353D+00  0.50261262819446D-01  0.76065386476721D-01
  0.50261262819447D-01  0.10496634593353D+00  0.76065386476721D-01
  0.59121281547000D-01  0.59121281547005D-01  0.37988834104461D-02
  0.10279531950547D+00  0.53926031211005D-01  0.27167972350363D-01
  0.60687016998357D-01  0.37407551061469D-01  0.14643713410739D+00
  0.47204914238189D-03  0.90657334100650D-01  -.99107723885848D-02
  0.43955512859543D-01  0.75364533035189D-01  0.86532938152779D-01
  0.10217153015850D+00  0.56529571619015D-01  0.26378089005089D-01
  0.68327264508696D-01  0.19086811411015D-03  0.94751074828351D-01
$end
