 -----------------------------------------------------------------------------------------------
 |    Exc.   | energy (Eh) | energy (eV) | energy (cm-1) | energy (nm) | Osc.(vel) | Osc.(len) |
 -----------------------------------------------------------------------------------------------
 |    14 a   |    0.028525 |     0.77620 |      6260.454 |    1597.328 |   0.00592 |   0.02357 |
 |    21 a   |    0.078479 |     2.13553 |     17224.231 |     580.577 |   0.00385 |   0.00715 |
 |    23 a   |    0.081924 |     2.22926 |     17980.207 |     556.167 |   0.07386 |   0.01697 |
 |    28 a   |    0.084529 |     2.30014 |     18551.871 |     539.029 |   0.01463 |   0.00267 |
 |    47 a   |    0.101239 |     2.75487 |     22219.491 |     450.055 |   0.00096 |   0.00129 |
 |    48 a   |    0.101248 |     2.75511 |     22221.442 |     450.016 |   0.00095 |   0.00127 |
 |    49 a   |    0.101770 |     2.76930 |     22335.917 |     447.709 |   0.15147 |   0.15102 |
 |    50 a   |    0.107310 |     2.92004 |     23551.729 |     424.597 |   0.00114 |   0.00172 |
 |    51 a   |    0.107314 |     2.92017 |     23552.740 |     424.579 |   0.00114 |   0.00172 |
 |    56 a   |    0.111120 |     3.02373 |     24388.062 |     410.037 |   0.00628 |   0.00398 |
 |    57 a   |    0.111129 |     3.02397 |     24389.937 |     410.005 |   0.00627 |   0.00398 |
 |    62 a   |    0.114844 |     3.12505 |     25205.255 |     396.743 |   0.02958 |   0.01922 |
 |    63 a   |    0.115285 |     3.13706 |     25302.056 |     395.225 |   0.00039 |   0.00159 |
 |    64 a   |    0.115286 |     3.13708 |     25302.296 |     395.221 |   0.00040 |   0.00160 |
 |    70 a   |    0.118652 |     3.22868 |     26041.043 |     384.009 |   0.00441 |   0.00170 |
 |    71 a   |    0.118663 |     3.22898 |     26043.474 |     383.973 |   0.00439 |   0.00169 |
 |    72 a   |    0.119359 |     3.24793 |     26196.356 |     381.732 |   0.00276 |   0.00254 |
 |    73 a   |    0.119363 |     3.24804 |     26197.191 |     381.720 |   0.00278 |   0.00255 |
 |    84 a   |    0.124756 |     3.39479 |     27380.801 |     365.219 |   0.00110 |   0.00330 |
 |    85 a   |    0.124758 |     3.39483 |     27381.153 |     365.215 |   0.00110 |   0.00331 |
 |    92 a   |    0.129173 |     3.51497 |     28350.142 |     352.732 |   0.00834 |   0.00335 |
 |    96 a   |    0.129529 |     3.52467 |     28428.416 |     351.761 |   0.00287 |   0.00163 |
 |    97 a   |    0.129542 |     3.52503 |     28431.291 |     351.725 |   0.00287 |   0.00163 |
 -----------------------------------------------------------------------------------------------
