# Excitation spectrum ; written at 2020-07-25 14:01:07
#     Exc.     energy (Eh)   energy (eV)   energy (cm-1)   energy (nm)     Osc.(vel)      Osc.(len) 
       1 a        0.012811       0.34860        2811.678      3556.595     0.00000000     0.00000000
       2 a        0.013303       0.36200        2919.729      3424.975     0.00123057     0.00000007
       3 a        0.013314       0.36228        2922.011      3422.300     0.00123370     0.00000007
       4 a        0.014602       0.39734        3204.798      3120.321     0.00000000     0.00000000
       5 a        0.014888       0.40513        3267.626      3060.326     0.00152859     0.00001810
       6 a        0.014897       0.40537        3269.566      3058.510     0.00153132     0.00001812
       7 a        0.016400       0.44626        3599.346      2778.282     0.00051398     0.00014703
       8 a        0.016500       0.44900        3621.439      2761.333     0.00000079     0.00000022
       9 a        0.017084       0.46489        3749.577      2666.968     0.00144518     0.00000060
      10 a        0.017094       0.46514        3751.593      2665.534     0.00144450     0.00000060
      11 a        0.017884       0.48665        3925.077      2547.721     0.00143523     0.00001013
      12 a        0.017896       0.48698        3927.743      2545.991     0.00143443     0.00001012
      13 a        0.019377       0.52728        4252.815      2351.384     0.00000000     0.00000000
      14 a        0.028525       0.77620        6260.454      1597.328     0.00592122     0.02356625
      15 a        0.052581       1.43081       11540.221       866.535     0.00000001     0.00000000
      16 a        0.056689       1.54259       12441.832       803.740     0.01036840     0.00000223
      17 a        0.057344       1.56040       12585.512       794.564     0.00788626     0.00109279
      18 a        0.057355       1.56070       12587.901       794.414     0.00788327     0.00109119
      19 a        0.067385       1.83364       14789.271       676.166     0.00000000     0.00000000
      20 a        0.072697       1.97819       15955.154       626.757     0.00000000     0.00000000
      21 a        0.078479       2.13553       17224.231       580.577     0.00385325     0.00715389
      22 a        0.080232       2.18324       17608.997       567.892     0.00000017     0.00000005
      23 a        0.081924       2.22926       17980.207       556.167     0.07386200     0.01697353
      24 a        0.082019       2.23184       18001.018       555.524     0.00219050     0.00000014
      25 a        0.082023       2.23195       18001.887       555.497     0.00219237     0.00000014
      26 a        0.083400       2.26943       18304.218       546.322     0.00202196     0.00023693
      27 a        0.083404       2.26955       18305.120       546.295     0.00201969     0.00023646
      28 a        0.084529       2.30014       18551.871       539.029     0.01462913     0.00267468
      29 a        0.084880       2.30969       18628.909       536.800     0.00000016     0.00000003
      30 a        0.086954       2.36614       19084.205       523.994     0.00000000     0.00000000
      31 a        0.088958       2.42067       19524.051       512.189     0.00000000     0.00000000
      32 a        0.089697       2.44079       19686.283       507.968     0.00024465     0.00008794
      33 a        0.089725       2.44155       19692.409       507.810     0.00024279     0.00008659
      34 a        0.093496       2.54416       20520.071       487.328     0.00088222     0.00097782
      35 a        0.093512       2.54460       20523.599       487.244     0.00088079     0.00097657
      36 a        0.095295       2.59310       20914.737       478.132     0.00112798     0.00052731
      37 a        0.095312       2.59358       20918.596       478.044     0.00112144     0.00052253
      38 a        0.095406       2.59612       20939.143       477.574     0.00000000     0.00000000
      39 a        0.097941       2.66512       21495.671       465.210     0.00000022     0.00000001
      40 a        0.098035       2.66766       21516.111       464.768     0.00692504     0.00036854
      41 a        0.098035       2.66766       21516.141       464.767     0.00693467     0.00036819
      42 a        0.098210       2.67242       21554.527       463.940     0.00000007     0.00000000
      43 a        0.098664       2.68478       21654.211       461.804     0.00025910     0.00000000
      44 a        0.098668       2.68488       21655.017       461.787     0.00027579     0.00000002
      45 a        0.100583       2.73701       22075.496       452.991     0.00015564     0.00018590
      46 a        0.100590       2.73719       22076.915       452.962     0.00013932     0.00016333
      47 a        0.101239       2.75487       22219.491       450.055     0.00096392     0.00129041
      48 a        0.101248       2.75511       22221.442       450.016     0.00094979     0.00126763
      49 a        0.101770       2.76930       22335.917       447.709     0.15147045     0.15102253
      50 a        0.107310       2.92004       23551.729       424.597     0.00114465     0.00171953
      51 a        0.107314       2.92017       23552.740       424.579     0.00114432     0.00171971
      52 a        0.108665       2.95692       23849.162       419.302     0.00058233     0.00007260
      53 a        0.108668       2.95699       23849.762       419.291     0.00062214     0.00007307
      54 a        0.108991       2.96580       23920.801       418.046     0.00248396     0.00000941
      55 a        0.108998       2.96598       23922.243       418.021     0.00251778     0.00000881
      56 a        0.111120       3.02373       24388.062       410.037     0.00627674     0.00397964
      57 a        0.111129       3.02397       24389.937       410.005     0.00626593     0.00398031
      58 a        0.113407       3.08595       24889.863       401.770     0.00000002     0.00000002
      59 a        0.113778       3.09605       24971.346       400.459     0.00047456     0.00005013
      60 a        0.113793       3.09646       24974.663       400.406     0.00046621     0.00005260
      61 a        0.114737       3.12215       25181.844       397.112     0.00023484     0.00015219
      62 a        0.114844       3.12505       25205.255       396.743     0.02958412     0.01922412
      63 a        0.115285       3.13706       25302.056       395.225     0.00039474     0.00159069
      64 a        0.115286       3.13708       25302.296       395.221     0.00040309     0.00160013
      65 a        0.116307       3.16489       25526.527       391.749     0.00000000     0.00000000
      66 a        0.117231       3.19002       25729.235       388.663     0.00000000     0.00000000
      67 a        0.117577       3.19945       25805.267       387.518     0.00000000     0.00000000
      68 a        0.118080       3.21312       25915.533       385.869     0.00121892     0.00042116
      69 a        0.118083       3.21320       25916.240       385.858     0.00123736     0.00042855
      70 a        0.118652       3.22868       26041.043       384.009     0.00440613     0.00170326
      71 a        0.118663       3.22898       26043.474       383.973     0.00439463     0.00169402
      72 a        0.119359       3.24793       26196.356       381.732     0.00276333     0.00254359
      73 a        0.119363       3.24804       26197.191       381.720     0.00278464     0.00255224
      74 a        0.119389       3.24874       26202.822       381.638     0.00000003     0.00000005
      75 a        0.119645       3.25572       26259.119       380.820     0.00050079     0.00034963
      76 a        0.120511       3.27926       26449.046       378.085     0.00000000     0.00000000
      77 a        0.121598       3.30884       26687.589       374.706     0.00000003     0.00000003
      78 a        0.122245       3.32646       26829.735       372.721     0.00031013     0.00008246
      79 a        0.122254       3.32671       26831.749       372.693     0.00030849     0.00008103
      80 a        0.123197       3.35236       27038.606       369.842     0.00012704     0.00031006
      81 a        0.123933       3.37239       27200.151       367.645     0.00000000     0.00000000
      82 a        0.124535       3.38876       27332.185       365.869     0.00006226     0.00005273
      83 a        0.124652       3.39195       27357.919       365.525     0.00000018     0.00000046
      84 a        0.124756       3.39479       27380.801       365.219     0.00109976     0.00330400
      85 a        0.124758       3.39483       27381.153       365.215     0.00109604     0.00330831
      86 a        0.125322       3.41017       27504.910       363.571     0.00000000     0.00000001
      87 a        0.126257       3.43562       27710.149       360.879     0.00000003     0.00000003
      88 a        0.127064       3.45759       27887.378       358.585     0.00017554     0.00000003
      89 a        0.127073       3.45784       27889.364       358.560     0.00017571     0.00000003
      90 a        0.128711       3.50240       28248.747       353.998     0.00005956     0.00000400
      91 a        0.128714       3.50249       28249.501       353.989     0.00006628     0.00000589
      92 a        0.129173       3.51497       28350.142       352.732     0.00834119     0.00335411
      93 a        0.129219       3.51622       28360.197       352.607     0.00209011     0.00088380
      94 a        0.129362       3.52013       28391.781       352.215     0.00000004     0.00000001
      95 a        0.129429       3.52194       28406.367       352.034     0.00000236     0.00000096
      96 a        0.129529       3.52467       28428.416       351.761     0.00287225     0.00162985
      97 a        0.129542       3.52503       28431.291       351.725     0.00287454     0.00162742
      98 a        0.129659       3.52821       28456.896       351.409     0.00060878     0.00000339
      99 a        0.129667       3.52843       28458.714       351.386     0.00060377     0.00000367
     100 a        0.129781       3.53151       28483.579       351.079     0.00000002     0.00000002
