# Electronic transition moments of , IRREP a   electric dipole (length) / electric dipole (velocity) / magnetic dipole
 -.87728004191468E-04   -.30575057604537E-04   -.34241848037134E-04   -.85248961661996E-07   -.29262201057628E-06   -.37256897061698E-05   0.41140058591368E-06   -.18102983416000E-06   0.80915567798022E-05
 0.17858720056546E+00   -.17856620628073E+00   -.13966441942466E-03   -.20441594632117E-04   0.24089309776265E-05   0.45404048909543E-05
 0.26327286092630E+00   0.26351305050852E+00   -.82202030788696E-05   0.20367416989642E-02   0.20373888128937E-02   0.15746816243869E-05   -.22503207302317E-02   0.22521097187148E-02   -.32592150161308E-06
 0.23023183338461E-04   -.23867725608636E-04   -.61873858624877E-06   0.26504377007502E-06   0.12254442414678E-01   0.12261427620971E-01
 -.26371873883061E+00   0.26353097150334E+00   -.55700731326487E-05   -.20086343980631E-02   0.20070479998322E-02   0.35178944233942E-05   0.22522234968709E-02   0.22503344394315E-02   -.13199236759598E-06
 -.51178908404438E-05   0.27864690020788E-05   0.40156365517247E-05   0.22081235308510E-06   0.12251323524220E-01   -.12276229303954E-01
 0.19538232074491E-05   0.15098262114435E-04   0.11229397284084E-04   0.11587923829129E-06   0.22701140090345E-06   -.64269183683538E-05   0.90844758087003E-07   -.72777084915971E-07   -.47075497160481E-02
 0.76595968621402E-03   -.75456668638596E-03   -.24593028616274E-04   0.53123729145797E-05   0.10643842368252E-04   -.34027386325008E-05
 0.27765708949104E+00   -.27732855812300E+00   0.80963628103420E-04   -.30208049136506E-01   0.30175940253321E-01   -.29056060712976E-04   0.94706008166487E-03   0.94614593206586E-03   0.15981641256371E-06
 -.60487677527328E-05   -.11324836732839E-04   0.59689135035473E-04   -.18068537502599E-04   0.25815577608283E+00   -.25843814116511E+00
 -.27750902249724E+00   -.27780820265962E+00   0.77415862358372E-04   0.30184867385108E-01   0.30217111085219E-01   -.26924693464144E-04   -.94495063287054E-03   0.94612932258350E-03   0.15243529913092E-06
 0.11311755908491E-04   0.10341440640638E-04   -.59604406451503E-04   -.19467397001653E-04   0.25847088969084E+00   0.25818852886445E+00
 0.85476746228445E-07   -.38174729805116E-04   0.21682058535515E+00   0.39913709460619E-06   -.77542923375131E-06   -.11596677931001E+00   0.64780644394908E-07   0.12022832727607E-06   0.83166880702125E-07
 -.13943941788107E-02   -.13888783458599E-02   -.93814503151945E-02   0.13432126090579E+00   -.22983971300941E-04   0.42933844511568E-05
 0.56030295882373E-04   0.57387572464822E-05   -.84781269193364E-02   -.50284874223170E-06   0.23320737128249E-06   0.45199142015028E-02   0.15437867149796E-06   0.71286698295840E-07   0.81454492525702E-07
 -.35679585154800E-01   -.35675406112302E-01   -.24306697885035E+00   -.50599258147218E-02   0.11659728418235E-05   -.43954858498951E-05
 0.25188604973112E+00   0.25187330705289E+00   -.67706271287693E-05   0.51172181132844E-02   0.51195300805204E-02   0.18401381592104E-05   0.38003103783815E-03   -.38018581198762E-03   0.47774339902817E-06
 0.13983373153869E-04   -.71311941549125E-05   -.96144224874596E-05   -.30891982335445E-05   -.69985937857282E-01   -.70002606331953E-01
 -.25173335990037E+00   0.25177067278334E+00   -.42533186880214E-05   -.51238866925693E-02   0.51228654621806E-02   0.30675775707498E-06   -.38017285977527E-03   -.37987315500078E-03   0.42954079539386E-06
 -.98130007399418E-05   0.14185199234638E-04   -.81871303959840E-05   0.22096070650303E-05   -.70004253127508E-01   0.69999461484884E-01
 -.24531765873325E+00   0.24535196421366E+00   0.30027923545300E-05   0.20606361673148E-01   -.20606697824302E-01   0.47759025154211E-05   0.22195408956756E-02   0.22196954126856E-02   0.40932352173330E-08
 -.39121755032205E-05   -.14501489678036E-05   -.15768882397307E-04   0.47219805701304E-05   -.73961167983158E-01   0.73962549143291E-01
 -.24521058219034E+00   -.24515641182188E+00   0.31650114622399E-06   0.20594100626633E-01   0.20592143066922E-01   0.62400844322838E-06   0.22202427443547E-02   -.22200956755684E-02   -.21967431707893E-07
 0.42436588607337E-05   -.13233349352867E-04   -.26198841835929E-04   -.50504365505495E-05   0.73945412194428E-01   0.73976903104176E-01
 -.66747619874224E-05   -.14932294792201E-05   0.15683832402616E-04   0.14947791256179E-05   0.15969842678829E-06   -.14224823335494E-04   0.69873691072350E-07   0.22572692613794E-08   -.36924879530836E-05
 -.48473767518587E+00   0.48471001333539E+00   0.21500658322583E-03   0.27525429278551E-04   -.17761691244724E-05   -.99150842838198E-05
 -.37502913233370E-05   0.20666876163553E-04   -.55800798524473E+00   -.13651397812328E-05   -.93458488513280E-05   -.11132178784947E+01   0.14586831225504E-08   -.52126512831525E-07   0.10393419984577E-06
 -.25389034787436E-03   -.23360614269712E-03   -.58420176670406E-03   -.37326146802335E-01   -.10141202215393E-03   0.61283403314434E-04
 0.33985600834955E-05   -.55467680591126E-05   0.38971351766555E-03   0.14630646112014E-04   -.12983768286136E-05   0.71715355459699E-04   -.52433442151838E-08   0.87226838099292E-08   0.20834831896800E-07
 -.87639402804711E-01   -.87694432016503E-01   -.14098847191779E+01   -.38301705751194E-03   -.10397283295267E-04   0.17715453965096E-03
 -.81928690749897E-05   0.12469472753240E-03   -.52378315166845E+00   -.24731675217236E-05   0.31733119134939E-04   0.76731266842401E-02   -.32997484912085E-07   -.42337198453214E-06   -.17371659247689E-07
 -.54868453128939E-04   -.58619535003135E-04   -.79434900061189E-03   0.68510255028050E+00   -.35422358004307E-03   0.30756283668573E-04
 -.34687792762332E+00   0.29319717651351E+00   0.11957237684171E-03   -.12912494320762E+00   0.10914249048835E+00   0.16797840910002E-05   -.11043592354599E-02   -.93355326544433E-03   -.13292611584422E-07
 0.11135152436301E-05   0.52633248223607E-05   0.96099969786582E-04   -.16043550887038E-03   -.31866268228444E+00   0.37693230076920E+00
 0.29314644197424E+00   0.34675141744987E+00   0.12263674761395E-03   0.10906514612800E+00   0.12900665543260E+00   0.14511301402554E-05   0.93364306540727E-03   -.11045097390567E-02   -.13218290261603E-07
 -.10297442081244E-04   -.50074326678764E-05   -.61379861207867E-04   -.16094806379437E-03   -.37673930763745E+00   -.31840251545056E+00
 0.19873496712909E-05   0.80175500399286E-05   0.51582171563759E-04   -.54041949200147E-07   -.15277973252135E-05   0.21358478154372E-04   0.19031902464006E-07   -.46483862781150E-07   -.73009816834017E-03
 0.13203841296004E-03   -.12034707707688E-03   0.69335559339145E-04   -.20482124738500E-04   0.24439681363569E-05   0.10939873624389E-05
 0.99668842610724E-05   0.83645590622081E-06   -.13557071950002E-04   -.24478204774261E-05   -.99157493830848E-06   -.64468909441830E-05   0.59285855806489E-07   -.19241617932702E-07   0.85083436214241E-06
 0.10722067054197E+00   -.10720325916024E+00   -.56594968964480E-04   -.16950746481555E-04   -.26208351265884E-05   0.14062684990666E-05
 0.21312242862189E-06   -.59058653951884E-05   0.27138218354248E+00   0.11245622829139E-05   -.89616692653398E-05   0.36977623071691E+00   0.10057724900963E-07   0.44966731725633E-08   0.27887321184436E-07
 0.13223941642686E-03   0.86411493671318E-04   0.26331581703844E-02   -.11566535515286E+00   -.11863994592429E-03   -.27940527910572E-05
 0.15372018945230E-04   0.13793179183358E-06   -.17647760572660E-02   0.25133167011918E-05   -.64988043588855E-06   -.94719023520177E-03   -.19034487045582E-07   0.14284959529254E-07   0.81255682041793E-08
 -.20677663734878E+00   -.20667952996868E+00   0.34656442375983E+01   -.14407814157316E-02   0.15508345744843E-04   0.58371381533277E-04
 0.11211399789519E-04   0.15003448141370E-03   0.11629230304462E+01   0.32830471151025E-05   -.84675345283635E-05   0.55747643662487E+00   0.13687441906769E-07   0.29960713743663E-06   0.43915364276064E-07
 -.29449545150141E-03   -.30373399223262E-03   0.47433217377904E-02   0.91923541504089E+00   -.30317218727345E-04   -.17292538861668E-04
 0.14152485228285E+00   0.14153290707068E+00   -.44958100594908E-03   -.11090527463857E-02   -.11097652560298E-02   -.21591191999729E-03   -.33016168205816E-04   0.32987472097963E-04   -.97660394626174E-07
 0.15800329223047E-04   -.23293734426694E-04   0.29196305965383E-04   -.35585827126122E-03   -.89442161576251E-02   -.89478731200572E-02
 0.14159363562752E+00   -.14157813827033E+00   0.36103253710691E-03   -.11212927489027E-02   0.11194062401403E-02   0.17265373579147E-03   -.33348456061246E-04   -.33284263409780E-04   0.10058990141962E-06
 0.13218953397583E-04   -.20172729695929E-04   0.47803385738690E-04   0.28739363366323E-03   0.90775873028518E-02   -.90816354851022E-02
 0.13812282861389E+00   -.13148439534980E+00   -.11235910894557E-03   -.47282147754531E-01   0.45008655603139E-01   -.23189582608661E-04   -.10337296859428E-02   -.98401868160925E-03   -.13258593339286E-07
 -.18635295598117E-04   -.25764187206276E-04   0.35563054440386E-03   -.21914264413065E-04   0.23160077579680E+00   -.24328765484580E+00
 0.13139967392804E+00   0.13804931270943E+00   0.94644282664987E-04   -.44962763638600E-01   -.47233087907221E-01   0.18748802475418E-04   -.98359679850404E-03   0.10333165920979E-02   0.19886454691531E-07
 -.21252624241173E-04   -.13368307734057E-04   0.28498797098824E-03   0.14361010123789E-04   -.24315061800457E+00   -.23145599511740E+00
 0.14206673478538E-04   -.14827041756260E-03   0.50951060698162E+00   -.32813271183393E-05   0.36157623128696E-04   0.21786119322265E+00   -.94597960674276E-07   -.99328647073296E-06   0.14348261081065E-07
 0.11991251997657E-03   0.11073691489243E-03   -.57199469204809E-02   0.33692951327005E+00   0.17412369203592E-03   -.28890856709556E-04
 -.13267574755111E-03   0.13902273083800E-04   0.16795711560213E-02   0.27992955321960E-04   -.28070824853117E-05   0.73685890466720E-03   0.86273903284718E-06   0.64653669932624E-07   -.99829664274121E-08
 -.17344910308716E-01   -.17285950228010E-01   0.13320661771258E+01   0.11891369429225E-02   -.12869683416507E-04   0.13948805274276E-03
 -.15330885958390E-04   -.35204265047019E-05   0.72262974031242E-05   -.12372529125947E-04   -.29965330639994E-05   0.27909888649183E-05   -.11939609502395E-06   0.26350938803258E-07   0.18734393328458E-05
 0.29386989999404E+00   -.29388480301932E+00   -.64606727014269E-04   -.12220708434833E-04   0.17470567923088E-04   0.98356121960546E-04
 -.58251576109840E-05   -.28663261020781E-04   -.55516485135390E-04   -.45245017419628E-05   -.23966509245407E-04   -.39556929517690E-04   -.77940316294462E-07   0.37895533294689E-06   0.25817912263764E-02
 0.17487767545896E-03   -.17070051237472E-03   0.89258202747574E-04   0.30741953462206E-05   0.12763354375530E-03   0.25130085210538E-04
 0.46087541575302E-01   -.44352511936630E-01   -.18662852364246E-04   0.27637801351411E-01   -.26584462868367E-01   -.19541641424651E-04   -.48986421126177E-03   -.47151771195371E-03   0.15010113791097E-06
 0.24421659961447E-04   -.12360010220079E-04   0.98531290243877E-04   -.27368265593945E-04   0.14967106720822E+00   -.15535079105693E+00
 0.44184254811051E-01   0.45898012050635E-01   0.89518736489248E-05   0.26389345672261E-01   0.27408092781609E-01   0.96798423442749E-05   -.47233901171411E-03   0.49074654805323E-03   -.18941981089870E-06
 0.33429732343137E-04   -.37655032815882E-04   0.91735456349252E-04   0.19266321568464E-04   -.15589956650177E+00   -.15000871566047E+00
 0.84217026780604E-01   0.84031439306320E-01   -.31240024069297E-04   0.88651074331444E-01   0.88478863359612E-01   -.21612114786306E-04   0.94293151060826E-04   -.94182622394998E-04   0.92459245067010E-07
 0.49772951679806E-04   -.38687279781505E-04   -.16422930118495E-03   -.33562116494581E-04   0.21609156742717E+00   0.21660369632064E+00
 -.83985216052148E-01   0.84112832458035E-01   -.51115207653540E-04   -.88428645508281E-01   0.88572816369859E-01   -.31383673365767E-04   -.94733013316170E-04   -.94885263416318E-04   0.79770096969991E-07
 -.15783751334111E-04   0.15916920931603E-04   0.22942714286999E-03   -.68669757740697E-04   0.21726470723763E+00   -.21696718826570E+00
 -.93630776883329E-01   -.94807419511635E-01   0.12210628792385E-05   -.64011045592169E-01   -.64828469790018E-01   0.12688517943447E-04   0.19719136245307E-03   -.19934651886498E-03   -.55857686389579E-07
 -.37335538606558E-03   0.38366802309722E-03   -.21072877893496E-04   0.37352228988921E-04   -.12980548039351E+00   -.12842744484725E+00
 -.94480033972695E-01   0.93394449724247E-01   0.92561343250245E-05   -.64486965555254E-01   0.63756292497598E-01   -.10119039842536E-04   0.19970846826760E-03   0.19737284049779E-03   0.47214709397543E-07
 -.25316868483012E-03   0.30626495921986E-03   -.89683934242216E-04   -.88021554103452E-04   0.12833450495532E+00   -.12993572806379E+00
 -.15241895292758E-03   -.23070991190546E-04   0.64469427048822E-04   -.10320637391761E-03   -.16664352781406E-04   0.60876343691954E-04   -.47041090302583E-06   0.99187179440276E-07   0.12193971730860E-05
 0.76500444496464E+00   -.76504264100697E+00   -.70113841415397E-04   -.23385104201499E-04   0.47497680031486E-04   0.25915127217848E-03
 -.22209068185184E-04   0.18465940572674E-02   -.14996896858842E-06   0.50161683160662E-05   -.44180901008003E-03   -.47399702767557E-05   -.10639767901369E-06   -.80678511425310E-05   -.12293680868457E-02
 0.24123930325445E-02   -.24140059754470E-02   -.20128460023705E-04   0.18872736228450E-04   0.83457723733400E-03   -.86803969843940E-05
 -.26117095355479E+00   -.19428798465169E+00   -.11845769969325E-05   0.60244188646918E-01   0.44828264781151E-01   -.35823412443113E-05   -.10983135523813E-02   0.81870488615838E-03   -.41736096271890E-05
 -.55027024857789E-03   0.54685121282798E-03   0.80100370468973E-04   0.60707491018216E-05   -.80869665558503E-01   -.10827790756712E+00
 0.19448897640326E+00   -.26130297550744E+00   -.20058648148310E-05   -.44800768873452E-01   0.60220006933036E-01   -.58937445153778E-05   0.81203097161444E-03   0.10933430899827E-02   -.56975968487998E-05
 0.47249310462157E-03   -.46381228355047E-03   -.48340514235838E-04   0.11480446433974E-05   -.10735373930983E+00   0.79578583118993E-01
 0.10077240364763E-02   -.45366335024444E-04   -.25616321979943E-04   -.20743590628251E-03   0.11655877369480E-04   -.23003517868003E-04   0.36978284126246E-05   0.15892536345341E-06   -.11711293132047E-04
 -.23716906025761E+00   0.23714277671346E+00   0.13987595744142E-03   -.34036919810774E-05   -.15278403505589E-04   0.25744019606385E-03
 0.44061734338441E-01   -.44695788766928E-01   0.41304866674755E-04   -.12639471285265E-03   0.12558012315862E-03   0.33043430743123E-04   -.68299313193357E-03   -.69249216817889E-03   0.22544055818773E-06
 0.63265476306776E-04   -.72665528621860E-04   -.16203620756066E-03   0.44553512182884E-04   0.18519248908044E+00   -.18263856824169E+00
 -.46077624695525E-01   -.45492196280056E-01   0.34026712503856E-04   0.42588591494171E-03   0.41000629008210E-03   0.26033806335808E-04   0.68771514037908E-03   -.67810890799803E-03   0.16277819371746E-06
 -.65537801142970E-04   0.67659502146250E-04   0.15845411984492E-03   0.35370675899885E-04   0.18218685144782E+00   0.18472122614237E+00
 0.34733977063390E-01   -.33384453735806E-01   -.26828766144872E-03   0.37960553576878E-01   -.36485596552116E-01   -.26570304062111E-03   -.15358582637498E-02   -.14797087730696E-02   -.11533534131212E-06
 -.27807660119832E-04   0.10977615309835E-04   0.54685658486316E-04   0.32262324342223E-05   -.26682298398629E-01   0.28078502709102E-01
 0.31593587653732E-01   0.32853001373434E-01   0.17601145513724E-03   0.34200945492696E-01   0.35579239470646E-01   0.17413245798914E-03   -.14739137085606E-02   0.15298332450880E-02   0.21560917129009E-06
 0.43342689426865E-05   -.20930308338883E-04   0.60547586220213E-04   0.19375108826553E-04   0.35756229336567E-01   0.35067124331613E-01
 0.83579393123884E-01   0.85416807410566E-01   0.43043419558600E-03   0.96699417569114E-01   0.98833926326845E-01   0.43137585614389E-03   -.18336902813808E-03   0.18876894997560E-03   0.17301856038988E-06
 0.44880372620666E-04   -.39695211915296E-04   0.21847386894845E-04   0.67498944677758E-04   -.31034958679249E+00   -.30365374909423E+00
 -.84824601143524E-01   0.82919012066783E-01   0.62111124013944E-03   -.97991783468903E-01   0.95797799644527E-01   0.62342248699041E-03   0.15245257152303E-03   0.14822054664141E-03   0.76749873482722E-07
 -.64031913956805E-04   0.31585771075327E-04   0.47048775982950E-04   0.11308250945355E-03   -.30457876894831E+00   0.31105092574354E+00
 -.31959414373762E-04   0.19198569867396E-03   -.14941694452127E+01   -.35665527911171E-04   0.21027840224895E-03   -.14919586055596E+01   0.74378581826891E-07   0.63890387290884E-06   -.31784291594158E-06
 -.61026065230522E-03   -.56780971435325E-03   -.46792642660891E-02   -.16731431225231E+00   0.12775391290419E-02   -.11533588030576E-03
 -.96333923171953E-01   0.81973956690509E-01   0.53733884840311E-03   -.11807298575693E+00   0.10047148718293E+00   0.50587577958429E-03   -.82124256402482E-04   -.69836614966758E-04   0.76171363892148E-08
 0.24672710308396E-03   0.27595923571253E-03   0.33043874377300E-02   -.14908916325237E-03   0.12516633408299E+01   -.14717543880467E+01
 -.81924276060321E-01   -.96348705968074E-01   -.44558410916004E-03   -.10043421731058E+00   -.11811117558822E+00   -.42207424005005E-03   -.71078275359464E-04   0.82972282172479E-04   -.16904069444938E-07
 0.13413158088051E-03   0.18686090590248E-03   0.19444819759256E-02   0.14993736923932E-03   -.14721291789067E+01   -.12521625762382E+01
 0.54392335435223E-01   0.71273190901449E-01   0.40977967136596E-05   0.19350864620232E-01   0.25054234410605E-01   0.56465998483225E-05   -.16945690224422E-03   0.22230161576995E-03   -.82325629168179E-06
 0.43045471639435E-04   -.56118533956969E-04   0.57593257173157E-04   -.23298347651122E-04   -.25845027310519E+00   -.19927295437791E+00
 0.72996726363610E-01   -.57089974699689E-01   -.65940999189857E-05   0.25105954054395E-01   -.19449227770976E-01   -.61186188166717E-05   -.22864716791555E-03   -.17896013205953E-03   0.39204773545408E-06
 0.22296116963163E-04   -.56581742363521E-04   0.99925995493023E-04   0.34895296061479E-04   0.19977391259004E+00   -.25838379595555E+00
 0.11272078106831E+00   -.14655969144456E+00   -.97904356301960E-05   -.69704732881233E-02   0.89957732970839E-02   -.20881126205796E-04   -.58798613822674E-03   -.76442875596394E-03   -.39872091006473E-06
 -.25144461061517E-04   -.13930309496086E-04   -.32658831541599E-03   0.27087524248416E-04   -.82639437135742E-01   0.63962556076760E-01
 -.14739056418557E+00   -.11368827698594E+00   -.43789965832814E-05   0.87618059053252E-02   0.66681844362864E-02   -.10668277111142E-04   0.76977820090658E-03   -.59354918323922E-03   -.43922956270009E-06
 0.34367035478931E-04   0.19289697091235E-04   0.27437938152206E-03   0.61593401260273E-05   -.62104563943378E-01   -.80801991812218E-01
 0.20739940581098E+00   0.20424152542683E+00   -.32856150756486E-05   0.16513472448520E+00   0.16263843954817E+00   -.29517672291292E-05   0.20785092076019E-02   -.20472497479350E-02   -.11436892366204E-05
 -.18620976459767E-03   0.24841509231653E-03   0.28054564018485E-03   -.15487288478577E-04   -.12744476777177E+01   -.12939825704707E+01
 -.20408416653961E+00   0.20718652720824E+00   -.99592203110333E-05   -.16264216670012E+00   0.16514615917192E+00   -.91780199651007E-05   -.20483260394340E-02   -.20799694254768E-02   -.79691122849978E-06
 0.14421425580221E-03   -.15056862804219E-03   -.46270449062320E-03   0.21071359932584E-04   -.12934337532317E+01   0.12740018751072E+01
 0.16122525048763E-03   -.31299804065845E-04   0.53217231528911E-03   0.40890010840371E-04   -.24243097213347E-04   0.47973459540848E-03   -.82852396386331E-06   -.10875961729249E-06   0.10466571059898E-06
 0.20846709946953E+00   0.20859944130643E+00   0.26970693867925E+01   -.33568004334552E-04   -.49370760857792E-03   0.24841803027522E-02
 -.59290250743800E-01   0.52354834405366E-01   -.28306134391204E-04   0.19314940873755E-01   -.16964380444119E-01   -.23720903437354E-04   0.38878790622720E-03   0.34268106249565E-03   0.20943427034300E-07
 0.10059721925787E-03   0.69552411812602E-04   0.83342297350748E-03   0.29117479321120E-04   -.16963330250830E+00   0.19246225936788E+00
 -.51783112332293E-01   -.58855478941708E-01   0.13971649036734E-04   0.17440911820451E-01   0.19726108314444E-01   0.12537492193103E-04   0.34348233718907E-03   -.38961195676560E-03   -.45170586463520E-07
 0.86363714957053E-04   0.60949716158342E-04   0.66850045036856E-03   -.26494576991113E-04   0.19216338357869E+00   0.16924139037637E+00
 -.51296260166397E-04   0.14223723400937E-04   0.55408965425524E-01   -.99567328790013E-04   0.22517988729508E-04   0.44604922659032E-01   0.20200491263906E-06   0.61570948697332E-07   0.76008493675344E-08
 0.96830120550347E-01   0.96722545555905E-01   -.30957001980049E+01   0.35021185440985E-01   0.18140080888329E-03   -.79405385634726E-03
 -.58933726410283E-06   -.11942326772949E-05   -.62161508196504E+00   -.32721285708721E-05   -.15417595253325E-04   -.50108964861170E+00   -.36815531507321E-07   -.10714736493019E-06   0.13061412561835E-06
 0.86253552465883E-02   0.86361872914817E-02   -.27358051874170E+00   -.39047159260964E+00   -.15360563554313E-03   0.15552934328194E-04
 0.56745479467056E-01   -.43771752519310E-01   -.24504676893202E-04   0.11381440089724E+00   -.87995633235677E-01   -.21418375940400E-04   -.43043942942471E-04   -.32684985718295E-04   0.64270200869104E-06
 -.17272365333149E-04   0.26050493484662E-03   0.51321249396896E-03   0.19327829685351E-03   -.29532508746130E+00   0.38274570368611E+00
 0.44432556889265E-01   0.57187170151794E-01   0.30762464695679E-04   0.88404413863282E-01   0.11403578824304E+00   0.25924012326830E-04   -.35780512673775E-04   0.45888486234189E-04   -.14728966525289E-05
 -.68434724109302E-04   0.22531250984606E-03   0.49469733064186E-03   -.17311615790825E-03   0.38414975325783E+00   0.29789274151424E+00
 -.96392736743654E-05   0.12386143627647E-04   -.35810536878939E-04   -.19067219134628E-04   -.64120078746031E-04   -.27762851221744E-04   -.25656359645993E-06   0.13910125376068E-05   -.12523461382132E-02
 -.11097891930112E-03   0.37138625102171E-04   0.45041703151013E-04   -.11447999748551E-03   0.14192496550111E-02   0.20549568955339E-03
 0.45725981233061E-05   0.24263568221871E-04   0.16904446048070E-04   -.22125765083262E-04   -.87889003890805E-04   0.63829125535922E-05   -.11209517582737E-07   0.21367793471883E-07   -.13820933400679E-02
 -.36832896844862E-03   0.44999356942239E-03   0.82910340416499E-04   -.83221310938244E-04   -.70824921951423E-03   -.14890219528863E-03
 0.10969770108499E-04   0.45279981545705E-05   -.20825050030976E-04   -.72952149793625E-04   -.17438711739618E-04   -.89477726117103E-05   -.42116958363920E-06   0.85220402854329E-07   0.41057645083077E-05
 -.19016614288984E+00   0.19010483289158E+00   -.24854972879313E-03   0.17781826603373E-04   -.64337049966039E-04   -.17170562207927E-03
 -.81223473881896E-01   -.94271114891642E-01   0.22399014917587E-04   -.47722152434504E-01   -.55431462886856E-01   0.16919864638007E-04   -.64810828130550E-03   0.74941430569025E-03   0.24202950026433E-05
 -.32257320133948E-03   0.27132899045781E-03   0.17062179898966E-03   0.18018548738713E-04   0.58462911636851E+00   0.50681646214912E+00
 0.94713851676351E-01   -.82142635003560E-01   0.30656817327596E-04   0.55724365703610E-01   -.48360015360425E-01   0.23043449129944E-04   0.75010703651897E-03   0.64854076144800E-03   0.13770148420314E-05
 0.26935064626265E-03   -.22921536541776E-03   -.29227082597993E-03   0.60599951911608E-05   0.50428826333388E+00   -.58404031059372E+00
 0.16428383367166E+00   -.16945005021811E+00   0.29721465055457E-04   0.10216139423376E+00   -.10533624573828E+00   0.20702788484545E-04   0.81034936317358E-04   0.83682895632749E-04   -.12603456861624E-05
 0.27935933560989E-03   0.71425667448829E-04   -.33016422924437E-02   -.36873268408558E-03   -.49234287329907E+00   0.47755098198372E+00
 0.16938310369463E+00   0.16389423437252E+00   -.12239859162009E-04   0.10517237287515E+00   0.10174767832484E+00   -.73038681020219E-05   0.87558820983537E-04   -.84641643482714E-04   0.16523912039985E-05
 0.25609205481674E-03   -.43455938693518E-04   -.21743018959693E-02   0.18807734502525E-03   0.47272922319105E+00   0.48862779625230E+00
 -.14021630190870E+00   0.12274504496091E+00   0.15040588096734E-03   -.13451552446821E+00   0.11777548003194E+00   0.17802059230082E-03   0.57408600979903E-03   0.50302142088121E-03   -.30917712302743E-06
 0.10429101134827E-02   0.10815007590567E-02   -.24231432225933E-02   -.25388355986236E-03   0.15180633281959E+01   -.17338703020347E+01
 -.12315983060226E+00   -.14080257537836E+00   -.10705612951403E-03   -.11790712351502E+00   -.13480029033684E+00   -.13249279471535E-03   0.50116972405326E-03   -.57258512224215E-03   0.52627646885197E-06
 0.57443847109758E-03   0.61876728211554E-03   -.74905323385256E-03   0.18331499510148E-03   -.17347451743749E+01   -.15181608065203E+01
 -.49162337156423E-03   0.14258314650132E-03   -.38131838742005E-03   -.66433978391945E-03   0.18261349707051E-03   -.30225586532122E-03   0.49381927350855E-05   0.12532823416782E-05   0.42347832709492E-07
 -.10632858491632E+00   -.10622910798972E+00   0.11806946308011E+01   0.79370264599043E-03   0.33385944556310E-02   -.12783197083621E-01
 0.57809486390148E-04   -.20084394618219E-03   -.79236200835738E-01   0.23913586033054E-04   -.74310424342011E-04   -.66206941849436E-01   0.25588244027020E-06   0.94049990619334E-06   -.32522339326586E-06
 0.42493296140516E-03   0.33175292618348E-03   -.35671952475561E-02   0.22838966467073E+00   0.20451098510783E-02   -.54395434256470E-03
 -.16227402628076E-04   -.60401500774525E-05   0.96507511149263E-06   -.53836828724876E-04   -.83393289945016E-05   0.30519959036840E-05   -.91130794165467E-06   0.19461909024974E-06   -.64811206281567E-05
 -.47613329199619E+00   0.47616647722354E+00   -.26881667394899E-03   0.12769348266052E-03   0.11752144574902E-03   0.93273681010723E-03
 -.94468415597323E-04   0.20504963459674E-04   -.54773583735871E-03   -.69297428988766E-04   0.13325139824119E-04   -.65045673031208E-03   0.18555243604017E-06   0.62334855479829E-07   0.13027812552379E-06
 -.27519684378241E+00   -.27527311688549E+00   0.15588671855882E+01   -.78478890630199E-03   0.23103059202386E-03   -.10657031096160E-02
 -.41378296399449E-01   -.45751933715574E-01   -.91265949711001E-05   0.21327579380019E-01   0.23598803018532E-01   -.28295088354880E-05   -.91567293252217E-04   0.10092102480894E-03   0.78125839077748E-07
 0.11939934431882E-03   -.13320855827961E-03   -.15030160448001E-02   -.17284857545687E-03   0.56378512459037E+00   0.50988667602516E+00
 0.45632079371107E-01   -.41264071359247E-01   -.13118241643226E-04   -.23405596644385E-01   0.21128594873355E-01   0.31514622549760E-06   0.95782751380669E-04   0.86014725173129E-04   0.46803594663755E-07
 -.78092133778777E-04   0.13018718997029E-03   0.21969580672285E-02   -.20476036720161E-03   0.50615953497305E+00   -.56053249688604E+00
 0.18172265589094E-05   -.38437444117432E-04   -.39329462609813E-01   0.12263076876315E-04   -.66164363948137E-04   0.61442201515811E-01   -.10114137259091E-06   -.60718919683352E-06   -.55711274060257E-06
 0.23167030998972E-03   0.14695836320477E-03   0.71127562249693E-02   0.36616690185621E+00   -.77957222853799E-04   0.32401230507311E-04
 0.27168206095731E-04   0.16187259640021E-03   0.15700396237690E-04   0.10122838674488E-04   0.96937816509595E-04   0.24373676083280E-04   0.47458668434130E-06   -.22467194250633E-05   0.29693168245731E-02
 0.15541431772083E-03   0.26362358208588E-04   -.62569907322969E-03   0.83389750771677E-03   -.14012058733548E-02   -.21235763281727E-03
 0.15537480140832E-03   -.59799433773114E-03   -.27376639502139E-01   0.29184683284897E-03   -.11008018973776E-02   -.25177001706805E-01   -.18687879169065E-05   -.68758166847906E-05   0.27003815596063E-05
 0.54247883447280E-02   0.53765286503989E-02   -.47299953432078E-02   -.83225615779657E+00   0.34888075046867E-03   -.44820294009463E-04
 -.12378238308922E-02   0.30599208798098E-03   -.75560735333873E-03   -.21982294391853E-02   0.53868570995643E-03   -.63784488562170E-03   0.14918438257557E-04   0.36505065072376E-05   0.15048717546512E-05
 -.19070391590940E+00   -.19093430443375E+00   0.59356649177772E-01   -.23319809598035E-01   -.59388896515086E-04   0.11112032089206E-03
 0.76748109675864E-01   0.85630490277906E-01   -.10314747009065E-03   0.13303417346159E+00   0.14841619145100E+00   -.78565529507132E-04   -.96401809113703E-03   0.10755855564640E-02   0.11514059775485E-05
 -.42209483519972E-03   -.15015677133813E-02   0.29327478577752E-03   -.26197537097849E-02   -.67000047493536E-02   -.60133918267451E-02
 -.85460959303017E-01   0.76644994700682E-01   -.14270206771584E-03   -.14847966533888E+00   0.13315642211605E+00   -.11170883800293E-03   0.10772792373289E-02   0.96647405474681E-03   0.58803393920008E-06
 0.13912209281119E-02   0.23483143480679E-02   -.36237192034870E-03   -.36132824458794E-02   -.62689881762252E-02   0.72057125476506E-02
 0.11645192308218E-03   0.11377881052403E-04   0.35200576558048E-05   0.27280432000894E-03   0.29308401265116E-04   0.13886113155074E-04   -.37632105058314E-05   0.48703872356954E-06   0.41123215392439E-05
 -.47353972340851E+00   0.47342811678076E+00   0.57280025722151E-03   -.13118599489947E-03   0.88930208887724E-04   0.60174674002287E-03
 -.93419678074795E-04   0.28619102377315E-04   0.62387959239423E-03   -.11251740833363E-03   0.31285264892239E-04   0.62697051370517E-03   0.99938471967271E-06   0.21128615421169E-06   -.25751744673377E-06
 -.21809981406854E+00   -.21813885180458E+00   -.48685427087694E+01   0.18309487079730E-02   0.35476425635624E-03   -.18155536509668E-02
 -.32190149598574E-01   0.32187480180282E-01   0.71366371418732E-06   -.40904831715754E-03   0.40875201877060E-03   0.22203600222061E-05   -.48313130547736E-04   -.48301056861446E-04   -.28074398447025E-08
 -.60094601045542E-05   0.10824358857552E-05   0.34003577080065E-04   0.30677594198808E-05   0.27270132978822E-02   -.27347703140273E-02
 -.32203770707221E-01   -.32202203291392E-01   -.12838591973807E-05   -.40353167847111E-03   -.40379695945126E-03   -.12123271378738E-05   -.48248452695888E-04   0.48230256107953E-04   -.16000617185134E-07
 -.71527207860540E-05   0.55631062242031E-05   0.44570119364449E-04   -.36481251752881E-05   -.27405068403295E-02   -.27402903701443E-02
 -.16918302048299E-01   0.20194956991295E-01   -.21946457964340E-03   -.43457976797695E-02   0.52666409429072E-02   -.13021978933348E-03   -.16145999297999E-02   -.19207933104000E-02   0.53684799321988E-06
 0.22287186655694E-03   0.13660864394438E-03   0.59061574712556E-03   -.52588289196818E-03   -.18195814321977E+00   0.15269118164867E+00
 0.21173475695403E-01   0.18000791128327E-01   -.11430323369126E-03   0.62308656254938E-02   0.54564175363249E-02   -.67139636719299E-04   0.19115426527027E-02   -.16040109005113E-02   0.47914212687272E-06
 -.24412116072900E-03   -.91441095141477E-04   -.58242440291787E-03   -.29350436804810E-03   -.14875467032314E+00   -.17755958698551E+00
 -.38249613549306E-05   -.11078765417418E-03   0.31122471827041E+00   -.31873486519056E-05   -.44667109401895E-04   0.19735537108642E+00   -.34761713936395E-06   -.22492341320695E-05   0.30400972635601E-06
 0.45358544476155E-02   0.45472018220132E-02   0.39903030810019E-01   0.36532447392694E+00   -.19735121786304E-03   -.32699777777789E-04
 -.88585804803087E-05   0.17342121409886E-03   0.15576401058284E+00   -.62877595435058E-06   0.11421743234083E-04   0.10128828996995E+00   -.10032511226232E-06   -.54224481449767E-06   0.77502662558895E-07
 0.15860881125366E-02   0.15754162601930E-02   0.39666385212606E-02   0.15690645069708E+00   -.46880970023273E-03   0.23028565677210E-04
 0.62360880963063E-03   -.42441806595878E-04   -.12557189511957E-03   0.31786928830542E-03   -.13515645451200E-04   -.16683356709662E-03   -.35312507298975E-05   -.26957503039349E-06   -.15211888137371E-06
 -.90963415246426E-01   -.91015271263589E-01   -.93282103801671E+00   0.42578296137050E-03   0.63794482037284E-05   0.13466225739425E-02
 0.12130271852376E-02   -.15475188942522E-04   0.50825137953181E-02   0.10170744830648E-02   -.17667869448110E-04   0.31701908403339E-02   -.10148547706494E-04   -.44267034561819E-06   -.34956821582672E-06
 -.30999210952569E+00   -.31010483634644E+00   -.21561399894307E+01   0.53973173846076E-02   -.97417293600674E-04   0.71356256322064E-02
 -.12883375746593E+00   -.12908783484282E+00   -.63878695648751E-04   -.97041432172064E-01   -.97248582710843E-01   -.27367487089868E-04   0.74247312966462E-03   -.74219490176000E-03   0.12485479099432E-05
 -.18112622570002E-02   -.18014068218685E-02   -.13426022272677E-01   -.35722468946669E-04   -.68904547035763E+00   -.68732202936934E+00
 0.12919394026589E+00   -.12881678512751E+00   -.11536591433489E-03   0.97207537301394E-01   -.96927290828748E-01   -.55937449791128E-04   -.73171349368318E-03   -.72937553233965E-03   0.81771396538181E-06
 0.19166287849941E-02   0.19246519914603E-02   0.14364905949703E-01   -.98506741063632E-04   -.68420655377583E+00   0.68573048879575E+00
 -.59375989250075E-01   -.59307564604642E-01   0.75778012316507E-04   0.44680694400824E-02   0.43901350685311E-02   0.63045529289880E-04   0.19521119846693E-04   -.20313548577597E-04   -.20187646064652E-06
 0.19531474687042E-03   0.19052367451346E-03   0.10524702178320E-02   0.90133896160522E-04   0.24601715702653E+00   0.24703139867981E+00
 -.58958220582811E-01   0.59231415836176E-01   -.96694910833229E-04   0.46495101224368E-02   -.45695014795817E-02   -.78025109388828E-04   0.20226820947682E-04   0.21168344101533E-04   0.17073623176492E-06
 0.23274007659305E-03   0.22098979673718E-03   0.12093661255580E-02   -.11953266186912E-03   -.24685967314100E+00   0.24678996827911E+00
 -.10062763325476E-03   -.49595246995939E-03   -.13706801489287E-03   -.79053673061223E-04   -.40689719627307E-03   -.84006285318417E-04   0.49215414685177E-06   -.29822144583703E-05   -.14178413963781E-03
 -.16910522415499E-03   0.48572472945574E-03   0.10022591543311E-02   -.16551670476654E-03   -.36130539656934E-02   -.67346651477243E-03
