# Electronic excitation spectrum of , IRREP a   
#  excitation energy / cm^(-1)  oscillator strength (length rep.)
 0.28116778429314E+04   0.11934386750286E-12
 0.29197292611876E+04   0.73604948945014E-07
 0.29220113752503E+04   0.71564191456374E-07
 0.32047983819856E+04   0.40272926257435E-12
 0.32676262215814E+04   0.18095505474924E-04
 0.32695659191933E+04   0.18117035731956E-04
 0.35993464228771E+04   0.14703314730530E-03
 0.36214391047314E+04   0.22473255499218E-06
 0.37495767149769E+04   0.59676143988787E-06
 0.37515931063174E+04   0.59824987440009E-06
 0.39250769552559E+04   0.10125403013652E-04
 0.39277428871979E+04   0.10119098887540E-04
 0.42528151862635E+04   0.26431277732160E-11
 0.62604537761158E+04   0.23566254989329E-01
 0.11540220942485E+05   0.18784897313299E-09
 0.12441832214393E+05   0.22251585650956E-05
 0.12585511750296E+05   0.10927946681946E-02
 0.12587901258955E+05   0.10911893213197E-02
 0.14789271102682E+05   0.20598284565909E-10
 0.15955153516924E+05   0.23523522038696E-11
 0.17224231166805E+05   0.71538897388320E-02
 0.17608996827411E+05   0.47988449232810E-07
 0.17980207405157E+05   0.16973528814510E-01
 0.18001017608913E+05   0.13714587411650E-06
 0.18001886716964E+05   0.13890133828447E-06
 0.18304218400984E+05   0.23693323259517E-03
 0.18305119517309E+05   0.23645747928122E-03
 0.18551870971627E+05   0.26746804113121E-02
 0.18628908763196E+05   0.30768981516980E-07
 0.19084204827121E+05   0.98459970980287E-11
 0.19524050901482E+05   0.12807688363286E-09
 0.19686283191956E+05   0.87938169467129E-04
 0.19692408803539E+05   0.86590888110122E-04
 0.20520070732727E+05   0.97781711588644E-03
 0.20523598895772E+05   0.97656680695109E-03
 0.20914736524362E+05   0.52730570625158E-03
 0.20918596394176E+05   0.52252869864773E-03
 0.20939143414038E+05   0.93085397291310E-09
 0.21495670707438E+05   0.12748248190903E-07
 0.21516110756706E+05   0.36854058431057E-03
 0.21516140982482E+05   0.36818965134201E-03
 0.21554526712436E+05   0.28608259320126E-08
 0.21654211127760E+05   0.21599396441717E-08
 0.21655016888001E+05   0.23033058968166E-07
 0.22075495539792E+05   0.18589635211484E-03
 0.22076915415264E+05   0.16333221571010E-03
 0.22219491357282E+05   0.12904053748996E-02
 0.22221441615450E+05   0.12676289703606E-02
 0.22335916533350E+05   0.15102253243776E+00
 0.23551729154203E+05   0.17195290174893E-02
 0.23552739687035E+05   0.17197068447440E-02
 0.23849162146672E+05   0.72600434900740E-04
 0.23849762451576E+05   0.73066690753292E-04
 0.23920800984019E+05   0.94104352247489E-05
 0.23922242744110E+05   0.88094924062617E-05
 0.24388062248124E+05   0.39796391010815E-02
 0.24389936720303E+05   0.39803145989476E-02
 0.24889862755637E+05   0.17570834510537E-07
 0.24971345853140E+05   0.50127301185353E-04
 0.24974662811623E+05   0.52595468054459E-04
 0.25181843752387E+05   0.15218778455663E-03
 0.25205254731628E+05   0.19224115537081E-01
 0.25302056044458E+05   0.15906937446776E-02
 0.25302295903889E+05   0.16001278449475E-02
 0.25526526964752E+05   0.40674403082702E-09
 0.25729235091525E+05   0.64514325965777E-09
 0.25805266579590E+05   0.44727929943083E-09
 0.25915532979921E+05   0.42115551973354E-03
 0.25916240252879E+05   0.42855471251100E-03
 0.26041042901774E+05   0.17032593590493E-02
 0.26043473768524E+05   0.16940157154930E-02
 0.26196356184802E+05   0.25435899347599E-02
 0.26197190630286E+05   0.25522415434161E-02
 0.26202822108742E+05   0.45053659705582E-07
 0.26259118545315E+05   0.34963283964381E-03
 0.26449045595237E+05   0.23919475416039E-09
 0.26687589148054E+05   0.34701820091009E-07
 0.26829734861049E+05   0.82455993688724E-04
 0.26831748557033E+05   0.81033461688060E-04
 0.27038606012328E+05   0.31005787715505E-03
 0.27200151417083E+05   0.83394424521381E-09
 0.27332184760265E+05   0.52734453730255E-04
 0.27357918691852E+05   0.45948675055429E-06
 0.27380801120582E+05   0.33039961790494E-02
 0.27381153028320E+05   0.33083130821969E-02
 0.27504910027144E+05   0.63056814967707E-08
 0.27710148801782E+05   0.34235013522567E-07
 0.27887378169951E+05   0.28327166374234E-07
 0.27889363717638E+05   0.27608050870947E-07
 0.28248746869110E+05   0.40020827807323E-05
 0.28249500972558E+05   0.58865882097500E-05
 0.28350142499315E+05   0.33541121763836E-02
 0.28360196925339E+05   0.88379622024426E-03
 0.28391781163660E+05   0.11130088195656E-07
 0.28406366809227E+05   0.95646794548070E-06
 0.28428416427874E+05   0.16298534677964E-02
 0.28431290950033E+05   0.16274171423924E-02
 0.28456896000845E+05   0.33919618382249E-05
 0.28458713737306E+05   0.36742891186732E-05
 0.28483578732460E+05   0.15476081542637E-07
