$hessapprox internal
  0.396444697374D+00 -0.351919471032D-02  0.406512300651D+00 -0.180311788471D-02
 -0.381764959069D-02  0.400476837909D+00 -0.320840028658D-02 -0.457754500372D-02
 -0.283430827999D-02  0.413504058630D+00 -0.292879988621D-02 -0.385457916056D-02
 -0.152715261848D-02 -0.163128999070D-02  0.407866324961D+00 -0.397688647826D-02
 -0.404898270928D-02 -0.396502126857D-02 -0.359311997341D-02 -0.430083644662D-02
  0.396941102934D+00 -0.289236015061D-02 -0.892132219052D-03 -0.398519911924D-02
  0.119751568331D-02  0.356935368782D-02  0.482995997906D-03  0.406725194271D+00
 -0.547164925455D-02 -0.577933557562D-02 -0.738139373552D-02 -0.502081813160D-02
 -0.489413074799D-02 -0.657493528032D-02 -0.335488354400D-02  0.394895272827D+00
  0.539212308000D-03 -0.927462151119D-03 -0.265372969801D-02 -0.163442328615D-02
  0.182245495274D-03 -0.148090168433D-02  0.287958275940D-02 -0.904980024100D-03
  0.403658727039D+00 -0.422392159434D-02 -0.397117985235D-02 -0.194414204418D-02
 -0.222348100195D-02 -0.246788757759D-02 -0.384928695509D-02 -0.243026479216D-02
 -0.607157521389D-02  0.145683130025D-02  0.409076876225D+00 -0.334436079846D-02
  0.409982459632D-03  0.657522518642D-02  0.258361648373D-02  0.132058450955D-01
  0.948227703610D-02 -0.287290721823D-01  0.118621327997D-02  0.278163305412D-02
 -0.397222889190D-02  0.223532298970D+00  0.125592110443D-02  0.147714547322D-02
 -0.143449717140D-01  0.725731367988D-03  0.355805875685D-02  0.474793503990D-02
 -0.561112707019D-02 -0.120420722793D-02 -0.795727149285D-02  0.283262869551D-03
 -0.187349260103D-01  0.282229932124D+00  0.582730931179D-02  0.281548182413D-02
  0.117517589317D-02  0.231595844479D-03 -0.691771323856D-03 -0.745125479713D-03
  0.744350719876D-02  0.621813826768D-02 -0.112521030129D-01  0.461013569793D-02
  0.235147727570D-01 -0.922831138022D-02  0.282408960076D+00 -0.505336099969D-03
 -0.161970782788D-02 -0.578920692002D-03  0.512904255219D-03  0.389776032670D-03
  0.393805460999D-03  0.250044704549D-03  0.218401961066D-03 -0.124174854195D-02
  0.581733456569D-03  0.211985344605D-04 -0.103199343329D-02 -0.173107733592D-02
  0.140707995683D-01 -0.290260114435D-02 -0.633837251049D-02  0.385678677642D-04
 -0.412125979795D-02 -0.408424652749D-02 -0.447701055880D-02  0.170660020017D-02
 -0.483947357107D-02 -0.717989431663D-03 -0.305938342936D-02  0.515836135937D-02
  0.512978126920D-02 -0.162608558204D-02 -0.187827740329D-03  0.410477300381D+00
  0.757751235376D-04  0.364641641842D-03  0.155850966380D-02 -0.391058848983D-03
  0.230696403064D-03  0.948503618339D-03 -0.553713984223D-03  0.559306060393D-04
  0.888672212193D-03 -0.131895764671D-03  0.759367797750D-03 -0.137508417868D-03
  0.463717779752D-03 -0.152872268923D-02  0.283555567226D-03  0.306138927000D-02
  0.276529537110D-02 -0.290555465719D-02  0.116256679145D-01  0.992458433435D-03
  0.407372495032D-02  0.284212203528D-02 -0.188601438825D-02  0.606416787241D-02
 -0.804320326062D-03  0.259352088907D-02 -0.164185082512D-01  0.176358725076D-01
 -0.393261087243D-02  0.173766718268D-02 -0.445721748925D-02  0.833305514549D-03
  0.290391771843D+00 -0.653304874402D-03 -0.275523775353D-02  0.883846698457D-03
  0.247091451301D-03  0.339316300149D-03  0.295250875018D-02 -0.477876932173D-02
 -0.117996334426D-02  0.407429352819D-02 -0.204409639258D-02 -0.193443015965D-01
 -0.948557585881D-02  0.953195479601D-02 -0.633904325278D-03  0.256180844589D-03
 -0.446259676979D-03 -0.285844120681D-02  0.309157572069D+00  0.291805330701D-02
 -0.210372648575D-02  0.688446978138D-02 -0.175197805008D-02 -0.218179584223D-02
 -0.316277738744D-02  0.671057885644D-02  0.340660581659D-02 -0.448317962834D-03
  0.221926278229D-02  0.174206497993D-01  0.219915651928D-01 -0.141217606101D-01
  0.504458627065D-03 -0.587490905192D-02  0.111330097707D-02 -0.207424512933D-01
  0.533254718038D-02  0.289775672455D+00  0.696287878729D-02 -0.161007807584D-02
  0.148932190114D-01  0.951031328902D-03 -0.546504635179D-03  0.120689212312D-02
  0.150337769226D-01  0.878503118935D-02 -0.296615542164D-02  0.709896605903D-02
  0.278385124091D-01  0.206252275401D-01 -0.255932429119D-01  0.911745288624D-03
 -0.560014115962D-02  0.469788907060D-03 -0.263004763629D-01  0.537324158741D-02
 -0.340511222521D-01  0.273552252619D+00  0.844662585607D-03 -0.453464973633D-02
 -0.742326185985D-02 -0.195117670762D-02 -0.264588186186D-02  0.321962742646D-02
  0.571001973615D-02 -0.201062007013D-02  0.128069180562D-02  0.133058713839D-02
  0.124921674352D-01 -0.130524764437D-01  0.519402200162D-02 -0.873800678582D-03
 -0.288812086455D-03 -0.531540694638D-03  0.718974669154D-02 -0.987160702554D-02
  0.722981770975D-02  0.290554053677D-02  0.291901051406D+00 -0.122510200187D-02
 -0.747297086945D-02 -0.102377148617D-01 -0.345672798857D-02 -0.223201075665D-02
  0.482279595161D-02  0.363638617657D-02 -0.255332191298D-02  0.298458239695D-02
  0.183344609237D-02  0.137520952961D-01  0.571675801316D-02  0.292021884167D-01
  0.102994101231D-01 -0.260312638147D-02 -0.377979410870D-02  0.421853420650D-02
 -0.112027122095D-01  0.120454132589D-01  0.811466875942D-02 -0.411887753755D-01
  0.307689855080D+00 -0.786938559472D-03  0.152850350062D-02  0.117547340586D-01
  0.772804305851D-02 -0.474590563600D-02  0.181971903128D-02  0.135598419020D-01
 -0.220875263475D-02  0.180396854094D-01 -0.208623212732D-02  0.246062073148D-01
  0.203168153456D-02  0.211496340782D-01 -0.125126247110D-02  0.418581641577D-02
  0.926164745647D-02  0.161174699009D-01 -0.106506778353D-01  0.117436687137D-01
  0.108225119361D-01 -0.901110604300D-02 -0.660526639688D-02  0.309152509401D+00
 -0.396387783761D-02  0.449462087223D-02 -0.119605135753D-01  0.299041877027D-02
  0.143808133833D-02 -0.406316173445D-02  0.317385871062D-02 -0.599043615916D-02
  0.712857611534D-02 -0.906298695256D-03  0.144951473665D-01 -0.209041648387D-02
  0.891098641184D-02  0.946692093053D-03  0.468861055854D-02 -0.496216170693D-02
  0.298705846879D-01  0.150793200698D-01  0.100043663487D-01  0.274291366788D-01
  0.173873161658D-01  0.288425692900D-01 -0.243547374239D-02  0.250663486690D+00
 -0.636103588284D-03  0.208167688709D-02  0.115768848287D-01 -0.249946003721D-03
 -0.362246887581D-04 -0.673857115819D-02 -0.418842388043D-02  0.301498702951D-02
 -0.402391960750D-02 -0.182105499926D-02 -0.141241421137D-02  0.281572433508D-01
 -0.141802622318D-01  0.584308166609D-03 -0.459254297131D-02  0.152195298233D-03
 -0.201045881280D-01  0.136565684536D-01 -0.208975885257D-01 -0.210441652322D-01
  0.313726648991D-01  0.398525677985D-01  0.182636988290D-01  0.463079533315D-03
  0.287301048390D+00 -0.316879294782D-02  0.108574396720D-02  0.140401823696D-01
  0.252410869595D-02  0.424553493805D-02 -0.151236564091D-03 -0.133916302285D-01
  0.314169512707D-02  0.623066967159D-02 -0.255820974844D-02 -0.293657684622D-01
  0.345066697984D-01  0.158000233587D-01  0.772962370222D-03 -0.159928030922D-02
 -0.260266927402D-03 -0.202475807806D-01  0.455540900762D-02 -0.320517900165D-02
  0.154638979187D-02  0.227839415927D-01  0.269140406860D-02  0.110566453833D-01
  0.119852920472D-01 -0.349212734302D-01  0.268822030254D+00  0.484590465093D-02
 -0.571776605419D-04  0.109830876882D-01  0.876125598330D-03  0.702008321174D-03
  0.270837409903D-02  0.713302555605D-02  0.644510909880D-02 -0.244950778537D-02
  0.435994161630D-02  0.762477414945D-02  0.626618812592D-02 -0.163499571912D-01
  0.170803973540D-03 -0.208381137411D-02  0.259048736569D-02 -0.165888683907D-01
 -0.108512651768D-02 -0.178309508528D-01 -0.270627184467D-01  0.240099369234D-03
  0.804997108607D-02  0.301195485697D-02  0.235648490737D-01 -0.102367524512D-01
  0.286308509249D-02  0.314192174400D+00  0.389682627127D-02  0.315722676194D-02
 -0.532972332596D-02  0.383217570523D-03  0.315663013187D-02  0.270876316930D-02
  0.381340548754D-02  0.270167438266D-02 -0.102624472374D-01  0.409709483085D-02
 -0.232451939400D-03 -0.291463264866D-01 -0.290103358718D-01  0.354195036881D-02
  0.303216737409D-02  0.191257656186D-02  0.652892424201D-02  0.244238800112D-02
  0.215382497890D-02 -0.298431616099D-02  0.883218351911D-03  0.244109084984D-01
  0.235626282556D-01 -0.745495615444D-02  0.415961979376D-02  0.283685920351D-01
 -0.432073524763D-02  0.298626951255D+00  0.219434355629D-03  0.226379896437D-03
  0.569749013684D-02 -0.508488386186D-03 -0.376968231936D-03 -0.612360411745D-04
 -0.116450661337D-02  0.155986412078D-02  0.635248693369D-03 -0.628328696619D-03
 -0.190832237152D-02  0.524946452820D-02 -0.203632674628D-02 -0.470071623438D-03
 -0.245088048989D-02 -0.553722343933D-03 -0.387990551037D-02  0.134807122120D-04
 -0.278357872145D-02 -0.571036644357D-02  0.257870390899D-02  0.708172252792D-02
 -0.341633382646D-02 -0.338404484398D-03 -0.545510849488D-02 -0.424350537886D-02
 -0.365240989381D-02 -0.407077177908D-03  0.209527372295D+00  0.169685501865D-02
  0.325930770119D-02  0.222697974786D-02 -0.337128795028D-02 -0.252547847289D-02
  0.168668819834D-02 -0.236484006335D-02  0.232424968777D-02  0.907855070597D-03
  0.392330659062D-03  0.237007911818D-02  0.313064710700D-02 -0.291969959878D-03
  0.199384543938D-03  0.864107578039D-03  0.290570372780D-02 -0.136995861632D-03
 -0.455910111050D-02 -0.466376133477D-03 -0.298158111093D-02 -0.448961609756D-03
  0.635757007835D-02 -0.205543700868D-01  0.578999791586D-02 -0.186633355835D-02
 -0.137991383369D-02  0.682883193660D-03  0.448055728402D-02  0.643289808521D-02
  0.225506614183D+00 -0.117066223805D-02 -0.952419369154D-03  0.406892815458D-02
  0.359680665413D-04 -0.110051998325D-02 -0.559743239175D-03 -0.102617833314D-02
 -0.721118390428D-03  0.440506452868D-02 -0.186750333131D-02 -0.501044890221D-02
  0.284812581148D-03 -0.318318250869D-02 -0.672875897306D-04 -0.974977686532D-03
 -0.689480477500D-03 -0.181125823893D-02 -0.143146673015D-02 -0.156274404773D-02
 -0.812710105823D-03  0.240700290767D-02  0.594268179152D-02 -0.586603024577D-03
  0.741694188088D-03 -0.298178524311D-02 -0.385816677875D-02 -0.137014305916D-02
 -0.114626643024D-03 -0.443535432627D-02 -0.501640299062D-02  0.200638771125D+00
  0.697578784234D-03 -0.510861469905D-03  0.151629889240D-02  0.232671652559D-02
  0.717147481044D-03  0.126360226326D-02 -0.163829433300D-02  0.777056592165D-03
  0.927098055598D-03  0.118331515964D-02 -0.942813024948D-03 -0.330126553027D-02
 -0.153005575636D-02 -0.108582598791D-02  0.316683470891D-03  0.716476146015D-03
 -0.623486484501D-03 -0.565179141130D-03  0.327390407027D-02 -0.121916537401D-02
  0.939249651454D-03 -0.189951804831D-02 -0.660661032134D-03 -0.143749065708D-04
  0.152489987432D-02 -0.116086146030D-02  0.450721346880D-02 -0.728626850633D-03
 -0.119821899007D-01  0.301687099531D-02 -0.511754392569D-02  0.348824885020D-01
 -0.284332795412D-02 -0.200753351841D-02 -0.262964231295D-02 -0.322880355702D-02
 -0.294688000803D-02 -0.268661993565D-02 -0.790464583745D-03 -0.343229063775D-02
  0.205142667658D-02 -0.170843804847D-02 -0.349470932023D-02 -0.419018736540D-02
 -0.920788219405D-02  0.493486910046D-03 -0.199886447867D-02 -0.566562705679D-03
  0.267853110637D-02  0.139597046798D-02  0.773269902299D-03  0.800546830365D-02
 -0.281821924435D-02 -0.626361279071D-03  0.339775585408D-03  0.532794193993D-02
 -0.452710086816D-02 -0.294757749657D-02  0.221143646278D-02 -0.582357438352D-03
 -0.199240767721D-02  0.266612716168D-02 -0.800508756245D-02  0.716629027528D-03
  0.182206797446D+00 -0.147003670206D-02 -0.193811868912D-02 -0.454854297129D-02
 -0.491795364337D-02 -0.501823099802D-02 -0.447727865671D-02 -0.416203137415D-02
 -0.342393570213D-02  0.112665862256D-02 -0.309869434167D-02  0.109527114372D-02
 -0.585245274802D-02 -0.524181831948D-02 -0.194049335192D-03 -0.260697858306D-02
  0.411226721388D-03 -0.196336969314D-02  0.963246723065D-03  0.222431456782D-02
  0.345938619042D-02 -0.912574160623D-03 -0.242100772240D-02  0.291452118374D-02
 -0.121505361895D-02  0.449592163052D-02 -0.199187624786D-02  0.411760380004D-02
 -0.338065427284D-02 -0.184731433220D-02  0.259261597439D-02 -0.117187551789D-01
 -0.694827592160D-02  0.528611943638D-01  0.970894633320D-01  0.636971707369D-04
  0.813255454598D-04  0.241754531904D-02  0.440229403275D-02 -0.269856092137D-03
 -0.524313408811D-02  0.884206016867D-03  0.317967889062D-02 -0.610103953374D-02
 -0.207234198751D-02  0.228692478117D-01  0.318403904608D-01  0.227098875873D-01
 -0.717115101500D-03 -0.829914202540D-02  0.413293307624D-03 -0.641063553711D-02
  0.195170986997D-02 -0.148701551723D-01 -0.196389521487D-01  0.128900868261D-01
  0.316495590293D-01 -0.694212308483D-01 -0.172237933188D-01 -0.899070963184D-02
  0.344715726759D-02 -0.769697051353D-02  0.182996426284D-01  0.842179669945D-02
  0.395264824074D-02  0.671390539481D-03 -0.452910321740D-03 -0.169218010712D-01
 -0.126607039906D-01  0.423689483480D+00 -0.326984649768D-03  0.983035047239D-03
 -0.134451030184D-01 -0.247361537898D-02 -0.990851861249D-03 -0.207396274888D-02
  0.209729551964D-02 -0.372182330941D-02 -0.745773003818D-03  0.818777525224D-03
  0.552525446307D-02 -0.257893415436D-02  0.430224886972D-02 -0.124367624585D-03
  0.322737546783D-02 -0.526522691122D-03  0.561476854103D-02  0.447459002089D-02
  0.290874161736D-02  0.884135523059D-02  0.639265247862D-03 -0.170212468655D-01
  0.118765189967D-01 -0.643986897301D-02  0.146412070800D-02  0.931837346478D-03
  0.129554152524D-01  0.361587817026D-02  0.533184222084D-02 -0.221268782379D-01
  0.344077597293D-03  0.265766292244D-01 -0.315375949328D-03  0.285880545595D-01
 -0.268397829193D-01  0.271217348296D+00 -0.373533213015D-03  0.812403078027D-03
  0.111158481827D-01 -0.712624065498D-03  0.163475104348D-02  0.183080984201D-03
  0.504715916525D-02 -0.552773363985D-03 -0.140611314048D-01 -0.150758233600D-04
 -0.167251781039D-01 -0.115454028348D-01  0.114736335064D-01  0.857620313663D-03
  0.109002401648D-02 -0.215529053639D-02 -0.444956396186D-02 -0.531854932107D-02
  0.529529411852D-02 -0.986873427912D-03  0.419708734080D-02  0.127014347344D-01
 -0.194106793936D-01  0.977397426438D-02  0.436187305778D-02  0.170727029244D-01
 -0.499850888968D-02 -0.450320931628D-02  0.107152526116D-02 -0.364100077061D-02
  0.895092461389D-02  0.459692900348D-02  0.189204105982D-02  0.681935736686D-02
  0.107928192386D-01 -0.109303545579D-01  0.308762751176D+00  0.329503575026D-03
  0.305287340549D-02  0.313994767250D-02  0.566575172772D-04  0.277467833353D-02
  0.210434278608D-03 -0.984791777537D-03  0.853502243554D-03 -0.438146178043D-02
  0.595614767336D-03 -0.709540940773D-02 -0.305040375226D-02 -0.125440625368D-02
  0.356665998647D-02  0.306575101612D-02  0.132198010051D-03 -0.290124428394D-02
  0.124538468723D-02 -0.198682759375D-02  0.131728341335D-02  0.755133907115D-02
  0.211530418439D-01 -0.563585065652D-02 -0.413675246272D-02 -0.136247743472D-01
  0.296747633335D-03 -0.639113979992D-02 -0.401837084290D-02 -0.105309396490D-01
  0.144474660483D-01 -0.164962649356D-02 -0.504001873033D-02 -0.546541544090D-02
  0.322233899126D-02  0.321225735512D-01  0.481618271946D-01  0.212003295290D-01
  0.194850999935D+00 -0.113253469840D-02 -0.213556635125D-02  0.146974846819D-02
  0.234138492709D-02  0.317123450423D-03  0.187859487431D-02  0.734295316900D-02
  0.777443589517D-03  0.172118202209D-02  0.921632332146D-04  0.117792139074D-01
  0.723974776694D-02  0.431330296513D-03  0.534212809464D-02 -0.308967497849D-02
 -0.845411079410D-03 -0.446900342223D-03  0.239477399309D-02  0.108364060961D-02
 -0.344070856903D-02 -0.730101904760D-02 -0.162204085084D-01 -0.757991701330D-02
  0.422111408416D-02  0.864364789189D-03 -0.862210447603D-02 -0.299760195909D-02
  0.475874101368D-02  0.157593255463D-02 -0.143194429677D-01 -0.271181240722D-02
 -0.138796359881D-01 -0.218816853275D-02 -0.181893405294D-01  0.135204341517D-01
 -0.862364674801D-01 -0.340790224495D-02 -0.152667758493D+00  0.197322417819D+00
  0.145298503060D-02  0.122144971874D-02 -0.573408675647D-02  0.776091393804D-03
  0.457708021252D-02  0.315504791181D-02 -0.197530648474D-01  0.189546260123D-02
 -0.695578617799D-02 -0.481808420164D-02 -0.502422409785D-01 -0.308292777529D-01
 -0.424909064794D-02 -0.170536660816D-02  0.245392914835D-03 -0.128410367215D-02
 -0.494676369328D-02 -0.186331615773D-01  0.447415381430D-02  0.317406579561D-02
  0.156604123042D-02  0.376016337087D-01 -0.125038388372D-01  0.131040581810D-01
  0.102160391047D-01  0.209828559375D-01 -0.771599742814D-02 -0.234268149389D-01
  0.890204996637D-02 -0.139988062520D-02 -0.677665149773D-02  0.308980183918D-02
  0.318487717309D-02  0.114638200113D-01 -0.262027942704D-01 -0.271116830035D-01
  0.420207425240D-01 -0.292790599418D-01 -0.113848229671D-01  0.370833268750D+00
  0.654284847953D-03  0.548184317254D-03  0.729182644997D-02  0.593196467905D-02
  0.304136225152D-02  0.143205185565D-02  0.301866236786D-02  0.215563255317D-02
  0.228525090060D-02  0.166475062681D-02 -0.461538663045D-02 -0.145141742659D-02
 -0.923588935685D-02 -0.519927195553D-02  0.505524820938D-03 -0.174086388721D-03
 -0.142518236007D-02  0.264849782452D-04 -0.247798233391D-02 -0.418747588184D-02
  0.711445186518D-02  0.778749159084D-03  0.106477567207D-01  0.682075659427D-02
 -0.349757071567D-02 -0.277161227098D-02  0.212276131583D-02 -0.446327614013D-02
 -0.149369170147D-01 -0.445942468540D-01 -0.135172977468D-01 -0.141296700945D-01
 -0.291563485729D-03 -0.209922877916D-01 -0.238388226261D-01 -0.165790082890D+00
 -0.212760483040D-01  0.971497130831D-02  0.210344524715D-01 -0.108209884343D-01
  0.186843072026D+00 -0.685836556627D-03  0.813694503502D-03  0.144095677858D-02
 -0.138865554568D-02 -0.101143824932D-02  0.426537718659D-03 -0.277002331481D-02
 -0.692652508215D-03  0.218574685496D-02  0.737043473705D-03  0.684807712925D-02
  0.510770427530D-02  0.716618778309D-02  0.342148735418D-02  0.220193504968D-02
 -0.101326147266D-03  0.755438826510D-02 -0.357446936387D-02 -0.127464694753D-02
  0.604357605375D-02 -0.907011066905D-02 -0.103381513814D-01 -0.826942294693D-02
  0.200915031171D-02  0.495099346002D-02  0.466221847939D-02  0.947619405615D-03
  0.829339161025D-02 -0.194908650926D-01  0.172071168819D-01 -0.961949554101D-02
  0.810658062524D-02  0.892817713971D-02 -0.194145797579D-01  0.147447813559D-01
  0.299237930797D-01  0.170836111143D-01 -0.974729317120D-01  0.839411659708D-01
  0.276624965348D-01 -0.533180127475D-01  0.140757513532D+00
$end
